# Time_s	x	xdot
0.000000	-0.561523	-0.708008
0.005000	-0.078125	-1.982422
0.010000	1.215820	-2.138672
0.015000	2.612305	-1.347656
0.020000	3.505859	-0.146484
0.025000	3.603516	0.937500
0.030000	2.983398	1.533203
0.035000	1.972656	1.552734
0.040000	0.942383	1.142578
0.045000	0.180664	0.556641
0.050000	-0.195312	-0.122070
0.055000	-0.112305	-0.825195
0.060000	0.419922	-0.966797
0.065000	1.054688	-0.600586
0.070000	1.435547	0.029297
0.075000	1.416016	0.615234
0.080000	1.010742	0.961914
0.085000	0.371094	1.005859
0.090000	-0.297852	0.585938
0.095000	-0.649414	-0.922852
0.100000	-0.034180	-2.460938
0.105000	1.567383	-2.636719
0.110000	3.300781	-1.679688
0.115000	4.409180	-0.234375
0.120000	4.565430	1.059570
0.125000	3.867188	1.767578
0.130000	2.705078	1.787109
0.135000	1.523438	1.293945
0.140000	0.664062	0.590820
0.145000	0.258789	-0.009766
0.150000	0.258789	-0.317383
0.155000	0.458984	-0.302734
0.160000	0.649414	-0.043945
0.165000	0.673828	0.297852
0.170000	0.473633	0.571289
0.175000	0.087891	0.698242
0.180000	-0.366211	0.302734
0.185000	-0.541992	-1.025391
0.190000	0.136719	-2.109375
0.195000	1.513672	-2.036133
0.200000	2.851562	-1.118164
0.205000	3.593750	0.102539
0.210000	3.525391	1.108398
0.215000	2.792969	1.582031
0.220000	1.748047	1.499023
0.225000	0.761719	1.030273
0.230000	0.068359	0.434570
0.235000	-0.219727	-0.283203
0.240000	-0.034180	-0.908203
0.245000	0.556641	-0.932617
0.250000	1.162109	-0.478516
0.255000	1.469727	0.161133
0.260000	1.357422	0.712891
0.265000	0.888672	0.996094
0.270000	0.229492	0.976562
0.275000	-0.415039	0.361328
0.280000	-0.625000	-1.308594
0.285000	0.239258	-2.612305
0.290000	1.948242	-2.514648
0.295000	3.603516	-1.396484
0.300000	4.521484	0.063477
0.305000	4.487305	1.259766
0.310000	3.662109	1.826172
0.315000	2.456055	1.718750
0.320000	1.308594	1.157227
0.325000	0.541992	0.449219
0.330000	0.234375	-0.097656
0.335000	0.292969	-0.341797
0.340000	0.507812	-0.258789
0.345000	0.673828	0.024414
0.350000	0.649414	0.361328
0.355000	0.410156	0.615234
0.360000	-0.004883	0.688477
0.365000	-0.444336	0.092773
0.370000	-0.488281	-1.328125
0.375000	0.390625	-2.187500
0.380000	1.816406	-1.899414
0.385000	3.066406	-0.874023
0.390000	3.647461	0.341797
0.395000	3.417969	1.245117
0.400000	2.592773	1.606445
0.405000	1.533203	1.425781
0.410000	0.590820	0.908203
0.415000	-0.019531	0.307617
0.420000	-0.224609	-0.444336
0.425000	0.063477	-0.957031
0.430000	0.688477	-0.869141
0.435000	1.250000	-0.356445
0.440000	1.479492	0.288086
0.445000	1.284180	0.791016
0.450000	0.761719	1.015625
0.455000	0.087891	0.932617
0.460000	-0.517578	0.092773
0.465000	-0.551758	-1.684570
0.470000	0.551758	-2.700195
0.475000	2.324219	-2.348633
0.480000	3.862305	-1.108398
0.485000	4.589844	0.346680
0.490000	4.365234	1.425781
0.495000	3.422852	1.860352
0.500000	2.202148	1.630859
0.505000	1.118164	1.010742
0.510000	0.444336	0.317383
0.515000	0.224609	-0.175781
0.520000	0.327148	-0.346680
0.525000	0.551758	-0.214844
0.530000	0.683594	0.092773
0.535000	0.615234	0.419922
0.540000	0.332031	0.644531
0.545000	-0.097656	0.639648
0.550000	-0.512695	-0.156250
0.555000	-0.385742	-1.601562
0.560000	0.664062	-2.211914
0.565000	2.114258	-1.728516
0.570000	3.251953	-0.620117
0.575000	3.662109	0.566406
0.580000	3.286133	1.372070
0.585000	2.387695	1.611328
0.590000	1.313477	1.333008
0.595000	0.429688	0.781250
0.600000	-0.097656	0.161133
0.605000	-0.209961	-0.600586
0.610000	0.180664	-0.986328
0.615000	0.825195	-0.786133
0.620000	1.333008	-0.224609
0.625000	1.469727	0.410156
0.630000	1.206055	0.864258
0.635000	0.629883	1.020508
0.640000	-0.048828	0.849609
0.645000	-0.600586	-0.234375
0.650000	-0.419922	-2.011719
0.655000	0.893555	-2.729492
0.660000	2.680664	-2.143555
0.665000	4.086914	-0.805664
0.670000	4.624023	0.615234
0.675000	4.213867	1.577148
0.680000	3.178711	1.860352
0.685000	1.953125	1.523438
0.690000	0.942383	0.859375
0.695000	0.361328	0.195312
0.700000	0.224609	-0.239258
0.705000	0.371094	-0.346680
0.710000	0.590820	-0.156250
0.715000	0.693359	0.166016
0.720000	0.576172	0.478516
0.725000	0.253906	0.673828
0.730000	-0.195312	0.566406
0.735000	-0.551758	-0.449219
0.740000	-0.239258	-1.831055
0.745000	0.957031	-2.192383
0.750000	2.392578	-1.533203
0.755000	3.408203	-0.361328
0.760000	3.647461	0.771484
0.765000	3.134766	1.469727
0.770000	2.163086	1.586914
0.775000	1.113281	1.235352
0.780000	0.288086	0.664062
0.785000	-0.161133	0.009766
0.790000	-0.166016	-0.727539
0.795000	0.307617	-0.986328
0.800000	0.947266	-0.688477
0.805000	1.396484	-0.083008
0.810000	1.450195	0.527344
0.815000	1.103516	0.927734
0.820000	0.488281	1.015625
0.825000	-0.185547	0.727539
0.830000	-0.639648	-0.595703
0.835000	-0.234375	-2.285156
0.840000	1.254883	-2.705078
0.845000	3.027344	-1.904297
0.850000	4.282227	-0.498047
0.855000	4.609375	0.869141
0.860000	4.038086	1.694336
0.865000	2.924805	1.826172
0.870000	1.713867	1.401367
0.875000	0.786133	0.712891
0.880000	0.302734	0.078125
0.885000	0.239258	-0.288086
0.890000	0.419922	-0.322266
0.895000	0.625000	-0.097656
0.900000	0.683594	0.234375
0.905000	0.527344	0.537109
0.910000	0.166016	0.693359
0.915000	-0.292969	0.444336
0.920000	-0.561523	-0.756836
0.925000	-0.048828	-2.006836
0.930000	1.259766	-2.124023
0.935000	2.651367	-1.313477
0.940000	3.525391	-0.107422
0.945000	3.593750	0.961914
0.950000	2.958984	1.542969
0.955000	1.943359	1.547852
0.960000	0.917969	1.127930
0.965000	0.161133	0.541992
0.970000	-0.205078	-0.146484
0.975000	-0.102539	-0.834961
0.980000	0.439453	-0.966797
0.985000	1.069336	-0.581055
0.990000	1.440430	0.048828
0.995000	1.406250	0.629883
1.000000	0.991211	0.966797
1.005000	0.346680	1.000977
1.010000	-0.317383	0.556641
1.015000	-0.649414	-0.986328
1.020000	0.000000	-2.490234
1.025000	1.625977	-2.622070
1.030000	3.349609	-1.635742
1.035000	4.428711	-0.190430
1.040000	4.560547	1.088867
1.045000	3.837891	1.777344
1.050000	2.666016	1.782227
1.055000	1.484375	1.269531
1.060000	0.644531	0.571289
1.065000	0.258789	-0.024414
1.070000	0.263672	-0.322266
1.075000	0.463867	-0.297852
1.080000	0.654297	-0.034180
1.085000	0.673828	0.302734
1.090000	0.463867	0.576172
1.095000	0.078125	0.693359
1.100000	-0.380859	0.273438
1.105000	-0.537109	-1.074219
1.110000	0.170898	-2.128906
1.115000	1.562500	-2.021484
1.120000	2.885742	-1.083984
1.125000	3.603516	0.136719
1.130000	3.510742	1.127930
1.135000	2.768555	1.586914
1.140000	1.718750	1.484375
1.145000	0.732422	1.005859
1.150000	0.053711	0.415039
1.155000	-0.229492	-0.307617
1.160000	-0.019531	-0.917969
1.165000	0.571289	-0.922852
1.170000	1.176758	-0.458984
1.175000	1.469727	0.180664
1.180000	1.347656	0.722656
1.185000	0.869141	1.000977
1.190000	0.209961	0.971680
1.195000	-0.434570	0.322266
1.200000	-0.620117	-1.367188
1.205000	0.288086	-2.631836
1.210000	2.006836	-2.490234
1.215000	3.647461	-1.352539
1.220000	4.536133	0.107422
1.225000	4.467773	1.289062
1.230000	3.623047	1.831055
1.235000	2.412109	1.704102
1.240000	1.279297	1.132812
1.245000	0.527344	0.429688
1.250000	0.229492	-0.112305
1.255000	0.297852	-0.341797
1.260000	0.512695	-0.253906
1.265000	0.673828	0.034180
1.270000	0.644531	0.366211
1.275000	0.395508	0.615234
1.280000	-0.014648	0.683594
1.285000	-0.463867	0.053711
1.290000	-0.473633	-1.372070
1.295000	0.429688	-2.192383
1.300000	1.865234	-1.875000
1.305000	3.095703	-0.834961
1.310000	3.652344	0.375977
1.315000	3.403320	1.269531
1.320000	2.558594	1.611328
1.325000	1.494141	1.406250
1.330000	0.561523	0.888672
1.335000	-0.039062	0.283203
1.340000	-0.224609	-0.473633
1.345000	0.078125	-0.966797
1.350000	0.708008	-0.859375
1.355000	1.264648	-0.332031
1.360000	1.474609	0.307617
1.365000	1.269531	0.800781
1.370000	0.742188	1.015625
1.375000	0.063477	0.927734
1.380000	-0.537109	0.043945
1.385000	-0.537109	-1.738281
1.390000	0.600586	-2.709961
1.395000	2.377930	-2.319336
1.400000	3.896484	-1.064453
1.405000	4.599609	0.385742
1.410000	4.345703	1.455078
1.415000	3.388672	1.865234
1.420000	2.163086	1.611328
1.425000	1.088867	0.986328
1.430000	0.424805	0.292969
1.435000	0.224609	-0.190430
1.440000	0.332031	-0.346680
1.445000	0.556641	-0.205078
1.450000	0.688477	0.107422
1.455000	0.610352	0.434570
1.460000	0.322266	0.649414
1.465000	-0.112305	0.629883
1.470000	-0.517578	-0.200195
1.475000	-0.366211	-1.645508
1.480000	0.708008	-2.211914
1.485000	2.158203	-1.699219
1.490000	3.276367	-0.581055
1.495000	3.662109	0.600586
1.500000	3.266602	1.391602
1.505000	2.348633	1.601562
1.510000	1.279297	1.318359
1.515000	0.405273	0.766602
1.520000	-0.107422	0.141602
1.525000	-0.205078	-0.620117
1.530000	0.200195	-0.986328
1.535000	0.844727	-0.776367
1.540000	1.342773	-0.200195
1.545000	1.469727	0.429688
1.550000	1.191406	0.874023
1.555000	0.610352	1.020508
1.560000	-0.073242	0.839844
1.565000	-0.605469	-0.288086
1.570000	-0.395508	-2.055664
1.575000	0.947266	-2.729492
1.580000	2.734375	-2.109375
1.585000	4.121094	-0.756836
1.590000	4.624023	0.659180
1.595000	4.194336	1.596680
1.600000	3.139648	1.860352
1.605000	1.914062	1.503906
1.610000	0.917969	0.839844
1.615000	0.351562	0.175781
1.620000	0.224609	-0.249023
1.625000	0.375977	-0.341797
1.630000	0.595703	-0.151367
1.635000	0.688477	0.175781
1.640000	0.571289	0.493164
1.645000	0.239258	0.673828
1.650000	-0.209961	0.551758
1.655000	-0.556641	-0.493164
1.660000	-0.214844	-1.860352
1.665000	1.000977	-2.187500
1.670000	2.436523	-1.503906
1.675000	3.422852	-0.322266
1.680000	3.642578	0.805664
1.685000	3.110352	1.479492
1.690000	2.128906	1.582031
1.695000	1.083984	1.220703
1.700000	0.268555	0.644531
1.705000	-0.166016	-0.009766
1.710000	-0.161133	-0.751953
1.715000	0.327148	-0.986328
1.720000	0.971680	-0.678711
1.725000	1.401367	-0.063477
1.730000	1.440430	0.541992
1.735000	1.088867	0.932617
1.740000	0.468750	1.015625
1.745000	-0.205078	0.703125
1.750000	-0.644531	-0.654297
1.755000	-0.205078	-2.319336
1.760000	1.308594	-2.695312
1.765000	3.081055	-1.865234
1.770000	4.306641	-0.444336
1.775000	4.604492	0.903320
1.780000	4.008789	1.708984
1.785000	2.885742	1.826172
1.790000	1.679688	1.386719
1.795000	0.761719	0.688477
1.800000	0.292969	0.058594
1.805000	0.239258	-0.292969
1.810000	0.419922	-0.322266
1.815000	0.625000	-0.087891
1.820000	0.683594	0.249023
1.825000	0.517578	0.537109
1.830000	0.151367	0.693359
1.835000	-0.307617	0.419922
1.840000	-0.556641	-0.805664
1.845000	-0.019531	-2.026367
1.850000	1.303711	-2.114258
1.855000	2.690430	-1.274414
1.860000	3.540039	-0.068359
1.865000	3.583984	0.991211
1.870000	2.929688	1.547852
1.875000	1.904297	1.538086
1.880000	0.888672	1.108398
1.885000	0.141602	0.522461
1.890000	-0.200195	-0.170898
1.895000	-0.087891	-0.854492
1.900000	0.463867	-0.961914
1.905000	1.088867	-0.561523
1.910000	1.450195	0.063477
1.915000	1.396484	0.644531
1.920000	0.971680	0.971680
1.925000	0.327148	0.996094
1.930000	-0.336914	0.522461
1.935000	-0.649414	-1.044922
1.940000	0.043945	-2.514648
1.945000	1.684570	-2.602539
1.950000	3.398438	-1.596680
1.955000	4.448242	-0.146484
1.960000	4.545898	1.123047
1.965000	3.808594	1.787109
1.970000	2.626953	1.767578
1.975000	1.455078	1.250000
1.980000	0.625000	0.546875
1.985000	0.253906	-0.039062
1.990000	0.263672	-0.322266
1.995000	0.473633	-0.288086
2.000000	0.654297	-0.024414
2.005000	0.664062	0.312500
2.010000	0.458984	0.585938
2.015000	0.058594	0.698242
2.020000	-0.395508	0.239258
2.025000	-0.527344	-1.123047
2.030000	0.209961	-2.143555
2.035000	1.606445	-2.001953
2.040000	2.924805	-1.044922
2.045000	3.613281	0.180664
2.050000	3.496094	1.157227
2.055000	2.734375	1.586914
2.060000	1.684570	1.474609
2.065000	0.703125	0.991211
2.070000	0.039062	0.395508
2.075000	-0.224609	-0.336914
2.080000	-0.004883	-0.922852
2.085000	0.600586	-0.913086
2.090000	1.191406	-0.439453
2.095000	1.469727	0.200195
2.100000	1.337891	0.737305
2.105000	0.854492	1.000977
2.110000	0.185547	0.966797
2.115000	-0.454102	0.283203
2.120000	-0.615234	-1.425781
2.125000	0.332031	-2.646484
2.130000	2.065430	-2.470703
2.135000	3.686523	-1.308594
2.140000	4.545898	0.146484
2.145000	4.453125	1.313477
2.150000	3.583984	1.840820
2.155000	2.377930	1.694336
2.160000	1.250000	1.108398
2.165000	0.512695	0.410156
2.170000	0.224609	-0.126953
2.175000	0.302734	-0.341797
2.180000	0.522461	-0.249023
2.185000	0.673828	0.043945
2.190000	0.644531	0.375977
2.195000	0.385742	0.620117
2.200000	-0.034180	0.678711
2.205000	-0.468750	0.014648
2.210000	-0.458984	-1.416016
2.215000	0.468750	-2.197266
2.220000	1.909180	-1.855469
2.225000	3.125000	-0.795898
2.230000	3.652344	0.410156
2.235000	3.383789	1.293945
2.240000	2.529297	1.611328
2.245000	1.464844	1.396484
2.250000	0.537109	0.874023
2.255000	-0.048828	0.263672
2.260000	-0.219727	-0.493164
2.265000	0.102539	-0.971680
2.270000	0.727539	-0.844727
2.275000	1.274414	-0.312500
2.280000	1.479492	0.327148
2.285000	1.259766	0.820312
2.290000	0.722656	1.015625
2.295000	0.043945	0.913086
2.300000	-0.546875	-0.004883
2.305000	-0.512695	-1.791992
2.310000	0.654297	-2.714844
2.315000	2.436523	-2.285156
2.320000	3.935547	-1.015625
2.325000	4.604492	0.434570
2.330000	4.326172	1.479492
2.335000	3.349609	1.860352
2.340000	2.124023	1.596680
2.345000	1.064453	0.961914
2.350000	0.415039	0.278320
2.355000	0.219727	-0.200195
2.360000	0.341797	-0.346680
2.365000	0.566406	-0.200195
2.370000	0.683594	0.117188
2.375000	0.610352	0.444336
2.380000	0.307617	0.654297
2.385000	-0.131836	0.625000
2.390000	-0.522461	-0.244141
2.395000	-0.346680	-1.674805
2.400000	0.751953	-2.216797
2.405000	2.202148	-1.669922
2.410000	3.300781	-0.541992
2.415000	3.662109	0.629883
2.420000	3.242188	1.406250
2.425000	2.319336	1.601562
2.430000	1.254883	1.303711
2.435000	0.385742	0.747070
2.440000	-0.122070	0.117188
2.445000	-0.195312	-0.644531
2.450000	0.219727	-0.986328
2.455000	0.859375	-0.756836
2.460000	1.352539	-0.180664
2.465000	1.464844	0.449219
2.470000	1.176758	0.883789
2.475000	0.585938	1.020508
2.480000	-0.092773	0.820312
2.485000	-0.615234	-0.341797
2.490000	-0.366211	-2.104492
2.495000	1.005859	-2.729492
2.500000	2.783203	-2.070312
2.505000	4.150391	-0.708008
2.510000	4.624023	0.693359
2.515000	4.165039	1.616211
2.520000	3.100586	1.850586
2.525000	1.879883	1.489258
2.530000	0.888672	0.815430
2.535000	0.341797	0.156250
2.540000	0.224609	-0.258789
2.545000	0.385742	-0.336914
2.550000	0.605469	-0.141602
2.555000	0.688477	0.185547
2.560000	0.566406	0.493164
2.565000	0.229492	0.683594
2.570000	-0.224609	0.532227
2.575000	-0.556641	-0.541992
2.580000	-0.185547	-1.889648
2.585000	1.054688	-2.177734
2.590000	2.475586	-1.464844
2.595000	3.442383	-0.288086
2.600000	3.632812	0.834961
2.605000	3.081055	1.494141
2.610000	2.094727	1.577148
2.615000	1.054688	1.206055
2.620000	0.249023	0.625000
2.625000	-0.170898	-0.034180
2.630000	-0.146484	-0.766602
2.635000	0.346680	-0.981445
2.640000	0.991211	-0.654297
2.645000	1.411133	-0.043945
2.650000	1.435547	0.556641
2.655000	1.074219	0.937500
2.660000	0.449219	1.015625
2.665000	-0.229492	0.683594
2.670000	-0.649414	-0.708008
2.675000	-0.166016	-2.353516
2.680000	1.362305	-2.680664
2.685000	3.129883	-1.826172
2.690000	4.331055	-0.400391
2.695000	4.599609	0.937500
2.700000	3.979492	1.723633
2.705000	2.846680	1.821289
2.710000	1.645508	1.362305
2.715000	0.737305	0.668945
2.720000	0.288086	0.043945
2.725000	0.244141	-0.302734
2.730000	0.434570	-0.312500
2.735000	0.634766	-0.078125
2.740000	0.683594	0.258789
2.745000	0.507812	0.546875
2.750000	0.141602	0.693359
2.755000	-0.317383	0.395508
2.760000	-0.556641	-0.854492
2.765000	0.014648	-2.045898
2.770000	1.347656	-2.099609
2.775000	2.729492	-1.245117
2.780000	3.549805	-0.029297
2.785000	3.574219	1.015625
2.790000	2.900391	1.557617
2.795000	1.870117	1.528320
2.800000	0.859375	1.093750
2.805000	0.126953	0.502930
2.810000	-0.209961	-0.195312
2.815000	-0.078125	-0.864258
2.820000	0.478516	-0.952148
2.825000	1.103516	-0.546875
2.830000	1.455078	0.087891
2.835000	1.391602	0.659180
2.840000	0.957031	0.981445
2.845000	0.307617	0.996094
2.850000	-0.351562	0.488281
2.855000	-0.644531	-1.103516
2.860000	0.083008	-2.539062
2.865000	1.743164	-2.587891
2.870000	3.442383	-1.557617
2.875000	4.467773	-0.097656
2.880000	4.536133	1.152344
2.885000	3.774414	1.791992
2.890000	2.587891	1.757812
2.895000	1.420898	1.230469
2.900000	0.605469	0.527344
2.905000	0.249023	-0.048828
2.910000	0.268555	-0.327148
2.915000	0.483398	-0.283203
2.920000	0.659180	-0.009766
2.925000	0.664062	0.327148
2.930000	0.444336	0.590820
2.935000	0.048828	0.693359
2.940000	-0.410156	0.209961
2.945000	-0.522461	-1.171875
2.950000	0.249023	-2.153320
2.955000	1.655273	-1.977539
2.960000	2.954102	-1.005859
2.965000	3.623047	0.209961
2.970000	3.481445	1.171875
2.975000	2.705078	1.591797
2.980000	1.650391	1.464844
2.985000	0.678711	0.976562
2.990000	0.024414	0.375977
2.995000	-0.224609	-0.361328
3.000000	0.009766	-0.937500
3.005000	0.615234	-0.903320
3.010000	1.201172	-0.424805
3.015000	1.474609	0.219727
3.020000	1.328125	0.751953
3.025000	0.834961	1.005859
3.030000	0.166016	0.957031
3.035000	-0.468750	0.244141
3.040000	-0.600586	-1.484375
3.045000	0.380859	-2.661133
3.050000	2.119141	-2.446289
3.055000	3.725586	-1.264648
3.060000	4.555664	0.190430
3.065000	4.433594	1.342773
3.070000	3.554688	1.845703
3.075000	2.338867	1.674805
3.080000	1.220703	1.088867
3.085000	0.493164	0.385742
3.090000	0.224609	-0.136719
3.095000	0.307617	-0.341797
3.100000	0.527344	-0.244141
3.105000	0.673828	0.058594
3.110000	0.634766	0.390625
3.115000	0.375977	0.629883
3.120000	-0.043945	0.673828
3.125000	-0.478516	-0.019531
3.130000	-0.444336	-1.459961
3.135000	0.512695	-2.202148
3.140000	1.953125	-1.826172
3.145000	3.154297	-0.756836
3.150000	3.657227	0.444336
3.155000	3.364258	1.308594
3.160000	2.495117	1.606445
3.165000	1.430664	1.381836
3.170000	0.512695	0.849609
3.175000	-0.058594	0.239258
3.180000	-0.219727	-0.517578
3.185000	0.117188	-0.976562
3.190000	0.751953	-0.834961
3.195000	1.289062	-0.292969
3.200000	1.479492	0.346680
3.205000	1.245117	0.830078
3.210000	0.703125	1.015625
3.215000	0.019531	0.903320
3.220000	-0.561523	-0.053711
3.225000	-0.498047	-1.840820
3.230000	0.708008	-2.719727
3.235000	2.490234	-2.255859
3.240000	3.969727	-0.971680
3.245000	4.609375	0.473633
3.250000	4.301758	1.503906
3.255000	3.315430	1.865234
3.260000	2.080078	1.582031
3.265000	1.035156	0.942383
3.270000	0.400391	0.258789
3.275000	0.219727	-0.209961
3.280000	0.346680	-0.341797
3.285000	0.571289	-0.190430
3.290000	0.688477	0.126953
3.295000	0.605469	0.454102
3.300000	0.302734	0.654297
3.305000	-0.146484	0.610352
3.310000	-0.532227	-0.288086
3.315000	-0.317383	-1.713867
3.320000	0.795898	-2.211914
3.325000	2.246094	-1.640625
3.330000	3.325195	-0.502930
3.335000	3.657227	0.664062
3.340000	3.217773	1.420898
3.345000	2.280273	1.596680
3.350000	1.225586	1.289062
3.355000	0.361328	0.727539
3.360000	-0.126953	0.097656
3.365000	-0.190430	-0.659180
3.370000	0.239258	-0.991211
3.375000	0.883789	-0.742188
3.380000	1.362305	-0.156250
3.385000	1.469727	0.463867
3.390000	1.162109	0.893555
3.395000	0.566406	1.020508
3.400000	-0.117188	0.795898
3.405000	-0.620117	-0.395508
3.410000	-0.336914	-2.143555
3.415000	1.059570	-2.724609
3.420000	2.836914	-2.036133
3.425000	4.179688	-0.664062
3.430000	4.619141	0.732422
3.435000	4.140625	1.635742
3.440000	3.061523	1.850586
3.445000	1.840820	1.469727
3.450000	0.869141	0.791016
3.455000	0.332031	0.136719
3.460000	0.224609	-0.263672
3.465000	0.395508	-0.332031
3.470000	0.610352	-0.131836
3.475000	0.693359	0.200195
3.480000	0.551758	0.502930
3.485000	0.214844	0.683594
3.490000	-0.239258	0.512695
3.495000	-0.556641	-0.590820
3.500000	-0.156250	-1.918945
3.505000	1.098633	-2.167969
3.510000	2.514648	-1.430664
3.515000	3.461914	-0.249023
3.520000	3.623047	0.864258
3.525000	3.056641	1.508789
3.530000	2.060547	1.567383
3.535000	1.020508	1.186523
3.540000	0.224609	0.610352
3.545000	-0.180664	-0.058594
3.550000	-0.141602	-0.786133
3.555000	0.366211	-0.986328
3.560000	1.005859	-0.639648
3.565000	1.416016	-0.024414
3.570000	1.430664	0.576172
3.575000	1.054688	0.947266
3.580000	0.429688	1.010742
3.585000	-0.249023	0.654297
3.590000	-0.649414	-0.771484
3.595000	-0.131836	-2.382812
3.600000	1.420898	-2.670898
3.605000	3.178711	-1.787109
3.610000	4.355469	-0.356445
3.615000	4.589844	0.971680
3.620000	3.950195	1.733398
3.625000	2.807617	1.811523
3.630000	1.611328	1.342773
3.635000	0.717773	0.644531
3.640000	0.278320	0.029297
3.645000	0.249023	-0.307617
3.650000	0.439453	-0.312500
3.655000	0.639648	-0.068359
3.660000	0.678711	0.268555
3.665000	0.498047	0.556641
3.670000	0.126953	0.693359
3.675000	-0.332031	0.366211
3.680000	-0.556641	-0.903320
3.685000	0.048828	-2.065430
3.690000	1.391602	-2.080078
3.695000	2.763672	-1.215820
3.700000	3.564453	0.004883
3.705000	3.564453	1.044922
3.710000	2.866211	1.562500
3.715000	1.840820	1.523438
3.720000	0.830078	1.074219
3.725000	0.107422	0.483398
3.730000	-0.214844	-0.219727
3.735000	-0.068359	-0.874023
3.740000	0.502930	-0.947266
3.745000	1.123047	-0.527344
3.750000	1.459961	0.112305
3.755000	1.381836	0.673828
3.760000	0.937500	0.986328
3.765000	0.288086	0.986328
3.770000	-0.371094	0.454102
3.775000	-0.634766	-1.162109
3.780000	0.126953	-2.563477
3.785000	1.801758	-2.568359
3.790000	3.486328	-1.508789
3.795000	4.482422	-0.048828
3.800000	4.521484	1.181641
3.805000	3.740234	1.806641
3.810000	2.543945	1.748047
3.815000	1.386719	1.210938
3.820000	0.585938	0.502930
3.825000	0.244141	-0.073242
3.830000	0.278320	-0.332031
3.835000	0.488281	-0.278320
3.840000	0.668945	-0.004883
3.845000	0.659180	0.336914
3.850000	0.434570	0.600586
3.855000	0.034180	0.693359
3.860000	-0.419922	0.175781
3.865000	-0.512695	-1.220703
3.870000	0.288086	-2.163086
3.875000	1.699219	-1.958008
3.880000	2.988281	-0.971680
3.885000	3.627930	0.249023
3.890000	3.466797	1.196289
3.895000	2.670898	1.596680
3.900000	1.616211	1.455078
3.905000	0.649414	0.952148
3.910000	0.009766	0.356445
3.915000	-0.224609	-0.385742
3.920000	0.024414	-0.947266
3.925000	0.634766	-0.893555
3.930000	1.225586	-0.400391
3.935000	1.474609	0.239258
3.940000	1.313477	0.761719
3.945000	0.815430	1.005859
3.950000	0.141602	0.952148
3.955000	-0.483398	0.200195
3.960000	-0.585938	-1.542969
3.965000	0.424805	-2.670898
3.970000	2.172852	-2.421875
3.975000	3.759766	-1.225586
3.980000	4.570312	0.234375
3.985000	4.414062	1.367188
3.990000	3.515625	1.845703
3.995000	2.299805	1.669922
4.000000	1.196289	1.069336
4.005000	0.478516	0.366211
4.010000	0.224609	-0.151367
4.015000	0.312500	-0.346680
4.020000	0.537109	-0.234375
4.025000	0.683594	0.063477
4.030000	0.629883	0.395508
4.035000	0.361328	0.634766
4.040000	-0.058594	0.664062
4.045000	-0.488281	-0.058594
4.050000	-0.424805	-1.503906
4.055000	0.556641	-2.207031
4.060000	2.001953	-1.801758
4.065000	3.183594	-0.722656
4.070000	3.657227	0.478516
4.075000	3.344727	1.323242
4.080000	2.465820	1.611328
4.085000	1.396484	1.372070
4.090000	0.488281	0.834961
4.095000	-0.073242	0.219727
4.100000	-0.214844	-0.541992
4.105000	0.136719	-0.981445
4.110000	0.771484	-0.820312
4.115000	1.298828	-0.273438
4.120000	1.479492	0.366211
4.125000	1.240234	0.839844
4.130000	0.683594	1.020508
4.135000	0.000000	0.883789
4.140000	-0.576172	-0.102539
4.145000	-0.473633	-1.889648
4.150000	0.761719	-2.729492
4.155000	2.543945	-2.226562
4.160000	4.008789	-0.922852
4.165000	4.614258	0.517578
4.170000	4.277344	1.523438
4.175000	3.276367	1.860352
4.180000	2.045898	1.562500
4.185000	1.010742	0.922852
4.190000	0.390625	0.239258
4.195000	0.224609	-0.219727
4.200000	0.356445	-0.341797
4.205000	0.576172	-0.180664
4.210000	0.688477	0.136719
4.215000	0.595703	0.458984
4.220000	0.288086	0.664062
4.225000	-0.156250	0.605469
4.230000	-0.537109	-0.332031
4.235000	-0.302734	-1.752930
4.240000	0.839844	-2.207031
4.245000	2.285156	-1.611328
4.250000	3.349609	-0.463867
4.255000	3.657227	0.693359
4.260000	3.193359	1.435547
4.265000	2.246094	1.596680
4.270000	1.196289	1.274414
4.275000	0.341797	0.708008
4.280000	-0.136719	0.073242
4.285000	-0.180664	-0.683594
4.290000	0.258789	-0.991211
4.295000	0.903320	-0.727539
4.300000	1.372070	-0.136719
4.305000	1.464844	0.483398
4.310000	1.147461	0.903320
4.315000	0.541992	1.020508
4.320000	-0.136719	0.781250
4.325000	-0.629883	-0.449219
4.330000	-0.312500	-2.187500
4.335000	1.118164	-2.719727
4.340000	2.895508	-1.997070
4.345000	4.208984	-0.615234
4.350000	4.619141	0.771484
4.355000	4.111328	1.650391
4.360000	3.022461	1.845703
4.365000	1.806641	1.450195
4.370000	0.839844	0.766602
4.375000	0.322266	0.122070
4.380000	0.229492	-0.273438
4.385000	0.400391	-0.332031
4.390000	0.615234	-0.122070
4.395000	0.688477	0.209961
4.400000	0.541992	0.512695
4.405000	0.200195	0.683594
4.410000	-0.253906	0.493164
4.415000	-0.561523	-0.634766
4.420000	-0.126953	-1.948242
4.425000	1.142578	-2.158203
4.430000	2.548828	-1.401367
4.435000	3.481445	-0.205078
4.440000	3.618164	0.893555
4.445000	3.027344	1.518555
4.450000	2.026367	1.567383
4.455000	0.991211	1.171875
4.460000	0.209961	0.585938
4.465000	-0.185547	-0.083008
4.470000	-0.131836	-0.800781
4.475000	0.385742	-0.976562
4.480000	1.025391	-0.625000
4.485000	1.425781	-0.004883
4.490000	1.425781	0.595703
4.495000	1.040039	0.952148
4.500000	0.405273	1.005859
4.505000	-0.268555	0.625000
4.510000	-0.649414	-0.830078
4.515000	-0.097656	-2.416992
4.520000	1.484375	-2.656250
4.525000	3.227539	-1.743164
4.530000	4.375000	-0.307617
4.535000	4.584961	1.005859
4.540000	3.916016	1.748047
4.545000	2.768555	1.801758
4.550000	1.572266	1.323242
4.555000	0.693359	0.625000
4.560000	0.273438	0.009766
4.565000	0.253906	-0.312500
4.570000	0.449219	-0.307617
4.575000	0.644531	-0.058594
4.580000	0.678711	0.278320
4.585000	0.488281	0.561523
4.590000	0.112305	0.698242
4.595000	-0.346680	0.341797
4.600000	-0.551758	-0.957031
4.605000	0.083008	-2.084961
4.610000	1.440430	-2.065430
4.615000	2.797852	-1.176758
4.620000	3.579102	0.043945
4.625000	3.544922	1.069336
4.630000	2.841797	1.572266
4.635000	1.806641	1.513672
4.640000	0.800781	1.059570
4.645000	0.092773	0.463867
4.650000	-0.214844	-0.249023
4.655000	-0.053711	-0.888672
4.660000	0.522461	-0.947266
4.665000	1.137695	-0.507812
4.670000	1.464844	0.126953
4.675000	1.372070	0.688477
4.680000	0.922852	0.986328
4.685000	0.263672	0.986328
4.690000	-0.390625	0.419922
4.695000	-0.629883	-1.220703
4.700000	0.170898	-2.583008
4.705000	1.855469	-2.548828
4.710000	3.535156	-1.464844
4.715000	4.501953	-0.009766
4.720000	4.506836	1.220703
4.725000	3.710938	1.816406
4.730000	2.509766	1.738281
4.735000	1.362305	1.186523
4.740000	0.571289	0.483398
4.745000	0.234375	-0.078125
4.750000	0.283203	-0.336914
4.755000	0.498047	-0.268555
4.760000	0.668945	0.004883
4.765000	0.654297	0.341797
4.770000	0.424805	0.605469
4.775000	0.019531	0.693359
4.780000	-0.429688	0.141602
4.785000	-0.502930	-1.259766
4.790000	0.327148	-2.177734
4.795000	1.748047	-1.933594
4.800000	3.022461	-0.932617
4.805000	3.637695	0.288086
4.810000	3.447266	1.220703
4.815000	2.641602	1.601562
4.820000	1.582031	1.440430
4.825000	0.625000	0.932617
4.830000	-0.004883	0.332031
4.835000	-0.224609	-0.410156
4.840000	0.039062	-0.947266
4.845000	0.659180	-0.883789
4.850000	1.235352	-0.380859
4.855000	1.474609	0.258789
4.860000	1.303711	0.776367
4.865000	0.795898	1.010742
4.870000	0.122070	0.947266
4.875000	-0.498047	0.156250
4.880000	-0.576172	-1.596680
4.885000	0.478516	-2.685547
4.890000	2.236328	-2.387695
4.895000	3.798828	-1.181641
4.900000	4.584961	0.283203
4.905000	4.399414	1.396484
4.910000	3.481445	1.850586
4.915000	2.255859	1.650391
4.920000	1.162109	1.040039
4.925000	0.458984	0.346680
4.930000	0.224609	-0.161133
4.935000	0.317383	-0.341797
4.940000	0.537109	-0.229492
4.945000	0.683594	0.073242
4.950000	0.625000	0.410156
4.955000	0.351562	0.639648
4.960000	-0.078125	0.659180
4.965000	-0.498047	-0.097656
4.970000	-0.410156	-1.547852
4.975000	0.600586	-2.211914
4.980000	2.045898	-1.772461
4.985000	3.212891	-0.678711
4.990000	3.662109	0.517578
4.995000	3.325195	1.342773
5.000000	2.431641	1.611328
5.005000	1.362305	1.352539
5.010000	0.463867	0.815430
5.015000	-0.083008	0.195312
5.020000	-0.209961	-0.566406
5.025000	0.151367	-0.986328
5.030000	0.791016	-0.810547
5.035000	1.313477	-0.253906
5.040000	1.474609	0.380859
5.045000	1.230469	0.849609
5.050000	0.659180	1.020508
5.055000	-0.019531	0.874023
5.060000	-0.585938	-0.151367
5.065000	-0.454102	-1.938477
5.070000	0.815430	-2.729492
5.075000	2.592773	-2.192383
5.080000	4.038086	-0.878906
5.085000	4.624023	0.551758
5.090000	4.252930	1.547852
5.095000	3.237305	1.860352
5.100000	2.011719	1.547852
5.105000	0.981445	0.893555
5.110000	0.375977	0.219727
5.115000	0.224609	-0.229492
5.120000	0.361328	-0.341797
5.125000	0.581055	-0.170898
5.130000	0.693359	0.141602
5.135000	0.585938	0.468750
5.140000	0.273438	0.668945
5.145000	-0.175781	0.590820
5.150000	-0.541992	-0.375977
5.155000	-0.278320	-1.782227
5.160000	0.883789	-2.197266
5.165000	2.329102	-1.582031
5.170000	3.369141	-0.424805
5.175000	3.652344	0.727539
5.180000	3.168945	1.445312
5.185000	2.216797	1.591797
5.190000	1.162109	1.254883
5.195000	0.317383	0.693359
5.200000	-0.146484	0.048828
5.205000	-0.175781	-0.703125
5.210000	0.278320	-0.986328
5.215000	0.922852	-0.712891
5.220000	1.386719	-0.117188
5.225000	1.459961	0.498047
5.230000	1.132812	0.913086
5.235000	0.527344	1.020508
5.240000	-0.156250	0.761719
5.245000	-0.629883	-0.502930
5.250000	-0.288086	-2.221680
5.255000	1.166992	-2.714844
5.260000	2.939453	-1.962891
5.265000	4.233398	-0.571289
5.270000	4.614258	0.805664
5.275000	4.086914	1.669922
5.280000	2.983398	1.835938
5.285000	1.772461	1.430664
5.290000	0.820312	0.751953
5.295000	0.307617	0.102539
5.300000	0.229492	-0.278320
5.305000	0.405273	-0.322266
5.310000	0.615234	-0.112305
5.315000	0.683594	0.219727
5.320000	0.537109	0.522461
5.325000	0.185547	0.688477
5.330000	-0.273438	0.473633
5.335000	-0.561523	-0.683594
5.340000	-0.097656	-1.967773
5.345000	1.191406	-2.143555
5.350000	2.587891	-1.367188
5.355000	3.496094	-0.170898
5.360000	3.608398	0.917969
5.365000	3.002930	1.523438
5.370000	1.992188	1.557617
5.375000	0.961914	1.157227
5.380000	0.190430	0.571289
5.385000	-0.190430	-0.107422
5.390000	-0.117188	-0.810547
5.395000	0.405273	-0.976562
5.400000	1.040039	-0.610352
5.405000	1.430664	0.014648
5.410000	1.416016	0.605469
5.415000	1.020508	0.957031
5.420000	0.385742	1.005859
5.425000	-0.288086	0.600586
5.430000	-0.649414	-0.888672
5.435000	-0.058594	-2.446289
5.440000	1.538086	-2.646484
5.445000	3.276367	-1.704102
5.450000	4.399414	-0.263672
5.455000	4.575195	1.040039
5.460000	3.886719	1.757812
5.465000	2.729492	1.791992
5.470000	1.542969	1.303711
5.475000	0.673828	0.605469
5.480000	0.263672	-0.004883
5.485000	0.253906	-0.317383
5.490000	0.458984	-0.302734
5.495000	0.649414	-0.048828
5.500000	0.673828	0.292969
5.505000	0.483398	0.571289
5.510000	0.102539	0.698242
5.515000	-0.361328	0.317383
5.520000	-0.546875	-1.000977
5.525000	0.117188	-2.104492
5.530000	1.489258	-2.045898
5.535000	2.836914	-1.142578
5.540000	3.583984	0.078125
5.545000	3.530273	1.088867
5.550000	2.812500	1.577148
5.555000	1.772461	1.503906
5.560000	0.776367	1.040039
5.565000	0.078125	0.449219
5.570000	-0.219727	-0.273438
5.575000	-0.043945	-0.898438
5.580000	0.541992	-0.932617
5.585000	1.152344	-0.493164
5.590000	1.464844	0.151367
5.595000	1.362305	0.703125
5.600000	0.903320	0.996094
5.605000	0.239258	0.981445
5.610000	-0.405273	0.385742
5.615000	-0.629883	-1.279297
5.620000	0.214844	-2.602539
5.625000	1.909180	-2.524414
5.630000	3.574219	-1.425781
5.635000	4.511719	0.034180
5.640000	4.492188	1.240234
5.645000	3.676758	1.821289
5.650000	2.470703	1.723633
5.655000	1.328125	1.162109
5.660000	0.551758	0.463867
5.665000	0.234375	-0.092773
5.670000	0.288086	-0.336914
5.675000	0.502930	-0.263672
5.680000	0.673828	0.019531
5.685000	0.649414	0.356445
5.690000	0.415039	0.610352
5.695000	0.004883	0.688477
5.700000	-0.439453	0.112305
5.705000	-0.493164	-1.303711
5.710000	0.366211	-2.182617
5.715000	1.791992	-1.914062
5.720000	3.051758	-0.893555
5.725000	3.647461	0.322266
5.730000	3.427734	1.240234
5.735000	2.612305	1.606445
5.740000	1.547852	1.430664
5.745000	0.600586	0.917969
5.750000	-0.014648	0.312500
5.755000	-0.224609	-0.434570
5.760000	0.058594	-0.952148
5.765000	0.678711	-0.874023
5.770000	1.245117	-0.361328
5.775000	1.479492	0.278320
5.780000	1.289062	0.791016
5.785000	0.776367	1.010742
5.790000	0.097656	0.932617
5.795000	-0.512695	0.117188
5.800000	-0.561523	-1.650391
5.805000	0.522461	-2.700195
5.810000	2.294922	-2.363281
5.815000	3.837891	-1.132812
5.820000	4.589844	0.322266
5.825000	4.375000	1.420898
5.830000	3.442383	1.860352
5.835000	2.221680	1.635742
5.840000	1.132812	1.020508
5.845000	0.449219	0.327148
5.850000	0.224609	-0.170898
5.855000	0.322266	-0.346680
5.860000	0.546875	-0.219727
5.865000	0.683594	0.087891
5.870000	0.620117	0.415039
5.875000	0.341797	0.644531
5.880000	-0.087891	0.649414
5.885000	-0.502930	-0.136719
5.890000	-0.390625	-1.582031
5.895000	0.639648	-2.211914
5.900000	2.089844	-1.748047
5.905000	3.237305	-0.639648
5.910000	3.662109	0.546875
5.915000	3.300781	1.362305
5.920000	2.402344	1.611328
5.925000	1.333008	1.342773
5.930000	0.444336	0.795898
5.935000	-0.092773	0.175781
5.940000	-0.209961	-0.590820
5.945000	0.166016	-0.986328
5.950000	0.810547	-0.795898
5.955000	1.323242	-0.234375
5.960000	1.469727	0.400391
5.965000	1.210938	0.854492
5.970000	0.639648	1.025391
5.975000	-0.039062	0.859375
5.980000	-0.595703	-0.205078
5.985000	-0.434570	-1.987305
5.990000	0.864258	-2.734375
5.995000	2.651367	-2.163086
6.000000	4.072266	-0.830078
6.005000	4.624023	0.595703
6.010000	4.233398	1.567383
6.015000	3.203125	1.860352
6.020000	1.972656	1.533203
6.025000	0.952148	0.874023
6.030000	0.366211	0.200195
6.035000	0.224609	-0.234375
6.040000	0.366211	-0.341797
6.045000	0.585938	-0.166016
6.050000	0.693359	0.161133
6.055000	0.576172	0.473633
6.060000	0.258789	0.673828
6.065000	-0.190430	0.576172
6.070000	-0.546875	-0.419922
6.075000	-0.253906	-1.816406
6.080000	0.932617	-2.197266
6.085000	2.373047	-1.552734
6.090000	3.393555	-0.380859
6.095000	3.652344	0.756836
6.100000	3.144531	1.464844
6.105000	2.182617	1.586914
6.110000	1.132812	1.245117
6.115000	0.297852	0.673828
6.120000	-0.156250	0.029297
6.125000	-0.166016	-0.717773
6.130000	0.292969	-0.986328
6.135000	0.937500	-0.698242
6.140000	1.391602	-0.092773
6.145000	1.450195	0.517578
6.150000	1.118164	0.922852
6.155000	0.502930	1.010742
6.160000	-0.175781	0.737305
6.165000	-0.634766	-0.566406
6.170000	-0.253906	-2.260742
6.175000	1.225586	-2.705078
6.180000	2.998047	-1.923828
6.185000	4.267578	-0.522461
6.190000	4.614258	0.844727
6.195000	4.052734	1.684570
6.200000	2.949219	1.831055
6.205000	1.728516	1.411133
6.210000	0.795898	0.727539
6.215000	0.302734	0.083008
6.220000	0.234375	-0.283203
6.225000	0.415039	-0.322266
6.230000	0.620117	-0.102539
6.235000	0.683594	0.229492
6.240000	0.532227	0.532227
6.245000	0.170898	0.693359
6.250000	-0.283203	0.449219
6.255000	-0.561523	-0.732422
6.260000	-0.068359	-1.992188
6.265000	1.235352	-2.133789
6.270000	2.626953	-1.333008
6.275000	3.515625	-0.126953
6.280000	3.598633	0.942383
6.285000	2.973633	1.538086
6.290000	1.958008	1.552734
6.295000	0.932617	1.137695
6.300000	0.170898	0.551758
6.305000	-0.195312	-0.131836
6.310000	-0.107422	-0.834961
6.315000	0.429688	-0.966797
6.320000	1.059570	-0.590820
6.325000	1.440430	0.039062
6.330000	1.411133	0.620117
6.335000	1.005859	0.961914
6.340000	0.361328	1.005859
6.345000	-0.312500	0.571289
6.350000	-0.649414	-0.952148
6.355000	-0.019531	-2.470703
6.360000	1.596680	-2.631836
6.365000	3.325195	-1.660156
6.370000	4.418945	-0.214844
6.375000	4.565430	1.074219
6.380000	3.852539	1.772461
6.385000	2.690430	1.787109
6.390000	1.508789	1.279297
6.395000	0.654297	0.581055
6.400000	0.263672	-0.014648
6.405000	0.258789	-0.322266
6.410000	0.463867	-0.297852
6.415000	0.649414	-0.039062
6.420000	0.673828	0.297852
6.425000	0.468750	0.576172
6.430000	0.083008	0.698242
6.435000	-0.375977	0.288086
6.440000	-0.537109	-1.044922
6.445000	0.151367	-2.119141
6.450000	1.538086	-2.026367
6.455000	2.866211	-1.108398
6.460000	3.598633	0.117188
6.465000	3.520508	1.118164
6.470000	2.778320	1.582031
6.475000	1.738281	1.494141
6.480000	0.747070	1.020508
6.485000	0.063477	0.424805
6.490000	-0.224609	-0.292969
6.495000	-0.024414	-0.913086
6.500000	0.561523	-0.922852
6.505000	1.166992	-0.473633
6.510000	1.469727	0.170898
6.515000	1.352539	0.712891
6.520000	0.883789	0.996094
6.525000	0.219727	0.976562
6.530000	-0.424805	0.346680
6.535000	-0.625000	-1.337891
6.540000	0.258789	-2.617188
6.545000	1.972656	-2.504883
6.550000	3.623047	-1.381836
6.555000	4.526367	0.083008
6.560000	4.477539	1.269531
6.565000	3.642578	1.831055
6.570000	2.441406	1.713867
6.575000	1.293945	1.142578
6.580000	0.537109	0.439453
6.585000	0.229492	-0.107422
6.590000	0.292969	-0.341797
6.595000	0.507812	-0.258789
6.600000	0.673828	0.024414
6.605000	0.644531	0.366211
6.610000	0.405273	0.615234
6.615000	-0.009766	0.688477
6.620000	-0.454102	0.073242
6.625000	-0.478516	-1.352539
6.630000	0.405273	-2.197266
6.635000	1.840820	-1.889648
6.640000	3.085938	-0.859375
6.645000	3.652344	0.356445
6.650000	3.413086	1.254883
6.655000	2.578125	1.606445
6.660000	1.513672	1.416016
6.665000	0.576172	0.898438
6.670000	-0.029297	0.297852
6.675000	-0.224609	-0.458984
6.680000	0.073242	-0.961914
6.685000	0.698242	-0.864258
6.690000	1.254883	-0.341797
6.695000	1.479492	0.297852
6.700000	1.279297	0.800781
6.705000	0.756836	1.015625
6.710000	0.078125	0.927734
6.715000	-0.527344	0.068359
6.720000	-0.546875	-1.708984
6.725000	0.576172	-2.705078
6.730000	2.343750	-2.333984
6.735000	3.876953	-1.088867
6.740000	4.599609	0.366211
6.745000	4.355469	1.440430
6.750000	3.408203	1.860352
6.755000	2.182617	1.621094
6.760000	1.108398	0.996094
6.765000	0.434570	0.307617
6.770000	0.224609	-0.180664
6.775000	0.332031	-0.346680
6.780000	0.551758	-0.209961
6.785000	0.688477	0.102539
6.790000	0.615234	0.424805
6.795000	0.327148	0.649414
6.800000	-0.102539	0.639648
6.805000	-0.517578	-0.175781
6.810000	-0.375977	-1.621094
6.815000	0.683594	-2.211914
6.820000	2.133789	-1.718750
6.825000	3.261719	-0.605469
6.830000	3.662109	0.581055
6.835000	3.276367	1.376953
6.840000	2.368164	1.611328
6.845000	1.303711	1.328125
6.850000	0.419922	0.771484
6.855000	-0.102539	0.151367
6.860000	-0.205078	-0.610352
6.865000	0.190430	-0.986328
6.870000	0.834961	-0.781250
6.875000	1.333008	-0.214844
6.880000	1.469727	0.419922
6.885000	1.201172	0.869141
6.890000	0.620117	1.020508
6.895000	-0.058594	0.844727
6.900000	-0.600586	-0.253906
6.905000	-0.410156	-2.031250
6.910000	0.917969	-2.729492
6.915000	2.705078	-2.128906
6.920000	4.101562	-0.786133
6.925000	4.624023	0.629883
6.930000	4.208984	1.586914
6.935000	3.164062	1.860352
6.940000	1.938477	1.513672
6.945000	0.932617	0.849609
6.950000	0.356445	0.185547
6.955000	0.224609	-0.249023
6.960000	0.375977	-0.336914
6.965000	0.595703	-0.156250
6.970000	0.688477	0.170898
6.975000	0.576172	0.488281
6.980000	0.253906	0.673828
6.985000	-0.200195	0.561523
6.990000	-0.556641	-0.468750
6.995000	-0.229492	-1.845703
7.000000	0.976562	-2.187500
7.005000	2.412109	-1.518555
7.010000	3.413086	-0.346680
7.015000	3.642578	0.786133
7.020000	3.120117	1.474609
7.025000	2.148438	1.586914
7.030000	1.098633	1.235352
7.035000	0.278320	0.654297
7.040000	-0.161133	0.004883
7.045000	-0.161133	-0.742188
7.050000	0.312500	-0.986328
7.055000	0.957031	-0.683594
7.060000	1.396484	-0.078125
7.065000	1.445312	0.532227
7.070000	1.098633	0.927734
7.075000	0.478516	1.015625
7.080000	-0.195312	0.717773
7.085000	-0.644531	-0.620117
7.090000	-0.219727	-2.299805
7.095000	1.274414	-2.700195
7.100000	3.046875	-1.889648
7.105000	4.291992	-0.478516
7.110000	4.609375	0.878906
7.115000	4.028320	1.699219
7.120000	2.910156	1.826172
7.125000	1.699219	1.391602
7.130000	0.771484	0.703125
7.135000	0.297852	0.068359
7.140000	0.234375	-0.292969
7.145000	0.419922	-0.322266
7.150000	0.625000	-0.092773
7.155000	0.683594	0.234375
7.160000	0.522461	0.537109
7.165000	0.161133	0.693359
7.170000	-0.297852	0.434570
7.175000	-0.556641	-0.776367
7.180000	-0.039062	-2.016602
7.185000	1.274414	-2.124023
7.190000	2.666016	-1.298828
7.195000	3.525391	-0.092773
7.200000	3.588867	0.971680
7.205000	2.949219	1.547852
7.210000	1.928711	1.547852
7.215000	0.908203	1.118164
7.220000	0.156250	0.532227
7.225000	-0.205078	-0.156250
7.230000	-0.097656	-0.844727
7.235000	0.449219	-0.961914
7.240000	1.074219	-0.571289
7.245000	1.445312	0.053711
7.250000	1.401367	0.634766
7.255000	0.981445	0.966797
7.260000	0.341797	1.000977
7.265000	-0.322266	0.541992
7.270000	-0.649414	-1.005859
7.275000	0.014648	-2.500000
7.280000	1.650391	-2.612305
7.285000	3.369141	-1.621094
7.290000	4.438477	-0.175781
7.295000	4.555664	1.103516
7.300000	3.823242	1.782227
7.305000	2.651367	1.777344
7.310000	1.474609	1.259766
7.315000	0.639648	0.561523
7.320000	0.253906	-0.029297
7.325000	0.263672	-0.322266
7.330000	0.468750	-0.292969
7.335000	0.649414	-0.029297
7.340000	0.668945	0.307617
7.345000	0.458984	0.576172
7.350000	0.068359	0.698242
7.355000	-0.390625	0.258789
7.360000	-0.532227	-1.093750
7.365000	0.190430	-2.128906
7.370000	1.582031	-2.011719
7.375000	2.900391	-1.069336
7.380000	3.608398	0.151367
7.385000	3.505859	1.142578
7.390000	2.753906	1.586914
7.395000	1.708984	1.479492
7.400000	0.722656	1.000977
7.405000	0.043945	0.405273
7.410000	-0.224609	-0.317383
7.415000	-0.014648	-0.922852
7.420000	0.585938	-0.917969
7.425000	1.181641	-0.454102
7.430000	1.469727	0.185547
7.435000	1.342773	0.727539
7.440000	0.864258	1.000977
7.445000	0.200195	0.971680
7.450000	-0.444336	0.307617
7.455000	-0.615234	-1.391602
7.460000	0.302734	-2.636719
7.465000	2.026367	-2.485352
7.470000	3.662109	-1.337891
7.475000	4.541016	0.117188
7.480000	4.462891	1.298828
7.485000	3.608398	1.831055
7.490000	2.397461	1.704102
7.495000	1.264648	1.123047
7.500000	0.517578	0.424805
7.505000	0.224609	-0.117188
7.510000	0.297852	-0.341797
7.515000	0.517578	-0.249023
7.520000	0.673828	0.039062
7.525000	0.644531	0.375977
7.530000	0.390625	0.615234
7.535000	-0.019531	0.683594
7.540000	-0.468750	0.039062
7.545000	-0.468750	-1.391602
7.550000	0.444336	-2.197266
7.555000	1.884766	-1.865234
7.560000	3.110352	-0.820312
7.565000	3.652344	0.390625
7.570000	3.393555	1.279297
7.575000	2.543945	1.611328
7.580000	1.484375	1.406250
7.585000	0.551758	0.883789
7.590000	-0.043945	0.273438
7.595000	-0.229492	-0.483398
7.600000	0.087891	-0.966797
7.605000	0.717773	-0.854492
7.610000	1.269531	-0.322266
7.615000	1.479492	0.317383
7.620000	1.264648	0.805664
7.625000	0.732422	1.015625
7.630000	0.058594	0.917969
7.635000	-0.541992	0.024414
7.640000	-0.527344	-1.757812
7.645000	0.625000	-2.714844
7.650000	2.402344	-2.304688
7.655000	3.911133	-1.044922
7.660000	4.604492	0.410156
7.665000	4.340820	1.464844
7.670000	3.374023	1.860352
7.675000	2.143555	1.606445
7.680000	1.074219	0.971680
7.685000	0.424805	0.288086
7.690000	0.219727	-0.195312
7.695000	0.336914	-0.346680
7.700000	0.561523	-0.205078
7.705000	0.688477	0.112305
7.710000	0.610352	0.434570
7.715000	0.312500	0.654297
7.720000	-0.122070	0.629883
7.725000	-0.522461	-0.219727
7.730000	-0.356445	-1.660156
7.735000	0.722656	-2.211914
7.740000	2.172852	-1.694336
7.745000	3.286133	-0.571289
7.750000	3.662109	0.610352
7.755000	3.256836	1.391602
7.760000	2.338867	1.606445
7.765000	1.269531	1.313477
7.770000	0.395508	0.756836
7.775000	-0.112305	0.131836
7.780000	-0.200195	-0.629883
7.785000	0.205078	-0.986328
7.790000	0.849609	-0.771484
7.795000	1.342773	-0.190430
7.800000	1.469727	0.434570
7.805000	1.186523	0.878906
7.810000	0.600586	1.020508
7.815000	-0.078125	0.830078
7.820000	-0.615234	-0.307617
7.825000	-0.380859	-2.075195
7.830000	0.971680	-2.729492
7.835000	2.758789	-2.094727
7.840000	4.130859	-0.737305
7.845000	4.624023	0.668945
7.850000	4.179688	1.601562
7.855000	3.125000	1.855469
7.860000	1.899414	1.499023
7.865000	0.903320	0.825195
7.870000	0.341797	0.166016
7.875000	0.224609	-0.249023
7.880000	0.380859	-0.341797
7.885000	0.605469	-0.146484
7.890000	0.693359	0.180664
7.895000	0.566406	0.488281
7.900000	0.234375	0.678711
7.905000	-0.214844	0.541992
7.910000	-0.551758	-0.512695
7.915000	-0.205078	-1.875000
7.920000	1.020508	-2.182617
7.925000	2.451172	-1.489258
7.930000	3.432617	-0.307617
7.935000	3.632812	0.815430
7.940000	3.095703	1.484375
7.945000	2.114258	1.577148
7.950000	1.074219	1.210938
7.955000	0.258789	0.634766
7.960000	-0.170898	-0.019531
7.965000	-0.156250	-0.756836
7.970000	0.332031	-0.986328
7.975000	0.971680	-0.664062
7.980000	1.406250	-0.053711
7.985000	1.440430	0.551758
7.990000	1.083984	0.932617
7.995000	0.463867	1.015625
8.000000	-0.214844	0.693359
8.005000	-0.644531	-0.673828
8.010000	-0.190430	-2.329102
8.015000	1.328125	-2.690430
8.020000	3.095703	-1.850586
8.025000	4.311523	-0.429688
8.030000	4.599609	0.913086
8.035000	3.999023	1.713867
8.040000	2.866211	1.816406
8.045000	1.660156	1.372070
8.050000	0.751953	0.683594
8.055000	0.288086	0.053711
8.060000	0.244141	-0.297852
8.065000	0.424805	-0.317383
8.070000	0.625000	-0.083008
8.075000	0.683594	0.253906
8.080000	0.512695	0.541992
8.085000	0.146484	0.693359
8.090000	-0.312500	0.405273
8.095000	-0.561523	-0.825195
8.100000	-0.004883	-2.036133
8.105000	1.323242	-2.104492
8.110000	2.705078	-1.264648
8.115000	3.544922	-0.048828
8.120000	3.579102	1.000977
8.125000	2.919922	1.552734
8.130000	1.889648	1.538086
8.135000	0.874023	1.103516
8.140000	0.141602	0.512695
8.145000	-0.205078	-0.180664
8.150000	-0.083008	-0.854492
8.155000	0.468750	-0.952148
8.160000	1.093750	-0.551758
8.165000	1.450195	0.073242
8.170000	1.391602	0.649414
8.175000	0.966797	0.971680
8.180000	0.317383	0.996094
8.185000	-0.341797	0.507812
8.190000	-0.644531	-1.074219
8.195000	0.058594	-2.524414
8.200000	1.713867	-2.592773
8.205000	3.417969	-1.577148
8.210000	4.458008	-0.122070
8.215000	4.541016	1.137695
8.220000	3.789062	1.791992
8.225000	2.607422	1.762695
8.230000	1.440430	1.240234
8.235000	0.615234	0.537109
8.240000	0.249023	-0.043945
8.245000	0.263672	-0.322266
8.250000	0.478516	-0.288086
8.255000	0.659180	-0.014648
8.260000	0.668945	0.317383
8.265000	0.454102	0.590820
8.270000	0.058594	0.693359
8.275000	-0.395508	0.229492
8.280000	-0.527344	-1.142578
8.285000	0.224609	-2.148438
8.290000	1.630859	-1.992188
8.295000	2.934570	-1.030273
8.300000	3.618164	0.190430
8.305000	3.491211	1.162109
8.310000	2.724609	1.591797
8.315000	1.669922	1.469727
8.320000	0.693359	0.981445
8.325000	0.029297	0.385742
8.330000	-0.224609	-0.346680
8.335000	0.000000	-0.927734
8.340000	0.605469	-0.913086
8.345000	1.196289	-0.434570
8.350000	1.469727	0.209961
8.355000	1.333008	0.742188
8.360000	0.844727	1.005859
8.365000	0.175781	0.966797
8.370000	-0.458984	0.268555
8.375000	-0.610352	-1.450195
8.380000	0.351562	-2.651367
8.385000	2.084961	-2.460938
8.390000	3.706055	-1.289062
8.395000	4.550781	0.170898
8.400000	4.443359	1.328125
8.405000	3.574219	1.840820
8.410000	2.358398	1.689453
8.415000	1.240234	1.098633
8.420000	0.502930	0.400391
8.425000	0.224609	-0.131836
8.430000	0.302734	-0.341797
8.435000	0.527344	-0.244141
8.440000	0.678711	0.048828
8.445000	0.639648	0.385742
8.450000	0.380859	0.625000
8.455000	-0.034180	0.678711
8.460000	-0.473633	0.004883
8.465000	-0.449219	-1.435547
8.470000	0.483398	-2.202148
8.475000	1.928711	-1.845703
8.480000	3.139648	-0.781250
8.485000	3.652344	0.429688
8.490000	3.374023	1.293945
8.495000	2.509766	1.611328
8.500000	1.450195	1.391602
8.505000	0.527344	0.864258
8.510000	-0.053711	0.253906
8.515000	-0.219727	-0.502930
8.520000	0.107422	-0.971680
8.525000	0.742188	-0.839844
8.530000	1.279297	-0.302734
8.535000	1.479492	0.332031
8.540000	1.254883	0.820312
8.545000	0.712891	1.015625
8.550000	0.034180	0.908203
8.555000	-0.551758	-0.024414
8.560000	-0.507812	-1.811523
8.565000	0.678711	-2.719727
8.570000	2.456055	-2.275391
8.575000	3.950195	-0.991211
8.580000	4.609375	0.449219
8.585000	4.316406	1.489258
8.590000	3.334961	1.865234
8.595000	2.104492	1.591797
8.600000	1.049805	0.952148
8.605000	0.410156	0.268555
8.610000	0.224609	-0.205078
8.615000	0.341797	-0.346680
8.620000	0.566406	-0.195312
8.625000	0.683594	0.122070
8.630000	0.605469	0.449219
8.635000	0.307617	0.654297
8.640000	-0.136719	0.620117
8.645000	-0.527344	-0.263672
8.650000	-0.332031	-1.699219
8.655000	0.771484	-2.211914
8.660000	2.216797	-1.660156
8.665000	3.310547	-0.522461
8.670000	3.657227	0.644531
8.675000	3.237305	1.411133
8.680000	2.304688	1.601562
8.685000	1.240234	1.293945
8.690000	0.371094	0.737305
8.695000	-0.126953	0.107422
8.700000	-0.190430	-0.649414
8.705000	0.229492	-0.986328
8.710000	0.874023	-0.751953
8.715000	1.357422	-0.170898
8.720000	1.469727	0.454102
8.725000	1.171875	0.888672
8.730000	0.581055	1.020508
8.735000	-0.102539	0.810547
8.740000	-0.620117	-0.366211
8.745000	-0.356445	-2.119141
8.750000	1.030273	-2.724609
8.755000	2.812500	-2.055664
8.760000	4.165039	-0.693359
8.765000	4.624023	0.708008
8.770000	4.155273	1.625977
8.775000	3.085938	1.850586
8.780000	1.860352	1.479492
8.785000	0.878906	0.805664
8.790000	0.332031	0.146484
8.795000	0.224609	-0.258789
8.800000	0.385742	-0.336914
8.805000	0.610352	-0.136719
8.810000	0.688477	0.190430
8.815000	0.561523	0.502930
8.820000	0.219727	0.683594
8.825000	-0.229492	0.522461
8.830000	-0.556641	-0.561523
8.835000	-0.175781	-1.899414
8.840000	1.069336	-2.172852
8.845000	2.490234	-1.455078
8.850000	3.452148	-0.268555
8.855000	3.627930	0.849609
8.860000	3.071289	1.499023
8.865000	2.080078	1.572266
8.870000	1.040039	1.196289
8.875000	0.239258	0.615234
8.880000	-0.175781	-0.043945
8.885000	-0.141602	-0.771484
8.890000	0.351562	-0.986328
8.895000	0.996094	-0.649414
8.900000	1.416016	-0.034180
8.905000	1.435547	0.566406
8.910000	1.064453	0.942383
8.915000	0.439453	1.010742
8.920000	-0.234375	0.668945
8.925000	-0.649414	-0.732422
8.930000	-0.151367	-2.368164
8.935000	1.386719	-2.680664
8.940000	3.144531	-1.806641
8.945000	4.340820	-0.385742
8.950000	4.594727	0.952148
8.955000	3.969727	1.728516
8.960000	2.827148	1.811523
8.965000	1.625977	1.352539
8.970000	0.727539	0.659180
8.975000	0.283203	0.039062
8.980000	0.244141	-0.302734
8.985000	0.434570	-0.312500
8.990000	0.634766	-0.073242
8.995000	0.678711	0.263672
9.000000	0.502930	0.551758
9.005000	0.131836	0.693359
9.010000	-0.327148	0.385742
9.015000	-0.556641	-0.874023
9.020000	0.029297	-2.055664
9.025000	1.367188	-2.089844
9.030000	2.739258	-1.235352
9.035000	3.554688	-0.014648
9.040000	3.569336	1.025391
9.045000	2.890625	1.557617
9.050000	1.855469	1.528320
9.055000	0.849609	1.083984
9.060000	0.117188	0.493164
9.065000	-0.205078	-0.205078
9.070000	-0.078125	-0.874023
9.075000	0.488281	-0.947266
9.080000	1.113281	-0.537109
9.085000	1.455078	0.097656
9.090000	1.386719	0.664062
9.095000	0.947266	0.981445
9.100000	0.292969	0.991211
9.105000	-0.361328	0.473633
9.110000	-0.639648	-1.127930
9.115000	0.102539	-2.548828
9.120000	1.767578	-2.578125
9.125000	3.461914	-1.538086
9.130000	4.472656	-0.078125
9.135000	4.526367	1.166992
9.140000	3.754883	1.801758
9.145000	2.568359	1.752930
9.150000	1.411133	1.220703
9.155000	0.600586	0.517578
9.160000	0.239258	-0.058594
9.165000	0.268555	-0.327148
9.170000	0.483398	-0.283203
9.175000	0.659180	-0.009766
9.180000	0.664062	0.327148
9.185000	0.444336	0.595703
9.190000	0.043945	0.693359
9.195000	-0.410156	0.195312
9.200000	-0.517578	-1.191406
9.205000	0.258789	-2.158203
9.210000	1.674805	-1.967773
9.215000	2.968750	-0.996094
9.220000	3.623047	0.229492
9.225000	3.471680	1.186523
9.230000	2.690430	1.596680
9.235000	1.630859	1.459961
9.240000	0.668945	0.966797
9.245000	0.019531	0.366211
9.250000	-0.224609	-0.371094
9.255000	0.014648	-0.937500
9.260000	0.620117	-0.903320
9.265000	1.210938	-0.415039
9.270000	1.474609	0.229492
9.275000	1.318359	0.756836
9.280000	0.825195	1.005859
9.285000	0.151367	0.957031
9.290000	-0.473633	0.229492
9.295000	-0.595703	-1.508789
9.300000	0.400391	-2.666016
9.305000	2.148438	-2.431641
9.310000	3.740234	-1.245117
9.315000	4.565430	0.214844
9.320000	4.423828	1.352539
9.325000	3.535156	1.845703
9.330000	2.319336	1.674805
9.335000	1.210938	1.079102
9.340000	0.488281	0.375977
9.345000	0.224609	-0.146484
9.350000	0.307617	-0.346680
9.355000	0.532227	-0.239258
9.360000	0.678711	0.058594
9.365000	0.634766	0.395508
9.370000	0.371094	0.629883
9.375000	-0.048828	0.668945
9.380000	-0.483398	-0.034180
9.385000	-0.434570	-1.479492
9.390000	0.527344	-2.207031
9.395000	1.977539	-1.816406
9.400000	3.168945	-0.737305
9.405000	3.657227	0.458984
9.410000	3.354492	1.318359
9.415000	2.485352	1.606445
9.420000	1.416016	1.381836
9.425000	0.502930	0.844727
9.430000	-0.063477	0.229492
9.435000	-0.214844	-0.527344
9.440000	0.126953	-0.981445
9.445000	0.761719	-0.830078
9.450000	1.293945	-0.283203
9.455000	1.479492	0.351562
9.460000	1.245117	0.834961
9.465000	0.693359	1.020508
9.470000	0.014648	0.893555
9.475000	-0.561523	-0.068359
9.480000	-0.488281	-1.860352
9.485000	0.727539	-2.724609
9.490000	2.509766	-2.246094
9.495000	3.984375	-0.952148
9.500000	4.614258	0.493164
9.505000	4.291992	1.513672
9.510000	3.300781	1.865234
9.515000	2.070312	1.572266
9.520000	1.025391	0.932617
9.525000	0.395508	0.249023
9.530000	0.224609	-0.209961
9.535000	0.346680	-0.341797
9.540000	0.576172	-0.185547
9.545000	0.688477	0.131836
9.550000	0.600586	0.454102
9.555000	0.292969	0.659180
9.560000	-0.146484	0.610352
9.565000	-0.537109	-0.307617
9.570000	-0.312500	-1.733398
9.575000	0.815430	-2.207031
9.580000	2.260742	-1.630859
9.585000	3.334961	-0.488281
9.590000	3.652344	0.678711
9.595000	3.208008	1.425781
9.600000	2.265625	1.596680
9.605000	1.215820	1.284180
9.610000	0.356445	0.722656
9.615000	-0.131836	0.087891
9.620000	-0.185547	-0.668945
9.625000	0.244141	-0.986328
9.630000	0.888672	-0.737305
9.635000	1.367188	-0.146484
9.640000	1.464844	0.473633
9.645000	1.152344	0.898438
9.650000	0.556641	1.020508
9.655000	-0.122070	0.791016
9.660000	-0.625000	-0.415039
9.665000	-0.327148	-2.163086
9.670000	1.088867	-2.719727
9.675000	2.866211	-2.021484
9.680000	4.194336	-0.644531
9.685000	4.619141	0.747070
9.690000	4.125977	1.640625
9.695000	3.041992	1.840820
9.700000	1.826172	1.459961
9.705000	0.859375	0.781250
9.710000	0.327148	0.131836
9.715000	0.229492	-0.268555
9.720000	0.395508	-0.327148
9.725000	0.615234	-0.131836
9.730000	0.688477	0.200195
9.735000	0.551758	0.512695
9.740000	0.209961	0.683594
9.745000	-0.249023	0.502930
9.750000	-0.556641	-0.605469
9.755000	-0.146484	-1.928711
9.760000	1.118164	-2.163086
9.765000	2.529297	-1.420898
9.770000	3.471680	-0.229492
9.775000	3.618164	0.878906
9.780000	3.046875	1.508789
9.785000	2.045898	1.567383
9.790000	1.010742	1.181641
9.795000	0.224609	0.600586
9.800000	-0.185547	-0.068359
9.805000	-0.131836	-0.791016
9.810000	0.371094	-0.981445
9.815000	1.010742	-0.629883
9.820000	1.420898	-0.014648
9.825000	1.425781	0.581055
9.830000	1.049805	0.947266
9.835000	0.419922	1.005859
9.840000	-0.253906	0.639648
9.845000	-0.649414	-0.795898
9.850000	-0.117188	-2.402344
9.855000	1.445312	-2.666016
9.860000	3.198242	-1.767578
9.865000	4.360352	-0.332031
9.870000	4.589844	0.986328
9.875000	3.935547	1.743164
9.880000	2.788086	1.806641
9.885000	1.596680	1.328125
9.890000	0.708008	0.639648
9.895000	0.273438	0.024414
9.900000	0.244141	-0.312500
9.905000	0.444336	-0.307617
9.910000	0.644531	-0.063477
9.915000	0.678711	0.273438
9.920000	0.498047	0.561523
9.925000	0.117188	0.698242
9.930000	-0.336914	0.356445
9.935000	-0.551758	-0.927734
9.940000	0.058594	-2.075195
9.945000	1.416016	-2.075195
9.950000	2.778320	-1.196289
9.955000	3.569336	0.024414
9.960000	3.554688	1.054688
9.965000	2.856445	1.567383
9.970000	1.826172	1.513672
9.975000	0.820312	1.069336
9.980000	0.107422	0.478516
9.985000	-0.214844	-0.234375
9.990000	-0.058594	-0.883789
9.995000	0.512695	-0.947266
10.000000	1.127930	-0.522461
