# Time_s	x	xdot
0.000000	0.390625	0.727539
0.005000	-0.097656	0.073242
0.010000	-0.151367	-0.620117
0.015000	0.249023	-0.883789
0.020000	0.825195	-0.629883
0.025000	1.240234	-0.073242
0.030000	1.274414	0.498047
0.035000	0.942383	0.883789
0.040000	0.356445	0.986328
0.045000	-0.297852	0.610352
0.050000	-0.668945	-0.903320
0.055000	-0.063477	-2.509766
0.060000	1.572266	-2.739258
0.065000	3.374023	-1.777344
0.070000	4.545898	-0.288086
0.075000	4.741211	1.074219
0.080000	4.028320	1.835938
0.085000	2.822266	1.875000
0.090000	1.582031	1.357422
0.095000	0.678711	0.610352
0.100000	0.263672	-0.034180
0.105000	0.278320	-0.371094
0.110000	0.517578	-0.361328
0.115000	0.742188	-0.083008
0.120000	0.791016	0.288086
0.125000	0.600586	0.595703
0.130000	0.200195	0.742188
0.135000	-0.292969	0.468750
0.140000	-0.576172	-0.776367
0.145000	-0.053711	-2.094727
0.150000	1.313477	-2.246094
0.155000	2.788086	-1.411133
0.160000	3.725586	-0.136719
0.165000	3.803711	1.000977
0.170000	3.154297	1.621094
0.175000	2.084961	1.635742
0.180000	1.005859	1.186523
0.185000	0.214844	0.551758
0.190000	-0.166016	-0.122070
0.195000	-0.078125	-0.751953
0.200000	0.405273	-0.859375
0.205000	0.961914	-0.493164
0.210000	1.274414	0.092773
0.215000	1.220703	0.634766
0.220000	0.795898	0.937500
0.225000	0.170898	0.957031
0.230000	-0.458984	0.307617
0.235000	-0.625000	-1.430664
0.240000	0.317383	-2.719727
0.245000	2.099609	-2.568359
0.250000	3.774414	-1.391602
0.255000	4.697266	0.126953
0.260000	4.619141	1.352539
0.265000	3.730469	1.914062
0.270000	2.465820	1.777344
0.275000	1.289062	1.162109
0.280000	0.517578	0.410156
0.285000	0.234375	-0.161133
0.290000	0.332031	-0.405273
0.295000	0.585938	-0.297852
0.300000	0.781250	0.014648
0.305000	0.761719	0.380859
0.310000	0.507812	0.649414
0.315000	0.068359	0.742188
0.320000	-0.410156	0.224609
0.325000	-0.537109	-1.220703
0.330000	0.268555	-2.260742
0.335000	1.743164	-2.094727
0.340000	3.120117	-1.079102
0.345000	3.828125	0.209961
0.350000	3.696289	1.235352
0.355000	2.880859	1.684570
0.360000	1.772461	1.547852
0.365000	0.747070	1.015625
0.370000	0.068359	0.375977
0.375000	-0.185547	-0.327148
0.380000	0.024414	-0.839844
0.385000	0.571289	-0.791016
0.390000	1.088867	-0.336914
0.395000	1.303711	0.258789
0.400000	1.137695	0.747070
0.405000	0.639648	0.971680
0.410000	-0.009766	0.888672
0.415000	-0.585938	-0.087891
0.420000	-0.498047	-1.928711
0.425000	0.761719	-2.817383
0.430000	2.602539	-2.319336
0.435000	4.125977	-0.981445
0.440000	4.780273	0.512695
0.445000	4.438477	1.582031
0.450000	3.398438	1.938477
0.455000	2.114258	1.635742
0.460000	1.030273	0.952148
0.465000	0.390625	0.224609
0.470000	0.224609	-0.268555
0.475000	0.395508	-0.405273
0.480000	0.654297	-0.229492
0.485000	0.800781	0.117188
0.490000	0.712891	0.473633
0.495000	0.400391	0.698242
0.500000	-0.068359	0.693359
0.505000	-0.517578	-0.107422
0.510000	-0.419922	-1.625977
0.515000	0.639648	-2.329102
0.520000	2.167969	-1.875000
0.525000	3.398438	-0.727539
0.530000	3.872070	0.537109
0.535000	3.530273	1.416016
0.540000	2.583008	1.699219
0.545000	1.464844	1.425781
0.550000	0.517578	0.839844
0.555000	-0.048828	0.195312
0.560000	-0.175781	-0.517578
0.565000	0.151367	-0.878906
0.570000	0.732422	-0.703125
0.575000	1.186523	-0.175781
0.580000	1.293945	0.410156
0.585000	1.025391	0.839844
0.590000	0.468750	0.986328
0.595000	-0.190430	0.747070
0.600000	-0.654297	-0.576172
0.605000	-0.258789	-2.324219
0.610000	1.254883	-2.802734
0.615000	3.095703	-2.001953
0.620000	4.409180	-0.551758
0.625000	4.780273	0.874023
0.630000	4.199219	1.752930
0.635000	3.046875	1.909180
0.640000	1.782227	1.474609
0.645000	0.800781	0.737305
0.650000	0.302734	0.058594
0.655000	0.253906	-0.336914
0.660000	0.463867	-0.380859
0.665000	0.708008	-0.141602
0.670000	0.800781	0.224609
0.675000	0.649414	0.551758
0.680000	0.278320	0.732422
0.685000	-0.205078	0.585938
0.690000	-0.571289	-0.507812
0.695000	-0.219727	-1.948242
0.700000	1.054688	-2.304688
0.705000	2.558594	-1.596680
0.710000	3.618164	-0.361328
0.715000	3.852539	0.830078
0.720000	3.310547	1.557617
0.725000	2.280273	1.669922
0.730000	1.176758	1.279297
0.735000	0.312500	0.659180
0.740000	-0.126953	0.000000
0.745000	-0.131836	-0.673828
0.750000	0.307617	-0.878906
0.755000	0.883789	-0.576172
0.760000	1.250000	-0.009766
0.765000	1.254883	0.556641
0.770000	0.893555	0.913086
0.775000	0.288086	0.981445
0.780000	-0.361328	0.507812
0.785000	-0.664062	-1.108398
0.790000	0.068359	-2.602539
0.795000	1.772461	-2.685547
0.800000	3.535156	-1.635742
0.805000	4.614258	-0.126953
0.810000	4.702148	1.186523
0.815000	3.920898	1.870117
0.820000	2.690430	1.845703
0.825000	1.469727	1.279297
0.830000	0.615234	0.532227
0.835000	0.253906	-0.083008
0.840000	0.297852	-0.385742
0.845000	0.541992	-0.336914
0.850000	0.761719	-0.043945
0.855000	0.786133	0.322266
0.860000	0.566406	0.615234
0.865000	0.151367	0.747070
0.870000	-0.336914	0.390625
0.875000	-0.576172	-0.947266
0.880000	0.058594	-2.172852
0.885000	1.474609	-2.197266
0.890000	2.919922	-1.284180
0.895000	3.764648	-0.009766
0.900000	3.769531	1.093750
0.905000	3.056641	1.650391
0.910000	1.967773	1.606445
0.915000	0.908203	1.123047
0.920000	0.151367	0.488281
0.925000	-0.175781	-0.195312
0.930000	-0.043945	-0.791016
0.935000	0.463867	-0.834961
0.940000	1.015625	-0.439453
0.945000	1.293945	0.156250
0.950000	1.191406	0.673828
0.955000	0.742188	0.957031
0.960000	0.107422	0.942383
0.965000	-0.512695	0.170898
0.970000	-0.595703	-1.621094
0.975000	0.478516	-2.763672
0.980000	2.290039	-2.490234
0.985000	3.916016	-1.240234
0.990000	4.741211	0.273438
0.995000	4.560547	1.440430
1.000000	3.613281	1.933594
1.005000	2.338867	1.728516
1.010000	1.191406	1.083984
1.015000	0.468750	0.341797
1.020000	0.224609	-0.205078
1.025000	0.356445	-0.405273
1.030000	0.615234	-0.273438
1.035000	0.791016	0.053711
1.040000	0.747070	0.415039
1.045000	0.463867	0.673828
1.050000	0.019531	0.727539
1.055000	-0.454102	0.112305
1.060000	-0.502930	-1.372070
1.065000	0.400391	-2.294922
1.070000	1.899414	-2.016602
1.075000	3.227539	-0.952148
1.080000	3.852539	0.332031
1.085000	3.642578	1.303711
1.090000	2.773438	1.694336
1.095000	1.655273	1.503906
1.100000	0.659180	0.952148
1.105000	0.019531	0.312500
1.110000	-0.185547	-0.400391
1.115000	0.068359	-0.859375
1.120000	0.629883	-0.761719
1.125000	1.127930	-0.278320
1.130000	1.303711	0.312500
1.135000	1.093750	0.781250
1.140000	0.576172	0.981445
1.145000	-0.078125	0.844727
1.150000	-0.620117	-0.263672
1.155000	-0.419922	-2.089844
1.160000	0.947266	-2.817383
1.165000	2.788086	-2.207031
1.170000	4.243164	-0.820312
1.175000	4.785156	0.654297
1.180000	4.355469	1.655273
1.185000	3.271484	1.933594
1.190000	1.992188	1.577148
1.195000	0.942383	0.874023
1.200000	0.356445	0.161133
1.205000	0.234375	-0.292969
1.210000	0.419922	-0.400391
1.215000	0.678711	-0.195312
1.220000	0.805664	0.156250
1.225000	0.693359	0.502930
1.230000	0.356445	0.708008
1.235000	-0.122070	0.664062
1.240000	-0.541992	-0.249023
1.245000	-0.356445	-1.757812
1.250000	0.791016	-2.329102
1.255000	2.319336	-1.782227
1.260000	3.486328	-0.590820
1.265000	3.872070	0.649414
1.270000	3.452148	1.474609
1.275000	2.475586	1.694336
1.280000	1.352539	1.376953
1.285000	0.444336	0.771484
1.290000	-0.083008	0.122070
1.295000	-0.166016	-0.585938
1.300000	0.205078	-0.888672
1.305000	0.786133	-0.659180
1.310000	1.220703	-0.112305
1.315000	1.284180	0.468750
1.320000	0.976562	0.869141
1.325000	0.400391	0.986328
1.330000	-0.258789	0.668945
1.335000	-0.668945	-0.766602
1.340000	-0.146484	-2.441406
1.345000	1.440430	-2.768555
1.350000	3.256836	-1.870117
1.355000	4.492188	-0.395508
1.360000	4.760742	0.991211
1.365000	4.101562	1.806641
1.370000	2.915039	1.889648
1.375000	1.660156	1.406250
1.380000	0.727539	0.664062
1.385000	0.283203	0.000000
1.390000	0.263672	-0.361328
1.395000	0.493164	-0.371094
1.400000	0.732422	-0.107422
1.405000	0.800781	0.258789
1.410000	0.620117	0.576172
1.415000	0.229492	0.732422
1.420000	-0.253906	0.522461
1.425000	-0.576172	-0.664062
1.430000	-0.122070	-2.041016
1.435000	1.215820	-2.270508
1.440000	2.695312	-1.489258
1.445000	3.681641	-0.229492
1.450000	3.828125	0.932617
1.455000	3.222656	1.596680
1.460000	2.163086	1.650391
1.465000	1.074219	1.230469
1.470000	0.253906	0.600586
1.475000	-0.151367	-0.073242
1.480000	-0.102539	-0.727539
1.485000	0.366211	-0.869141
1.490000	0.932617	-0.527344
1.495000	1.269531	0.053711
1.500000	1.240234	0.605469
1.505000	0.839844	0.927734
1.510000	0.219727	0.966797
1.515000	-0.419922	0.395508
1.520000	-0.644531	-1.298828
1.525000	0.209961	-2.675781
1.530000	1.958008	-2.622070
1.535000	3.686523	-1.494141
1.540000	4.672852	0.019531
1.545000	4.658203	1.284180
1.550000	3.808594	1.899414
1.555000	2.558594	1.801758
1.560000	1.362305	1.215820
1.565000	0.556641	0.463867
1.570000	0.239258	-0.131836
1.575000	0.317383	-0.400391
1.580000	0.571289	-0.317383
1.585000	0.771484	-0.009766
1.590000	0.771484	0.361328
1.595000	0.532227	0.639648
1.600000	0.102539	0.742188
1.605000	-0.380859	0.292969
1.610000	-0.556641	-1.113281
1.615000	0.180664	-2.226562
1.620000	1.630859	-2.143555
1.625000	3.041992	-1.171875
1.630000	3.808594	0.122070
1.635000	3.730469	1.176758
1.640000	2.958984	1.669922
1.645000	1.850586	1.572266
1.650000	0.810547	1.064453
1.655000	0.097656	0.419922
1.660000	-0.185547	-0.278320
1.665000	-0.004883	-0.825195
1.670000	0.527344	-0.815430
1.675000	1.059570	-0.375977
1.680000	1.298828	0.214844
1.685000	1.162109	0.717773
1.690000	0.678711	0.966797
1.695000	0.034180	0.917969
1.700000	-0.556641	0.019531
1.705000	-0.541992	-1.811523
1.710000	0.649414	-2.802734
1.715000	2.475586	-2.392578
1.720000	4.047852	-1.088867
1.725000	4.765625	0.419922
1.730000	4.492188	1.533203
1.735000	3.486328	1.943359
1.740000	2.207031	1.674805
1.745000	1.098633	1.005859
1.750000	0.419922	0.268555
1.755000	0.224609	-0.244141
1.760000	0.380859	-0.400391
1.765000	0.639648	-0.249023
1.770000	0.800781	0.092773
1.775000	0.727539	0.454102
1.780000	0.429688	0.688477
1.785000	-0.029297	0.712891
1.790000	-0.493164	-0.014648
1.795000	-0.458984	-1.533203
1.800000	0.541992	-2.319336
1.805000	2.060547	-1.938477
1.810000	3.334961	-0.815430
1.815000	3.867188	0.458984
1.820000	3.574219	1.372070
1.825000	2.661133	1.699219
1.830000	1.542969	1.459961
1.835000	0.576172	0.883789
1.840000	-0.019531	0.244141
1.845000	-0.180664	-0.468750
1.850000	0.122070	-0.878906
1.855000	0.688477	-0.727539
1.860000	1.166992	-0.219727
1.865000	1.298828	0.371094
1.870000	1.049805	0.815430
1.875000	0.512695	0.986328
1.880000	-0.146484	0.791016
1.885000	-0.639648	-0.449219
1.890000	-0.327148	-2.236328
1.895000	1.127930	-2.817383
1.900000	2.973633	-2.089844
1.905000	4.345703	-0.664062
1.910000	4.785156	0.786133
1.915000	4.267578	1.718750
1.920000	3.134766	1.923828
1.925000	1.865234	1.518555
1.930000	0.859375	0.795898
1.935000	0.322266	0.097656
1.940000	0.244141	-0.322266
1.945000	0.449219	-0.395508
1.950000	0.698242	-0.166016
1.955000	0.800781	0.200195
1.960000	0.664062	0.532227
1.965000	0.307617	0.722656
1.970000	-0.170898	0.615234
1.975000	-0.561523	-0.400391
1.980000	-0.278320	-1.875000
1.985000	0.947266	-2.319336
1.990000	2.465820	-1.674805
1.995000	3.569336	-0.454102
2.000000	3.867188	0.761719
2.005000	3.369141	1.528320
2.010000	2.363281	1.684570
2.015000	1.245117	1.318359
2.020000	0.366211	0.708008
2.025000	-0.112305	0.048828
2.030000	-0.141602	-0.639648
2.035000	0.268555	-0.883789
2.040000	0.844727	-0.615234
2.045000	1.240234	-0.053711
2.050000	1.269531	0.517578
2.055000	0.927734	0.893555
2.060000	0.332031	0.981445
2.065000	-0.322266	0.576172
2.070000	-0.668945	-0.971680
2.075000	-0.024414	-2.548828
2.080000	1.640625	-2.724609
2.085000	3.427734	-1.738281
2.090000	4.570312	-0.234375
2.095000	4.726562	1.108398
2.100000	3.999023	1.850586
2.105000	2.778320	1.865234
2.110000	1.547852	1.333008
2.115000	0.659180	0.585938
2.120000	0.263672	-0.053711
2.125000	0.283203	-0.375977
2.130000	0.522461	-0.351562
2.135000	0.747070	-0.068359
2.140000	0.791016	0.302734
2.145000	0.590820	0.605469
2.150000	0.185547	0.742188
2.155000	-0.307617	0.449219
2.160000	-0.581055	-0.834961
2.165000	-0.014648	-2.124023
2.170000	1.367188	-2.231445
2.175000	2.832031	-1.367188
2.180000	3.735352	-0.092773
2.185000	3.798828	1.030273
2.190000	3.120117	1.630859
2.195000	2.045898	1.625977
2.200000	0.971680	1.166992
2.205000	0.190430	0.532227
2.210000	-0.166016	-0.146484
2.215000	-0.068359	-0.766602
2.220000	0.424805	-0.854492
2.225000	0.981445	-0.473633
2.230000	1.279297	0.117188
2.235000	1.215820	0.644531
2.240000	0.776367	0.942383
2.245000	0.151367	0.952148
2.250000	-0.473633	0.263672
2.255000	-0.620117	-1.494141
2.260000	0.371094	-2.739258
2.265000	2.158203	-2.543945
2.270000	3.828125	-1.337891
2.275000	4.716797	0.175781
2.280000	4.604492	1.381836
2.285000	3.696289	1.923828
2.290000	2.421875	1.762695
2.295000	1.254883	1.137695
2.300000	0.502930	0.385742
2.305000	0.229492	-0.175781
2.310000	0.336914	-0.400391
2.315000	0.595703	-0.292969
2.320000	0.781250	0.029297
2.325000	0.756836	0.390625
2.330000	0.493164	0.654297
2.335000	0.053711	0.737305
2.340000	-0.429688	0.190430
2.345000	-0.527344	-1.269531
2.350000	0.312500	-2.280273
2.355000	1.796875	-2.070312
2.360000	3.159180	-1.035156
2.365000	3.837891	0.249023
2.370000	3.681641	1.254883
2.375000	2.841797	1.689453
2.380000	1.733398	1.533203
2.385000	0.717773	0.996094
2.390000	0.048828	0.356445
2.395000	-0.190430	-0.351562
2.400000	0.039062	-0.849609
2.405000	0.590820	-0.786133
2.410000	1.098633	-0.317383
2.415000	1.303711	0.278320
2.420000	1.123047	0.761719
2.425000	0.620117	0.976562
2.430000	-0.034180	0.874023
2.435000	-0.600586	-0.146484
2.440000	-0.473633	-1.987305
2.445000	0.825195	-2.817383
2.450000	2.666016	-2.285156
2.455000	4.169922	-0.927734
2.460000	4.780273	0.561523
2.465000	4.414062	1.606445
2.470000	3.359375	1.943359
2.475000	2.075195	1.621094
2.480000	1.000977	0.922852
2.485000	0.375977	0.205078
2.490000	0.234375	-0.278320
2.495000	0.405273	-0.400391
2.500000	0.664062	-0.219727
2.505000	0.800781	0.131836
2.510000	0.708008	0.483398
2.515000	0.385742	0.698242
2.520000	-0.083008	0.688477
2.525000	-0.522461	-0.151367
2.530000	-0.395508	-1.669922
2.535000	0.693359	-2.329102
2.540000	2.216797	-1.840820
2.545000	3.432617	-0.678711
2.550000	3.876953	0.571289
2.555000	3.500977	1.440430
2.560000	2.543945	1.699219
2.565000	1.425781	1.406250
2.570000	0.488281	0.815430
2.575000	-0.058594	0.170898
2.580000	-0.170898	-0.541992
2.585000	0.170898	-0.888672
2.590000	0.751953	-0.683594
2.595000	1.196289	-0.156250
2.600000	1.293945	0.429688
2.605000	1.005859	0.849609
2.610000	0.444336	0.986328
2.615000	-0.214844	0.722656
2.620000	-0.659180	-0.639648
2.625000	-0.224609	-2.363281
2.630000	1.313477	-2.788086
2.635000	3.149414	-1.958008
2.640000	4.438477	-0.502930
2.645000	4.775391	0.913086
2.650000	4.169922	1.772461
2.655000	3.002930	1.909180
2.660000	1.743164	1.450195
2.665000	0.776367	0.717773
2.670000	0.297852	0.039062
2.675000	0.258789	-0.351562
2.680000	0.478516	-0.375977
2.685000	0.717773	-0.131836
2.690000	0.800781	0.239258
2.695000	0.639648	0.561523
2.700000	0.263672	0.732422
2.705000	-0.219727	0.561523
2.710000	-0.576172	-0.561523
2.715000	-0.185547	-1.977539
2.720000	1.108398	-2.294922
2.725000	2.607422	-1.562500
2.730000	3.642578	-0.317383
2.735000	3.842773	0.869141
2.740000	3.281250	1.572266
2.745000	2.246094	1.665039
2.750000	1.142578	1.259766
2.755000	0.297852	0.639648
2.760000	-0.136719	-0.024414
2.765000	-0.117188	-0.693359
2.770000	0.327148	-0.878906
2.775000	0.898438	-0.561523
2.780000	1.259766	0.009766
2.785000	1.245117	0.571289
2.790000	0.874023	0.917969
2.795000	0.263672	0.976562
2.800000	-0.380859	0.473633
2.805000	-0.659180	-1.171875
2.810000	0.117188	-2.626953
2.815000	1.835938	-2.666016
2.820000	3.588867	-1.586914
2.825000	4.633789	-0.078125
2.830000	4.687500	1.220703
2.835000	3.881836	1.879883
2.840000	2.641602	1.831055
2.845000	1.430664	1.259766
2.850000	0.595703	0.512695
2.855000	0.249023	-0.102539
2.860000	0.302734	-0.390625
2.865000	0.551758	-0.327148
2.870000	0.761719	-0.029297
2.875000	0.781250	0.336914
2.880000	0.551758	0.620117
2.885000	0.136719	0.747070
2.890000	-0.356445	0.356445
2.895000	-0.566406	-1.000977
2.900000	0.097656	-2.192383
2.905000	1.533203	-2.182617
2.910000	2.963867	-1.245117
2.915000	3.779297	0.034180
2.920000	3.754883	1.123047
2.925000	3.017578	1.655273
2.930000	1.928711	1.591797
2.935000	0.874023	1.103516
2.940000	0.136719	0.463867
2.945000	-0.180664	-0.229492
2.950000	-0.029297	-0.800781
2.955000	0.488281	-0.830078
2.960000	1.030273	-0.415039
2.965000	1.293945	0.175781
2.970000	1.181641	0.693359
2.975000	0.722656	0.961914
2.980000	0.078125	0.932617
2.985000	-0.527344	0.117188
2.990000	-0.576172	-1.694336
2.995000	0.537109	-2.783203
3.000000	2.358398	-2.451172
3.005000	3.964844	-1.191406
3.010000	4.750977	0.327148
3.015000	4.536133	1.474609
3.020000	3.569336	1.938477
3.025000	2.290039	1.708984
3.030000	1.157227	1.054688
3.035000	0.449219	0.312500
3.040000	0.224609	-0.219727
3.045000	0.361328	-0.405273
3.050000	0.620117	-0.263672
3.055000	0.791016	0.068359
3.060000	0.742188	0.429688
3.065000	0.454102	0.678711
3.070000	0.000000	0.727539
3.075000	-0.468750	0.068359
3.080000	-0.488281	-1.430664
3.085000	0.449219	-2.309570
3.090000	1.958008	-1.992188
3.095000	3.271484	-0.903320
3.100000	3.862305	0.375977
3.105000	3.618164	1.328125
3.110000	2.734375	1.699219
3.115000	1.616211	1.489258
3.120000	0.629883	0.927734
3.125000	0.000000	0.288086
3.130000	-0.185547	-0.429688
3.135000	0.087891	-0.864258
3.140000	0.649414	-0.751953
3.145000	1.142578	-0.258789
3.150000	1.298828	0.336914
3.155000	1.083984	0.795898
3.160000	0.551758	0.981445
3.165000	-0.102539	0.830078
3.170000	-0.625000	-0.322266
3.175000	-0.390625	-2.143555
3.180000	1.005859	-2.817383
3.185000	2.851562	-2.167969
3.190000	4.282227	-0.766602
3.195000	4.790039	0.703125
3.200000	4.331055	1.674805
3.205000	3.222656	1.933594
3.210000	1.943359	1.557617
3.215000	0.913086	0.844727
3.220000	0.341797	0.141602
3.225000	0.239258	-0.307617
3.230000	0.429688	-0.400391
3.235000	0.683594	-0.185547
3.240000	0.800781	0.175781
3.245000	0.688477	0.512695
3.250000	0.341797	0.712891
3.255000	-0.136719	0.644531
3.260000	-0.551758	-0.297852
3.265000	-0.327148	-1.801758
3.270000	0.844727	-2.324219
3.275000	2.373047	-1.738281
3.280000	3.515625	-0.546875
3.285000	3.872070	0.688477
3.290000	3.422852	1.494141
3.295000	2.441406	1.689453
3.300000	1.313477	1.357422
3.305000	0.415039	0.751953
3.310000	-0.092773	0.097656
3.315000	-0.161133	-0.605469
3.320000	0.229492	-0.883789
3.325000	0.805664	-0.639648
3.330000	1.230469	-0.092773
3.335000	1.274414	0.483398
3.340000	0.961914	0.874023
3.345000	0.375977	0.986328
3.350000	-0.283203	0.639648
3.355000	-0.668945	-0.839844
3.360000	-0.102539	-2.480469
3.365000	1.513672	-2.753906
3.370000	3.320312	-1.826172
3.375000	4.521484	-0.341797
3.380000	4.750977	1.035156
3.385000	4.067383	1.821289
3.390000	2.871094	1.879883
3.395000	1.621094	1.381836
3.400000	0.703125	0.634766
3.405000	0.268555	-0.019531
3.410000	0.273438	-0.366211
3.415000	0.507812	-0.361328
3.420000	0.732422	-0.092773
3.425000	0.795898	0.278320
3.430000	0.610352	0.585938
3.435000	0.219727	0.737305
3.440000	-0.273438	0.498047
3.445000	-0.576172	-0.722656
3.450000	-0.087891	-2.070312
3.455000	1.264648	-2.265625
3.460000	2.744141	-1.445312
3.465000	3.706055	-0.180664
3.470000	3.818359	0.966797
3.475000	3.183594	1.611328
3.480000	2.124023	1.640625
3.485000	1.040039	1.206055
3.490000	0.229492	0.576172
3.495000	-0.161133	-0.097656
3.500000	-0.092773	-0.742188
3.505000	0.385742	-0.869141
3.510000	0.947266	-0.512695
3.515000	1.274414	0.068359
3.520000	1.235352	0.615234
3.525000	0.815430	0.932617
3.530000	0.195312	0.966797
3.535000	-0.444336	0.351562
3.540000	-0.634766	-1.367188
3.545000	0.263672	-2.700195
3.550000	2.031250	-2.592773
3.555000	3.735352	-1.440430
3.560000	4.687500	0.078125
3.565000	4.638672	1.318359
3.570000	3.764648	1.909180
3.575000	2.509766	1.787109
3.580000	1.318359	1.181641
3.585000	0.537109	0.434570
3.590000	0.234375	-0.151367
3.595000	0.322266	-0.400391
3.600000	0.581055	-0.307617
3.605000	0.771484	0.004883
3.610000	0.766602	0.371094
3.615000	0.517578	0.644531
3.620000	0.087891	0.742188
3.625000	-0.400391	0.258789
3.630000	-0.551758	-1.176758
3.635000	0.224609	-2.250977
3.640000	1.694336	-2.119141
3.645000	3.085938	-1.123047
3.650000	3.818359	0.166016
3.655000	3.715820	1.206055
3.660000	2.919922	1.679688
3.665000	1.811523	1.557617
3.670000	0.776367	1.035156
3.675000	0.078125	0.395508
3.680000	-0.190430	-0.307617
3.685000	0.009766	-0.830078
3.690000	0.546875	-0.800781
3.695000	1.074219	-0.361328
3.700000	1.298828	0.234375
3.705000	1.147461	0.732422
3.710000	0.654297	0.966797
3.715000	0.009766	0.898438
3.720000	-0.571289	-0.039062
3.725000	-0.517578	-1.875000
3.730000	0.708008	-2.812500
3.735000	2.543945	-2.353516
3.740000	4.091797	-1.030273
3.745000	4.775391	0.473633
3.750000	4.462891	1.557617
3.755000	3.437500	1.943359
3.760000	2.153320	1.655273
3.765000	1.064453	0.976562
3.770000	0.405273	0.249023
3.775000	0.224609	-0.253906
3.780000	0.385742	-0.400391
3.785000	0.649414	-0.239258
3.790000	0.800781	0.107422
3.795000	0.722656	0.463867
3.800000	0.415039	0.693359
3.805000	-0.048828	0.703125
3.810000	-0.502930	-0.063477
3.815000	-0.439453	-1.582031
3.820000	0.595703	-2.324219
3.825000	2.119141	-1.904297
3.830000	3.369141	-0.766602
3.835000	3.867188	0.498047
3.840000	3.549805	1.396484
3.845000	2.622070	1.699219
3.850000	1.499023	1.440430
3.855000	0.541992	0.864258
3.860000	-0.034180	0.219727
3.865000	-0.175781	-0.498047
3.870000	0.136719	-0.878906
3.875000	0.712891	-0.708008
3.880000	1.176758	-0.200195
3.885000	1.293945	0.395508
3.890000	1.035156	0.830078
3.895000	0.483398	0.986328
3.900000	-0.170898	0.766602
3.905000	-0.649414	-0.512695
3.910000	-0.292969	-2.285156
3.915000	1.201172	-2.807617
3.920000	3.037109	-2.045898
3.925000	4.379883	-0.605469
3.930000	4.780273	0.830078
3.935000	4.233398	1.738281
3.940000	3.090820	1.918945
3.945000	1.821289	1.489258
3.950000	0.830078	0.766602
3.955000	0.307617	0.078125
3.960000	0.249023	-0.332031
3.965000	0.458984	-0.385742
3.970000	0.703125	-0.151367
3.975000	0.800781	0.214844
3.980000	0.654297	0.541992
3.985000	0.292969	0.722656
3.990000	-0.190430	0.605469
3.995000	-0.566406	-0.454102
4.000000	-0.249023	-1.914062
4.005000	1.000977	-2.314453
4.010000	2.514648	-1.635742
4.015000	3.598633	-0.410156
4.020000	3.862305	0.800781
4.025000	3.339844	1.547852
4.030000	2.319336	1.674805
4.035000	1.210938	1.298828
4.040000	0.341797	0.683594
4.045000	-0.117188	0.024414
4.050000	-0.136719	-0.659180
4.055000	0.288086	-0.883789
4.060000	0.864258	-0.595703
4.065000	1.245117	-0.029297
4.070000	1.259766	0.537109
4.075000	0.908203	0.903320
4.080000	0.307617	0.981445
4.085000	-0.341797	0.541992
4.090000	-0.668945	-1.040039
4.095000	0.024414	-2.573242
4.100000	1.708984	-2.705078
4.105000	3.486328	-1.684570
4.110000	4.594727	-0.175781
4.115000	4.716797	1.152344
4.120000	3.959961	1.860352
4.125000	2.734375	1.855469
4.130000	1.503906	1.308594
4.135000	0.634766	0.561523
4.140000	0.253906	-0.073242
4.145000	0.292969	-0.385742
4.150000	0.537109	-0.341797
4.155000	0.756836	-0.053711
4.160000	0.791016	0.307617
4.165000	0.576172	0.610352
4.170000	0.166016	0.747070
4.175000	-0.322266	0.415039
4.180000	-0.576172	-0.893555
4.185000	0.019531	-2.153320
4.190000	1.425781	-2.211914
4.195000	2.880859	-1.323242
4.200000	3.750000	-0.048828
4.205000	3.784180	1.064453
4.210000	3.090820	1.640625
4.215000	2.006836	1.611328
4.220000	0.932617	1.142578
4.225000	0.170898	0.507812
4.230000	-0.166016	-0.175781
4.235000	-0.053711	-0.781250
4.240000	0.449219	-0.844727
4.245000	1.000977	-0.454102
4.250000	1.289062	0.136719
4.255000	1.201172	0.664062
4.260000	0.761719	0.952148
4.265000	0.126953	0.947266
4.270000	-0.493164	0.214844
4.275000	-0.605469	-1.567383
4.280000	0.429688	-2.753906
4.285000	2.231445	-2.509766
4.290000	3.876953	-1.284180
4.295000	4.726562	0.229492
4.300000	4.580078	1.416016
4.305000	3.652344	1.928711
4.310000	2.377930	1.743164
4.315000	1.220703	1.108398
4.320000	0.483398	0.361328
4.325000	0.224609	-0.190430
4.330000	0.346680	-0.400391
4.335000	0.610352	-0.283203
4.340000	0.781250	0.043945
4.345000	0.751953	0.410156
4.350000	0.478516	0.664062
4.355000	0.034180	0.732422
4.360000	-0.444336	0.146484
4.365000	-0.517578	-1.328125
4.370000	0.361328	-2.285156
4.375000	1.855469	-2.041016
4.380000	3.203125	-0.991211
4.385000	3.842773	0.297852
4.390000	3.657227	1.284180
4.395000	2.807617	1.689453
4.400000	1.689453	1.513672
4.405000	0.683594	0.966797
4.410000	0.034180	0.327148
4.415000	-0.185547	-0.380859
4.420000	0.053711	-0.859375
4.425000	0.610352	-0.776367
4.430000	1.113281	-0.297852
4.435000	1.303711	0.297852
4.440000	1.108398	0.771484
4.445000	0.595703	0.981445
4.450000	-0.058594	0.859375
4.455000	-0.610352	-0.209961
4.460000	-0.444336	-2.045898
4.465000	0.893555	-2.817383
4.470000	2.734375	-2.241211
4.475000	4.208984	-0.869141
4.480000	4.785156	0.610352
4.485000	4.384766	1.630859
4.490000	3.310547	1.943359
4.495000	2.026367	1.596680
4.500000	0.971680	0.898438
4.505000	0.366211	0.180664
4.510000	0.234375	-0.288086
4.515000	0.415039	-0.400391
4.520000	0.673828	-0.209961
4.525000	0.800781	0.151367
4.530000	0.698242	0.493164
4.535000	0.366211	0.703125
4.540000	-0.102539	0.673828
4.545000	-0.537109	-0.205078
4.550000	-0.375977	-1.718750
4.555000	0.747070	-2.329102
4.560000	2.275391	-1.806641
4.565000	3.461914	-0.629883
4.570000	3.876953	0.615234
4.575000	3.476562	1.459961
4.580000	2.504883	1.699219
4.585000	1.381836	1.391602
4.590000	0.468750	0.791016
4.595000	-0.068359	0.146484
4.600000	-0.166016	-0.566406
4.605000	0.190430	-0.883789
4.610000	0.771484	-0.673828
4.615000	1.206055	-0.131836
4.620000	1.284180	0.449219
4.625000	0.991211	0.859375
4.630000	0.424805	0.986328
4.635000	-0.239258	0.693359
4.640000	-0.668945	-0.708008
4.645000	-0.185547	-2.407227
4.650000	1.386719	-2.778320
4.655000	3.212891	-1.914062
4.660000	4.467773	-0.439453
4.665000	4.765625	0.957031
4.670000	4.135742	1.791992
4.675000	2.954102	1.899414
4.680000	1.694336	1.425781
4.685000	0.751953	0.683594
4.690000	0.283203	0.019531
4.695000	0.263672	-0.356445
4.700000	0.488281	-0.371094
4.705000	0.727539	-0.117188
4.710000	0.800781	0.253906
4.715000	0.625000	0.571289
4.720000	0.249023	0.732422
4.725000	-0.239258	0.541992
4.730000	-0.576172	-0.625000
4.735000	-0.151367	-2.021484
4.740000	1.162109	-2.285156
4.745000	2.656250	-1.523438
4.750000	3.666992	-0.273438
4.755000	3.837891	0.903320
4.760000	3.247070	1.586914
4.765000	2.197266	1.655273
4.770000	1.103516	1.245117
4.775000	0.273438	0.615234
4.780000	-0.146484	-0.053711
4.785000	-0.112305	-0.712891
4.790000	0.346680	-0.874023
4.795000	0.917969	-0.546875
4.800000	1.264648	0.029297
4.805000	1.240234	0.585938
4.810000	0.854492	0.927734
4.815000	0.239258	0.971680
4.820000	-0.400391	0.429688
4.825000	-0.654297	-1.245117
4.830000	0.170898	-2.656250
4.835000	1.904297	-2.641602
4.840000	3.647461	-1.533203
4.845000	4.658203	-0.019531
4.850000	4.667969	1.254883
4.855000	3.842773	1.889648
4.860000	2.597656	1.816406
4.865000	1.391602	1.235352
4.870000	0.576172	0.483398
4.875000	0.239258	-0.117188
4.880000	0.307617	-0.395508
4.885000	0.561523	-0.322266
4.890000	0.771484	-0.014648
4.895000	0.776367	0.346680
4.900000	0.541992	0.629883
4.905000	0.117188	0.747070
4.910000	-0.371094	0.322266
4.915000	-0.561523	-1.064453
4.920000	0.146484	-2.211914
4.925000	1.591797	-2.158203
4.930000	3.007812	-1.206055
4.935000	3.798828	0.083008
4.940000	3.740234	1.152344
4.945000	2.988281	1.665039
4.950000	1.879883	1.582031
4.955000	0.834961	1.079102
4.960000	0.117188	0.444336
4.965000	-0.185547	-0.253906
4.970000	-0.019531	-0.815430
4.975000	0.507812	-0.825195
4.980000	1.044922	-0.400391
4.985000	1.298828	0.200195
4.990000	1.166992	0.703125
4.995000	0.693359	0.966797
5.000000	0.053711	0.927734
5.005000	-0.546875	0.063477
5.010000	-0.561523	-1.757812
5.015000	0.595703	-2.792969
5.020000	2.421875	-2.421875
5.025000	4.013672	-1.132812
5.030000	4.760742	0.375977
5.035000	4.516602	1.508789
5.040000	3.525391	1.938477
5.045000	2.241211	1.694336
5.050000	1.123047	1.030273
5.055000	0.429688	0.292969
5.060000	0.224609	-0.234375
5.065000	0.371094	-0.400391
5.070000	0.629883	-0.253906
5.075000	0.795898	0.083008
5.080000	0.732422	0.444336
5.085000	0.439453	0.683594
5.090000	-0.014648	0.722656
5.095000	-0.483398	0.024414
5.100000	-0.473633	-1.484375
5.105000	0.498047	-2.314453
5.110000	2.016602	-1.962891
5.115000	3.305664	-0.854492
5.120000	3.867188	0.419922
5.125000	3.593750	1.357422
5.130000	2.695312	1.699219
5.135000	1.577148	1.469727
5.140000	0.600586	0.903320
5.145000	-0.009766	0.263672
5.150000	-0.185547	-0.449219
5.155000	0.102539	-0.869141
5.160000	0.668945	-0.737305
5.165000	1.152344	-0.239258
5.170000	1.298828	0.356445
5.175000	1.069336	0.805664
5.180000	0.532227	0.986328
5.185000	-0.126953	0.805664
5.190000	-0.634766	-0.390625
5.195000	-0.356445	-2.192383
5.200000	1.074219	-2.817383
5.205000	2.915039	-2.128906
5.210000	4.321289	-0.712891
5.215000	4.785156	0.747070
5.220000	4.291992	1.699219
5.225000	3.178711	1.928711
5.230000	1.904297	1.538086
5.235000	0.883789	0.820312
5.240000	0.332031	0.117188
5.245000	0.239258	-0.317383
5.250000	0.444336	-0.395508
5.255000	0.693359	-0.170898
5.260000	0.800781	0.185547
5.265000	0.673828	0.522461
5.270000	0.322266	0.717773
5.275000	-0.156250	0.634766
5.280000	-0.556641	-0.356445
5.285000	-0.302734	-1.840820
5.290000	0.898438	-2.319336
5.295000	2.421875	-1.704102
5.300000	3.544922	-0.498047
5.305000	3.867188	0.727539
5.310000	3.393555	1.513672
5.315000	2.397461	1.684570
5.320000	1.274414	1.333008
5.325000	0.385742	0.722656
5.330000	-0.102539	0.073242
5.335000	-0.151367	-0.625000
5.340000	0.249023	-0.883789
5.345000	0.825195	-0.629883
5.350000	1.240234	-0.068359
5.355000	1.269531	0.502930
5.360000	0.942383	0.888672
5.365000	0.351562	0.986328
5.370000	-0.302734	0.610352
5.375000	-0.673828	-0.908203
5.380000	-0.063477	-2.514648
5.385000	1.577148	-2.744141
5.390000	3.378906	-1.782227
5.395000	4.545898	-0.288086
5.400000	4.741211	1.074219
5.405000	4.028320	1.835938
5.410000	2.817383	1.870117
5.415000	1.582031	1.352539
5.420000	0.678711	0.610352
5.425000	0.263672	-0.034180
5.430000	0.278320	-0.371094
5.435000	0.517578	-0.356445
5.440000	0.742188	-0.083008
5.445000	0.791016	0.288086
5.450000	0.595703	0.595703
5.455000	0.200195	0.742188
5.460000	-0.292969	0.468750
5.465000	-0.576172	-0.781250
5.470000	-0.048828	-2.104492
5.475000	1.318359	-2.246094
5.480000	2.792969	-1.401367
5.485000	3.725586	-0.136719
5.490000	3.803711	1.000977
5.495000	3.154297	1.621094
5.500000	2.084961	1.635742
5.505000	1.005859	1.186523
5.510000	0.209961	0.551758
5.515000	-0.166016	-0.126953
5.520000	-0.083008	-0.751953
5.525000	0.405273	-0.859375
5.530000	0.961914	-0.488281
5.535000	1.274414	0.097656
5.540000	1.220703	0.634766
5.545000	0.795898	0.942383
5.550000	0.170898	0.961914
5.555000	-0.458984	0.302734
5.560000	-0.625000	-1.440430
5.565000	0.322266	-2.719727
5.570000	2.104492	-2.568359
5.575000	3.784180	-1.381836
5.580000	4.702148	0.131836
5.585000	4.619141	1.357422
5.590000	3.725586	1.914062
5.595000	2.460938	1.777344
5.600000	1.284180	1.157227
5.605000	0.512695	0.410156
5.610000	0.234375	-0.166016
5.615000	0.332031	-0.400391
5.620000	0.590820	-0.297852
5.625000	0.776367	0.019531
5.630000	0.761719	0.385742
5.635000	0.502930	0.649414
5.640000	0.068359	0.742188
5.645000	-0.415039	0.219727
5.650000	-0.537109	-1.230469
5.655000	0.268555	-2.265625
5.660000	1.752930	-2.094727
5.665000	3.125000	-1.074219
5.670000	3.828125	0.214844
5.675000	3.696289	1.235352
5.680000	2.880859	1.684570
5.685000	1.767578	1.547852
5.690000	0.742188	1.010742
5.695000	0.063477	0.375977
5.700000	-0.190430	-0.327148
5.705000	0.024414	-0.839844
5.710000	0.571289	-0.795898
5.715000	1.088867	-0.336914
5.720000	1.303711	0.263672
5.725000	1.132812	0.747070
5.730000	0.634766	0.976562
5.735000	-0.014648	0.888672
5.740000	-0.585938	-0.097656
5.745000	-0.493164	-1.933594
5.750000	0.771484	-2.817383
5.755000	2.612305	-2.314453
5.760000	4.135742	-0.976562
5.765000	4.780273	0.517578
5.770000	4.438477	1.582031
5.775000	3.398438	1.943359
5.780000	2.114258	1.635742
5.785000	1.030273	0.947266
5.790000	0.385742	0.224609
5.795000	0.229492	-0.268555
5.800000	0.395508	-0.400391
5.805000	0.654297	-0.224609
5.810000	0.800781	0.122070
5.815000	0.712891	0.473633
5.820000	0.395508	0.698242
5.825000	-0.068359	0.693359
5.830000	-0.517578	-0.107422
5.835000	-0.415039	-1.625977
5.840000	0.644531	-2.329102
5.845000	2.167969	-1.870117
5.850000	3.408203	-0.722656
5.855000	3.876953	0.541992
5.860000	3.525391	1.420898
5.865000	2.583008	1.699219
5.870000	1.459961	1.425781
5.875000	0.517578	0.839844
5.880000	-0.048828	0.195312
5.885000	-0.175781	-0.522461
5.890000	0.156250	-0.878906
5.895000	0.727539	-0.698242
5.900000	1.191406	-0.175781
5.905000	1.293945	0.415039
5.910000	1.020508	0.839844
5.915000	0.463867	0.986328
5.920000	-0.190430	0.742188
5.925000	-0.654297	-0.576172
5.930000	-0.258789	-2.329102
5.935000	1.259766	-2.797852
5.940000	3.095703	-2.001953
5.945000	4.409180	-0.546875
5.950000	4.780273	0.874023
5.955000	4.204102	1.757812
5.960000	3.046875	1.909180
5.965000	1.782227	1.469727
5.970000	0.805664	0.737305
5.975000	0.297852	0.058594
5.980000	0.253906	-0.336914
5.985000	0.463867	-0.375977
5.990000	0.712891	-0.136719
5.995000	0.800781	0.224609
6.000000	0.649414	0.551758
6.005000	0.278320	0.732422
6.010000	-0.209961	0.585938
6.015000	-0.571289	-0.512695
6.020000	-0.214844	-1.953125
6.025000	1.059570	-2.304688
6.030000	2.563477	-1.591797
6.035000	3.618164	-0.356445
6.040000	3.852539	0.834961
6.045000	3.305664	1.557617
6.050000	2.280273	1.669922
6.055000	1.176758	1.279297
6.060000	0.317383	0.659180
6.065000	-0.126953	0.000000
6.070000	-0.126953	-0.678711
6.075000	0.307617	-0.878906
6.080000	0.878906	-0.581055
6.085000	1.250000	-0.009766
6.090000	1.250000	0.556641
6.095000	0.888672	0.908203
6.100000	0.283203	0.981445
6.105000	-0.361328	0.507812
6.110000	-0.664062	-1.113281
6.115000	0.078125	-2.607422
6.120000	1.777344	-2.685547
6.125000	3.544922	-1.630859
6.130000	4.614258	-0.122070
6.135000	4.702148	1.191406
6.140000	3.920898	1.870117
6.145000	2.680664	1.840820
6.150000	1.464844	1.279297
6.155000	0.615234	0.532227
6.160000	0.249023	-0.087891
6.165000	0.297852	-0.390625
6.170000	0.541992	-0.336914
6.175000	0.761719	-0.043945
6.180000	0.781250	0.327148
6.185000	0.566406	0.620117
6.190000	0.146484	0.747070
6.195000	-0.341797	0.385742
6.200000	-0.571289	-0.952148
6.205000	0.063477	-2.172852
6.210000	1.479492	-2.197266
6.215000	2.929688	-1.279297
6.220000	3.764648	-0.004883
6.225000	3.769531	1.098633
6.230000	3.051758	1.650391
6.235000	1.962891	1.601562
6.240000	0.903320	1.118164
6.245000	0.146484	0.478516
6.250000	-0.175781	-0.205078
6.255000	-0.043945	-0.791016
6.260000	0.468750	-0.839844
6.265000	1.015625	-0.434570
6.270000	1.298828	0.156250
6.275000	1.191406	0.678711
6.280000	0.737305	0.957031
6.285000	0.097656	0.937500
6.290000	-0.512695	0.161133
6.295000	-0.590820	-1.635742
6.300000	0.488281	-2.768555
6.305000	2.294922	-2.485352
6.310000	3.920898	-1.235352
6.315000	4.741211	0.283203
6.320000	4.555664	1.450195
6.325000	3.603516	1.933594
6.330000	2.329102	1.723633
6.335000	1.186523	1.079102
6.340000	0.463867	0.336914
6.345000	0.224609	-0.205078
6.350000	0.356445	-0.400391
6.355000	0.615234	-0.273438
6.360000	0.791016	0.053711
6.365000	0.747070	0.419922
6.370000	0.463867	0.668945
6.375000	0.014648	0.732422
6.380000	-0.454102	0.102539
6.385000	-0.502930	-1.386719
6.390000	0.410156	-2.299805
6.395000	1.914062	-2.016602
6.400000	3.237305	-0.942383
6.405000	3.852539	0.341797
6.410000	3.637695	1.308594
6.415000	2.773438	1.694336
6.420000	1.650391	1.503906
6.425000	0.654297	0.947266
6.430000	0.014648	0.307617
6.435000	-0.185547	-0.405273
6.440000	0.073242	-0.864258
6.445000	0.629883	-0.761719
6.450000	1.127930	-0.278320
6.455000	1.303711	0.322266
6.460000	1.093750	0.781250
6.465000	0.576172	0.981445
6.470000	-0.083008	0.844727
6.475000	-0.620117	-0.268555
6.480000	-0.415039	-2.099609
6.485000	0.952148	-2.817383
6.490000	2.797852	-2.207031
6.495000	4.248047	-0.815430
6.500000	4.785156	0.664062
6.505000	4.355469	1.655273
6.510000	3.261719	1.938477
6.515000	1.987305	1.577148
6.520000	0.937500	0.869141
6.525000	0.351562	0.151367
6.530000	0.234375	-0.297852
6.535000	0.419922	-0.400391
6.540000	0.678711	-0.195312
6.545000	0.800781	0.161133
6.550000	0.688477	0.502930
6.555000	0.351562	0.712891
6.560000	-0.122070	0.659180
6.565000	-0.541992	-0.258789
6.570000	-0.351562	-1.762695
6.575000	0.805664	-2.329102
6.580000	2.329102	-1.772461
6.585000	3.491211	-0.585938
6.590000	3.876953	0.654297
6.595000	3.447266	1.479492
6.600000	2.470703	1.689453
6.605000	1.342773	1.367188
6.610000	0.434570	0.771484
6.615000	-0.083008	0.122070
6.620000	-0.166016	-0.590820
6.625000	0.214844	-0.883789
6.630000	0.791016	-0.654297
6.635000	1.215820	-0.112305
6.640000	1.279297	0.468750
6.645000	0.971680	0.869141
6.650000	0.395508	0.981445
6.655000	-0.258789	0.659180
6.660000	-0.668945	-0.781250
6.665000	-0.141602	-2.451172
6.670000	1.455078	-2.768555
6.675000	3.276367	-1.865234
6.680000	4.501953	-0.385742
6.685000	4.755859	1.000977
6.690000	4.101562	1.806641
6.695000	2.905273	1.889648
6.700000	1.655273	1.401367
6.705000	0.722656	0.659180
6.710000	0.278320	-0.004883
6.715000	0.263672	-0.361328
6.720000	0.498047	-0.366211
6.725000	0.732422	-0.102539
6.730000	0.795898	0.263672
6.735000	0.620117	0.576172
6.740000	0.229492	0.732422
6.745000	-0.258789	0.517578
6.750000	-0.576172	-0.673828
6.755000	-0.117188	-2.045898
6.760000	1.220703	-2.275391
6.765000	2.705078	-1.479492
6.770000	3.686523	-0.224609
6.775000	3.828125	0.937500
6.780000	3.217773	1.601562
6.785000	2.158203	1.645508
6.790000	1.069336	1.225586
6.795000	0.249023	0.590820
6.800000	-0.151367	-0.078125
6.805000	-0.102539	-0.722656
6.810000	0.366211	-0.869141
6.815000	0.932617	-0.527344
6.820000	1.269531	0.058594
6.825000	1.245117	0.605469
6.830000	0.834961	0.927734
6.835000	0.219727	0.966797
6.840000	-0.424805	0.385742
6.845000	-0.644531	-1.308594
6.850000	0.219727	-2.675781
6.855000	1.972656	-2.617188
6.860000	3.696289	-1.484375
6.865000	4.672852	0.029297
6.870000	4.653320	1.293945
6.875000	3.798828	1.899414
6.880000	2.543945	1.796875
6.885000	1.352539	1.210938
6.890000	0.551758	0.458984
6.895000	0.234375	-0.136719
6.900000	0.312500	-0.400391
6.905000	0.571289	-0.317383
6.910000	0.771484	-0.004883
6.915000	0.771484	0.361328
6.920000	0.532227	0.639648
6.925000	0.102539	0.747070
6.930000	-0.390625	0.288086
6.935000	-0.556641	-1.123047
6.940000	0.185547	-2.231445
6.945000	1.645508	-2.138672
6.950000	3.046875	-1.162109
6.955000	3.803711	0.126953
6.960000	3.730469	1.181641
6.965000	2.949219	1.669922
6.970000	1.840820	1.567383
6.975000	0.805664	1.054688
6.980000	0.097656	0.419922
6.985000	-0.185547	-0.283203
6.990000	-0.004883	-0.825195
6.995000	0.532227	-0.810547
7.000000	1.059570	-0.375977
7.005000	1.298828	0.219727
7.010000	1.157227	0.722656
7.015000	0.678711	0.966797
7.020000	0.029297	0.913086
7.025000	-0.561523	0.004883
7.030000	-0.532227	-1.821289
7.035000	0.654297	-2.802734
7.040000	2.485352	-2.382812
7.045000	4.052734	-1.074219
7.050000	4.765625	0.429688
7.055000	4.482422	1.533203
7.060000	3.476562	1.938477
7.065000	2.197266	1.669922
7.070000	1.093750	1.000977
7.075000	0.415039	0.263672
7.080000	0.224609	-0.244141
7.085000	0.375977	-0.405273
7.090000	0.639648	-0.249023
7.095000	0.795898	0.097656
7.100000	0.727539	0.454102
7.105000	0.424805	0.683594
7.110000	-0.039062	0.712891
7.115000	-0.493164	-0.019531
7.120000	-0.454102	-1.538086
7.125000	0.551758	-2.319336
7.130000	2.070312	-1.928711
7.135000	3.339844	-0.810547
7.140000	3.867188	0.463867
7.145000	3.569336	1.376953
7.150000	2.656250	1.704102
7.155000	1.533203	1.455078
7.160000	0.566406	0.878906
7.165000	-0.024414	0.239258
7.170000	-0.180664	-0.473633
7.175000	0.122070	-0.874023
7.180000	0.688477	-0.722656
7.185000	1.166992	-0.214844
7.190000	1.298828	0.375977
7.195000	1.054688	0.820312
7.200000	0.507812	0.986328
7.205000	-0.151367	0.781250
7.210000	-0.639648	-0.454102
7.215000	-0.322266	-2.246094
7.220000	1.142578	-2.812500
7.225000	2.978516	-2.084961
7.230000	4.350586	-0.654297
7.235000	4.780273	0.791016
7.240000	4.262695	1.718750
7.245000	3.129883	1.923828
7.250000	1.855469	1.513672
7.255000	0.854492	0.791016
7.260000	0.317383	0.097656
7.265000	0.249023	-0.322266
7.270000	0.454102	-0.390625
7.275000	0.698242	-0.161133
7.280000	0.800781	0.200195
7.285000	0.664062	0.532227
7.290000	0.307617	0.722656
7.295000	-0.175781	0.615234
7.300000	-0.561523	-0.410156
7.305000	-0.273438	-1.879883
7.310000	0.952148	-2.319336
7.315000	2.470703	-1.669922
7.320000	3.574219	-0.444336
7.325000	3.862305	0.766602
7.330000	3.359375	1.528320
7.335000	2.353516	1.679688
7.340000	1.245117	1.318359
7.345000	0.361328	0.703125
7.350000	-0.107422	0.048828
7.355000	-0.141602	-0.644531
7.360000	0.268555	-0.883789
7.365000	0.844727	-0.610352
7.370000	1.240234	-0.043945
7.375000	1.264648	0.522461
7.380000	0.922852	0.893555
7.385000	0.327148	0.986328
7.390000	-0.322266	0.571289
7.395000	-0.668945	-0.981445
7.400000	-0.019531	-2.548828
7.405000	1.650391	-2.719727
7.410000	3.437500	-1.723633
7.415000	4.575195	-0.224609
7.420000	4.726562	1.118164
7.425000	3.989258	1.855469
7.430000	2.768555	1.865234
7.435000	1.538086	1.328125
7.440000	0.654297	0.581055
7.445000	0.263672	-0.053711
7.450000	0.283203	-0.375977
7.455000	0.527344	-0.346680
7.460000	0.747070	-0.068359
7.465000	0.791016	0.297852
7.470000	0.585938	0.605469
7.475000	0.180664	0.742188
7.480000	-0.312500	0.444336
7.485000	-0.576172	-0.849609
7.490000	-0.009766	-2.128906
7.495000	1.376953	-2.226562
7.500000	2.836914	-1.362305
7.505000	3.740234	-0.083008
7.510000	3.798828	1.035156
7.515000	3.115234	1.635742
7.520000	2.041016	1.621094
7.525000	0.966797	1.162109
7.530000	0.190430	0.527344
7.535000	-0.166016	-0.151367
7.540000	-0.063477	-0.766602
7.545000	0.429688	-0.849609
7.550000	0.986328	-0.473633
7.555000	1.284180	0.117188
7.560000	1.210938	0.654297
7.565000	0.771484	0.947266
7.570000	0.146484	0.957031
7.575000	-0.478516	0.258789
7.580000	-0.615234	-1.508789
7.585000	0.380859	-2.744141
7.590000	2.172852	-2.539062
7.595000	3.833008	-1.328125
7.600000	4.721680	0.185547
7.605000	4.594727	1.391602
7.610000	3.686523	1.923828
7.615000	2.416992	1.757812
7.620000	1.250000	1.132812
7.625000	0.498047	0.385742
7.630000	0.229492	-0.175781
7.635000	0.341797	-0.400391
7.640000	0.595703	-0.288086
7.645000	0.781250	0.029297
7.650000	0.761719	0.400391
7.655000	0.493164	0.659180
7.660000	0.053711	0.737305
7.665000	-0.429688	0.180664
7.670000	-0.522461	-1.279297
7.675000	0.317383	-2.275391
7.680000	1.806641	-2.065430
7.685000	3.164062	-1.030273
7.690000	3.837891	0.258789
7.695000	3.671875	1.259766
7.700000	2.841797	1.689453
7.705000	1.728516	1.528320
7.710000	0.708008	0.991211
7.715000	0.048828	0.351562
7.720000	-0.190430	-0.356445
7.725000	0.039062	-0.849609
7.730000	0.590820	-0.786133
7.735000	1.103516	-0.317383
7.740000	1.303711	0.283203
7.745000	1.123047	0.761719
7.750000	0.615234	0.976562
7.755000	-0.034180	0.874023
7.760000	-0.600586	-0.156250
7.765000	-0.468750	-1.997070
7.770000	0.834961	-2.817383
7.775000	2.670898	-2.280273
7.780000	4.169922	-0.917969
7.785000	4.780273	0.571289
7.790000	4.409180	1.611328
7.795000	3.349609	1.943359
7.800000	2.065430	1.616211
7.805000	0.996094	0.922852
7.810000	0.375977	0.200195
7.815000	0.229492	-0.278320
7.820000	0.405273	-0.400391
7.825000	0.664062	-0.214844
7.830000	0.800781	0.136719
7.835000	0.703125	0.483398
7.840000	0.375977	0.703125
7.845000	-0.087891	0.683594
7.850000	-0.522461	-0.161133
7.855000	-0.395508	-1.679688
7.860000	0.698242	-2.329102
7.865000	2.226562	-1.840820
7.870000	3.437500	-0.668945
7.875000	3.876953	0.581055
7.880000	3.500977	1.445312
7.885000	2.543945	1.699219
7.890000	1.416016	1.406250
7.895000	0.483398	0.815430
7.900000	-0.058594	0.166016
7.905000	-0.170898	-0.541992
7.910000	0.175781	-0.883789
7.915000	0.751953	-0.683594
7.920000	1.196289	-0.151367
7.925000	1.289062	0.434570
7.930000	1.005859	0.849609
7.935000	0.439453	0.986328
7.940000	-0.219727	0.717773
7.945000	-0.664062	-0.649414
7.950000	-0.214844	-2.373047
7.955000	1.328125	-2.788086
7.960000	3.159180	-1.953125
7.965000	4.443359	-0.488281
7.970000	4.770508	0.922852
7.975000	4.165039	1.777344
7.980000	2.998047	1.904297
7.985000	1.733398	1.445312
7.990000	0.771484	0.708008
7.995000	0.292969	0.034180
8.000000	0.258789	-0.346680
8.005000	0.478516	-0.375977
8.010000	0.722656	-0.126953
8.015000	0.800781	0.239258
8.020000	0.639648	0.566406
8.025000	0.263672	0.732422
8.030000	-0.229492	0.561523
8.035000	-0.576172	-0.571289
8.040000	-0.185547	-1.987305
8.045000	1.118164	-2.294922
8.050000	2.612305	-1.557617
8.055000	3.647461	-0.307617
8.060000	3.842773	0.874023
8.065000	3.271484	1.577148
8.070000	2.231445	1.665039
8.075000	1.137695	1.259766
8.080000	0.292969	0.629883
8.085000	-0.136719	-0.029297
8.090000	-0.117188	-0.698242
8.095000	0.327148	-0.874023
8.100000	0.903320	-0.561523
8.105000	1.254883	0.014648
8.110000	1.245117	0.576172
8.115000	0.869141	0.922852
8.120000	0.258789	0.976562
8.125000	-0.385742	0.468750
8.130000	-0.659180	-1.181641
8.135000	0.122070	-2.636719
8.140000	1.845703	-2.661133
8.145000	3.593750	-1.582031
8.150000	4.638672	-0.068359
8.155000	4.687500	1.225586
8.160000	3.876953	1.884766
8.165000	2.636719	1.826172
8.170000	1.425781	1.254883
8.175000	0.590820	0.507812
8.180000	0.244141	-0.107422
8.185000	0.302734	-0.390625
8.190000	0.551758	-0.327148
8.195000	0.766602	-0.029297
8.200000	0.776367	0.336914
8.205000	0.551758	0.620117
8.210000	0.136719	0.742188
8.215000	-0.356445	0.356445
8.220000	-0.566406	-1.010742
8.225000	0.102539	-2.197266
8.230000	1.538086	-2.177734
8.235000	2.968750	-1.240234
8.240000	3.784180	0.043945
8.245000	3.754883	1.127930
8.250000	3.012695	1.660156
8.255000	1.918945	1.591797
8.260000	0.869141	1.093750
8.265000	0.131836	0.458984
8.270000	-0.180664	-0.229492
8.275000	-0.029297	-0.800781
8.280000	0.488281	-0.830078
8.285000	1.035156	-0.415039
8.290000	1.293945	0.180664
8.295000	1.181641	0.693359
8.300000	0.717773	0.961914
8.305000	0.078125	0.927734
8.310000	-0.527344	0.112305
8.315000	-0.571289	-1.699219
8.320000	0.541992	-2.783203
8.325000	2.363281	-2.451172
8.330000	3.969727	-1.181641
8.335000	4.750977	0.332031
8.340000	4.536133	1.479492
8.345000	3.564453	1.933594
8.350000	2.285156	1.708984
8.355000	1.152344	1.049805
8.360000	0.449219	0.312500
8.365000	0.224609	-0.219727
8.370000	0.366211	-0.400391
8.375000	0.620117	-0.263672
8.380000	0.791016	0.068359
8.385000	0.737305	0.429688
8.390000	0.454102	0.678711
8.395000	-0.004883	0.727539
8.400000	-0.473633	0.058594
8.405000	-0.488281	-1.435547
8.410000	0.458984	-2.309570
8.415000	1.962891	-1.987305
8.420000	3.271484	-0.898438
8.425000	3.862305	0.380859
8.430000	3.613281	1.333008
8.435000	2.734375	1.699219
8.440000	1.611328	1.484375
8.445000	0.625000	0.922852
8.450000	0.004883	0.288086
8.455000	-0.185547	-0.429688
8.460000	0.087891	-0.869141
8.465000	0.649414	-0.747070
8.470000	1.142578	-0.258789
8.475000	1.298828	0.336914
8.480000	1.079102	0.795898
8.485000	0.551758	0.986328
8.490000	-0.102539	0.825195
8.495000	-0.625000	-0.336914
8.500000	-0.385742	-2.148438
8.505000	1.020508	-2.817383
8.510000	2.861328	-2.163086
8.515000	4.282227	-0.756836
8.520000	4.785156	0.703125
8.525000	4.326172	1.679688
8.530000	3.217773	1.933594
8.535000	1.938477	1.552734
8.540000	0.913086	0.839844
8.545000	0.336914	0.136719
8.550000	0.239258	-0.307617
8.555000	0.434570	-0.395508
8.560000	0.683594	-0.185547
8.565000	0.800781	0.175781
8.570000	0.683594	0.512695
8.575000	0.332031	0.717773
8.580000	-0.136719	0.644531
8.585000	-0.556641	-0.307617
8.590000	-0.327148	-1.811523
8.595000	0.854492	-2.329102
8.600000	2.377930	-1.738281
8.605000	3.520508	-0.537109
8.610000	3.867188	0.693359
8.615000	3.417969	1.499023
8.620000	2.431641	1.689453
8.625000	1.308594	1.352539
8.630000	0.410156	0.747070
8.635000	-0.092773	0.092773
8.640000	-0.156250	-0.605469
8.645000	0.234375	-0.888672
8.650000	0.810547	-0.644531
8.655000	1.230469	-0.092773
8.660000	1.279297	0.488281
8.665000	0.957031	0.878906
8.670000	0.375977	0.986328
8.675000	-0.278320	0.634766
8.680000	-0.668945	-0.839844
8.685000	-0.107422	-2.480469
8.690000	1.513672	-2.753906
8.695000	3.320312	-1.826172
8.700000	4.521484	-0.336914
8.705000	4.746094	1.035156
8.710000	4.062500	1.821289
8.715000	2.861328	1.879883
8.720000	1.621094	1.376953
8.725000	0.703125	0.634766
8.730000	0.273438	-0.014648
8.735000	0.273438	-0.366211
8.740000	0.507812	-0.366211
8.745000	0.732422	-0.092773
8.750000	0.795898	0.273438
8.755000	0.610352	0.585938
8.760000	0.219727	0.737305
8.765000	-0.278320	0.493164
8.770000	-0.581055	-0.722656
8.775000	-0.087891	-2.070312
8.780000	1.264648	-2.260742
8.785000	2.744141	-1.445312
8.790000	3.696289	-0.180664
8.795000	3.813477	0.966797
8.800000	3.183594	1.611328
8.805000	2.124023	1.640625
8.810000	1.035156	1.206055
8.815000	0.229492	0.571289
8.820000	-0.156250	-0.102539
8.825000	-0.087891	-0.742188
8.830000	0.385742	-0.869141
8.835000	0.952148	-0.507812
8.840000	1.274414	0.073242
8.845000	1.240234	0.620117
8.850000	0.820312	0.937500
8.855000	0.200195	0.961914
8.860000	-0.439453	0.351562
8.865000	-0.634766	-1.362305
8.870000	0.263672	-2.700195
8.875000	2.026367	-2.597656
8.880000	3.735352	-1.445312
8.885000	4.687500	0.068359
8.890000	4.643555	1.318359
8.895000	3.769531	1.904297
8.900000	2.509766	1.791992
8.905000	1.328125	1.191406
8.910000	0.541992	0.434570
8.915000	0.234375	-0.146484
8.920000	0.322266	-0.400391
8.925000	0.581055	-0.312500
8.930000	0.771484	0.000000
8.935000	0.771484	0.371094
8.940000	0.522461	0.644531
8.945000	0.087891	0.742188
8.950000	-0.395508	0.263672
8.955000	-0.546875	-1.166992
8.960000	0.219727	-2.246094
8.965000	1.684570	-2.124023
8.970000	3.081055	-1.127930
8.975000	3.813477	0.161133
8.980000	3.720703	1.206055
8.985000	2.924805	1.679688
8.990000	1.811523	1.557617
8.995000	0.781250	1.040039
9.000000	0.083008	0.400391
9.005000	-0.185547	-0.302734
9.010000	0.004883	-0.830078
9.015000	0.551758	-0.805664
9.020000	1.074219	-0.361328
9.025000	1.298828	0.239258
9.030000	1.147461	0.732422
9.035000	0.659180	0.966797
9.040000	0.009766	0.903320
9.045000	-0.571289	-0.034180
9.050000	-0.517578	-1.875000
9.055000	0.708008	-2.807617
9.060000	2.539062	-2.353516
9.065000	4.091797	-1.035156
9.070000	4.780273	0.468750
9.075000	4.467773	1.552734
9.080000	3.442383	1.943359
9.085000	2.163086	1.655273
9.090000	1.064453	0.976562
9.095000	0.405273	0.244141
9.100000	0.229492	-0.253906
9.105000	0.385742	-0.405273
9.110000	0.649414	-0.239258
9.115000	0.800781	0.107422
9.120000	0.722656	0.458984
9.125000	0.415039	0.693359
9.130000	-0.048828	0.703125
9.135000	-0.502930	-0.058594
9.140000	-0.439453	-1.572266
9.145000	0.585938	-2.324219
9.150000	2.109375	-1.904297
9.155000	3.364258	-0.776367
9.160000	3.872070	0.493164
9.165000	3.554688	1.396484
9.170000	2.626953	1.699219
9.175000	1.499023	1.445312
9.180000	0.546875	0.864258
9.185000	-0.034180	0.224609
9.190000	-0.180664	-0.498047
9.195000	0.131836	-0.878906
9.200000	0.708008	-0.712891
9.205000	1.176758	-0.200195
9.210000	1.298828	0.390625
9.215000	1.040039	0.825195
9.220000	0.493164	0.986328
9.225000	-0.166016	0.771484
9.230000	-0.649414	-0.502930
9.235000	-0.302734	-2.275391
9.240000	1.186523	-2.812500
9.245000	3.027344	-2.055664
9.250000	4.375000	-0.615234
9.255000	4.780273	0.825195
9.260000	4.248047	1.733398
9.265000	3.100586	1.923828
9.270000	1.831055	1.499023
9.275000	0.834961	0.771484
9.280000	0.312500	0.078125
9.285000	0.249023	-0.327148
9.290000	0.458984	-0.390625
9.295000	0.708008	-0.156250
9.300000	0.800781	0.209961
9.305000	0.659180	0.541992
9.310000	0.302734	0.722656
9.315000	-0.185547	0.605469
9.320000	-0.566406	-0.439453
9.325000	-0.253906	-1.904297
9.330000	0.991211	-2.319336
9.335000	2.500000	-1.645508
9.340000	3.588867	-0.419922
9.345000	3.862305	0.791016
9.350000	3.344727	1.542969
9.355000	2.329102	1.674805
9.360000	1.220703	1.303711
9.365000	0.346680	0.688477
9.370000	-0.117188	0.029297
9.375000	-0.136719	-0.654297
9.380000	0.283203	-0.883789
9.385000	0.854492	-0.605469
9.390000	1.245117	-0.039062
9.395000	1.264648	0.532227
9.400000	0.917969	0.903320
9.405000	0.317383	0.981445
9.410000	-0.336914	0.556641
9.415000	-0.668945	-1.015625
9.420000	0.009766	-2.563477
9.425000	1.684570	-2.709961
9.430000	3.466797	-1.699219
9.435000	4.584961	-0.195312
9.440000	4.721680	1.137695
9.445000	3.969727	1.860352
9.450000	2.749023	1.860352
9.455000	1.518555	1.313477
9.460000	0.644531	0.566406
9.465000	0.258789	-0.063477
9.470000	0.288086	-0.380859
9.475000	0.537109	-0.341797
9.480000	0.751953	-0.058594
9.485000	0.791016	0.307617
9.490000	0.581055	0.610352
9.495000	0.170898	0.742188
9.500000	-0.317383	0.429688
9.505000	-0.576172	-0.874023
9.510000	0.009766	-2.143555
9.515000	1.406250	-2.221680
9.520000	2.866211	-1.337891
9.525000	3.745117	-0.063477
9.530000	3.789062	1.054688
9.535000	3.100586	1.635742
9.540000	2.016602	1.616211
9.545000	0.942383	1.152344
9.550000	0.175781	0.517578
9.555000	-0.166016	-0.166016
9.560000	-0.058594	-0.776367
9.565000	0.444336	-0.849609
9.570000	0.996094	-0.463867
9.575000	1.289062	0.131836
9.580000	1.206055	0.654297
9.585000	0.766602	0.952148
9.590000	0.136719	0.952148
9.595000	-0.488281	0.229492
9.600000	-0.610352	-1.542969
9.605000	0.405273	-2.749023
9.610000	2.202148	-2.519531
9.615000	3.857422	-1.303711
9.620000	4.726562	0.209961
9.625000	4.589844	1.401367
9.630000	3.662109	1.923828
9.635000	2.392578	1.748047
9.640000	1.235352	1.118164
9.645000	0.483398	0.371094
9.650000	0.229492	-0.190430
9.655000	0.341797	-0.400391
9.660000	0.600586	-0.288086
9.665000	0.786133	0.039062
9.670000	0.756836	0.400391
9.675000	0.483398	0.659180
9.680000	0.039062	0.732422
9.685000	-0.439453	0.161133
9.690000	-0.517578	-1.308594
9.695000	0.341797	-2.280273
9.700000	1.835938	-2.050781
9.705000	3.183594	-1.005859
9.710000	3.842773	0.278320
9.715000	3.666992	1.274414
9.720000	2.822266	1.689453
9.725000	1.704102	1.518555
9.730000	0.693359	0.981445
9.735000	0.039062	0.341797
9.740000	-0.185547	-0.371094
9.745000	0.048828	-0.854492
9.750000	0.605469	-0.781250
9.755000	1.113281	-0.307617
9.760000	1.303711	0.288086
9.765000	1.113281	0.766602
9.770000	0.605469	0.981445
9.775000	-0.048828	0.869141
9.780000	-0.605469	-0.185547
9.785000	-0.454102	-2.021484
9.790000	0.864258	-2.817383
9.795000	2.705078	-2.260742
9.800000	4.199219	-0.893555
9.805000	4.785156	0.595703
9.810000	4.394531	1.625977
9.815000	3.325195	1.938477
9.820000	2.041016	1.606445
9.825000	0.981445	0.908203
9.830000	0.371094	0.190430
9.835000	0.234375	-0.283203
9.840000	0.410156	-0.405273
9.845000	0.668945	-0.209961
9.850000	0.800781	0.141602
9.855000	0.698242	0.488281
9.860000	0.375977	0.703125
9.865000	-0.097656	0.678711
9.870000	-0.527344	-0.180664
9.875000	-0.385742	-1.699219
9.880000	0.727539	-2.329102
9.885000	2.250977	-1.821289
9.890000	3.452148	-0.654297
9.895000	3.876953	0.600586
9.900000	3.486328	1.455078
9.905000	2.519531	1.699219
9.910000	1.401367	1.396484
9.915000	0.468750	0.800781
9.920000	-0.068359	0.156250
9.925000	-0.166016	-0.556641
9.930000	0.185547	-0.888672
9.935000	0.761719	-0.678711
9.940000	1.206055	-0.141602
9.945000	1.289062	0.444336
9.950000	1.000977	0.854492
9.955000	0.434570	0.986328
9.960000	-0.224609	0.703125
9.965000	-0.664062	-0.678711
9.970000	-0.205078	-2.392578
9.975000	1.357422	-2.788086
9.980000	3.183594	-1.933594
9.985000	4.458008	-0.468750
9.990000	4.770508	0.937500
9.995000	4.150391	1.782227
10.000000	2.978516	1.904297
