# Time_s	x	xdot
0.000000	0.390625	0.737305
0.005000	-0.107422	0.097656
0.010000	-0.166016	-0.625000
0.015000	0.229492	-0.927734
0.020000	0.834961	-0.678711
0.025000	1.274414	-0.117188
0.030000	1.347656	0.478516
0.035000	1.035156	0.883789
0.040000	0.449219	0.996094
0.045000	-0.219727	0.708008
0.050000	-0.654297	-0.664062
0.055000	-0.205078	-2.358398
0.060000	1.328125	-2.744141
0.065000	3.139648	-1.909180
0.070000	4.394531	-0.463867
0.075000	4.702148	0.917969
0.080000	4.096680	1.748047
0.085000	2.944336	1.865234
0.090000	1.704102	1.411133
0.095000	0.766602	0.698242
0.100000	0.292969	0.043945
0.105000	0.258789	-0.322266
0.110000	0.463867	-0.351562
0.115000	0.688477	-0.107422
0.120000	0.756836	0.244141
0.125000	0.590820	0.556641
0.130000	0.219727	0.717773
0.135000	-0.258789	0.507812
0.140000	-0.571289	-0.659180
0.145000	-0.122070	-2.006836
0.150000	1.186523	-2.226562
0.155000	2.641602	-1.445312
0.160000	3.598633	-0.214844
0.165000	3.735352	0.917969
0.170000	3.134766	1.562500
0.175000	2.104492	1.616211
0.180000	1.035156	1.201172
0.185000	0.234375	0.585938
0.190000	-0.166016	-0.078125
0.195000	-0.112305	-0.751953
0.200000	0.375977	-0.908203
0.205000	0.966797	-0.561523
0.210000	1.328125	0.029297
0.215000	1.308594	0.600586
0.220000	0.917969	0.932617
0.225000	0.288086	0.986328
0.230000	-0.361328	0.493164
0.235000	-0.654297	-1.118164
0.240000	0.083008	-2.583008
0.245000	1.772461	-2.641602
0.250000	3.515625	-1.596680
0.255000	4.560547	-0.112305
0.260000	4.633789	1.181641
0.265000	3.862305	1.845703
0.270000	2.641602	1.806641
0.275000	1.445312	1.254883
0.280000	0.615234	0.527344
0.285000	0.253906	-0.078125
0.290000	0.292969	-0.361328
0.295000	0.522461	-0.317383
0.300000	0.727539	-0.029297
0.305000	0.742188	0.327148
0.310000	0.517578	0.610352
0.315000	0.112305	0.732422
0.320000	-0.371094	0.322266
0.325000	-0.556641	-1.035156
0.330000	0.131836	-2.167969
0.335000	1.547852	-2.114258
0.340000	2.934570	-1.181641
0.345000	3.720703	0.083008
0.350000	3.662109	1.123047
0.355000	2.915039	1.630859
0.360000	1.845703	1.552734
0.365000	0.810547	1.059570
0.370000	0.102539	0.449219
0.375000	-0.195312	-0.253906
0.380000	-0.029297	-0.839844
0.385000	0.512695	-0.859375
0.390000	1.079102	-0.429688
0.395000	1.352539	0.175781
0.400000	1.235352	0.703125
0.405000	0.766602	0.971680
0.410000	0.117188	0.947266
0.415000	-0.498047	0.190430
0.420000	-0.595703	-1.586914
0.425000	0.449219	-2.734375
0.430000	2.236328	-2.470703
0.435000	3.847656	-1.240234
0.440000	4.677734	0.249023
0.445000	4.511719	1.411133
0.450000	3.583984	1.894531
0.455000	2.333984	1.704102
0.460000	1.206055	1.083984
0.465000	0.478516	0.356445
0.470000	0.229492	-0.180664
0.475000	0.341797	-0.380859
0.480000	0.581055	-0.258789
0.485000	0.751953	0.058594
0.490000	0.708008	0.410156
0.495000	0.429688	0.649414
0.500000	-0.004883	0.708008
0.505000	-0.468750	0.063477
0.510000	-0.478516	-1.406250
0.515000	0.444336	-2.260742
0.520000	1.918945	-1.943359
0.525000	3.198242	-0.874023
0.530000	3.769531	0.375977
0.535000	3.525391	1.303711
0.540000	2.666016	1.660156
0.545000	1.562500	1.459961
0.550000	0.605469	0.913086
0.555000	-0.009766	0.288086
0.560000	-0.205078	-0.439453
0.565000	0.083008	-0.903320
0.570000	0.668945	-0.791016
0.575000	1.186523	-0.292969
0.580000	1.367188	0.322266
0.585000	1.162109	0.800781
0.590000	0.625000	0.996094
0.595000	-0.034180	0.869141
0.600000	-0.600586	-0.170898
0.605000	-0.454102	-1.987305
0.610000	0.844727	-2.788086
0.615000	2.661133	-2.236328
0.620000	4.135742	-0.888672
0.625000	4.721680	0.571289
0.630000	4.345703	1.591797
0.635000	3.300781	1.904297
0.640000	2.041016	1.577148
0.645000	0.986328	0.903320
0.650000	0.380859	0.205078
0.655000	0.229492	-0.258789
0.660000	0.395508	-0.380859
0.665000	0.634766	-0.195312
0.670000	0.761719	0.146484
0.675000	0.659180	0.478516
0.680000	0.336914	0.688477
0.685000	-0.122070	0.644531
0.690000	-0.537109	-0.244141
0.695000	-0.351562	-1.723633
0.700000	0.771484	-2.275391
0.705000	2.265625	-1.738281
0.710000	3.413086	-0.571289
0.715000	3.779297	0.639648
0.720000	3.369141	1.445312
0.725000	2.412109	1.650391
0.730000	1.313477	1.342773
0.735000	0.419922	0.761719
0.740000	-0.092773	0.126953
0.745000	-0.175781	-0.600586
0.750000	0.214844	-0.922852
0.755000	0.810547	-0.693359
0.760000	1.259766	-0.141602
0.765000	1.352539	0.458984
0.770000	1.049805	0.869141
0.775000	0.478516	0.996094
0.780000	-0.190430	0.732422
0.785000	-0.649414	-0.585938
0.790000	-0.249023	-2.314453
0.795000	1.259766	-2.758789
0.800000	3.076172	-1.962891
0.805000	4.365234	-0.527344
0.810000	4.711914	0.869141
0.815000	4.140625	1.733398
0.820000	3.002930	1.875000
0.825000	1.757812	1.440430
0.830000	0.800781	0.727539
0.835000	0.302734	0.063477
0.840000	0.253906	-0.322266
0.845000	0.454102	-0.361328
0.850000	0.683594	-0.122070
0.855000	0.761719	0.229492
0.860000	0.605469	0.541992
0.865000	0.239258	0.712891
0.870000	-0.239258	0.532227
0.875000	-0.571289	-0.595703
0.880000	-0.161133	-1.967773
0.885000	1.123047	-2.236328
0.890000	2.583008	-1.494141
0.895000	3.574219	-0.268555
0.900000	3.745117	0.878906
0.905000	3.173828	1.552734
0.910000	2.153320	1.625977
0.915000	1.074219	1.225586
0.920000	0.258789	0.615234
0.925000	-0.156250	-0.043945
0.930000	-0.126953	-0.732422
0.935000	0.341797	-0.917969
0.940000	0.942383	-0.585938
0.945000	1.318359	0.004883
0.950000	1.308594	0.576172
0.955000	0.932617	0.927734
0.960000	0.317383	0.986328
0.965000	-0.336914	0.537109
0.970000	-0.659180	-1.035156
0.975000	0.029297	-2.553711
0.980000	1.694336	-2.670898
0.985000	3.447266	-1.650391
0.990000	4.536133	-0.166016
0.995000	4.658203	1.137695
1.000000	3.906250	1.831055
1.005000	2.695312	1.821289
1.010000	1.489258	1.284180
1.015000	0.634766	0.556641
1.020000	0.258789	-0.058594
1.025000	0.283203	-0.366211
1.030000	0.512695	-0.322266
1.035000	0.722656	-0.043945
1.040000	0.742188	0.312500
1.045000	0.537109	0.605469
1.050000	0.131836	0.732422
1.055000	-0.346680	0.356445
1.060000	-0.556641	-0.966797
1.065000	0.087891	-2.143555
1.070000	1.479492	-2.133789
1.075000	2.880859	-1.230469
1.080000	3.696289	0.024414
1.085000	3.676758	1.093750
1.090000	2.954102	1.616211
1.095000	1.884766	1.562500
1.100000	0.854492	1.088867
1.105000	0.122070	0.468750
1.110000	-0.190430	-0.224609
1.115000	-0.043945	-0.830078
1.120000	0.493164	-0.874023
1.125000	1.064453	-0.458984
1.130000	1.352539	0.151367
1.135000	1.254883	0.688477
1.140000	0.800781	0.966797
1.145000	0.156250	0.961914
1.150000	-0.468750	0.263672
1.155000	-0.615234	-1.484375
1.160000	0.366211	-2.705078
1.165000	2.138672	-2.504883
1.170000	3.779297	-1.318359
1.175000	4.658203	0.175781
1.180000	4.541016	1.362305
1.185000	3.647461	1.884766
1.190000	2.402344	1.728516
1.195000	1.250000	1.123047
1.200000	0.507812	0.395508
1.205000	0.234375	-0.161133
1.210000	0.327148	-0.380859
1.215000	0.571289	-0.278320
1.220000	0.742188	0.039062
1.225000	0.712891	0.390625
1.230000	0.454102	0.644531
1.235000	0.014648	0.712891
1.240000	-0.444336	0.126953
1.245000	-0.507812	-1.323242
1.250000	0.366211	-2.241211
1.255000	1.840820	-1.982422
1.260000	3.144531	-0.942383
1.265000	3.754883	0.312500
1.270000	3.559570	1.264648
1.275000	2.719727	1.655273
1.280000	1.625977	1.474609
1.285000	0.644531	0.942383
1.290000	0.009766	0.322266
1.295000	-0.205078	-0.400391
1.300000	0.058594	-0.893555
1.305000	0.634766	-0.810547
1.310000	1.166992	-0.322266
1.315000	1.372070	0.292969
1.320000	1.181641	0.781250
1.325000	0.659180	0.991211
1.330000	0.000000	0.893555
1.335000	-0.576172	-0.078125
1.340000	-0.493164	-1.904297
1.345000	0.747070	-2.783203
1.350000	2.558594	-2.294922
1.355000	4.072266	-0.971680
1.360000	4.716797	0.502930
1.365000	4.389648	1.552734
1.370000	3.369141	1.904297
1.375000	2.109375	1.616211
1.380000	1.035156	0.942383
1.385000	0.400391	0.239258
1.390000	0.229492	-0.244141
1.395000	0.380859	-0.380859
1.400000	0.620117	-0.209961
1.405000	0.761719	0.122070
1.410000	0.673828	0.458984
1.415000	0.361328	0.683594
1.420000	-0.097656	0.664062
1.425000	-0.517578	-0.166016
1.430000	-0.390625	-1.655273
1.435000	0.693359	-2.280273
1.440000	2.187500	-1.782227
1.445000	3.364258	-0.644531
1.450000	3.784180	0.585938
1.455000	3.403320	1.411133
1.460000	2.475586	1.655273
1.465000	1.367188	1.367188
1.470000	0.463867	0.795898
1.475000	-0.078125	0.166016
1.480000	-0.190430	-0.566406
1.485000	0.175781	-0.922852
1.490000	0.776367	-0.717773
1.495000	1.245117	-0.175781
1.500000	1.352539	0.424805
1.505000	1.083984	0.854492
1.510000	0.512695	1.000977
1.515000	-0.151367	0.776367
1.520000	-0.634766	-0.483398
1.525000	-0.302734	-2.246094
1.530000	1.162109	-2.778320
1.535000	2.973633	-2.031250
1.540000	4.316406	-0.610352
1.545000	4.721680	0.805664
1.550000	4.194336	1.699219
1.555000	3.076172	1.889648
1.560000	1.821289	1.474609
1.565000	0.844727	0.771484
1.570000	0.322266	0.097656
1.575000	0.244141	-0.307617
1.580000	0.439453	-0.361328
1.585000	0.673828	-0.141602
1.590000	0.761719	0.209961
1.595000	0.615234	0.532227
1.600000	0.268555	0.708008
1.605000	-0.205078	0.566406
1.610000	-0.566406	-0.507812
1.615000	-0.209961	-1.914062
1.620000	1.035156	-2.255859
1.625000	2.509766	-1.557617
1.630000	3.540039	-0.341797
1.635000	3.759766	0.825195
1.640000	3.222656	1.528320
1.645000	2.211914	1.630859
1.650000	1.132812	1.254883
1.655000	0.297852	0.649414
1.660000	-0.146484	-0.004883
1.665000	-0.141602	-0.703125
1.670000	0.317383	-0.917969
1.675000	0.913086	-0.615234
1.680000	1.308594	-0.029297
1.685000	1.323242	0.546875
1.690000	0.966797	0.922852
1.695000	0.356445	0.991211
1.700000	-0.307617	0.595703
1.705000	-0.664062	-0.927734
1.710000	-0.043945	-2.500000
1.715000	1.591797	-2.695312
1.720000	3.364258	-1.728516
1.725000	4.501953	-0.253906
1.730000	4.672852	1.074219
1.735000	3.964844	1.811523
1.740000	2.773438	1.835938
1.745000	1.557617	1.323242
1.750000	0.673828	0.595703
1.755000	0.268555	-0.029297
1.760000	0.278320	-0.351562
1.765000	0.498047	-0.327148
1.770000	0.712891	-0.063477
1.775000	0.751953	0.292969
1.780000	0.546875	0.590820
1.785000	0.156250	0.727539
1.790000	-0.322266	0.410156
1.795000	-0.566406	-0.874023
1.800000	0.014648	-2.104492
1.805000	1.386719	-2.167969
1.810000	2.812500	-1.289062
1.815000	3.666992	-0.043945
1.820000	3.696289	1.044922
1.825000	3.007812	1.606445
1.830000	1.948242	1.577148
1.835000	0.908203	1.123047
1.840000	0.156250	0.507812
1.845000	-0.185547	-0.180664
1.850000	-0.068359	-0.810547
1.855000	0.454102	-0.888672
1.860000	1.035156	-0.488281
1.865000	1.347656	0.117188
1.870000	1.269531	0.659180
1.875000	0.834961	0.957031
1.880000	0.195312	0.966797
1.885000	-0.439453	0.336914
1.890000	-0.629883	-1.372070
1.895000	0.278320	-2.675781
1.900000	2.026367	-2.553711
1.905000	3.710938	-1.401367
1.910000	4.628906	0.092773
1.915000	4.575195	1.308594
1.920000	3.710938	1.879883
1.925000	2.470703	1.752930
1.930000	1.303711	1.162109
1.935000	0.532227	0.429688
1.940000	0.234375	-0.136719
1.945000	0.317383	-0.380859
1.950000	0.556641	-0.288086
1.955000	0.737305	0.019531
1.960000	0.722656	0.371094
1.965000	0.473633	0.634766
1.970000	0.048828	0.722656
1.975000	-0.424805	0.190430
1.980000	-0.517578	-1.240234
1.985000	0.297852	-2.226562
1.990000	1.752930	-2.026367
1.995000	3.081055	-1.010742
2.000000	3.745117	0.244141
2.005000	3.588867	1.230469
2.010000	2.778320	1.650391
2.015000	1.689453	1.499023
2.020000	0.698242	0.981445
2.025000	0.034180	0.356445
2.030000	-0.205078	-0.361328
2.035000	0.029297	-0.878906
2.040000	0.600586	-0.825195
2.045000	1.142578	-0.351562
2.050000	1.367188	0.258789
2.055000	1.201172	0.756836
2.060000	0.693359	0.986328
2.065000	0.039062	0.913086
2.070000	-0.551758	0.009766
2.075000	-0.527344	-1.806641
2.080000	0.649414	-2.768555
2.085000	2.465820	-2.353516
2.090000	4.003906	-1.059570
2.095000	4.707031	0.424805
2.100000	4.428711	1.508789
2.105000	3.437500	1.904297
2.110000	2.177734	1.645508
2.115000	1.088867	0.991211
2.120000	0.424805	0.273438
2.125000	0.229492	-0.224609
2.130000	0.371094	-0.385742
2.135000	0.610352	-0.229492
2.140000	0.756836	0.102539
2.145000	0.683594	0.449219
2.150000	0.385742	0.673828
2.155000	-0.063477	0.678711
2.160000	-0.502930	-0.087891
2.165000	-0.419922	-1.577148
2.170000	0.615234	-2.275391
2.175000	2.104492	-1.840820
2.180000	3.315430	-0.712891
2.185000	3.779297	0.517578
2.190000	3.447266	1.381836
2.195000	2.529297	1.665039
2.200000	1.430664	1.396484
2.205000	0.502930	0.830078
2.210000	-0.058594	0.205078
2.215000	-0.190430	-0.527344
2.220000	0.146484	-0.917969
2.225000	0.747070	-0.747070
2.230000	1.235352	-0.214844
2.235000	1.357422	0.390625
2.240000	1.108398	0.839844
2.245000	0.546875	1.000977
2.250000	-0.117188	0.805664
2.255000	-0.629883	-0.380859
2.260000	-0.356445	-2.167969
2.265000	1.054688	-2.783203
2.270000	2.875977	-2.099609
2.275000	4.262695	-0.703125
2.280000	4.721680	0.732422
2.285000	4.243164	1.665039
2.290000	3.144531	1.894531
2.295000	1.889648	1.513672
2.300000	0.888672	0.810547
2.305000	0.336914	0.131836
2.310000	0.239258	-0.292969
2.315000	0.424805	-0.366211
2.320000	0.659180	-0.156250
2.325000	0.761719	0.190430
2.330000	0.629883	0.512695
2.335000	0.288086	0.703125
2.340000	-0.180664	0.600586
2.345000	-0.556641	-0.419922
2.350000	-0.258789	-1.860352
2.355000	0.957031	-2.265625
2.360000	2.436523	-1.611328
2.365000	3.500977	-0.415039
2.370000	3.764648	0.766602
2.375000	3.271484	1.503906
2.380000	2.280273	1.640625
2.385000	1.196289	1.284180
2.390000	0.336914	0.683594
2.395000	-0.126953	0.034180
2.400000	-0.151367	-0.673828
2.405000	0.283203	-0.922852
2.410000	0.883789	-0.639648
2.415000	1.293945	-0.063477
2.420000	1.333008	0.522461
2.425000	0.996094	0.903320
2.430000	0.395508	0.996094
2.435000	-0.268555	0.639648
2.440000	-0.664062	-0.815430
2.445000	-0.112305	-2.446289
2.450000	1.484375	-2.724609
2.455000	3.271484	-1.806641
2.460000	4.462891	-0.341797
2.465000	4.687500	1.015625
2.470000	4.023438	1.787109
2.475000	2.841797	1.855469
2.480000	1.616211	1.362305
2.485000	0.712891	0.639648
2.490000	0.283203	0.000000
2.495000	0.263672	-0.346680
2.500000	0.483398	-0.341797
2.505000	0.698242	-0.083008
2.510000	0.751953	0.273438
2.515000	0.571289	0.571289
2.520000	0.185547	0.722656
2.525000	-0.292969	0.454102
2.530000	-0.571289	-0.781250
2.535000	-0.039062	-2.065430
2.540000	1.298828	-2.187500
2.545000	2.744141	-1.357422
2.550000	3.642578	-0.112305
2.555000	3.725586	0.991211
2.560000	3.066406	1.586914
2.565000	2.016602	1.591797
2.570000	0.957031	1.152344
2.575000	0.185547	0.541992
2.580000	-0.175781	-0.136719
2.585000	-0.087891	-0.786133
2.590000	0.419922	-0.898438
2.595000	1.005859	-0.522461
2.600000	1.342773	0.083008
2.605000	1.284180	0.629883
2.610000	0.869141	0.952148
2.615000	0.234375	0.976562
2.620000	-0.410156	0.405273
2.625000	-0.639648	-1.264648
2.630000	0.195312	-2.641602
2.635000	1.918945	-2.592773
2.640000	3.627930	-1.484375
2.645000	4.604492	0.009766
2.650000	4.604492	1.254883
2.655000	3.769531	1.865234
2.660000	2.539062	1.777344
2.665000	1.367188	1.206055
2.670000	0.571289	0.473633
2.675000	0.244141	-0.112305
2.680000	0.302734	-0.371094
2.685000	0.541992	-0.297852
2.690000	0.732422	-0.004883
2.695000	0.732422	0.351562
2.700000	0.493164	0.625000
2.705000	0.073242	0.727539
2.710000	-0.400391	0.249023
2.715000	-0.537109	-1.157227
2.720000	0.224609	-2.202148
2.725000	1.665039	-2.065430
2.730000	3.022461	-1.083984
2.735000	3.730469	0.175781
2.740000	3.618164	1.186523
2.745000	2.836914	1.640625
2.750000	1.757812	1.523438
2.755000	0.742188	1.015625
2.760000	0.063477	0.395508
2.765000	-0.205078	-0.317383
2.770000	0.000000	-0.869141
2.775000	0.566406	-0.844727
2.780000	1.118164	-0.385742
2.785000	1.362305	0.224609
2.790000	1.220703	0.737305
2.795000	0.727539	0.986328
2.800000	0.073242	0.927734
2.805000	-0.527344	0.097656
2.810000	-0.561523	-1.704102
2.815000	0.556641	-2.753906
2.820000	2.363281	-2.407227
2.825000	3.935547	-1.142578
2.830000	4.692383	0.341797
2.835000	4.467773	1.464844
2.840000	3.505859	1.904297
2.845000	2.250977	1.674805
2.850000	1.137695	1.030273
2.855000	0.449219	0.307617
2.860000	0.224609	-0.205078
2.865000	0.356445	-0.380859
2.870000	0.600586	-0.239258
2.875000	0.751953	0.083008
2.880000	0.693359	0.424805
2.885000	0.410156	0.664062
2.890000	-0.039062	0.693359
2.895000	-0.483398	-0.014648
2.900000	-0.449219	-1.503906
2.905000	0.532227	-2.270508
2.910000	2.021484	-1.889648
2.915000	3.261719	-0.791016
2.920000	3.779297	0.454102
2.925000	3.486328	1.342773
2.930000	2.592773	1.660156
2.935000	1.494141	1.425781
2.940000	0.551758	0.869141
2.945000	-0.034180	0.239258
2.950000	-0.200195	-0.488281
2.955000	0.117188	-0.913086
2.960000	0.712891	-0.766602
2.965000	1.210938	-0.244141
2.970000	1.367188	0.361328
2.975000	1.127930	0.820312
2.980000	0.585938	0.996094
2.985000	-0.083008	0.839844
2.990000	-0.620117	-0.283203
2.995000	-0.405273	-2.089844
3.000000	0.961914	-2.788086
3.005000	2.783203	-2.163086
3.010000	4.208984	-0.786133
3.015000	4.726562	0.664062
3.020000	4.296875	1.635742
3.025000	3.217773	1.909180
3.030000	1.953125	1.547852
3.035000	0.932617	0.854492
3.040000	0.356445	0.161133
3.045000	0.234375	-0.278320
3.050000	0.410156	-0.371094
3.055000	0.649414	-0.175781
3.060000	0.761719	0.166016
3.065000	0.644531	0.498047
3.070000	0.312500	0.693359
3.075000	-0.156250	0.625000
3.080000	-0.551758	-0.341797
3.085000	-0.302734	-1.801758
3.090000	0.869141	-2.275391
3.095000	2.363281	-1.669922
3.100000	3.461914	-0.488281
3.105000	3.779297	0.712891
3.110000	3.315430	1.479492
3.115000	2.338867	1.650391
3.120000	1.250000	1.313477
3.125000	0.371094	0.722656
3.130000	-0.117188	0.073242
3.135000	-0.166016	-0.644531
3.140000	0.249023	-0.932617
3.145000	0.854492	-0.668945
3.150000	1.284180	-0.102539
3.155000	1.352539	0.488281
3.160000	1.025391	0.893555
3.165000	0.434570	1.000977
3.170000	-0.234375	0.693359
3.175000	-0.659180	-0.708008
3.180000	-0.180664	-2.387695
3.185000	1.376953	-2.744141
3.190000	3.173828	-1.884766
3.195000	4.418945	-0.429688
3.200000	4.707031	0.942383
3.205000	4.082031	1.762695
3.210000	2.924805	1.865234
3.215000	1.689453	1.401367
3.220000	0.761719	0.683594
3.225000	0.297852	0.029297
3.230000	0.263672	-0.332031
3.235000	0.473633	-0.346680
3.240000	0.698242	-0.107422
3.245000	0.761719	0.253906
3.250000	0.590820	0.556641
3.255000	0.214844	0.722656
3.260000	-0.263672	0.502930
3.265000	-0.571289	-0.683594
3.270000	-0.107422	-2.016602
3.275000	1.210938	-2.216797
3.280000	2.661133	-1.430664
3.285000	3.608398	-0.195312
3.290000	3.735352	0.932617
3.295000	3.125000	1.567383
3.300000	2.084961	1.611328
3.305000	1.025391	1.191406
3.310000	0.224609	0.585938
3.315000	-0.166016	-0.087891
3.320000	-0.107422	-0.761719
3.325000	0.380859	-0.908203
3.330000	0.976562	-0.561523
3.335000	1.333008	0.039062
3.340000	1.298828	0.605469
3.345000	0.908203	0.937500
3.350000	0.278320	0.986328
3.355000	-0.371094	0.478516
3.360000	-0.654297	-1.147461
3.365000	0.107422	-2.597656
3.370000	1.801758	-2.636719
3.375000	3.535156	-1.577148
3.380000	4.570312	-0.083008
3.385000	4.633789	1.196289
3.390000	3.842773	1.850586
3.395000	2.622070	1.801758
3.400000	1.430664	1.245117
3.405000	0.605469	0.517578
3.410000	0.244141	-0.083008
3.415000	0.292969	-0.361328
3.420000	0.527344	-0.312500
3.425000	0.727539	-0.024414
3.430000	0.732422	0.332031
3.435000	0.512695	0.615234
3.440000	0.102539	0.732422
3.445000	-0.375977	0.302734
3.450000	-0.551758	-1.069336
3.455000	0.151367	-2.182617
3.460000	1.577148	-2.104492
3.465000	2.958984	-1.157227
3.470000	3.725586	0.102539
3.475000	3.652344	1.142578
3.480000	2.895508	1.630859
3.485000	1.816406	1.542969
3.490000	0.795898	1.049805
3.495000	0.092773	0.429688
3.500000	-0.200195	-0.273438
3.505000	-0.019531	-0.854492
3.510000	0.532227	-0.864258
3.515000	1.093750	-0.424805
3.520000	1.362305	0.185547
3.525000	1.240234	0.712891
3.530000	0.771484	0.976562
3.535000	0.117188	0.947266
3.540000	-0.502930	0.175781
3.545000	-0.590820	-1.601562
3.550000	0.463867	-2.739258
3.555000	2.255859	-2.460938
3.560000	3.867188	-1.230469
3.565000	4.682617	0.263672
3.570000	4.511719	1.416016
3.575000	3.579102	1.899414
3.580000	2.329102	1.704102
3.585000	1.201172	1.074219
3.590000	0.473633	0.346680
3.595000	0.234375	-0.180664
3.600000	0.341797	-0.380859
3.605000	0.590820	-0.258789
3.610000	0.751953	0.063477
3.615000	0.703125	0.415039
3.620000	0.429688	0.654297
3.625000	-0.004883	0.708008
3.630000	-0.463867	0.058594
3.635000	-0.473633	-1.406250
3.640000	0.444336	-2.265625
3.645000	1.923828	-1.943359
3.650000	3.198242	-0.874023
3.655000	3.764648	0.375977
3.660000	3.530273	1.308594
3.665000	2.661133	1.660156
3.670000	1.562500	1.455078
3.675000	0.600586	0.913086
3.680000	-0.009766	0.283203
3.685000	-0.205078	-0.439453
3.690000	0.083008	-0.903320
3.695000	0.673828	-0.786133
3.700000	1.191406	-0.288086
3.705000	1.372070	0.327148
3.710000	1.162109	0.795898
3.715000	0.629883	0.996094
3.720000	-0.034180	0.869141
3.725000	-0.600586	-0.170898
3.730000	-0.458984	-1.987305
3.735000	0.844727	-2.788086
3.740000	2.661133	-2.236328
3.745000	4.135742	-0.888672
3.750000	4.721680	0.581055
3.755000	4.345703	1.591797
3.760000	3.295898	1.904297
3.765000	2.036133	1.582031
3.770000	0.986328	0.908203
3.775000	0.380859	0.205078
3.780000	0.234375	-0.258789
3.785000	0.395508	-0.380859
3.790000	0.639648	-0.195312
3.795000	0.761719	0.141602
3.800000	0.659180	0.483398
3.805000	0.336914	0.688477
3.810000	-0.122070	0.649414
3.815000	-0.532227	-0.244141
3.820000	-0.346680	-1.718750
3.825000	0.771484	-2.280273
3.830000	2.265625	-1.738281
3.835000	3.408203	-0.571289
3.840000	3.784180	0.634766
3.845000	3.364258	1.445312
3.850000	2.412109	1.655273
3.855000	1.313477	1.347656
3.860000	0.419922	0.766602
3.865000	-0.092773	0.122070
3.870000	-0.175781	-0.600586
3.875000	0.209961	-0.922852
3.880000	0.810547	-0.698242
3.885000	1.259766	-0.146484
3.890000	1.352539	0.454102
3.895000	1.054688	0.874023
3.900000	0.478516	1.000977
3.905000	-0.190430	0.737305
3.910000	-0.649414	-0.585938
3.915000	-0.249023	-2.314453
3.920000	1.259766	-2.763672
3.925000	3.071289	-1.967773
3.930000	4.365234	-0.527344
3.935000	4.716797	0.874023
3.940000	4.145508	1.733398
3.945000	3.007812	1.879883
3.950000	1.757812	1.445312
3.955000	0.795898	0.727539
3.960000	0.307617	0.063477
3.965000	0.253906	-0.322266
3.970000	0.454102	-0.361328
3.975000	0.683594	-0.122070
3.980000	0.761719	0.229492
3.985000	0.605469	0.541992
3.990000	0.234375	0.712891
3.995000	-0.239258	0.532227
4.000000	-0.566406	-0.600586
4.005000	-0.156250	-1.967773
4.010000	1.127930	-2.236328
4.015000	2.592773	-1.494141
4.020000	3.579102	-0.263672
4.025000	3.750000	0.883789
4.030000	3.173828	1.552734
4.035000	2.153320	1.625977
4.040000	1.079102	1.225586
4.045000	0.253906	0.615234
4.050000	-0.156250	-0.048828
4.055000	-0.126953	-0.732422
4.060000	0.346680	-0.917969
4.065000	0.942383	-0.585938
4.070000	1.318359	0.004883
4.075000	1.313477	0.581055
4.080000	0.932617	0.927734
4.085000	0.317383	0.991211
4.090000	-0.336914	0.537109
4.095000	-0.664062	-1.044922
4.100000	0.034180	-2.558594
4.105000	1.699219	-2.666016
4.110000	3.457031	-1.650391
4.115000	4.541016	-0.166016
4.120000	4.658203	1.142578
4.125000	3.901367	1.831055
4.130000	2.700195	1.821289
4.135000	1.489258	1.284180
4.140000	0.639648	0.556641
4.145000	0.263672	-0.058594
4.150000	0.288086	-0.361328
4.155000	0.517578	-0.322266
4.160000	0.722656	-0.043945
4.165000	0.747070	0.312500
4.170000	0.537109	0.600586
4.175000	0.131836	0.732422
4.180000	-0.341797	0.366211
4.185000	-0.561523	-0.961914
4.190000	0.078125	-2.138672
4.195000	1.479492	-2.138672
4.200000	2.875977	-1.230469
4.205000	3.691406	0.024414
4.210000	3.676758	1.088867
4.215000	2.958984	1.621094
4.220000	1.889648	1.562500
4.225000	0.854492	1.093750
4.230000	0.126953	0.473633
4.235000	-0.190430	-0.219727
4.240000	-0.043945	-0.834961
4.245000	0.488281	-0.878906
4.250000	1.064453	-0.458984
4.255000	1.357422	0.146484
4.260000	1.254883	0.683594
4.265000	0.805664	0.966797
4.270000	0.161133	0.961914
4.275000	-0.468750	0.268555
4.280000	-0.615234	-1.474609
4.285000	0.361328	-2.705078
4.290000	2.128906	-2.509766
4.295000	3.774414	-1.323242
4.300000	4.663086	0.170898
4.305000	4.545898	1.357422
4.310000	3.652344	1.889648
4.315000	2.407227	1.733398
4.320000	1.254883	1.123047
4.325000	0.507812	0.395508
4.330000	0.229492	-0.161133
4.335000	0.327148	-0.380859
4.340000	0.576172	-0.273438
4.345000	0.747070	0.034180
4.350000	0.712891	0.385742
4.355000	0.454102	0.644531
4.360000	0.019531	0.717773
4.365000	-0.444336	0.126953
4.370000	-0.502930	-1.318359
4.375000	0.366211	-2.241211
4.380000	1.831055	-1.992188
4.385000	3.134766	-0.947266
4.390000	3.754883	0.307617
4.395000	3.564453	1.264648
4.400000	2.724609	1.655273
4.405000	1.630859	1.479492
4.410000	0.649414	0.947266
4.415000	0.009766	0.322266
4.420000	-0.205078	-0.400391
4.425000	0.053711	-0.888672
4.430000	0.634766	-0.810547
4.435000	1.166992	-0.322266
4.440000	1.372070	0.288086
4.445000	1.186523	0.776367
4.450000	0.664062	0.991211
4.455000	0.000000	0.893555
4.460000	-0.576172	-0.073242
4.465000	-0.498047	-1.894531
4.470000	0.742188	-2.778320
4.475000	2.553711	-2.299805
4.480000	4.067383	-0.981445
4.485000	4.716797	0.498047
4.490000	4.384766	1.552734
4.495000	3.374023	1.904297
4.500000	2.114258	1.616211
4.505000	1.040039	0.947266
4.510000	0.400391	0.244141
4.515000	0.229492	-0.244141
4.520000	0.380859	-0.380859
4.525000	0.620117	-0.209961
4.530000	0.761719	0.122070
4.535000	0.673828	0.463867
4.540000	0.361328	0.683594
4.545000	-0.087891	0.668945
4.550000	-0.517578	-0.161133
4.555000	-0.395508	-1.650391
4.560000	0.683594	-2.280273
4.565000	2.182617	-1.791992
4.570000	3.359375	-0.649414
4.575000	3.784180	0.576172
4.580000	3.413086	1.411133
4.585000	2.480469	1.660156
4.590000	1.376953	1.372070
4.595000	0.463867	0.800781
4.600000	-0.073242	0.166016
4.605000	-0.185547	-0.561523
4.610000	0.170898	-0.922852
4.615000	0.776367	-0.722656
4.620000	1.245117	-0.180664
4.625000	1.357422	0.424805
4.630000	1.083984	0.854492
4.635000	0.512695	1.000977
4.640000	-0.151367	0.776367
4.645000	-0.634766	-0.473633
4.650000	-0.307617	-2.236328
4.655000	1.157227	-2.778320
4.660000	2.968750	-2.036133
4.665000	4.311523	-0.620117
4.670000	4.721680	0.795898
4.675000	4.199219	1.699219
4.680000	3.076172	1.889648
4.685000	1.831055	1.479492
4.690000	0.844727	0.771484
4.695000	0.322266	0.102539
4.700000	0.244141	-0.307617
4.705000	0.439453	-0.366211
4.710000	0.673828	-0.141602
4.715000	0.761719	0.209961
4.720000	0.620117	0.532227
4.725000	0.263672	0.703125
4.730000	-0.205078	0.566406
4.735000	-0.561523	-0.502930
4.740000	-0.214844	-1.909180
4.745000	1.030273	-2.255859
4.750000	2.504883	-1.557617
4.755000	3.540039	-0.346680
4.760000	3.759766	0.820312
4.765000	3.227539	1.523438
4.770000	2.221680	1.630859
4.775000	1.142578	1.254883
4.780000	0.302734	0.649414
4.785000	-0.136719	0.000000
4.790000	-0.141602	-0.703125
4.795000	0.312500	-0.917969
4.800000	0.913086	-0.615234
4.805000	1.308594	-0.029297
4.810000	1.328125	0.546875
4.815000	0.966797	0.917969
4.820000	0.356445	0.996094
4.825000	-0.302734	0.595703
4.830000	-0.664062	-0.917969
4.835000	-0.048828	-2.495117
4.840000	1.577148	-2.695312
4.845000	3.354492	-1.733398
4.850000	4.497070	-0.263672
4.855000	4.672852	1.069336
4.860000	3.964844	1.811523
4.865000	2.778320	1.835938
4.870000	1.557617	1.328125
4.875000	0.678711	0.600586
4.880000	0.268555	-0.024414
4.885000	0.278320	-0.351562
4.890000	0.498047	-0.332031
4.895000	0.712891	-0.063477
4.900000	0.747070	0.292969
4.905000	0.551758	0.585938
4.910000	0.161133	0.727539
4.915000	-0.317383	0.415039
4.920000	-0.566406	-0.869141
4.925000	0.009766	-2.104492
4.930000	1.381836	-2.167969
4.935000	2.807617	-1.293945
4.940000	3.662109	-0.043945
4.945000	3.701172	1.040039
4.950000	3.012695	1.606445
4.955000	1.958008	1.577148
4.960000	0.913086	1.123047
4.965000	0.156250	0.507812
4.970000	-0.185547	-0.175781
4.975000	-0.068359	-0.810547
4.980000	0.454102	-0.888672
4.985000	1.030273	-0.493164
4.990000	1.352539	0.112305
4.995000	1.269531	0.659180
5.000000	0.839844	0.961914
5.005000	0.200195	0.966797
5.010000	-0.434570	0.341797
5.015000	-0.629883	-1.367188
5.020000	0.273438	-2.670898
5.025000	2.021484	-2.558594
5.030000	3.701172	-1.411133
5.035000	4.633789	0.083008
5.040000	4.580078	1.303711
5.045000	3.715820	1.875000
5.050000	2.480469	1.757812
5.055000	1.308594	1.166992
5.060000	0.541992	0.434570
5.065000	0.239258	-0.136719
5.070000	0.312500	-0.375977
5.075000	0.556641	-0.288086
5.080000	0.737305	0.102539
5.085000	0.683594	0.454102
5.090000	0.380859	0.678711
5.095000	-0.068359	0.678711
5.100000	-0.507812	-0.102539
5.105000	-0.415039	-1.591797
5.110000	0.620117	-2.275391
5.115000	2.119141	-1.831055
5.120000	3.320312	-0.703125
5.125000	3.784180	0.527344
5.130000	3.437500	1.391602
5.135000	2.519531	1.660156
5.140000	1.420898	1.396484
5.145000	0.493164	0.825195
5.150000	-0.058594	0.195312
5.155000	-0.190430	-0.532227
5.160000	0.151367	-0.917969
5.165000	0.747070	-0.742188
5.170000	1.235352	-0.205078
5.175000	1.362305	0.400391
5.180000	1.103516	0.839844
5.185000	0.541992	1.005859
5.190000	-0.126953	0.805664
5.195000	-0.629883	-0.400391
5.200000	-0.346680	-2.182617
5.205000	1.079102	-2.783203
5.210000	2.895508	-2.084961
5.215000	4.272461	-0.683594
5.220000	4.726562	0.747070
5.225000	4.238281	1.674805
5.230000	3.129883	1.894531
5.235000	1.879883	1.503906
5.240000	0.883789	0.805664
5.245000	0.332031	0.122070
5.250000	0.244141	-0.297852
5.255000	0.424805	-0.366211
5.260000	0.664062	-0.156250
5.265000	0.766602	0.195312
5.270000	0.629883	0.517578
5.275000	0.283203	0.703125
5.280000	-0.185547	0.590820
5.285000	-0.556641	-0.434570
5.290000	-0.253906	-1.870117
5.295000	0.971680	-2.265625
5.300000	2.451172	-1.601562
5.305000	3.505859	-0.400391
5.310000	3.764648	0.781250
5.315000	3.261719	1.508789
5.320000	2.270508	1.640625
5.325000	1.186523	1.279297
5.330000	0.327148	0.678711
5.335000	-0.131836	0.029297
5.340000	-0.151367	-0.673828
5.345000	0.283203	-0.922852
5.350000	0.888672	-0.634766
5.355000	1.298828	-0.058594
5.360000	1.333008	0.527344
5.365000	0.991211	0.908203
5.370000	0.385742	0.996094
5.375000	-0.273438	0.634766
5.380000	-0.664062	-0.834961
5.385000	-0.102539	-2.456055
5.390000	1.503906	-2.719727
5.395000	3.286133	-1.796875
5.400000	4.467773	-0.327148
5.405000	4.687500	1.025391
5.410000	4.013672	1.791992
5.415000	2.832031	1.850586
5.420000	1.606445	1.357422
5.425000	0.708008	0.629883
5.430000	0.278320	-0.004883
5.435000	0.263672	-0.341797
5.440000	0.488281	-0.336914
5.445000	0.703125	-0.078125
5.450000	0.751953	0.278320
5.455000	0.566406	0.576172
5.460000	0.175781	0.722656
5.465000	-0.297852	0.444336
5.470000	-0.566406	-0.800781
5.475000	-0.034180	-2.070312
5.480000	1.318359	-2.192383
5.485000	2.753906	-1.342773
5.490000	3.647461	-0.102539
5.495000	3.720703	0.996094
5.500000	3.056641	1.586914
5.505000	2.001953	1.591797
5.510000	0.947266	1.152344
5.515000	0.180664	0.537109
5.520000	-0.180664	-0.141602
5.525000	-0.083008	-0.791016
5.530000	0.429688	-0.893555
5.535000	1.015625	-0.517578
5.540000	1.342773	0.083008
5.545000	1.284180	0.639648
5.550000	0.864258	0.957031
5.555000	0.229492	0.976562
5.560000	-0.410156	0.395508
5.565000	-0.634766	-1.284180
5.570000	0.209961	-2.646484
5.575000	1.938477	-2.587891
5.580000	3.637695	-1.469727
5.585000	4.614258	0.019531
5.590000	4.594727	1.264648
5.595000	3.759766	1.865234
5.600000	2.529297	1.777344
5.605000	1.357422	1.196289
5.610000	0.566406	0.463867
5.615000	0.244141	-0.117188
5.620000	0.307617	-0.371094
5.625000	0.541992	-0.297852
5.630000	0.732422	0.000000
5.635000	0.732422	0.356445
5.640000	0.488281	0.625000
5.645000	0.068359	0.727539
5.650000	-0.400391	0.244141
5.655000	-0.537109	-1.171875
5.660000	0.234375	-2.202148
5.665000	1.679688	-2.060547
5.670000	3.027344	-1.079102
5.675000	3.735352	0.185547
5.680000	3.618164	1.191406
5.685000	2.827148	1.640625
5.690000	1.743164	1.518555
5.695000	0.737305	1.005859
5.700000	0.058594	0.390625
5.705000	-0.205078	-0.322266
5.710000	0.004883	-0.869141
5.715000	0.571289	-0.839844
5.720000	1.123047	-0.385742
5.725000	1.367188	0.224609
5.730000	1.220703	0.737305
5.735000	0.727539	0.981445
5.740000	0.068359	0.927734
5.745000	-0.532227	0.078125
5.750000	-0.556641	-1.723633
5.755000	0.571289	-2.758789
5.760000	2.377930	-2.402344
5.765000	3.945312	-1.132812
5.770000	4.697266	0.356445
5.775000	4.462891	1.469727
5.780000	3.496094	1.904297
5.785000	2.236328	1.665039
5.790000	1.132812	1.025391
5.795000	0.444336	0.307617
5.800000	0.229492	-0.205078
5.805000	0.361328	-0.380859
5.810000	0.605469	-0.244141
5.815000	0.756836	0.083008
5.820000	0.693359	0.429688
5.825000	0.405273	0.664062
5.830000	-0.043945	0.693359
5.835000	-0.488281	-0.029297
5.840000	-0.449219	-1.513672
5.845000	0.546875	-2.270508
5.850000	2.031250	-1.879883
5.855000	3.266602	-0.776367
5.860000	3.779297	0.463867
5.865000	3.481445	1.352539
5.870000	2.583008	1.660156
5.875000	1.484375	1.420898
5.880000	0.546875	0.864258
5.885000	-0.039062	0.239258
5.890000	-0.200195	-0.493164
5.895000	0.117188	-0.913086
5.900000	0.717773	-0.766602
5.905000	1.215820	-0.244141
5.910000	1.367188	0.366211
5.915000	1.127930	0.825195
5.920000	0.581055	0.996094
5.925000	-0.087891	0.834961
5.930000	-0.620117	-0.297852
5.935000	-0.400391	-2.099609
5.940000	0.971680	-2.788086
5.945000	2.792969	-2.153320
5.950000	4.213867	-0.776367
5.955000	4.731445	0.668945
5.960000	4.287109	1.640625
5.965000	3.203125	1.904297
5.970000	1.948242	1.542969
5.975000	0.927734	0.849609
5.980000	0.356445	0.156250
5.985000	0.234375	-0.283203
5.990000	0.415039	-0.371094
5.995000	0.649414	-0.170898
6.000000	0.761719	0.170898
6.005000	0.644531	0.502930
6.010000	0.307617	0.693359
6.015000	-0.156250	0.615234
6.020000	-0.551758	-0.351562
6.025000	-0.302734	-1.806641
6.030000	0.878906	-2.275391
6.035000	2.368164	-1.665039
6.040000	3.461914	-0.473633
6.045000	3.774414	0.717773
6.050000	3.305664	1.479492
6.055000	2.333984	1.650391
6.060000	1.235352	1.308594
6.065000	0.366211	0.712891
6.070000	-0.117188	0.073242
6.075000	-0.161133	-0.644531
6.080000	0.253906	-0.927734
6.085000	0.854492	-0.664062
6.090000	1.284180	-0.092773
6.095000	1.342773	0.498047
6.100000	1.015625	0.888672
6.105000	0.424805	0.996094
6.110000	-0.239258	0.683594
6.115000	-0.659180	-0.722656
6.120000	-0.170898	-2.397461
6.125000	1.391602	-2.739258
6.130000	3.193359	-1.870117
6.135000	4.423828	-0.415039
6.140000	4.702148	0.957031
6.145000	4.072266	1.767578
6.150000	2.910156	1.865234
6.155000	1.674805	1.396484
6.160000	0.747070	0.673828
6.165000	0.288086	0.024414
6.170000	0.258789	-0.332031
6.175000	0.473633	-0.346680
6.180000	0.693359	-0.097656
6.185000	0.756836	0.258789
6.190000	0.581055	0.561523
6.195000	0.205078	0.722656
6.200000	-0.273438	0.488281
6.205000	-0.571289	-0.708008
6.210000	-0.092773	-2.026367
6.215000	1.230469	-2.211914
6.220000	2.680664	-1.411133
6.225000	3.618164	-0.175781
6.230000	3.730469	0.947266
6.235000	3.110352	1.572266
6.240000	2.070312	1.606445
6.245000	1.005859	1.186523
6.250000	0.214844	0.571289
6.255000	-0.166016	-0.097656
6.260000	-0.102539	-0.766602
6.265000	0.390625	-0.908203
6.270000	0.981445	-0.551758
6.275000	1.333008	0.048828
6.280000	1.298828	0.610352
6.285000	0.898438	0.942383
6.290000	0.268555	0.986328
6.295000	-0.380859	0.463867
6.300000	-0.649414	-1.176758
6.305000	0.122070	-2.607422
6.310000	1.831055	-2.626953
6.315000	3.559570	-1.552734
6.320000	4.580078	-0.063477
6.325000	4.628906	1.210938
6.330000	3.823242	1.855469
6.335000	2.602539	1.796875
6.340000	1.416016	1.235352
6.345000	0.595703	0.502930
6.350000	0.253906	-0.087891
6.355000	0.297852	-0.361328
6.360000	0.537109	-0.312500
6.365000	0.732422	-0.019531
6.370000	0.732422	0.336914
6.375000	0.507812	0.615234
6.380000	0.097656	0.732422
6.385000	-0.380859	0.297852
6.390000	-0.551758	-1.079102
6.395000	0.166016	-2.182617
6.400000	1.591797	-2.094727
6.405000	2.963867	-1.147461
6.410000	3.725586	0.117188
6.415000	3.647461	1.147461
6.420000	2.885742	1.630859
6.425000	1.806641	1.542969
6.430000	0.786133	1.044922
6.435000	0.087891	0.424805
6.440000	-0.200195	-0.278320
6.445000	-0.014648	-0.854492
6.450000	0.537109	-0.859375
6.455000	1.093750	-0.419922
6.460000	1.362305	0.190430
6.465000	1.240234	0.712891
6.470000	0.761719	0.976562
6.475000	0.112305	0.942383
6.480000	-0.507812	0.166016
6.485000	-0.585938	-1.616211
6.490000	0.478516	-2.739258
6.495000	2.270508	-2.451172
6.500000	3.876953	-1.215820
6.505000	4.682617	0.283203
6.510000	4.501953	1.425781
6.515000	3.564453	1.899414
6.520000	2.309570	1.699219
6.525000	1.186523	1.069336
6.530000	0.468750	0.341797
6.535000	0.229492	-0.185547
6.540000	0.341797	-0.385742
6.545000	0.590820	-0.253906
6.550000	0.751953	0.063477
6.555000	0.703125	0.419922
6.560000	0.424805	0.659180
6.565000	-0.014648	0.703125
6.570000	-0.468750	0.043945
6.575000	-0.473633	-1.435547
6.580000	0.463867	-2.265625
6.585000	1.948242	-1.928711
6.590000	3.212891	-0.854492
6.595000	3.769531	0.400391
6.600000	3.515625	1.318359
6.605000	2.646484	1.660156
6.610000	1.542969	1.445312
6.615000	0.585938	0.898438
6.620000	-0.014648	0.278320
6.625000	-0.200195	-0.454102
6.630000	0.092773	-0.908203
6.635000	0.683594	-0.786133
6.640000	1.196289	-0.283203
6.645000	1.367188	0.332031
6.650000	1.152344	0.805664
6.655000	0.615234	0.996094
6.660000	-0.043945	0.864258
6.665000	-0.600586	-0.200195
6.670000	-0.444336	-2.016602
6.675000	0.874023	-2.788086
6.680000	2.690430	-2.216797
6.685000	4.155273	-0.864258
6.690000	4.726562	0.600586
6.695000	4.331055	1.601562
6.700000	3.276367	1.904297
6.705000	2.016602	1.577148
6.710000	0.971680	0.893555
6.715000	0.371094	0.190430
6.720000	0.234375	-0.263672
6.725000	0.400391	-0.375977
6.730000	0.639648	-0.190430
6.735000	0.761719	0.151367
6.740000	0.649414	0.483398
6.745000	0.327148	0.688477
6.750000	-0.126953	0.639648
6.755000	-0.537109	-0.268555
6.760000	-0.336914	-1.738281
6.765000	0.795898	-2.275391
6.770000	2.290039	-1.718750
6.775000	3.422852	-0.551758
6.780000	3.779297	0.659180
6.785000	3.354492	1.450195
6.790000	2.397461	1.655273
6.795000	1.293945	1.337891
6.800000	0.405273	0.756836
6.805000	-0.102539	0.112305
6.810000	-0.170898	-0.610352
6.815000	0.214844	-0.927734
6.820000	0.820312	-0.688477
6.825000	1.264648	-0.136719
6.830000	1.352539	0.463867
6.835000	1.044922	0.878906
6.840000	0.463867	1.000977
6.845000	-0.200195	0.727539
6.850000	-0.654297	-0.615234
6.855000	-0.229492	-2.333984
6.860000	1.284180	-2.758789
6.865000	3.095703	-1.938477
6.870000	4.379883	-0.502930
6.875000	4.711914	0.893555
6.880000	4.125977	1.738281
6.885000	2.978516	1.875000
6.890000	1.738281	1.425781
6.895000	0.786133	0.717773
6.900000	0.302734	0.058594
6.905000	0.253906	-0.322266
6.910000	0.458984	-0.356445
6.915000	0.688477	-0.117188
6.920000	0.756836	0.234375
6.925000	0.600586	0.551758
6.930000	0.234375	0.717773
6.935000	-0.244141	0.522461
6.940000	-0.566406	-0.615234
6.945000	-0.146484	-1.977539
6.950000	1.147461	-2.236328
6.955000	2.607422	-1.474609
6.960000	3.583984	-0.249023
6.965000	3.745117	0.893555
6.970000	3.159180	1.557617
6.975000	2.128906	1.621094
6.980000	1.064453	1.215820
6.985000	0.253906	0.605469
6.990000	-0.161133	-0.058594
6.995000	-0.122070	-0.742188
7.000000	0.356445	-0.913086
7.005000	0.947266	-0.581055
7.010000	1.323242	0.014648
7.015000	1.308594	0.581055
7.020000	0.927734	0.932617
7.025000	0.302734	0.986328
7.030000	-0.351562	0.522461
7.035000	-0.659180	-1.064453
7.040000	0.048828	-2.563477
7.045000	1.723633	-2.661133
7.050000	3.476562	-1.630859
7.055000	4.550781	-0.146484
7.060000	4.653320	1.152344
7.065000	3.891602	1.835938
7.070000	2.675781	1.816406
7.075000	1.474609	1.274414
7.080000	0.629883	0.546875
7.085000	0.258789	-0.063477
7.090000	0.288086	-0.361328
7.095000	0.517578	-0.322266
7.100000	0.722656	-0.039062
7.105000	0.742188	0.317383
7.110000	0.532227	0.605469
7.115000	0.122070	0.732422
7.120000	-0.356445	0.346680
7.125000	-0.556641	-0.986328
7.130000	0.097656	-2.153320
7.135000	1.503906	-2.128906
7.140000	2.900391	-1.215820
7.145000	3.701172	0.048828
7.150000	3.666992	1.098633
7.155000	2.939453	1.625977
7.160000	1.870117	1.557617
7.165000	0.839844	1.079102
7.170000	0.117188	0.463867
7.175000	-0.195312	-0.234375
7.180000	-0.039062	-0.834961
7.185000	0.498047	-0.869141
7.190000	1.069336	-0.454102
7.195000	1.352539	0.161133
7.200000	1.250000	0.693359
7.205000	0.791016	0.971680
7.210000	0.146484	0.957031
7.215000	-0.478516	0.244141
7.220000	-0.610352	-1.513672
7.225000	0.390625	-2.714844
7.230000	2.167969	-2.495117
7.235000	3.798828	-1.293945
7.240000	4.663086	0.195312
7.245000	4.531250	1.376953
7.250000	3.632812	1.884766
7.255000	2.382812	1.723633
7.260000	1.240234	1.108398
7.265000	0.498047	0.380859
7.270000	0.234375	-0.161133
7.275000	0.327148	-0.380859
7.280000	0.576172	-0.268555
7.285000	0.747070	0.043945
7.290000	0.712891	0.395508
7.295000	0.449219	0.649414
7.300000	0.009766	0.712891
7.305000	-0.449219	0.107422
7.310000	-0.498047	-1.347656
7.315000	0.390625	-2.246094
7.320000	1.860352	-1.972656
7.325000	3.154297	-0.922852
7.330000	3.759766	0.332031
7.335000	3.544922	1.274414
7.340000	2.705078	1.660156
7.345000	1.606445	1.469727
7.350000	0.629883	0.937500
7.355000	0.004883	0.312500
7.360000	-0.205078	-0.415039
7.365000	0.063477	-0.898438
7.370000	0.644531	-0.805664
7.375000	1.171875	-0.317383
7.380000	1.372070	0.297852
7.385000	1.176758	0.781250
7.390000	0.649414	0.996094
7.395000	-0.014648	0.883789
7.400000	-0.581055	-0.102539
7.405000	-0.483398	-1.923828
7.410000	0.771484	-2.783203
7.415000	2.587891	-2.280273
7.420000	4.091797	-0.947266
7.425000	4.716797	0.522461
7.430000	4.375000	1.562500
7.435000	3.349609	1.904297
7.440000	2.084961	1.606445
7.445000	1.025391	0.937500
7.450000	0.390625	0.224609
7.455000	0.229492	-0.244141
7.460000	0.385742	-0.380859
7.465000	0.629883	-0.209961
7.470000	0.756836	0.131836
7.475000	0.668945	0.468750
7.480000	0.356445	0.683594
7.485000	-0.102539	0.659180
7.490000	-0.527344	-0.190430
7.495000	-0.375977	-1.674805
7.500000	0.712891	-2.280273
7.505000	2.207031	-1.772461
7.510000	3.374023	-0.620117
7.515000	3.784180	0.600586
7.520000	3.393555	1.420898
7.525000	2.460938	1.660156
7.530000	1.352539	1.362305
7.535000	0.449219	0.786133
7.540000	-0.083008	0.151367
7.545000	-0.185547	-0.576172
7.550000	0.185547	-0.922852
7.555000	0.786133	-0.712891
7.560000	1.245117	-0.166016
7.565000	1.352539	0.434570
7.570000	1.074219	0.859375
7.575000	0.498047	1.000977
7.580000	-0.166016	0.761719
7.585000	-0.644531	-0.517578
7.590000	-0.288086	-2.260742
7.595000	1.196289	-2.773438
7.600000	3.007812	-2.011719
7.605000	4.331055	-0.590820
7.610000	4.721680	0.825195
7.615000	4.179688	1.708984
7.620000	3.051758	1.884766
7.625000	1.801758	1.469727
7.630000	0.830078	0.761719
7.635000	0.312500	0.087891
7.640000	0.249023	-0.312500
7.645000	0.444336	-0.361328
7.650000	0.678711	-0.131836
7.655000	0.761719	0.219727
7.660000	0.610352	0.537109
7.665000	0.258789	0.708008
7.670000	-0.214844	0.556641
7.675000	-0.566406	-0.537109
7.680000	-0.195312	-1.933594
7.685000	1.064453	-2.250977
7.690000	2.534180	-1.533203
7.695000	3.549805	-0.317383
7.700000	3.754883	0.839844
7.705000	3.203125	1.533203
7.710000	2.197266	1.630859
7.715000	1.118164	1.245117
7.720000	0.288086	0.639648
7.725000	-0.146484	-0.014648
7.730000	-0.136719	-0.717773
7.735000	0.322266	-0.917969
7.740000	0.922852	-0.610352
7.745000	1.313477	-0.019531
7.750000	1.323242	0.556641
7.755000	0.957031	0.927734
7.760000	0.341797	0.996094
7.765000	-0.317383	0.576172
7.770000	-0.664062	-0.961914
7.775000	-0.019531	-2.514648
7.780000	1.616211	-2.685547
7.785000	3.388672	-1.708984
7.790000	4.511719	-0.229492
7.795000	4.667969	1.093750
7.800000	3.945312	1.821289
7.805000	2.749023	1.831055
7.810000	1.538086	1.308594
7.815000	0.659180	0.585938
7.820000	0.263672	-0.034180
7.825000	0.278320	-0.351562
7.830000	0.502930	-0.322266
7.835000	0.712891	-0.053711
7.840000	0.747070	0.302734
7.845000	0.541992	0.590820
7.850000	0.151367	0.722656
7.855000	-0.327148	0.395508
7.860000	-0.566406	-0.903320
7.865000	0.034180	-2.119141
7.870000	1.420898	-2.158203
7.875000	2.836914	-1.269531
7.880000	3.676758	-0.024414
7.885000	3.691406	1.059570
7.890000	2.993164	1.611328
7.895000	1.928711	1.572266
7.900000	0.888672	1.113281
7.905000	0.146484	0.493164
7.910000	-0.185547	-0.190430
7.915000	-0.058594	-0.820312
7.920000	0.468750	-0.883789
7.925000	1.049805	-0.483398
7.930000	1.352539	0.126953
7.935000	1.264648	0.668945
7.940000	0.830078	0.961914
7.945000	0.190430	0.966797
7.950000	-0.449219	0.312500
7.955000	-0.625000	-1.406250
7.960000	0.302734	-2.690430
7.965000	2.065430	-2.539062
7.970000	3.730469	-1.376953
7.975000	4.643555	0.117188
7.980000	4.565430	1.323242
7.985000	3.696289	1.879883
7.990000	2.451172	1.748047
7.995000	1.289062	1.147461
8.000000	0.527344	0.419922
8.005000	0.234375	-0.141602
8.010000	0.322266	-0.375977
8.015000	0.561523	-0.283203
8.020000	0.742188	0.024414
8.025000	0.722656	0.375977
8.030000	0.463867	0.634766
8.035000	0.039062	0.722656
8.040000	-0.429688	0.166016
8.045000	-0.512695	-1.264648
8.050000	0.317383	-2.231445
8.055000	1.777344	-2.016602
8.060000	3.100586	-0.996094
8.065000	3.750000	0.263672
8.070000	3.579102	1.240234
8.075000	2.763672	1.650391
8.080000	1.669922	1.494141
8.085000	0.678711	0.966797
8.090000	0.029297	0.346680
8.095000	-0.205078	-0.371094
8.100000	0.039062	-0.888672
8.105000	0.610352	-0.820312
8.110000	1.152344	-0.341797
8.115000	1.367188	0.268555
8.120000	1.196289	0.761719
8.125000	0.683594	0.991211
8.130000	0.024414	0.908203
8.135000	-0.561523	-0.019531
8.140000	-0.522461	-1.831055
8.145000	0.678711	-2.778320
8.150000	2.490234	-2.338867
8.155000	4.023438	-1.035156
8.160000	4.711914	0.449219
8.165000	4.418945	1.518555
8.170000	3.417969	1.904297
8.175000	2.153320	1.635742
8.180000	1.069336	0.976562
8.185000	0.415039	0.263672
8.190000	0.224609	-0.229492
8.195000	0.375977	-0.380859
8.200000	0.615234	-0.224609
8.205000	0.761719	0.112305
8.210000	0.683594	0.454102
8.215000	0.375977	0.673828
8.220000	-0.073242	0.678711
8.225000	-0.512695	-0.112305
8.230000	-0.410156	-1.601562
8.235000	0.634766	-2.275391
8.240000	2.128906	-1.826172
8.245000	3.330078	-0.693359
8.250000	3.784180	0.537109
8.255000	3.432617	1.391602
8.260000	2.514648	1.660156
8.265000	1.416016	1.391602
8.270000	0.488281	0.825195
8.275000	-0.063477	0.195312
8.280000	-0.190430	-0.541992
8.285000	0.156250	-0.917969
8.290000	0.756836	-0.737305
8.295000	1.240234	-0.200195
8.300000	1.362305	0.405273
8.305000	1.098633	0.844727
8.310000	0.537109	1.000977
8.315000	-0.131836	0.800781
8.320000	-0.634766	-0.415039
8.325000	-0.341797	-2.192383
8.330000	1.088867	-2.778320
8.335000	2.910156	-2.075195
8.340000	4.277344	-0.673828
8.345000	4.721680	0.756836
8.350000	4.228516	1.679688
8.355000	3.125000	1.894531
8.360000	1.870117	1.503906
8.365000	0.874023	0.800781
8.370000	0.332031	0.117188
8.375000	0.244141	-0.297852
8.380000	0.429688	-0.366211
8.385000	0.668945	-0.156250
8.390000	0.761719	0.195312
8.395000	0.625000	0.517578
8.400000	0.283203	0.703125
8.405000	-0.190430	0.585938
8.410000	-0.561523	-0.449219
8.415000	-0.249023	-1.875000
8.420000	0.976562	-2.260742
8.425000	2.465820	-1.591797
8.430000	3.515625	-0.390625
8.435000	3.764648	0.786133
8.440000	3.251953	1.513672
8.445000	2.260742	1.635742
8.450000	1.176758	1.274414
8.455000	0.322266	0.678711
8.460000	-0.131836	0.024414
8.465000	-0.151367	-0.683594
8.470000	0.292969	-0.922852
8.475000	0.888672	-0.634766
8.480000	1.298828	-0.053711
8.485000	1.333008	0.532227
8.490000	0.986328	0.908203
8.495000	0.380859	0.996094
8.500000	-0.278320	0.629883
8.505000	-0.664062	-0.849609
8.510000	-0.092773	-2.465820
8.515000	1.513672	-2.709961
8.520000	3.300781	-1.782227
8.525000	4.472656	-0.312500
8.530000	4.687500	1.030273
8.535000	4.003906	1.796875
8.540000	2.822266	1.850586
8.545000	1.596680	1.352539
8.550000	0.698242	0.625000
8.555000	0.273438	-0.004883
8.560000	0.268555	-0.346680
8.565000	0.488281	-0.336914
8.570000	0.703125	-0.078125
8.575000	0.751953	0.278320
8.580000	0.566406	0.576172
8.585000	0.175781	0.722656
8.590000	-0.302734	0.439453
8.595000	-0.571289	-0.815430
8.600000	-0.024414	-2.080078
8.605000	1.328125	-2.187500
8.610000	2.763672	-1.337891
8.615000	3.652344	-0.092773
8.620000	3.715820	1.005859
8.625000	3.051758	1.596680
8.630000	1.992188	1.586914
8.635000	0.942383	1.147461
8.640000	0.175781	0.532227
8.645000	-0.180664	-0.151367
8.650000	-0.083008	-0.791016
8.655000	0.434570	-0.898438
8.660000	1.015625	-0.512695
8.665000	1.342773	0.087891
8.670000	1.279297	0.639648
8.675000	0.864258	0.957031
8.680000	0.224609	0.976562
8.685000	-0.415039	0.385742
8.690000	-0.634766	-1.298828
8.695000	0.219727	-2.651367
8.700000	1.953125	-2.583008
8.705000	3.652344	-1.459961
8.710000	4.614258	0.034180
8.715000	4.594727	1.269531
8.720000	3.754883	1.870117
8.725000	2.519531	1.772461
8.730000	1.347656	1.191406
8.735000	0.561523	0.458984
8.740000	0.239258	-0.117188
8.745000	0.307617	-0.371094
8.750000	0.546875	-0.297852
8.755000	0.732422	0.004883
8.760000	0.732422	0.361328
8.765000	0.488281	0.625000
8.770000	0.068359	0.722656
8.775000	-0.410156	0.234375
8.780000	-0.537109	-1.181641
8.785000	0.249023	-2.207031
8.790000	1.689453	-2.050781
8.795000	3.041992	-1.064453
8.800000	3.735352	0.195312
8.805000	3.608398	1.201172
8.810000	2.817383	1.640625
8.815000	1.733398	1.513672
8.820000	0.727539	1.000977
8.825000	0.058594	0.385742
8.830000	-0.205078	-0.327148
8.835000	0.009766	-0.874023
8.840000	0.576172	-0.839844
8.845000	1.123047	-0.375977
8.850000	1.367188	0.234375
8.855000	1.215820	0.742188
8.860000	0.722656	0.986328
8.865000	0.063477	0.927734
8.870000	-0.537109	0.068359
8.875000	-0.556641	-1.738281
8.880000	0.585938	-2.758789
8.885000	2.397461	-2.387695
8.890000	3.959961	-1.123047
8.895000	4.697266	0.371094
8.900000	4.453125	1.479492
8.905000	3.481445	1.904297
8.910000	2.226562	1.665039
8.915000	1.123047	1.015625
8.920000	0.439453	0.297852
8.925000	0.229492	-0.209961
8.930000	0.361328	-0.380859
8.935000	0.605469	-0.239258
8.940000	0.756836	0.087891
8.945000	0.693359	0.434570
8.950000	0.400391	0.668945
8.955000	-0.048828	0.693359
8.960000	-0.493164	-0.039062
8.965000	-0.439453	-1.528320
8.970000	0.556641	-2.270508
8.975000	2.041016	-1.875000
8.980000	3.276367	-0.766602
8.985000	3.779297	0.473633
8.990000	3.471680	1.357422
8.995000	2.573242	1.660156
9.000000	1.474609	1.416016
9.005000	0.537109	0.859375
9.010000	-0.043945	0.234375
9.015000	-0.195312	-0.498047
9.020000	0.126953	-0.913086
9.025000	0.717773	-0.761719
9.030000	1.220703	-0.239258
9.035000	1.362305	0.371094
9.040000	1.118164	0.825195
9.045000	0.576172	0.996094
9.050000	-0.092773	0.830078
9.055000	-0.620117	-0.312500
9.060000	-0.390625	-2.114258
9.065000	0.991211	-2.783203
9.070000	2.807617	-2.143555
9.075000	4.218750	-0.761719
9.080000	4.726562	0.683594
9.085000	4.272461	1.645508
9.090000	3.193359	1.899414
9.095000	1.938477	1.538086
9.100000	0.917969	0.839844
9.105000	0.351562	0.151367
9.110000	0.234375	-0.283203
9.115000	0.415039	-0.371094
9.120000	0.649414	-0.170898
9.125000	0.761719	0.170898
9.130000	0.639648	0.502930
9.135000	0.302734	0.698242
9.140000	-0.161133	0.615234
9.145000	-0.551758	-0.361328
9.150000	-0.292969	-1.821289
9.155000	0.893555	-2.275391
9.160000	2.382812	-1.650391
9.165000	3.471680	-0.468750
9.170000	3.769531	0.727539
9.175000	3.300781	1.484375
9.180000	2.319336	1.645508
9.185000	1.230469	1.303711
9.190000	0.361328	0.708008
9.195000	-0.122070	0.063477
9.200000	-0.161133	-0.649414
9.205000	0.253906	-0.927734
9.210000	0.854492	-0.659180
9.215000	1.284180	-0.092773
9.220000	1.342773	0.498047
9.225000	1.015625	0.893555
9.230000	0.419922	0.996094
9.235000	-0.244141	0.678711
9.240000	-0.659180	-0.742188
9.245000	-0.161133	-2.407227
9.250000	1.411133	-2.734375
9.255000	3.208008	-1.860352
9.260000	4.433594	-0.400391
9.265000	4.702148	0.971680
9.270000	4.062500	1.772461
9.275000	2.895508	1.865234
9.280000	1.665039	1.386719
9.285000	0.737305	0.668945
9.290000	0.288086	0.019531
9.295000	0.263672	-0.332031
9.300000	0.473633	-0.346680
9.305000	0.698242	-0.092773
9.310000	0.756836	0.258789
9.315000	0.581055	0.566406
9.320000	0.205078	0.722656
9.325000	-0.273438	0.483398
9.330000	-0.576172	-0.722656
9.335000	-0.083008	-2.036133
9.340000	1.245117	-2.207031
9.345000	2.690430	-1.401367
9.350000	3.623047	-0.166016
9.355000	3.730469	0.957031
9.360000	3.100586	1.577148
9.365000	2.060547	1.601562
9.370000	0.996094	1.176758
9.375000	0.205078	0.566406
9.380000	-0.170898	-0.107422
9.385000	-0.097656	-0.771484
9.390000	0.395508	-0.908203
9.395000	0.986328	-0.541992
9.400000	1.333008	0.053711
9.405000	1.293945	0.615234
9.410000	0.893555	0.942383
9.415000	0.263672	0.981445
9.420000	-0.385742	0.449219
9.425000	-0.649414	-1.196289
9.430000	0.136719	-2.617188
9.435000	1.845703	-2.622070
9.440000	3.569336	-1.542969
9.445000	4.589844	-0.048828
9.450000	4.619141	1.220703
9.455000	3.818359	1.855469
9.460000	2.592773	1.787109
9.465000	1.406250	1.230469
9.470000	0.590820	0.498047
9.475000	0.249023	-0.092773
9.480000	0.302734	-0.366211
9.485000	0.537109	-0.307617
9.490000	0.732422	-0.014648
9.495000	0.737305	0.336914
9.500000	0.502930	0.615234
9.505000	0.092773	0.732422
9.510000	-0.385742	0.288086
9.515000	-0.551758	-1.093750
9.520000	0.175781	-2.192383
9.525000	1.596680	-2.089844
9.530000	2.973633	-1.132812
9.535000	3.730469	0.126953
9.540000	3.642578	1.157227
9.545000	2.875977	1.635742
9.550000	1.796875	1.533203
9.555000	0.776367	1.040039
9.560000	0.078125	0.419922
9.565000	-0.200195	-0.288086
9.570000	-0.009766	-0.854492
9.575000	0.537109	-0.854492
9.580000	1.098633	-0.410156
9.585000	1.362305	0.200195
9.590000	1.235352	0.717773
9.595000	0.756836	0.976562
9.600000	0.102539	0.937500
9.605000	-0.512695	0.151367
9.610000	-0.585938	-1.630859
9.615000	0.493164	-2.739258
9.620000	2.285156	-2.441406
9.625000	3.891602	-1.206055
9.630000	4.682617	0.292969
9.635000	4.492188	1.430664
9.640000	3.554688	1.894531
9.645000	2.299805	1.694336
9.650000	1.176758	1.059570
9.655000	0.463867	0.336914
9.660000	0.224609	-0.190430
9.665000	0.346680	-0.380859
9.670000	0.590820	-0.249023
9.675000	0.751953	0.068359
9.680000	0.698242	0.419922
9.685000	0.419922	0.659180
9.690000	-0.019531	0.703125
9.695000	-0.478516	0.029297
9.700000	-0.468750	-1.445312
9.705000	0.478516	-2.265625
9.710000	1.962891	-1.923828
9.715000	3.222656	-0.839844
9.720000	3.769531	0.410156
9.725000	3.510742	1.323242
9.730000	2.636719	1.660156
9.735000	1.533203	1.445312
9.740000	0.581055	0.898438
9.745000	-0.019531	0.263672
9.750000	-0.205078	-0.458984
9.755000	0.097656	-0.908203
9.760000	0.683594	-0.781250
9.765000	1.196289	-0.273438
9.770000	1.367188	0.341797
9.775000	1.152344	0.805664
9.780000	0.610352	0.996094
9.785000	-0.053711	0.859375
9.790000	-0.605469	-0.214844
9.795000	-0.434570	-2.031250
9.800000	0.888672	-2.788086
9.805000	2.709961	-2.211914
9.810000	4.160156	-0.849609
9.815000	4.726562	0.610352
9.820000	4.321289	1.606445
9.825000	3.266602	1.904297
9.830000	2.006836	1.567383
9.835000	0.966797	0.883789
9.840000	0.371094	0.185547
9.845000	0.234375	-0.268555
9.850000	0.400391	-0.375977
9.855000	0.639648	-0.185547
9.860000	0.761719	0.151367
9.865000	0.654297	0.483398
9.870000	0.332031	0.688477
9.875000	-0.136719	0.639648
9.880000	-0.541992	-0.278320
9.885000	-0.332031	-1.752930
9.890000	0.810547	-2.275391
9.895000	2.299805	-1.713867
9.900000	3.427734	-0.537109
9.905000	3.779297	0.664062
9.910000	3.344727	1.455078
9.915000	2.382812	1.650391
9.920000	1.289062	1.333008
9.925000	0.400391	0.747070
9.930000	-0.102539	0.107422
9.935000	-0.170898	-0.620117
9.940000	0.224609	-0.927734
9.945000	0.825195	-0.683594
9.950000	1.269531	-0.126953
9.955000	1.352539	0.468750
9.960000	1.040039	0.878906
9.965000	0.458984	0.996094
9.970000	-0.205078	0.717773
9.975000	-0.649414	-0.629883
9.980000	-0.224609	-2.343750
9.985000	1.298828	-2.753906
9.990000	3.110352	-1.933594
9.995000	4.384766	-0.488281
10.000000	4.711914	0.898438
