# Time_s	x	xdot
0.000000	2.988281	-1.005859
0.005000	3.652344	0.219727
0.010000	3.505859	1.186523
0.015000	2.719727	1.611328
0.020000	1.655273	1.474609
0.025000	0.678711	0.976562
0.030000	0.029297	0.371094
0.035000	-0.219727	-0.356445
0.040000	0.019531	-0.917969
0.045000	0.610352	-0.878906
0.050000	1.191406	-0.405273
0.055000	1.445312	0.229492
0.060000	1.289062	0.751953
0.065000	0.795898	1.000977
0.070000	0.126953	0.947266
0.075000	-0.488281	0.180664
0.080000	-0.585938	-1.572266
0.085000	0.449219	-2.695312
0.090000	2.211914	-2.421875
0.095000	3.798828	-1.215820
0.100000	4.599609	0.253906
0.105000	4.433594	1.386719
0.110000	3.520508	1.865234
0.115000	2.294922	1.669922
0.120000	1.186523	1.064453
0.125000	0.473633	0.356445
0.130000	0.224609	-0.161133
0.135000	0.327148	-0.356445
0.140000	0.546875	-0.239258
0.145000	0.698242	0.063477
0.150000	0.649414	0.405273
0.155000	0.380859	0.639648
0.160000	-0.048828	0.673828
0.165000	-0.483398	-0.034180
0.170000	-0.439453	-1.489258
0.175000	0.537109	-2.226562
0.180000	1.987305	-1.831055
0.185000	3.193359	-0.751953
0.190000	3.691406	0.458984
0.195000	3.383789	1.323242
0.200000	2.504883	1.621094
0.205000	1.435547	1.386719
0.210000	0.512695	0.849609
0.215000	-0.058594	0.234375
0.220000	-0.209961	-0.522461
0.225000	0.122070	-0.961914
0.230000	0.751953	-0.810547
0.235000	1.274414	-0.273438
0.240000	1.450195	0.356445
0.245000	1.220703	0.830078
0.250000	0.664062	1.015625
0.255000	-0.009766	0.878906
0.260000	-0.581055	-0.126953
0.265000	-0.468750	-1.923828
0.270000	0.791016	-2.739258
0.275000	2.583008	-2.221680
0.280000	4.042969	-0.908203
0.285000	4.643555	0.537109
0.290000	4.291992	1.547852
0.295000	3.276367	1.870117
0.300000	2.041016	1.567383
0.305000	1.000977	0.913086
0.310000	0.385742	0.229492
0.315000	0.224609	-0.234375
0.320000	0.366211	-0.356445
0.325000	0.590820	-0.180664
0.330000	0.708008	0.141602
0.335000	0.615234	0.463867
0.340000	0.297852	0.673828
0.345000	-0.146484	0.615234
0.350000	-0.537109	-0.312500
0.355000	-0.312500	-1.743164
0.360000	0.825195	-2.226562
0.365000	2.285156	-1.645508
0.370000	3.364258	-0.488281
0.375000	3.691406	0.678711
0.380000	3.237305	1.440430
0.385000	2.290039	1.611328
0.390000	1.225586	1.293945
0.395000	0.361328	0.722656
0.400000	-0.126953	0.087891
0.405000	-0.180664	-0.659180
0.410000	0.244141	-0.971680
0.415000	0.874023	-0.722656
0.420000	1.342773	-0.141602
0.425000	1.430664	0.473633
0.430000	1.118164	0.893555
0.435000	0.527344	1.015625
0.440000	-0.151367	0.766602
0.445000	-0.629883	-0.493164
0.450000	-0.297852	-2.221680
0.455000	1.157227	-2.734375
0.460000	2.944336	-1.987305
0.465000	4.252930	-0.590820
0.470000	4.643555	0.800781
0.475000	4.121094	1.674805
0.480000	3.017578	1.855469
0.485000	1.791992	1.450195
0.490000	0.830078	0.756836
0.495000	0.317383	0.107422
0.500000	0.234375	-0.288086
0.505000	0.419922	-0.336914
0.510000	0.629883	-0.122070
0.515000	0.703125	0.214844
0.520000	0.566406	0.522461
0.525000	0.209961	0.693359
0.530000	-0.249023	0.502930
0.535000	-0.561523	-0.620117
0.540000	-0.141602	-1.948242
0.545000	1.137695	-2.182617
0.550000	2.558594	-1.425781
0.555000	3.505859	-0.224609
0.560000	3.652344	0.883789
0.565000	3.066406	1.523438
0.570000	2.060547	1.577148
0.575000	1.015625	1.181641
0.580000	0.224609	0.595703
0.585000	-0.175781	-0.068359
0.590000	-0.126953	-0.781250
0.595000	0.371094	-0.961914
0.600000	1.000977	-0.615234
0.605000	1.396484	-0.004883
0.610000	1.391602	0.585938
0.615000	1.010742	0.942383
0.620000	0.380859	1.000977
0.625000	-0.288086	0.605469
0.630000	-0.654297	-0.883789
0.635000	-0.063477	-2.451172
0.640000	1.533203	-2.661133
0.645000	3.286133	-1.728516
0.650000	4.418945	-0.273438
0.655000	4.604492	1.040039
0.660000	3.920898	1.772461
0.665000	2.753906	1.806641
0.670000	1.557617	1.313477
0.675000	0.683594	0.610352
0.680000	0.268555	-0.004883
0.685000	0.263672	-0.322266
0.690000	0.463867	-0.312500
0.695000	0.664062	-0.053711
0.700000	0.693359	0.288086
0.705000	0.502930	0.576172
0.710000	0.117188	0.703125
0.715000	-0.341797	0.351562
0.720000	-0.556641	-0.942383
0.725000	0.078125	-2.099609
0.730000	1.445312	-2.084961
0.735000	2.812500	-1.201172
0.740000	3.603516	0.029297
0.745000	3.579102	1.069336
0.750000	2.871094	1.582031
0.755000	1.831055	1.523438
0.760000	0.825195	1.069336
0.765000	0.107422	0.468750
0.770000	-0.205078	-0.234375
0.775000	-0.058594	-0.869141
0.780000	0.507812	-0.922852
0.785000	1.113281	-0.498047
0.790000	1.430664	0.126953
0.795000	1.342773	0.683594
0.800000	0.888672	0.981445
0.805000	0.239258	0.976562
0.810000	-0.410156	0.390625
0.815000	-0.629883	-1.279297
0.820000	0.209961	-2.617188
0.825000	1.923828	-2.539062
0.830000	3.598633	-1.435547
0.835000	4.541016	0.029297
0.840000	4.526367	1.250000
0.845000	3.706055	1.831055
0.850000	2.490234	1.738281
0.855000	1.337891	1.176758
0.860000	0.556641	0.463867
0.865000	0.239258	-0.097656
0.870000	0.292969	-0.346680
0.875000	0.517578	-0.273438
0.880000	0.688477	0.014648
0.885000	0.673828	0.351562
0.890000	0.434570	0.615234
0.895000	0.024414	0.698242
0.900000	-0.429688	0.151367
0.905000	-0.507812	-1.264648
0.910000	0.327148	-2.192383
0.915000	1.757812	-1.953125
0.920000	3.046875	-0.947266
0.925000	3.666992	0.283203
0.930000	3.481445	1.230469
0.935000	2.666016	1.616211
0.940000	1.601562	1.455078
0.945000	0.639648	0.947266
0.950000	0.000000	0.336914
0.955000	-0.214844	-0.400391
0.960000	0.039062	-0.932617
0.965000	0.644531	-0.869141
0.970000	1.210938	-0.371094
0.975000	1.450195	0.263672
0.980000	1.269531	0.771484
0.985000	0.761719	1.005859
0.990000	0.092773	0.937500
0.995000	-0.517578	0.112305
1.000000	-0.561523	-1.665039
1.005000	0.532227	-2.709961
1.010000	2.309570	-2.373047
1.015000	3.867188	-1.137695
1.020000	4.619141	0.327148
1.025000	4.404297	1.430664
1.030000	3.461914	1.865234
1.035000	2.231445	1.645508
1.040000	1.137695	1.025391
1.045000	0.449219	0.322266
1.050000	0.224609	-0.175781
1.055000	0.332031	-0.356445
1.060000	0.561523	-0.224609
1.065000	0.703125	0.087891
1.070000	0.644531	0.419922
1.075000	0.356445	0.649414
1.080000	-0.078125	0.664062
1.085000	-0.502930	-0.102539
1.090000	-0.410156	-1.557617
1.095000	0.605469	-2.231445
1.100000	2.060547	-1.791992
1.105000	3.242188	-0.688477
1.110000	3.691406	0.517578
1.115000	3.349609	1.357422
1.120000	2.460938	1.621094
1.125000	1.376953	1.362305
1.130000	0.473633	0.815430
1.135000	-0.078125	0.195312
1.140000	-0.205078	-0.561523
1.145000	0.151367	-0.966797
1.150000	0.781250	-0.786133
1.155000	1.289062	-0.239258
1.160000	1.445312	0.390625
1.165000	1.191406	0.844727
1.170000	0.629883	1.010742
1.175000	-0.043945	0.854492
1.180000	-0.600586	-0.214844
1.185000	-0.429688	-2.006836
1.190000	0.883789	-2.744141
1.195000	2.675781	-2.167969
1.200000	4.106445	-0.825195
1.205000	4.653320	0.605469
1.210000	4.252930	1.577148
1.215000	3.212891	1.865234
1.220000	1.977539	1.542969
1.225000	0.952148	0.874023
1.230000	0.371094	0.195312
1.235000	0.224609	-0.244141
1.240000	0.380859	-0.351562
1.245000	0.605469	-0.170898
1.250000	0.708008	0.156250
1.255000	0.600586	0.483398
1.260000	0.278320	0.678711
1.265000	-0.175781	0.595703
1.270000	-0.546875	-0.390625
1.275000	-0.273438	-1.806641
1.280000	0.908203	-2.216797
1.285000	2.358398	-1.586914
1.290000	3.403320	-0.419922
1.295000	3.686523	0.737305
1.300000	3.198242	1.464844
1.305000	2.231445	1.606445
1.310000	1.171875	1.264648
1.315000	0.322266	0.688477
1.320000	-0.141602	0.048828
1.325000	-0.170898	-0.693359
1.330000	0.273438	-0.971680
1.335000	0.908203	-0.698242
1.340000	1.357422	-0.107422
1.345000	1.420898	0.502930
1.350000	1.088867	0.908203
1.355000	0.488281	1.010742
1.360000	-0.185547	0.732422
1.365000	-0.639648	-0.585938
1.370000	-0.244141	-2.290039
1.375000	1.250000	-2.719727
1.380000	3.032227	-1.923828
1.385000	4.301758	-0.512695
1.390000	4.638672	0.864258
1.395000	4.072266	1.704102
1.400000	2.954102	1.845703
1.405000	1.733398	1.416016
1.410000	0.791016	0.722656
1.415000	0.302734	0.073242
1.420000	0.239258	-0.297852
1.425000	0.429688	-0.332031
1.430000	0.639648	-0.102539
1.435000	0.703125	0.234375
1.440000	0.546875	0.537109
1.445000	0.185547	0.698242
1.450000	-0.273438	0.473633
1.455000	-0.566406	-0.703125
1.460000	-0.087891	-1.992188
1.465000	1.215820	-2.158203
1.470000	2.626953	-1.367188
1.475000	3.530273	-0.161133
1.480000	3.637695	0.932617
1.485000	3.022461	1.542969
1.490000	2.006836	1.567383
1.495000	0.966797	1.157227
1.500000	0.190430	0.566406
1.505000	-0.185547	-0.112305
1.510000	-0.112305	-0.800781
1.515000	0.405273	-0.952148
1.520000	1.030273	-0.585938
1.525000	1.406250	0.029297
1.530000	1.381836	0.615234
1.535000	0.981445	0.952148
1.540000	0.346680	1.000977
1.545000	-0.317383	0.556641
1.550000	-0.654297	-0.981445
1.555000	0.000000	-2.500000
1.560000	1.630859	-2.636719
1.565000	3.364258	-1.655273
1.570000	4.453125	-0.200195
1.575000	4.584961	1.098633
1.580000	3.867188	1.791992
1.585000	2.690430	1.791992
1.590000	1.499023	1.279297
1.595000	0.649414	0.571289
1.600000	0.263672	-0.029297
1.605000	0.263672	-0.327148
1.610000	0.478516	-0.302734
1.615000	0.673828	-0.039062
1.620000	0.693359	0.302734
1.625000	0.483398	0.581055
1.630000	0.097656	0.703125
1.635000	-0.366211	0.307617
1.640000	-0.546875	-1.030273
1.645000	0.131836	-2.124023
1.650000	1.528320	-2.060547
1.655000	2.875977	-1.132812
1.660000	3.627930	0.097656
1.665000	3.559570	1.108398
1.670000	2.827148	1.591797
1.675000	1.772461	1.508789
1.680000	0.776367	1.040039
1.685000	0.078125	0.439453
1.690000	-0.214844	-0.278320
1.695000	-0.034180	-0.888672
1.700000	0.546875	-0.913086
1.705000	1.142578	-0.468750
1.710000	1.435547	0.166016
1.715000	1.323242	0.703125
1.720000	0.859375	0.991211
1.725000	0.200195	0.966797
1.730000	-0.439453	0.322266
1.735000	-0.625000	-1.376953
1.740000	0.292969	-2.646484
1.745000	2.021484	-2.504883
1.750000	3.671875	-1.362305
1.755000	4.565430	0.107422
1.760000	4.497070	1.293945
1.765000	3.647461	1.845703
1.770000	2.426758	1.718750
1.775000	1.284180	1.137695
1.780000	0.527344	0.424805
1.785000	0.229492	-0.122070
1.790000	0.302734	-0.351562
1.795000	0.527344	-0.258789
1.800000	0.688477	0.029297
1.805000	0.664062	0.371094
1.810000	0.415039	0.625000
1.815000	0.000000	0.693359
1.820000	-0.449219	0.087891
1.825000	-0.483398	-1.337891
1.830000	0.395508	-2.202148
1.835000	1.835938	-1.914062
1.840000	3.095703	-0.883789
1.845000	3.676758	0.341797
1.850000	3.452148	1.259766
1.855000	2.617188	1.616211
1.860000	1.542969	1.430664
1.865000	0.595703	0.913086
1.870000	-0.014648	0.302734
1.875000	-0.214844	-0.439453
1.880000	0.063477	-0.947266
1.885000	0.678711	-0.849609
1.890000	1.235352	-0.341797
1.895000	1.450195	0.297852
1.900000	1.250000	0.791016
1.905000	0.727539	1.005859
1.910000	0.058594	0.922852
1.915000	-0.537109	0.034180
1.920000	-0.537109	-1.757812
1.925000	0.610352	-2.724609
1.930000	2.402344	-2.329102
1.935000	3.925781	-1.059570
1.940000	4.633789	0.400391
1.945000	4.370117	1.469727
1.950000	3.403320	1.865234
1.955000	2.167969	1.621094
1.960000	1.088867	0.986328
1.965000	0.424805	0.292969
1.970000	0.224609	-0.200195
1.975000	0.346680	-0.361328
1.980000	0.576172	-0.209961
1.985000	0.698242	0.107422
1.990000	0.629883	0.434570
1.995000	0.336914	0.654297
2.000000	-0.097656	0.649414
2.005000	-0.512695	-0.166016
2.010000	-0.380859	-1.625977
2.015000	0.678711	-2.231445
2.020000	2.138672	-1.743164
2.025000	3.286133	-0.620117
2.030000	3.691406	0.576172
2.035000	3.315430	1.381836
2.040000	2.402344	1.621094
2.045000	1.323242	1.342773
2.050000	0.434570	0.786133
2.055000	-0.092773	0.161133
2.060000	-0.200195	-0.590820
2.065000	0.180664	-0.966797
2.070000	0.815430	-0.766602
2.075000	1.303711	-0.209961
2.080000	1.440430	0.415039
2.085000	1.166992	0.864258
2.090000	0.595703	1.015625
2.095000	-0.083008	0.830078
2.100000	-0.615234	-0.307617
2.105000	-0.390625	-2.084961
2.110000	0.971680	-2.744141
2.115000	2.768555	-2.109375
2.120000	4.155273	-0.747070
2.125000	4.653320	0.668945
2.130000	4.208984	1.616211
2.135000	3.149414	1.860352
2.140000	1.914062	1.513672
2.145000	0.913086	0.834961
2.150000	0.346680	0.166016
2.155000	0.224609	-0.258789
2.160000	0.390625	-0.346680
2.165000	0.615234	-0.151367
2.170000	0.708008	0.175781
2.175000	0.590820	0.493164
2.180000	0.258789	0.683594
2.185000	-0.200195	0.566406
2.190000	-0.556641	-0.463867
2.195000	-0.234375	-1.855469
2.200000	0.981445	-2.207031
2.205000	2.431641	-1.538086
2.210000	3.442383	-0.356445
2.215000	3.676758	0.786133
2.220000	3.154297	1.484375
2.225000	2.177734	1.596680
2.230000	1.118164	1.240234
2.235000	0.288086	0.659180
2.240000	-0.156250	0.009766
2.245000	-0.161133	-0.722656
2.250000	0.302734	-0.966797
2.255000	0.937500	-0.668945
2.260000	1.367188	-0.068359
2.265000	1.411133	0.532227
2.270000	1.064453	0.922852
2.275000	0.454102	1.010742
2.280000	-0.219727	0.693359
2.285000	-0.649414	-0.683594
2.290000	-0.180664	-2.348633
2.295000	1.342773	-2.705078
2.300000	3.120117	-1.860352
2.305000	4.340820	-0.429688
2.310000	4.628906	0.922852
2.315000	4.023438	1.723633
2.320000	2.880859	1.835938
2.325000	1.669922	1.381836
2.330000	0.751953	0.683594
2.335000	0.292969	0.048828
2.340000	0.249023	-0.307617
2.345000	0.439453	-0.322266
2.350000	0.649414	-0.087891
2.355000	0.703125	0.249023
2.360000	0.537109	0.546875
2.365000	0.166016	0.698242
2.370000	-0.302734	0.434570
2.375000	-0.566406	-0.781250
2.380000	-0.034180	-2.031250
2.385000	1.284180	-2.138672
2.390000	2.690430	-1.308594
2.395000	3.559570	-0.092773
2.400000	3.623047	0.981445
2.405000	2.973633	1.557617
2.410000	1.943359	1.552734
2.415000	0.917969	1.127930
2.420000	0.161133	0.532227
2.425000	-0.200195	-0.151367
2.430000	-0.097656	-0.830078
2.435000	0.444336	-0.947266
2.440000	1.059570	-0.556641
2.445000	1.416016	0.063477
2.450000	1.367188	0.634766
2.455000	0.947266	0.966797
2.460000	0.307617	0.991211
2.465000	-0.351562	0.502930
2.470000	-0.649414	-1.083984
2.475000	0.068359	-2.543945
2.480000	1.728516	-2.612305
2.485000	3.442383	-1.582031
2.490000	4.482422	-0.117188
2.495000	4.570312	1.152344
2.500000	3.808594	1.806641
2.505000	2.617188	1.777344
2.510000	1.445312	1.245117
2.515000	0.620117	0.537109
2.520000	0.253906	-0.053711
2.525000	0.278320	-0.336914
2.530000	0.488281	-0.292969
2.535000	0.678711	-0.024414
2.540000	0.688477	0.322266
2.545000	0.468750	0.595703
2.550000	0.068359	0.703125
2.555000	-0.390625	0.253906
2.560000	-0.532227	-1.113281
2.565000	0.195312	-2.153320
2.570000	1.601562	-2.021484
2.575000	2.934570	-1.074219
2.580000	3.642578	0.156250
2.585000	3.535156	1.152344
2.590000	2.778320	1.596680
2.595000	1.713867	1.494141
2.600000	0.727539	1.005859
2.605000	0.053711	0.405273
2.610000	-0.214844	-0.317383
2.615000	-0.009766	-0.903320
2.620000	0.576172	-0.898438
2.625000	1.166992	-0.434570
2.630000	1.440430	0.200195
2.635000	1.308594	0.727539
2.640000	0.825195	0.996094
2.645000	0.166016	0.957031
2.650000	-0.468750	0.258789
2.655000	-0.605469	-1.479492
2.660000	0.371094	-2.670898
2.665000	2.114258	-2.465820
2.670000	3.735352	-1.284180
2.675000	4.584961	0.185547
2.680000	4.467773	1.342773
2.685000	3.583984	1.860352
2.690000	2.363281	1.699219
2.695000	1.235352	1.098633
2.700000	0.502930	0.390625
2.705000	0.229492	-0.141602
2.710000	0.312500	-0.351562
2.715000	0.537109	-0.249023
2.720000	0.693359	0.048828
2.725000	0.659180	0.385742
2.730000	0.395508	0.634766
2.735000	-0.024414	0.683594
2.740000	-0.468750	0.029297
2.745000	-0.463867	-1.416016
2.750000	0.463867	-2.211914
2.755000	1.914062	-1.875000
2.760000	3.144531	-0.815430
2.765000	3.686523	0.400391
2.770000	3.417969	1.293945
2.775000	2.558594	1.621094
2.780000	1.489258	1.406250
2.785000	0.556641	0.878906
2.790000	-0.039062	0.268555
2.795000	-0.214844	-0.478516
2.800000	0.097656	-0.947266
2.805000	0.712891	-0.830078
2.810000	1.245117	-0.307617
2.815000	1.445312	0.322266
2.820000	1.240234	0.810547
2.825000	0.693359	1.005859
2.830000	0.019531	0.903320
2.835000	-0.561523	-0.048828
2.840000	-0.502930	-1.845703
2.845000	0.703125	-2.739258
2.850000	2.495117	-2.275391
2.855000	3.989258	-0.981445
2.860000	4.643555	0.473633
2.865000	4.331055	1.508789
2.870000	3.339844	1.870117
2.875000	2.099609	1.596680
2.880000	1.044922	0.947266
2.885000	0.405273	0.258789
2.890000	0.224609	-0.214844
2.895000	0.356445	-0.356445
2.900000	0.585938	-0.200195
2.905000	0.703125	0.126953
2.910000	0.620117	0.454102
2.915000	0.317383	0.664062
2.920000	-0.122070	0.629883
2.925000	-0.527344	-0.239258
2.930000	-0.346680	-1.689453
2.935000	0.756836	-2.231445
2.940000	2.211914	-1.689453
2.945000	3.330078	-0.551758
2.950000	3.691406	0.629883
2.955000	3.276367	1.411133
2.960000	2.348633	1.616211
2.965000	1.269531	1.313477
2.970000	0.395508	0.751953
2.975000	-0.112305	0.122070
2.980000	-0.190430	-0.625000
2.985000	0.214844	-0.971680
2.990000	0.844727	-0.742188
2.995000	1.323242	-0.170898
3.000000	1.435547	0.449219
3.005000	1.142578	0.883789
3.010000	0.561523	1.015625
3.015000	-0.117188	0.800781
3.020000	-0.625000	-0.400391
3.025000	-0.341797	-2.158203
3.030000	1.069336	-2.739258
3.035000	2.856445	-2.045898
3.040000	4.208984	-0.668945
3.045000	4.653320	0.737305
3.050000	4.165039	1.645508
3.055000	3.085938	1.865234
3.060000	1.850586	1.479492
3.065000	0.869141	0.795898
3.070000	0.332031	0.131836
3.075000	0.234375	-0.273438
3.080000	0.405273	-0.341797
3.085000	0.620117	-0.136719
3.090000	0.708008	0.195312
3.095000	0.576172	0.507812
3.100000	0.234375	0.688477
3.105000	-0.224609	0.541992
3.110000	-0.556641	-0.541992
3.115000	-0.185547	-1.904297
3.120000	1.059570	-2.192383
3.125000	2.495117	-1.484375
3.130000	3.471680	-0.288086
3.135000	3.662109	0.839844
3.140000	3.110352	1.503906
3.145000	2.119141	1.586914
3.150000	1.064453	1.210938
3.155000	0.253906	0.625000
3.160000	-0.166016	-0.029297
3.165000	-0.141602	-0.751953
3.170000	0.336914	-0.966797
3.175000	0.971680	-0.639648
3.180000	1.386719	-0.034180
3.185000	1.401367	0.561523
3.190000	1.040039	0.932617
3.195000	0.415039	1.005859
3.200000	-0.253906	0.654297
3.205000	-0.654297	-0.786133
3.210000	-0.126953	-2.407227
3.215000	1.435547	-2.685547
3.220000	3.203125	-1.791992
3.225000	4.379883	-0.351562
3.230000	4.619141	0.981445
3.235000	3.969727	1.748047
3.240000	2.817383	1.821289
3.245000	1.611328	1.347656
3.250000	0.712891	0.639648
3.255000	0.283203	0.019531
3.260000	0.258789	-0.317383
3.265000	0.458984	-0.322266
3.270000	0.654297	-0.073242
3.275000	0.698242	0.268555
3.280000	0.522461	0.556641
3.285000	0.141602	0.703125
3.290000	-0.322266	0.395508
3.295000	-0.561523	-0.869141
3.300000	0.019531	-2.065430
3.305000	1.362305	-2.114258
3.310000	2.753906	-1.250000
3.315000	3.583984	-0.029297
3.320000	3.603516	1.025391
3.325000	2.929688	1.572266
3.330000	1.884766	1.542969
3.335000	0.869141	1.093750
3.340000	0.131836	0.502930
3.345000	-0.205078	-0.195312
3.350000	-0.073242	-0.849609
3.355000	0.473633	-0.937500
3.360000	1.088867	-0.527344
3.365000	1.425781	0.097656
3.370000	1.352539	0.664062
3.375000	0.922852	0.971680
3.380000	0.273438	0.986328
3.385000	-0.380859	0.444336
3.390000	-0.639648	-1.186523
3.395000	0.136719	-2.578125
3.400000	1.826172	-2.578125
3.405000	3.520508	-1.508789
3.410000	4.516602	-0.039062
3.415000	4.545898	1.201172
3.420000	3.754883	1.821289
3.425000	2.553711	1.757812
3.430000	1.386719	1.210938
3.435000	0.585938	0.498047
3.440000	0.249023	-0.078125
3.445000	0.288086	-0.341797
3.450000	0.502930	-0.283203
3.455000	0.683594	-0.004883
3.460000	0.683594	0.341797
3.465000	0.454102	0.605469
3.470000	0.048828	0.703125
3.475000	-0.410156	0.200195
3.480000	-0.517578	-1.191406
3.485000	0.263672	-2.172852
3.490000	1.684570	-1.992188
3.495000	2.988281	-1.010742
3.500000	3.657227	0.224609
3.505000	3.510742	1.186523
3.510000	2.724609	1.611328
3.515000	1.655273	1.474609
3.520000	0.678711	0.976562
3.525000	0.029297	0.371094
3.530000	-0.219727	-0.361328
3.535000	0.014648	-0.917969
3.540000	0.610352	-0.883789
3.545000	1.191406	-0.405273
3.550000	1.445312	0.229492
3.555000	1.289062	0.751953
3.560000	0.795898	1.000977
3.565000	0.126953	0.947266
3.570000	-0.493164	0.185547
3.575000	-0.585938	-1.572266
3.580000	0.449219	-2.695312
3.585000	2.216797	-2.421875
3.590000	3.798828	-1.215820
3.595000	4.604492	0.258789
3.600000	4.433594	1.386719
3.605000	3.525391	1.865234
3.610000	2.294922	1.669922
3.615000	1.186523	1.059570
3.620000	0.473633	0.356445
3.625000	0.224609	-0.161133
3.630000	0.322266	-0.356445
3.635000	0.551758	-0.239258
3.640000	0.698242	0.068359
3.645000	0.649414	0.405273
3.650000	0.380859	0.644531
3.655000	-0.048828	0.678711
3.660000	-0.483398	-0.034180
3.665000	-0.434570	-1.489258
3.670000	0.537109	-2.226562
3.675000	1.987305	-1.835938
3.680000	3.193359	-0.751953
3.685000	3.691406	0.463867
3.690000	3.383789	1.323242
3.695000	2.504883	1.621094
3.700000	1.430664	1.391602
3.705000	0.517578	0.849609
3.710000	-0.058594	0.234375
3.715000	-0.209961	-0.517578
3.720000	0.122070	-0.957031
3.725000	0.742188	-0.805664
3.730000	1.269531	-0.273438
3.735000	1.445312	0.356445
3.740000	1.215820	0.830078
3.745000	0.659180	1.015625
3.750000	-0.014648	0.883789
3.755000	-0.585938	-0.131836
3.760000	-0.468750	-1.928711
3.765000	0.791016	-2.744141
3.770000	2.587891	-2.221680
3.775000	4.047852	-0.903320
3.780000	4.648438	0.541992
3.785000	4.291992	1.547852
3.790000	3.276367	1.865234
3.795000	2.036133	1.567383
3.800000	1.000977	0.908203
3.805000	0.385742	0.224609
3.810000	0.224609	-0.229492
3.815000	0.371094	-0.356445
3.820000	0.595703	-0.185547
3.825000	0.708008	0.141602
3.830000	0.610352	0.463867
3.835000	0.297852	0.668945
3.840000	-0.151367	0.615234
3.845000	-0.541992	-0.312500
3.850000	-0.307617	-1.748047
3.855000	0.830078	-2.226562
3.860000	2.285156	-1.640625
3.865000	3.364258	-0.488281
3.870000	3.686523	0.683594
3.875000	3.237305	1.435547
3.880000	2.290039	1.611328
3.885000	1.225586	1.289062
3.890000	0.361328	0.722656
3.895000	-0.126953	0.083008
3.900000	-0.180664	-0.659180
3.905000	0.244141	-0.971680
3.910000	0.878906	-0.722656
3.915000	1.342773	-0.136719
3.920000	1.430664	0.478516
3.925000	1.113281	0.893555
3.930000	0.522461	1.010742
3.935000	-0.156250	0.766602
3.940000	-0.629883	-0.493164
3.945000	-0.292969	-2.221680
3.950000	1.157227	-2.734375
3.955000	2.949219	-1.987305
3.960000	4.252930	-0.585938
3.965000	4.643555	0.800781
3.970000	4.116211	1.674805
3.975000	3.017578	1.855469
3.980000	1.791992	1.445312
3.985000	0.830078	0.756836
3.990000	0.317383	0.102539
3.995000	0.234375	-0.288086
4.000000	0.415039	-0.336914
4.005000	0.634766	-0.122070
4.010000	0.708008	0.214844
4.015000	0.566406	0.522461
4.020000	0.214844	0.693359
4.025000	-0.249023	0.507812
4.030000	-0.561523	-0.625000
4.035000	-0.136719	-1.948242
4.040000	1.137695	-2.177734
4.045000	2.558594	-1.420898
4.050000	3.505859	-0.224609
4.055000	3.652344	0.888672
4.060000	3.066406	1.523438
4.065000	2.060547	1.577148
4.070000	1.015625	1.186523
4.075000	0.224609	0.595703
4.080000	-0.175781	-0.073242
4.085000	-0.126953	-0.776367
4.090000	0.371094	-0.957031
4.095000	1.000977	-0.615234
4.100000	1.396484	0.000000
4.105000	1.391602	0.585938
4.110000	1.010742	0.947266
4.115000	0.380859	1.000977
4.120000	-0.288086	0.605469
4.125000	-0.654297	-0.888672
4.130000	-0.063477	-2.456055
4.135000	1.538086	-2.661133
4.140000	3.291016	-1.718750
4.145000	4.423828	-0.268555
4.150000	4.604492	1.040039
4.155000	3.916016	1.772461
4.160000	2.749023	1.806641
4.165000	1.552734	1.308594
4.170000	0.683594	0.605469
4.175000	0.263672	-0.004883
4.180000	0.263672	-0.322266
4.185000	0.463867	-0.307617
4.190000	0.664062	-0.053711
4.195000	0.693359	0.288086
4.200000	0.502930	0.571289
4.205000	0.122070	0.708008
4.210000	-0.346680	0.351562
4.215000	-0.556641	-0.952148
4.220000	0.078125	-2.099609
4.225000	1.450195	-2.084961
4.230000	2.817383	-1.191406
4.235000	3.608398	0.034180
4.240000	3.579102	1.069336
4.245000	2.875977	1.582031
4.250000	1.831055	1.528320
4.255000	0.820312	1.064453
4.260000	0.107422	0.468750
4.265000	-0.205078	-0.239258
4.270000	-0.053711	-0.869141
4.275000	0.512695	-0.922852
4.280000	1.113281	-0.498047
4.285000	1.430664	0.131836
4.290000	1.342773	0.688477
4.295000	0.893555	0.981445
4.300000	0.234375	0.981445
4.305000	-0.405273	0.385742
4.310000	-0.629883	-1.284180
4.315000	0.214844	-2.617188
4.320000	1.923828	-2.543945
4.325000	3.598633	-1.430664
4.330000	4.541016	0.034180
4.335000	4.516602	1.250000
4.340000	3.701172	1.831055
4.345000	2.485352	1.738281
4.350000	1.337891	1.171875
4.355000	0.556641	0.463867
4.360000	0.239258	-0.097656
4.365000	0.292969	-0.346680
4.370000	0.517578	-0.273438
4.375000	0.688477	0.009766
4.380000	0.673828	0.356445
4.385000	0.434570	0.610352
4.390000	0.024414	0.698242
4.395000	-0.429688	0.146484
4.400000	-0.502930	-1.269531
4.405000	0.327148	-2.192383
4.410000	1.762695	-1.953125
4.415000	3.046875	-0.942383
4.420000	3.666992	0.283203
4.425000	3.481445	1.225586
4.430000	2.666016	1.616211
4.435000	1.601562	1.455078
4.440000	0.634766	0.942383
4.445000	0.000000	0.336914
4.450000	-0.219727	-0.400391
4.455000	0.043945	-0.932617
4.460000	0.644531	-0.864258
4.465000	1.210938	-0.371094
4.470000	1.445312	0.263672
4.475000	1.269531	0.776367
4.480000	0.761719	1.005859
4.485000	0.087891	0.932617
4.490000	-0.517578	0.107422
4.495000	-0.561523	-1.669922
4.500000	0.537109	-2.714844
4.505000	2.309570	-2.373047
4.510000	3.867188	-1.137695
4.515000	4.619141	0.327148
4.520000	4.399414	1.430664
4.525000	3.461914	1.865234
4.530000	2.231445	1.645508
4.535000	1.137695	1.020508
4.540000	0.449219	0.322266
4.545000	0.224609	-0.180664
4.550000	0.332031	-0.361328
4.555000	0.566406	-0.224609
4.560000	0.703125	0.083008
4.565000	0.639648	0.419922
4.570000	0.361328	0.649414
4.575000	-0.073242	0.664062
4.580000	-0.498047	-0.102539
4.585000	-0.410156	-1.557617
4.590000	0.610352	-2.231445
4.595000	2.065430	-1.787109
4.600000	3.242188	-0.683594
4.605000	3.691406	0.517578
4.610000	3.349609	1.352539
4.615000	2.451172	1.625977
4.620000	1.376953	1.362305
4.625000	0.473633	0.815430
4.630000	-0.078125	0.195312
4.635000	-0.205078	-0.556641
4.640000	0.151367	-0.966797
4.645000	0.776367	-0.786133
4.650000	1.289062	-0.239258
4.655000	1.445312	0.390625
4.660000	1.191406	0.849609
4.665000	0.625000	1.015625
4.670000	-0.048828	0.854492
4.675000	-0.600586	-0.219727
4.680000	-0.429688	-2.011719
4.685000	0.883789	-2.744141
4.690000	2.675781	-2.163086
4.695000	4.106445	-0.820312
4.700000	4.653320	0.610352
4.705000	4.252930	1.582031
4.710000	3.208008	1.865234
4.715000	1.972656	1.538086
4.720000	0.952148	0.874023
4.725000	0.366211	0.195312
4.730000	0.224609	-0.244141
4.735000	0.375977	-0.351562
4.740000	0.610352	-0.170898
4.745000	0.708008	0.161133
4.750000	0.600586	0.483398
4.755000	0.278320	0.678711
4.760000	-0.175781	0.590820
4.765000	-0.551758	-0.390625
4.770000	-0.273438	-1.806641
4.775000	0.908203	-2.216797
4.780000	2.363281	-1.586914
4.785000	3.408203	-0.419922
4.790000	3.686523	0.737305
4.795000	3.193359	1.464844
4.800000	2.231445	1.606445
4.805000	1.171875	1.264648
4.810000	0.322266	0.683594
4.815000	-0.141602	0.043945
4.820000	-0.166016	-0.698242
4.825000	0.278320	-0.971680
4.830000	0.913086	-0.693359
4.835000	1.357422	-0.097656
4.840000	1.420898	0.507812
4.845000	1.093750	0.908203
4.850000	0.488281	1.010742
4.855000	-0.190430	0.732422
4.860000	-0.639648	-0.595703
4.865000	-0.239258	-2.290039
4.870000	1.254883	-2.719727
4.875000	3.041992	-1.918945
4.880000	4.301758	-0.507812
4.885000	4.643555	0.869141
4.890000	4.067383	1.704102
4.895000	2.949219	1.840820
4.900000	1.728516	1.416016
4.905000	0.791016	0.717773
4.910000	0.302734	0.073242
4.915000	0.244141	-0.297852
4.920000	0.429688	-0.327148
4.925000	0.644531	-0.102539
4.930000	0.703125	0.229492
4.935000	0.546875	0.532227
4.940000	0.185547	0.693359
4.945000	-0.273438	0.473633
4.950000	-0.566406	-0.708008
4.955000	-0.087891	-1.992188
4.960000	1.215820	-2.158203
4.965000	2.626953	-1.362305
4.970000	3.530273	-0.156250
4.975000	3.637695	0.937500
4.980000	3.022461	1.542969
4.985000	1.997070	1.562500
4.990000	0.961914	1.157227
4.995000	0.190430	0.566406
5.000000	-0.185547	-0.112305
5.005000	-0.112305	-0.805664
5.010000	0.410156	-0.947266
5.015000	1.030273	-0.585938
5.020000	1.406250	0.029297
5.025000	1.381836	0.615234
5.030000	0.981445	0.957031
5.035000	0.341797	0.996094
5.040000	-0.317383	0.556641
5.045000	-0.649414	-0.986328
5.050000	0.004883	-2.500000
5.055000	1.635742	-2.636719
5.060000	3.369141	-1.650391
5.065000	4.458008	-0.195312
5.070000	4.584961	1.098633
5.075000	3.862305	1.791992
5.080000	2.680664	1.791992
5.085000	1.499023	1.274414
5.090000	0.649414	0.566406
5.095000	0.258789	-0.029297
5.100000	0.268555	-0.327148
5.105000	0.483398	-0.302734
5.110000	0.668945	-0.039062
5.115000	0.688477	0.302734
5.120000	0.488281	0.581055
5.125000	0.097656	0.708008
5.130000	-0.366211	0.307617
5.135000	-0.546875	-1.030273
5.140000	0.136719	-2.124023
5.145000	1.528320	-2.055664
5.150000	2.875977	-1.132812
5.155000	3.623047	0.097656
5.160000	3.559570	1.113281
5.165000	2.822266	1.591797
5.170000	1.772461	1.508789
5.175000	0.776367	1.035156
5.180000	0.078125	0.439453
5.185000	-0.214844	-0.278320
5.190000	-0.029297	-0.888672
5.195000	0.546875	-0.913086
5.200000	1.137695	-0.463867
5.205000	1.435547	0.166016
5.210000	1.323242	0.712891
5.215000	0.859375	0.986328
5.220000	0.200195	0.966797
5.225000	-0.439453	0.322266
5.230000	-0.620117	-1.376953
5.235000	0.292969	-2.646484
5.240000	2.021484	-2.500000
5.245000	3.666992	-1.357422
5.250000	4.565430	0.112305
5.255000	4.497070	1.298828
5.260000	3.642578	1.845703
5.265000	2.426758	1.713867
5.270000	1.279297	1.137695
5.275000	0.527344	0.424805
5.280000	0.234375	-0.122070
5.285000	0.302734	-0.351562
5.290000	0.527344	-0.258789
5.295000	0.693359	0.034180
5.300000	0.668945	0.371094
5.305000	0.415039	0.625000
5.310000	-0.004883	0.688477
5.315000	-0.449219	0.087891
5.320000	-0.483398	-1.342773
5.325000	0.400391	-2.202148
5.330000	1.840820	-1.914062
5.335000	3.100586	-0.878906
5.340000	3.676758	0.341797
5.345000	3.447266	1.259766
5.350000	2.612305	1.621094
5.355000	1.542969	1.430664
5.360000	0.595703	0.913086
5.365000	-0.014648	0.302734
5.370000	-0.219727	-0.439453
5.375000	0.068359	-0.942383
5.380000	0.678711	-0.849609
5.385000	1.235352	-0.336914
5.390000	1.450195	0.292969
5.395000	1.250000	0.791016
5.400000	0.727539	1.005859
5.405000	0.053711	0.917969
5.410000	-0.541992	0.029297
5.415000	-0.532227	-1.762695
5.420000	0.620117	-2.729492
5.425000	2.412109	-2.324219
5.430000	3.935547	-1.054688
5.435000	4.628906	0.405273
5.440000	4.365234	1.474609
5.445000	3.398438	1.865234
5.450000	2.163086	1.621094
5.455000	1.088867	0.986328
5.460000	0.424805	0.288086
5.465000	0.224609	-0.200195
5.470000	0.346680	-0.356445
5.475000	0.576172	-0.209961
5.480000	0.703125	0.107422
5.485000	0.629883	0.434570
5.490000	0.336914	0.654297
5.495000	-0.097656	0.649414
5.500000	-0.517578	-0.175781
5.505000	-0.375977	-1.625977
5.510000	0.683594	-2.231445
5.515000	2.143555	-1.738281
5.520000	3.286133	-0.615234
5.525000	3.691406	0.581055
5.530000	3.310547	1.386719
5.535000	2.397461	1.621094
5.540000	1.323242	1.342773
5.545000	0.434570	0.781250
5.550000	-0.092773	0.156250
5.555000	-0.200195	-0.595703
5.560000	0.185547	-0.966797
5.565000	0.815430	-0.766602
5.570000	1.308594	-0.205078
5.575000	1.440430	0.419922
5.580000	1.166992	0.864258
5.585000	0.590820	1.015625
5.590000	-0.083008	0.830078
5.595000	-0.615234	-0.312500
5.600000	-0.385742	-2.089844
5.605000	0.976562	-2.744141
5.610000	2.768555	-2.109375
5.615000	4.160156	-0.742188
5.620000	4.653320	0.678711
5.625000	4.204102	1.621094
5.630000	3.144531	1.865234
5.635000	1.909180	1.503906
5.640000	0.913086	0.834961
5.645000	0.351562	0.161133
5.650000	0.229492	-0.258789
5.655000	0.390625	-0.346680
5.660000	0.615234	-0.156250
5.665000	0.708008	0.180664
5.670000	0.590820	0.493164
5.675000	0.258789	0.683594
5.680000	-0.200195	0.566406
5.685000	-0.556641	-0.468750
5.690000	-0.224609	-1.860352
5.695000	0.986328	-2.207031
5.700000	2.431641	-1.533203
5.705000	3.437500	-0.351562
5.710000	3.676758	0.791016
5.715000	3.149414	1.479492
5.720000	2.172852	1.596680
5.725000	1.118164	1.240234
5.730000	0.288086	0.654297
5.735000	-0.156250	0.004883
5.740000	-0.161133	-0.722656
5.745000	0.307617	-0.966797
5.750000	0.937500	-0.664062
5.755000	1.372070	-0.068359
5.760000	1.411133	0.532227
5.765000	1.064453	0.922852
5.770000	0.449219	1.010742
5.775000	-0.219727	0.693359
5.780000	-0.649414	-0.693359
5.785000	-0.180664	-2.348633
5.790000	1.347656	-2.705078
5.795000	3.120117	-1.855469
5.800000	4.345703	-0.429688
5.805000	4.628906	0.927734
5.810000	4.018555	1.723633
5.815000	2.880859	1.831055
5.820000	1.669922	1.381836
5.825000	0.751953	0.683594
5.830000	0.288086	0.048828
5.835000	0.249023	-0.307617
5.840000	0.444336	-0.322266
5.845000	0.649414	-0.087891
5.850000	0.703125	0.253906
5.855000	0.537109	0.546875
5.860000	0.166016	0.703125
5.865000	-0.302734	0.429688
5.870000	-0.561523	-0.786133
5.875000	-0.029297	-2.031250
5.880000	1.289062	-2.133789
5.885000	2.695312	-1.308594
5.890000	3.564453	-0.087891
5.895000	3.618164	0.986328
5.900000	2.968750	1.557617
5.905000	1.943359	1.557617
5.910000	0.917969	1.127930
5.915000	0.161133	0.375977
5.920000	-0.219727	-0.351562
5.925000	0.009766	-0.917969
5.930000	0.610352	-0.883789
5.935000	1.181641	-0.410156
5.940000	1.440430	0.224609
5.945000	1.293945	0.747070
5.950000	0.800781	1.000977
5.955000	0.136719	0.952148
5.960000	-0.488281	0.200195
5.965000	-0.590820	-1.552734
5.970000	0.434570	-2.690430
5.975000	2.192383	-2.431641
5.980000	3.784180	-1.225586
5.985000	4.599609	0.244141
5.990000	4.438477	1.381836
5.995000	3.535156	1.865234
6.000000	2.309570	1.679688
6.005000	1.201172	1.074219
6.010000	0.478516	0.366211
6.015000	0.224609	-0.161133
6.020000	0.317383	-0.356445
6.025000	0.546875	-0.239258
6.030000	0.698242	0.063477
6.035000	0.654297	0.405273
6.040000	0.380859	0.639648
6.045000	-0.048828	0.678711
6.050000	-0.483398	-0.019531
6.055000	-0.444336	-1.474609
6.060000	0.522461	-2.221680
6.065000	1.977539	-1.840820
6.070000	3.183594	-0.761719
6.075000	3.686523	0.449219
6.080000	3.393555	1.318359
6.085000	2.514648	1.621094
6.090000	1.445312	1.391602
6.095000	0.517578	0.854492
6.100000	-0.053711	0.239258
6.105000	-0.209961	-0.507812
6.110000	0.117188	-0.957031
6.115000	0.742188	-0.815430
6.120000	1.264648	-0.278320
6.125000	1.450195	0.351562
6.130000	1.220703	0.825195
6.135000	0.668945	1.015625
6.140000	-0.004883	0.883789
6.145000	-0.576172	-0.112305
6.150000	-0.473633	-1.914062
6.155000	0.776367	-2.739258
6.160000	2.568359	-2.231445
6.165000	4.033203	-0.922852
6.170000	4.643555	0.522461
6.175000	4.301758	1.542969
6.180000	3.286133	1.865234
6.185000	2.050781	1.572266
6.190000	1.005859	0.917969
6.195000	0.390625	0.229492
6.200000	0.224609	-0.229492
6.205000	0.366211	-0.351562
6.210000	0.595703	-0.185547
6.215000	0.708008	0.141602
6.220000	0.615234	0.458984
6.225000	0.302734	0.668945
6.230000	-0.141602	0.615234
6.235000	-0.537109	-0.297852
6.240000	-0.317383	-1.733398
6.245000	0.815430	-2.226562
6.250000	2.270508	-1.650391
6.255000	3.354492	-0.502930
6.260000	3.686523	0.673828
6.265000	3.242188	1.430664
6.270000	2.304688	1.611328
6.275000	1.235352	1.293945
6.280000	0.366211	0.722656
6.285000	-0.126953	0.092773
6.290000	-0.185547	-0.654297
6.295000	0.234375	-0.971680
6.300000	0.874023	-0.722656
6.305000	1.337891	-0.141602
6.310000	1.430664	0.473633
6.315000	1.118164	0.888672
6.320000	0.527344	1.015625
6.325000	-0.146484	0.776367
6.330000	-0.629883	-0.473633
6.335000	-0.302734	-2.207031
6.340000	1.142578	-2.739258
6.345000	2.929688	-1.997070
6.350000	4.248047	-0.600586
6.355000	4.648438	0.786133
6.360000	4.130859	1.665039
6.365000	3.032227	1.855469
6.370000	1.801758	1.455078
6.375000	0.839844	0.766602
6.380000	0.317383	0.112305
6.385000	0.234375	-0.283203
6.390000	0.415039	-0.336914
6.395000	0.629883	-0.126953
6.400000	0.712891	0.214844
6.405000	0.566406	0.522461
6.410000	0.214844	0.693359
6.415000	-0.244141	0.512695
6.420000	-0.561523	-0.605469
6.425000	-0.146484	-1.943359
6.430000	1.118164	-2.182617
6.435000	2.543945	-1.435547
6.440000	3.496094	-0.234375
6.445000	3.657227	0.878906
6.450000	3.076172	1.518555
6.455000	2.070312	1.582031
6.460000	1.025391	1.191406
6.465000	0.229492	0.605469
6.470000	-0.175781	-0.063477
6.475000	-0.131836	-0.776367
6.480000	0.366211	-0.957031
6.485000	0.996094	-0.620117
6.490000	1.391602	-0.009766
6.495000	1.396484	0.581055
6.500000	1.015625	0.942383
6.505000	0.385742	1.005859
6.510000	-0.283203	0.615234
6.515000	-0.654297	-0.864258
6.520000	-0.073242	-2.441406
6.525000	1.513672	-2.666016
6.530000	3.271484	-1.738281
6.535000	4.414062	-0.288086
6.540000	4.604492	1.030273
6.545000	3.930664	1.767578
6.550000	2.763672	1.806641
6.555000	1.567383	1.318359
6.560000	0.688477	0.615234
6.565000	0.268555	0.000000
6.570000	0.263672	-0.322266
6.575000	0.463867	-0.312500
6.580000	0.659180	-0.058594
6.585000	0.693359	0.288086
6.590000	0.502930	0.571289
6.595000	0.126953	0.703125
6.600000	-0.336914	0.361328
6.605000	-0.556641	-0.932617
6.610000	0.063477	-2.089844
6.615000	1.425781	-2.089844
6.620000	2.807617	-1.210938
6.625000	3.603516	0.019531
6.630000	3.588867	1.059570
6.635000	2.885742	1.577148
6.640000	1.845703	1.528320
6.645000	0.830078	1.074219
6.650000	0.107422	0.473633
6.655000	-0.205078	-0.229492
6.660000	-0.058594	-0.869141
6.665000	0.502930	-0.927734
6.670000	1.108398	-0.502930
6.675000	1.430664	0.126953
6.680000	1.342773	0.678711
6.685000	0.898438	0.981445
6.690000	0.244141	0.981445
6.695000	-0.400391	0.395508
6.700000	-0.629883	-1.264648
6.705000	0.200195	-2.612305
6.710000	1.904297	-2.548828
6.715000	3.579102	-1.450195
6.720000	4.536133	0.019531
6.725000	4.526367	1.240234
6.730000	3.715820	1.831055
6.735000	2.500000	1.738281
6.740000	1.342773	1.181641
6.745000	0.556641	0.468750
6.750000	0.239258	-0.097656
6.755000	0.292969	-0.346680
6.760000	0.512695	-0.273438
6.765000	0.688477	0.009766
6.770000	0.673828	0.351562
6.775000	0.439453	0.610352
6.780000	0.029297	0.698242
6.785000	-0.424805	0.161133
6.790000	-0.512695	-1.250000
6.795000	0.312500	-2.187500
6.800000	1.743164	-1.962891
6.805000	3.032227	-0.957031
6.810000	3.666992	0.273438
6.815000	3.486328	1.220703
6.820000	2.680664	1.611328
6.825000	1.611328	1.459961
6.830000	0.644531	0.947266
6.835000	0.009766	0.341797
6.840000	-0.219727	-0.395508
6.845000	0.034180	-0.932617
6.850000	0.634766	-0.869141
6.855000	1.210938	-0.375977
6.860000	1.450195	0.258789
6.865000	1.274414	0.766602
6.870000	0.766602	1.005859
6.875000	0.097656	0.937500
6.880000	-0.512695	0.126953
6.885000	-0.566406	-1.645508
6.890000	0.517578	-2.709961
6.895000	2.290039	-2.382812
6.900000	3.852539	-1.152344
6.905000	4.619141	0.312500
6.910000	4.409180	1.420898
6.915000	3.476562	1.865234
6.920000	2.246094	1.650391
6.925000	1.147461	1.030273
6.930000	0.454102	0.327148
6.935000	0.224609	-0.175781
6.940000	0.332031	-0.356445
6.945000	0.561523	-0.229492
6.950000	0.703125	0.083008
6.955000	0.644531	0.419922
6.960000	0.366211	0.649414
6.965000	-0.068359	0.668945
6.970000	-0.493164	-0.087891
6.975000	-0.415039	-1.547852
6.980000	0.595703	-2.231445
6.985000	2.050781	-1.796875
6.990000	3.232422	-0.698242
6.995000	3.691406	0.507812
7.000000	3.359375	1.352539
7.005000	2.470703	1.621094
7.010000	1.391602	1.367188
7.015000	0.478516	0.825195
7.020000	-0.073242	0.205078
7.025000	-0.205078	-0.546875
7.030000	0.146484	-0.961914
7.035000	0.776367	-0.791016
7.040000	1.284180	-0.249023
7.045000	1.445312	0.380859
7.050000	1.196289	0.844727
7.055000	0.629883	1.015625
7.060000	-0.043945	0.859375
7.065000	-0.595703	-0.200195
7.070000	-0.434570	-1.992188
7.075000	0.869141	-2.744141
7.080000	2.661133	-2.177734
7.085000	4.091797	-0.839844
7.090000	4.653320	0.590820
7.095000	4.257812	1.572266
7.100000	3.222656	1.865234
7.105000	1.987305	1.542969
7.110000	0.961914	0.878906
7.115000	0.371094	0.200195
7.120000	0.224609	-0.244141
7.125000	0.375977	-0.351562
7.130000	0.605469	-0.170898
7.135000	0.712891	0.156250
7.140000	0.600586	0.478516
7.145000	0.283203	0.673828
7.150000	-0.170898	0.595703
7.155000	-0.546875	-0.375977
7.160000	-0.278320	-1.791992
7.165000	0.888672	-2.221680
7.170000	2.343750	-1.596680
7.175000	3.398438	-0.429688
7.180000	3.686523	0.727539
7.185000	3.203125	1.459961
7.190000	2.241211	1.606445
7.195000	1.181641	1.269531
7.200000	0.327148	0.693359
7.205000	-0.136719	0.053711
7.210000	-0.170898	-0.688477
7.215000	0.268555	-0.971680
7.220000	0.903320	-0.698242
7.225000	1.352539	-0.107422
7.230000	1.425781	0.498047
7.235000	1.093750	0.908203
7.240000	0.493164	1.010742
7.245000	-0.180664	0.742188
7.250000	-0.639648	-0.571289
7.255000	-0.249023	-2.280273
7.260000	1.235352	-2.724609
7.265000	3.017578	-1.933594
7.270000	4.291992	-0.522461
7.275000	4.643555	0.854492
7.280000	4.077148	1.699219
7.285000	2.963867	1.845703
7.290000	1.738281	1.420898
7.295000	0.795898	0.727539
7.300000	0.302734	0.078125
7.305000	0.239258	-0.292969
7.310000	0.424805	-0.332031
7.315000	0.639648	-0.112305
7.320000	0.708008	0.229492
7.325000	0.551758	0.532227
7.330000	0.190430	0.698242
7.335000	-0.273438	0.478516
7.340000	-0.561523	-0.688477
7.345000	-0.097656	-1.987305
7.350000	1.206055	-2.163086
7.355000	2.617188	-1.376953
7.360000	3.530273	-0.170898
7.365000	3.642578	0.922852
7.370000	3.027344	1.538086
7.375000	2.011719	1.567383
7.380000	0.976562	1.162109
7.385000	0.195312	0.571289
7.390000	-0.185547	-0.102539
7.395000	-0.117188	-0.800781
7.400000	0.400391	-0.957031
7.405000	1.025391	-0.590820
7.410000	1.401367	0.019531
7.415000	1.386719	0.610352
7.420000	0.986328	0.957031
7.425000	0.351562	1.000977
7.430000	-0.317383	0.566406
7.435000	-0.654297	-0.966797
7.440000	-0.009766	-2.490234
7.445000	1.616211	-2.646484
7.450000	3.354492	-1.665039
7.455000	4.448242	-0.209961
7.460000	4.589844	1.083984
7.465000	3.872070	1.787109
7.470000	2.695312	1.791992
7.475000	1.508789	1.284180
7.480000	0.649414	0.576172
7.485000	0.263672	-0.024414
7.490000	0.263672	-0.327148
7.495000	0.478516	-0.302734
7.500000	0.673828	-0.043945
7.505000	0.693359	0.302734
7.510000	0.483398	0.581055
7.515000	0.102539	0.708008
7.520000	-0.361328	0.312500
7.525000	-0.551758	-1.015625
7.530000	0.122070	-2.119141
7.535000	1.508789	-2.065430
7.540000	2.861328	-1.147461
7.545000	3.623047	0.087891
7.550000	3.564453	1.103516
7.555000	2.832031	1.586914
7.560000	1.782227	1.508789
7.565000	0.781250	1.044922
7.570000	0.083008	0.439453
7.575000	-0.209961	-0.268555
7.580000	-0.034180	-0.883789
7.585000	0.537109	-0.913086
7.590000	1.132812	-0.473633
7.595000	1.435547	0.156250
7.600000	1.328125	0.703125
7.605000	0.864258	0.986328
7.610000	0.209961	0.971680
7.615000	-0.429688	0.332031
7.620000	-0.625000	-1.362305
7.625000	0.278320	-2.641602
7.630000	2.001953	-2.509766
7.635000	3.657227	-1.372070
7.640000	4.560547	0.097656
7.645000	4.497070	1.289062
7.650000	3.657227	1.840820
7.655000	2.441406	1.718750
7.660000	1.289062	1.147461
7.665000	0.537109	0.434570
7.670000	0.234375	-0.117188
7.675000	0.302734	-0.351562
7.680000	0.527344	-0.263672
7.685000	0.693359	0.029297
7.690000	0.668945	0.371094
7.695000	0.419922	0.620117
7.700000	0.000000	0.698242
7.705000	-0.444336	0.102539
7.710000	-0.488281	-1.328125
7.715000	0.385742	-2.202148
7.720000	1.826172	-1.918945
7.725000	3.090820	-0.893555
7.730000	3.676758	0.336914
7.735000	3.457031	1.254883
7.740000	2.626953	1.621094
7.745000	1.557617	1.435547
7.750000	0.605469	0.917969
7.755000	-0.009766	0.307617
7.760000	-0.214844	-0.429688
7.765000	0.063477	-0.942383
7.770000	0.673828	-0.849609
7.775000	1.230469	-0.341797
7.780000	1.450195	0.292969
7.785000	1.250000	0.791016
7.790000	0.732422	1.005859
7.795000	0.063477	0.922852
7.800000	-0.537109	0.048828
7.805000	-0.537109	-1.743164
7.810000	0.605469	-2.729492
7.815000	2.387695	-2.333984
7.820000	3.916016	-1.074219
7.825000	4.628906	0.390625
7.830000	4.375000	1.464844
7.835000	3.408203	1.865234
7.840000	2.177734	1.625977
7.845000	1.098633	0.991211
7.850000	0.429688	0.292969
7.855000	0.224609	-0.195312
7.860000	0.341797	-0.361328
7.865000	0.571289	-0.209961
7.870000	0.703125	0.102539
7.875000	0.634766	0.434570
7.880000	0.341797	0.654297
7.885000	-0.097656	0.649414
7.890000	-0.512695	-0.161133
7.895000	-0.385742	-1.611328
7.900000	0.668945	-2.231445
7.905000	2.128906	-1.748047
7.910000	3.276367	-0.629883
7.915000	3.691406	0.566406
7.920000	3.315430	1.381836
7.925000	2.407227	1.621094
7.930000	1.333008	1.347656
7.935000	0.439453	0.786133
7.940000	-0.092773	0.166016
7.945000	-0.205078	-0.585938
7.950000	0.180664	-0.966797
7.955000	0.805664	-0.771484
7.960000	1.308594	-0.214844
7.965000	1.440430	0.415039
7.970000	1.171875	0.859375
7.975000	0.600586	1.015625
7.980000	-0.078125	0.834961
7.985000	-0.610352	-0.292969
7.990000	-0.395508	-2.075195
7.995000	0.961914	-2.744141
8.000000	2.753906	-2.119141
8.005000	4.150391	-0.761719
8.010000	4.653320	0.659180
8.015000	4.218750	1.611328
8.020000	3.154297	1.865234
8.025000	1.923828	1.513672
8.030000	0.917969	0.839844
8.035000	0.351562	0.166016
8.040000	0.229492	-0.258789
8.045000	0.390625	-0.346680
8.050000	0.615234	-0.161133
8.055000	0.708008	0.175781
8.060000	0.590820	0.493164
8.065000	0.258789	0.683594
8.070000	-0.195312	0.566406
8.075000	-0.561523	-0.454102
8.080000	-0.239258	-1.845703
8.085000	0.971680	-2.207031
8.090000	2.416992	-1.547852
8.095000	3.432617	-0.361328
8.100000	3.676758	0.781250
8.105000	3.159180	1.479492
8.110000	2.182617	1.596680
8.115000	1.127930	1.245117
8.120000	0.297852	0.664062
8.125000	-0.151367	0.014648
8.130000	-0.161133	-0.717773
8.135000	0.302734	-0.966797
8.140000	0.937500	-0.668945
8.145000	1.367188	-0.073242
8.150000	1.416016	0.527344
8.155000	1.074219	0.922852
8.160000	0.458984	1.005859
8.165000	-0.214844	0.698242
8.170000	-0.649414	-0.668945
8.175000	-0.195312	-2.338867
8.180000	1.328125	-2.705078
8.185000	3.105469	-1.870117
8.190000	4.340820	-0.444336
8.195000	4.628906	0.913086
8.200000	4.028320	1.723633
8.205000	2.895508	1.835938
8.210000	1.679688	1.386719
8.215000	0.756836	0.688477
8.220000	0.292969	0.048828
8.225000	0.249023	-0.307617
8.230000	0.439453	-0.322266
8.235000	0.644531	-0.092773
8.240000	0.703125	0.249023
8.245000	0.537109	0.546875
8.250000	0.166016	0.703125
8.255000	-0.292969	0.444336
8.260000	-0.561523	-0.771484
8.265000	-0.039062	-2.021484
8.270000	1.274414	-2.138672
8.275000	2.680664	-1.318359
8.280000	3.554688	-0.102539
8.285000	3.623047	0.976562
8.290000	2.978516	1.552734
8.295000	1.953125	1.557617
8.300000	0.922852	1.132812
8.305000	0.166016	0.537109
8.310000	-0.195312	-0.146484
8.315000	-0.097656	-0.825195
8.320000	0.434570	-0.947266
8.325000	1.049805	-0.561523
8.330000	1.411133	0.058594
8.335000	1.372070	0.629883
8.340000	0.952148	0.961914
8.345000	0.312500	1.000977
8.350000	-0.346680	0.512695
8.355000	-0.654297	-1.069336
8.360000	0.063477	-2.539062
8.365000	1.718750	-2.612305
8.370000	3.437500	-1.591797
8.375000	4.482422	-0.126953
8.380000	4.570312	1.137695
8.385000	3.818359	1.801758
8.390000	2.626953	1.777344
8.395000	1.450195	1.250000
8.400000	0.620117	0.541992
8.405000	0.253906	-0.048828
8.410000	0.278320	-0.336914
8.415000	0.488281	-0.292969
8.420000	0.673828	-0.024414
8.425000	0.688477	0.317383
8.430000	0.473633	0.590820
8.435000	0.073242	0.703125
8.440000	-0.385742	0.263672
8.445000	-0.537109	-1.103516
8.450000	0.185547	-2.148438
8.455000	1.591797	-2.031250
8.460000	2.924805	-1.083984
8.465000	3.637695	0.146484
8.470000	3.540039	1.147461
8.475000	2.778320	1.601562
8.480000	1.723633	1.494141
8.485000	0.732422	1.005859
8.490000	0.053711	0.410156
8.495000	-0.214844	-0.312500
8.500000	-0.009766	-0.903320
8.505000	0.571289	-0.898438
8.510000	1.162109	-0.439453
8.515000	1.440430	0.195312
8.520000	1.308594	0.727539
8.525000	0.834961	0.996094
8.530000	0.170898	0.961914
8.535000	-0.463867	0.263672
8.540000	-0.610352	-1.464844
8.545000	0.361328	-2.670898
8.550000	2.099609	-2.470703
8.555000	3.725586	-1.293945
8.560000	4.584961	0.170898
8.565000	4.467773	1.337891
8.570000	3.593750	1.855469
8.575000	2.373047	1.699219
8.580000	1.245117	1.103516
8.585000	0.502930	0.395508
8.590000	0.229492	-0.136719
8.595000	0.307617	-0.356445
8.600000	0.537109	-0.249023
8.605000	0.693359	0.048828
8.610000	0.659180	0.385742
8.615000	0.400391	0.629883
8.620000	-0.019531	0.688477
8.625000	-0.463867	0.039062
8.630000	-0.468750	-1.406250
8.635000	0.454102	-2.211914
8.640000	1.904297	-1.879883
8.645000	3.139648	-0.825195
8.650000	3.686523	0.395508
8.655000	3.422852	1.289062
8.660000	2.573242	1.621094
8.665000	1.499023	1.416016
8.670000	0.561523	0.888672
8.675000	-0.039062	0.273438
8.680000	-0.219727	-0.473633
8.685000	0.092773	-0.947266
8.690000	0.708008	-0.834961
8.695000	1.245117	-0.312500
8.700000	1.445312	0.322266
8.705000	1.240234	0.810547
8.710000	0.698242	1.010742
8.715000	0.024414	0.903320
8.720000	-0.556641	-0.039062
8.725000	-0.507812	-1.835938
8.730000	0.693359	-2.739258
8.735000	2.480469	-2.285156
8.740000	3.984375	-0.991211
8.745000	4.638672	0.463867
8.750000	4.335938	1.503906
8.755000	3.349609	1.865234
8.760000	2.109375	1.596680
8.765000	1.049805	0.952148
8.770000	0.410156	0.263672
8.775000	0.224609	-0.209961
8.780000	0.356445	-0.356445
8.785000	0.581055	-0.200195
8.790000	0.708008	0.122070
8.795000	0.620117	0.449219
8.800000	0.322266	0.664062
8.805000	-0.122070	0.629883
8.810000	-0.522461	-0.229492
8.815000	-0.351562	-1.679688
8.820000	0.742188	-2.231445
8.825000	2.202148	-1.704102
8.830000	3.325195	-0.561523
8.835000	3.691406	0.625000
8.840000	3.281250	1.406250
8.845000	2.353516	1.616211
8.850000	1.274414	1.318359
8.855000	0.400391	0.756836
8.860000	-0.107422	0.131836
8.865000	-0.190430	-0.620117
8.870000	0.209961	-0.966797
8.875000	0.839844	-0.747070
8.880000	1.318359	-0.175781
8.885000	1.430664	0.444336
8.890000	1.147461	0.878906
8.895000	0.561523	1.015625
8.900000	-0.117188	0.805664
8.905000	-0.625000	-0.385742
8.910000	-0.346680	-2.153320
8.915000	1.054688	-2.739258
8.920000	2.846680	-2.050781
8.925000	4.199219	-0.673828
8.930000	4.653320	0.727539
8.935000	4.165039	1.640625
8.940000	3.090820	1.865234
8.945000	1.855469	1.479492
8.950000	0.874023	0.800781
8.955000	0.332031	0.136719
8.960000	0.234375	-0.273438
8.965000	0.405273	-0.341797
8.970000	0.620117	-0.136719
8.975000	0.708008	0.195312
8.980000	0.576172	0.507812
8.985000	0.234375	0.688477
8.990000	-0.219727	0.537109
8.995000	-0.556641	-0.537109
9.000000	-0.190430	-1.899414
9.005000	1.054688	-2.197266
9.010000	2.485352	-1.484375
9.015000	3.471680	-0.292969
9.020000	3.666992	0.830078
9.025000	3.115234	1.503906
9.030000	2.124023	1.591797
9.035000	1.069336	1.215820
9.040000	0.258789	0.629883
9.045000	-0.166016	-0.024414
9.050000	-0.146484	-0.751953
9.055000	0.336914	-0.966797
9.060000	0.971680	-0.644531
9.065000	1.386719	-0.039062
9.070000	1.406250	0.556641
9.075000	1.040039	0.932617
9.080000	0.419922	1.005859
9.085000	-0.249023	0.654297
9.090000	-0.649414	-0.771484
9.095000	-0.136719	-2.392578
9.100000	1.430664	-2.690430
9.105000	3.193359	-1.796875
9.110000	4.375000	-0.361328
9.115000	4.619141	0.976562
9.120000	3.974609	1.748047
9.125000	2.827148	1.821289
9.130000	1.621094	1.352539
9.135000	0.717773	0.649414
9.140000	0.283203	0.024414
9.145000	0.258789	-0.317383
9.150000	0.458984	-0.322266
9.155000	0.654297	-0.073242
9.160000	0.698242	0.263672
9.165000	0.522461	0.556641
9.170000	0.146484	0.703125
9.175000	-0.317383	0.400391
9.180000	-0.556641	-0.859375
9.185000	0.014648	-2.060547
9.190000	1.357422	-2.114258
9.195000	2.749023	-1.254883
9.200000	3.579102	-0.034180
9.205000	3.603516	1.020508
9.210000	2.934570	1.567383
9.215000	1.894531	1.542969
9.220000	0.874023	1.098633
9.225000	0.136719	0.502930
9.230000	-0.200195	-0.190430
9.235000	-0.078125	-0.849609
9.240000	0.468750	-0.937500
9.245000	1.079102	-0.532227
9.250000	1.420898	0.097656
9.255000	1.352539	0.659180
9.260000	0.922852	0.971680
9.265000	0.273438	0.986328
9.270000	-0.375977	0.449219
9.275000	-0.639648	-1.181641
9.280000	0.136719	-2.578125
9.285000	1.821289	-2.578125
9.290000	3.515625	-1.513672
9.295000	4.516602	-0.043945
9.300000	4.545898	1.201172
9.305000	3.759766	1.821289
9.310000	2.558594	1.757812
9.315000	1.391602	1.215820
9.320000	0.590820	0.502930
9.325000	0.244141	-0.078125
9.330000	0.283203	-0.341797
9.335000	0.502930	-0.283203
9.340000	0.683594	-0.004883
9.345000	0.678711	0.336914
9.350000	0.454102	0.605469
9.355000	0.048828	0.703125
9.360000	-0.405273	0.205078
9.365000	-0.522461	-1.181641
9.370000	0.258789	-2.167969
9.375000	1.674805	-1.992188
9.380000	2.988281	-1.010742
9.385000	3.657227	0.214844
9.390000	3.510742	1.186523
9.395000	2.729492	1.606445
9.400000	1.665039	1.474609
9.405000	0.683594	0.976562
9.410000	0.029297	0.375977
9.415000	-0.214844	-0.351562
9.420000	0.009766	-0.917969
9.425000	0.610352	-0.883789
9.430000	1.186523	-0.405273
9.435000	1.440430	0.229492
9.440000	1.289062	0.751953
9.445000	0.795898	1.000977
9.450000	0.131836	0.952148
9.455000	-0.488281	0.185547
9.460000	-0.585938	-1.567383
9.465000	0.444336	-2.695312
9.470000	2.207031	-2.426758
9.475000	3.793945	-1.225586
9.480000	4.604492	0.249023
9.485000	4.443359	1.386719
9.490000	3.530273	1.860352
9.495000	2.299805	1.674805
9.500000	1.191406	1.064453
9.505000	0.478516	0.356445
9.510000	0.224609	-0.161133
9.515000	0.322266	-0.361328
9.520000	0.551758	-0.244141
9.525000	0.703125	0.068359
9.530000	0.649414	0.405273
9.535000	0.380859	0.639648
9.540000	-0.043945	0.678711
9.545000	-0.483398	-0.029297
9.550000	-0.444336	-1.484375
9.555000	0.522461	-2.226562
9.560000	1.977539	-1.835938
9.565000	3.188477	-0.756836
9.570000	3.691406	0.454102
9.575000	3.388672	1.323242
9.580000	2.514648	1.625977
9.585000	1.440430	1.391602
9.590000	0.517578	0.854492
9.595000	-0.058594	0.239258
9.600000	-0.214844	-0.512695
9.605000	0.122070	-0.957031
9.610000	0.747070	-0.810547
9.615000	1.264648	-0.278320
9.620000	1.450195	0.356445
9.625000	1.220703	0.830078
9.630000	0.668945	1.010742
9.635000	-0.009766	0.883789
9.640000	-0.576172	-0.117188
9.645000	-0.473633	-1.918945
9.650000	0.781250	-2.739258
9.655000	2.573242	-2.226562
9.660000	4.038086	-0.913086
9.665000	4.643555	0.532227
9.670000	4.296875	1.542969
9.675000	3.281250	1.865234
9.680000	2.045898	1.572266
9.685000	1.005859	0.913086
9.690000	0.385742	0.229492
9.695000	0.224609	-0.229492
9.700000	0.366211	-0.356445
9.705000	0.595703	-0.185547
9.710000	0.708008	0.136719
9.715000	0.615234	0.463867
9.720000	0.302734	0.668945
9.725000	-0.146484	0.620117
9.730000	-0.537109	-0.302734
9.735000	-0.312500	-1.738281
9.740000	0.820312	-2.226562
9.745000	2.275391	-1.645508
9.750000	3.359375	-0.498047
9.755000	3.691406	0.678711
9.760000	3.242188	1.435547
9.765000	2.294922	1.611328
9.770000	1.230469	1.293945
9.775000	0.361328	0.727539
9.780000	-0.126953	0.092773
9.785000	-0.180664	-0.659180
9.790000	0.244141	-0.971680
9.795000	0.878906	-0.722656
9.800000	1.337891	-0.146484
9.805000	1.430664	0.473633
9.810000	1.123047	0.888672
9.815000	0.532227	1.015625
9.820000	-0.146484	0.776367
9.825000	-0.629883	-0.478516
9.830000	-0.302734	-2.216797
9.835000	1.147461	-2.739258
9.840000	2.934570	-1.997070
9.845000	4.252930	-0.595703
9.850000	4.643555	0.791016
9.855000	4.125977	1.669922
9.860000	3.027344	1.860352
9.865000	1.801758	1.450195
9.870000	0.834961	0.761719
9.875000	0.317383	0.107422
9.880000	0.234375	-0.283203
9.885000	0.415039	-0.336914
9.890000	0.629883	-0.122070
9.895000	0.708008	0.214844
9.900000	0.566406	0.522461
9.905000	0.219727	0.693359
9.910000	-0.249023	0.507812
9.915000	-0.561523	-0.610352
9.920000	-0.146484	-1.938477
9.925000	1.123047	-2.182617
9.930000	2.543945	-1.430664
9.935000	3.496094	-0.234375
9.940000	3.657227	0.878906
9.945000	3.076172	1.518555
9.950000	2.070312	1.582031
9.955000	1.025391	1.186523
9.960000	0.229492	0.600586
9.965000	-0.170898	-0.063477
9.970000	-0.131836	-0.771484
9.975000	0.366211	-0.961914
9.980000	0.996094	-0.620117
9.985000	1.391602	-0.009766
9.990000	1.391602	0.581055
9.995000	1.010742	0.937500
10.000000	0.385742	1.005859
