# Time_s	x	xdot
0.000000	0.517578	0.483398
0.005000	0.190430	0.664062
0.010000	-0.249023	0.493164
0.015000	-0.556641	-0.605469
0.020000	-0.141602	-1.899414
0.025000	1.103516	-2.124023
0.030000	2.490234	-1.386719
0.035000	3.408203	-0.214844
0.040000	3.549805	0.869141
0.045000	2.973633	1.484375
0.050000	1.992188	1.542969
0.055000	0.971680	1.162109
0.060000	0.200195	0.585938
0.065000	-0.200195	-0.083008
0.070000	-0.141602	-0.830078
0.075000	0.395508	-1.025391
0.080000	1.064453	-0.664062
0.085000	1.494141	-0.029297
0.090000	1.508789	0.585938
0.095000	1.127930	0.961914
0.100000	0.483398	1.025391
0.105000	-0.200195	0.703125
0.110000	-0.629883	-0.644531
0.115000	-0.200195	-2.290039
0.120000	1.284180	-2.656250
0.125000	3.032227	-1.835938
0.130000	4.243164	-0.434570
0.135000	4.536133	0.888672
0.140000	3.945312	1.679688
0.145000	2.841797	1.791992
0.150000	1.655273	1.362305
0.155000	0.747070	0.683594
0.160000	0.283203	0.068359
0.165000	0.219727	-0.278320
0.170000	0.390625	-0.302734
0.175000	0.590820	-0.078125
0.180000	0.634766	0.244141
0.185000	0.463867	0.532227
0.190000	0.107422	0.683594
0.195000	-0.336914	0.346680
0.200000	-0.546875	-0.917969
0.205000	0.058594	-2.045898
0.210000	1.396484	-2.036133
0.215000	2.734375	-1.171875
0.220000	3.500977	0.029297
0.225000	3.481445	1.040039
0.230000	2.792969	1.542969
0.235000	1.777344	1.489258
0.240000	0.786133	1.049805
0.245000	0.083008	0.468750
0.250000	-0.229492	-0.249023
0.255000	-0.063477	-0.927734
0.260000	0.532227	-0.991211
0.265000	1.181641	-0.551758
0.270000	1.533203	0.112305
0.275000	1.459961	0.683594
0.280000	1.005859	1.000977
0.285000	0.341797	1.005859
0.290000	-0.327148	0.522461
0.295000	-0.634766	-1.030273
0.300000	0.039062	-2.480469
0.305000	1.660156	-2.568359
0.310000	3.344727	-1.572266
0.315000	4.379883	-0.141602
0.320000	4.472656	1.108398
0.325000	3.750000	1.757812
0.330000	2.583008	1.743164
0.335000	1.435547	1.235352
0.340000	0.615234	0.546875
0.345000	0.239258	-0.024414
0.350000	0.249023	-0.307617
0.355000	0.439453	-0.268555
0.360000	0.615234	-0.014648
0.365000	0.615234	0.312500
0.370000	0.405273	0.576172
0.375000	0.019531	0.678711
0.380000	-0.424805	0.151367
0.385000	-0.502930	-1.225586
0.390000	0.302734	-2.133789
0.395000	1.699219	-1.909180
0.400000	2.954102	-0.927734
0.405000	3.569336	0.273438
0.410000	3.383789	1.191406
0.415000	2.597656	1.572266
0.420000	1.557617	1.420898
0.425000	0.615234	0.932617
0.430000	-0.009766	0.341797
0.435000	-0.239258	-0.419922
0.440000	0.039062	-0.986328
0.445000	0.673828	-0.932617
0.450000	1.279297	-0.419922
0.455000	1.552734	0.244141
0.460000	1.391602	0.776367
0.465000	0.878906	1.025391
0.470000	0.195312	0.966797
0.475000	-0.439453	0.283203
0.480000	-0.605469	-1.411133
0.485000	0.327148	-2.607422
0.490000	2.031250	-2.431641
0.495000	3.632812	-1.284180
0.500000	4.477539	0.156250
0.505000	4.379883	1.293945
0.510000	3.530273	1.806641
0.515000	2.338867	1.665039
0.520000	1.230469	1.093750
0.525000	0.498047	0.410156
0.530000	0.219727	-0.112305
0.535000	0.278320	-0.322266
0.540000	0.483398	-0.229492
0.545000	0.629883	0.053711
0.550000	0.590820	0.375977
0.555000	0.336914	0.610352
0.560000	-0.073242	0.649414
0.565000	-0.488281	-0.083008
0.570000	-0.410156	-1.503906
0.575000	0.571289	-2.177734
0.580000	1.992188	-1.752930
0.585000	3.139648	-0.678711
0.590000	3.588867	0.498047
0.595000	3.261719	1.313477
0.600000	2.392578	1.582031
0.605000	1.342773	1.337891
0.610000	0.449219	0.810547
0.615000	-0.092773	0.200195
0.620000	-0.224609	-0.585938
0.625000	0.151367	-1.025391
0.630000	0.820312	-0.854492
0.635000	1.372070	-0.288086
0.640000	1.552734	0.371094
0.645000	1.303711	0.854492
0.650000	0.747070	1.040039
0.655000	0.053711	0.913086
0.660000	-0.541992	-0.004883
0.665000	-0.512695	-1.767578
0.670000	0.649414	-2.675781
0.675000	2.397461	-2.250977
0.680000	3.876953	-0.996094
0.685000	4.536133	0.429688
0.690000	4.257812	1.455078
0.695000	3.295898	1.826172
0.700000	2.089844	1.572266
0.705000	1.044922	0.952148
0.710000	0.405273	0.283203
0.715000	0.205078	-0.180664
0.720000	0.312500	-0.322266
0.725000	0.527344	-0.180664
0.730000	0.644531	0.122070
0.735000	0.556641	0.434570
0.740000	0.263672	0.644531
0.745000	-0.170898	0.585938
0.750000	-0.537109	-0.351562
0.755000	-0.283203	-1.738281
0.760000	0.854492	-2.167969
0.765000	2.270508	-1.562500
0.770000	3.300781	-0.424805
0.775000	3.583984	0.708008
0.780000	3.115234	1.416016
0.785000	2.177734	1.567383
0.790000	1.142578	1.245117
0.795000	0.307617	0.693359
0.800000	-0.161133	0.048828
0.805000	-0.190430	-0.727539
0.810000	0.278320	-1.035156
0.815000	0.952148	-0.756836
0.820000	1.445312	-0.146484
0.825000	1.542969	0.493164
0.830000	1.220703	0.922852
0.835000	0.605469	1.040039
0.840000	-0.087891	0.815430
0.845000	-0.610352	-0.336914
0.850000	-0.361328	-2.080078
0.855000	0.991211	-2.690430
0.860000	2.749023	-2.041016
0.865000	4.091797	-0.693359
0.870000	4.545898	0.683594
0.875000	4.096680	1.591797
0.880000	3.051758	1.821289
0.885000	1.850586	1.464844
0.890000	0.874023	0.810547
0.895000	0.327148	0.161133
0.900000	0.209961	-0.239258
0.905000	0.361328	-0.322266
0.910000	0.561523	-0.126953
0.915000	0.644531	0.190430
0.920000	0.507812	0.488281
0.925000	0.180664	0.673828
0.930000	-0.263672	0.473633
0.935000	-0.556641	-0.654297
0.940000	-0.107422	-1.928711
0.945000	1.152344	-2.114258
0.950000	2.529297	-1.347656
0.955000	3.422852	-0.170898
0.960000	3.540039	0.898438
0.965000	2.949219	1.494141
0.970000	1.958008	1.533203
0.975000	0.942383	1.142578
0.980000	0.180664	0.571289
0.985000	-0.205078	-0.112305
0.990000	-0.126953	-0.844727
0.995000	0.419922	-1.025391
1.000000	1.083984	-0.644531
1.005000	1.499023	-0.004883
1.010000	1.503906	0.605469
1.015000	1.103516	0.966797
1.020000	0.463867	1.025391
1.025000	-0.219727	0.673828
1.030000	-0.639648	-0.703125
1.035000	-0.161133	-2.324219
1.040000	1.347656	-2.646484
1.045000	3.085938	-1.796875
1.050000	4.267578	-0.390625
1.055000	4.526367	0.927734
1.060000	3.916016	1.699219
1.065000	2.797852	1.787109
1.070000	1.616211	1.342773
1.075000	0.722656	0.664062
1.080000	0.273438	0.053711
1.085000	0.224609	-0.283203
1.090000	0.405273	-0.297852
1.095000	0.595703	-0.063477
1.100000	0.629883	0.263672
1.105000	0.454102	0.537109
1.110000	0.092773	0.683594
1.115000	-0.356445	0.317383
1.120000	-0.541992	-0.966797
1.125000	0.097656	-2.060547
1.130000	1.445312	-2.016602
1.135000	2.768555	-1.127930
1.140000	3.515625	0.073242
1.145000	3.466797	1.069336
1.150000	2.763672	1.552734
1.155000	1.738281	1.474609
1.160000	0.756836	1.030273
1.165000	0.068359	0.449219
1.170000	-0.234375	-0.278320
1.175000	-0.048828	-0.937500
1.180000	0.556641	-0.981445
1.185000	1.201172	-0.527344
1.190000	1.542969	0.131836
1.195000	1.450195	0.703125
1.200000	0.986328	1.005859
1.205000	0.317383	1.000977
1.210000	-0.346680	0.488281
1.215000	-0.629883	-1.093750
1.220000	0.083008	-2.504883
1.225000	1.718750	-2.543945
1.230000	3.393555	-1.528320
1.235000	4.399414	-0.092773
1.240000	4.462891	1.137695
1.245000	3.715820	1.767578
1.250000	2.543945	1.733398
1.255000	1.396484	1.215820
1.260000	0.590820	0.527344
1.265000	0.229492	-0.039062
1.270000	0.253906	-0.312500
1.275000	0.449219	-0.263672
1.280000	0.615234	-0.004883
1.285000	0.615234	0.327148
1.290000	0.395508	0.581055
1.295000	0.000000	0.673828
1.300000	-0.434570	0.117188
1.305000	-0.488281	-1.264648
1.310000	0.341797	-2.143555
1.315000	1.748047	-1.884766
1.320000	2.983398	-0.888672
1.325000	3.574219	0.312500
1.330000	3.369141	1.215820
1.335000	2.563477	1.577148
1.340000	1.523438	1.411133
1.345000	0.585938	0.913086
1.350000	-0.024414	0.317383
1.355000	-0.239258	-0.449219
1.360000	0.053711	-0.996094
1.365000	0.698242	-0.917969
1.370000	1.293945	-0.395508
1.375000	1.552734	0.268555
1.380000	1.376953	0.791016
1.385000	0.859375	1.030273
1.390000	0.175781	0.961914
1.395000	-0.458984	0.244141
1.400000	-0.595703	-1.469727
1.405000	0.375977	-2.626953
1.410000	2.094727	-2.402344
1.415000	3.676758	-1.245117
1.420000	4.492188	0.195312
1.425000	4.365234	1.323242
1.430000	3.496094	1.811523
1.435000	2.294922	1.655273
1.440000	1.201172	1.074219
1.445000	0.483398	0.385742
1.450000	0.214844	-0.122070
1.455000	0.283203	-0.327148
1.460000	0.493164	-0.224609
1.465000	0.629883	0.063477
1.470000	0.585938	0.385742
1.475000	0.322266	0.615234
1.480000	-0.087891	0.639648
1.485000	-0.498047	-0.122070
1.490000	-0.395508	-1.547852
1.495000	0.615234	-2.172852
1.500000	2.036133	-1.718750
1.505000	3.168945	-0.634766
1.510000	3.588867	0.532227
1.515000	3.237305	1.333008
1.520000	2.358398	1.582031
1.525000	1.308594	1.323242
1.530000	0.424805	0.791016
1.535000	-0.107422	0.180664
1.540000	-0.219727	-0.610352
1.545000	0.170898	-1.025391
1.550000	0.839844	-0.834961
1.555000	1.386719	-0.263672
1.560000	1.552734	0.390625
1.565000	1.293945	0.869141
1.570000	0.722656	1.040039
1.575000	0.029297	0.898438
1.580000	-0.551758	-0.048828
1.585000	-0.493164	-1.826172
1.590000	0.703125	-2.680664
1.595000	2.456055	-2.216797
1.600000	3.911133	-0.947266
1.605000	4.541016	0.473633
1.610000	4.233398	1.479492
1.615000	3.256836	1.826172
1.620000	2.050781	1.552734
1.625000	1.015625	0.932617
1.630000	0.390625	0.263672
1.635000	0.205078	-0.190430
1.640000	0.322266	-0.322266
1.645000	0.537109	-0.170898
1.650000	0.644531	0.131836
1.655000	0.546875	0.449219
1.660000	0.249023	0.649414
1.665000	-0.180664	0.571289
1.670000	-0.546875	-0.400391
1.675000	-0.258789	-1.777344
1.680000	0.898438	-2.158203
1.685000	2.314453	-1.528320
1.690000	3.325195	-0.390625
1.695000	3.574219	0.737305
1.700000	3.090820	1.430664
1.705000	2.143555	1.562500
1.710000	1.108398	1.235352
1.715000	0.288086	0.668945
1.720000	-0.166016	0.024414
1.725000	-0.180664	-0.747070
1.730000	0.297852	-1.035156
1.735000	0.976562	-0.742188
1.740000	1.455078	-0.122070
1.745000	1.533203	0.507812
1.750000	1.201172	0.927734
1.755000	0.581055	1.035156
1.760000	-0.107422	0.795898
1.765000	-0.615234	-0.395508
1.770000	-0.336914	-2.119141
1.775000	1.049805	-2.680664
1.780000	2.802734	-2.001953
1.785000	4.121094	-0.644531
1.790000	4.545898	0.727539
1.795000	4.072266	1.611328
1.800000	3.012695	1.816406
1.805000	1.806641	1.445312
1.810000	0.849609	0.781250
1.815000	0.317383	0.146484
1.820000	0.214844	-0.244141
1.825000	0.366211	-0.317383
1.830000	0.566406	-0.122070
1.835000	0.639648	0.200195
1.840000	0.498047	0.498047
1.845000	0.166016	0.668945
1.850000	-0.385742	0.249023
1.855000	-0.527344	-1.083984
1.860000	0.190430	-2.099609
1.865000	1.552734	-1.972656
1.870000	2.851562	-1.040039
1.875000	3.540039	0.161133
1.880000	3.432617	1.123047
1.885000	2.690430	1.557617
1.890000	1.655273	1.455078
1.895000	0.693359	0.986328
1.900000	0.024414	0.405273
1.905000	-0.239258	-0.341797
1.910000	-0.014648	-0.961914
1.915000	0.615234	-0.957031
1.920000	1.240234	-0.478516
1.925000	1.547852	0.180664
1.930000	1.425781	0.737305
1.935000	0.937500	1.010742
1.940000	0.263672	0.991211
1.945000	-0.390625	0.400391
1.950000	-0.625000	-1.235352
1.955000	0.190430	-2.558594
1.960000	1.860352	-2.500000
1.965000	3.500977	-1.420898
1.970000	4.438477	0.014648
1.975000	4.428711	1.215820
1.980000	3.637695	1.787109
1.985000	2.456055	1.704102
1.990000	1.318359	1.162109
1.995000	0.546875	0.473633
2.000000	0.224609	-0.073242
2.005000	0.263672	-0.317383
2.010000	0.458984	-0.249023
2.015000	0.625000	0.019531
2.020000	0.605469	0.346680
2.025000	0.371094	0.600586
2.030000	-0.029297	0.664062
2.035000	-0.458984	0.034180
2.040000	-0.458984	-1.376953
2.045000	0.439453	-2.163086
2.050000	1.855469	-1.831055
2.055000	3.061523	-0.795898
2.060000	3.579102	0.395508
2.065000	3.320312	1.259766
2.070000	2.490234	1.582031
2.075000	1.440430	1.381836
2.080000	0.527344	0.869141
2.085000	-0.058594	0.268555
2.090000	-0.234375	-0.507812
2.095000	0.092773	-1.010742
2.100000	0.751953	-0.893555
2.105000	1.328125	-0.346680
2.110000	1.557617	0.312500
2.115000	1.347656	0.820312
2.120000	0.805664	1.030273
2.125000	0.122070	0.937500
2.130000	-0.493164	0.136719
2.135000	-0.556641	-1.606445
2.140000	0.493164	-2.651367
2.145000	2.231445	-2.343750
2.150000	3.764648	-1.137695
2.155000	4.516602	0.302734
2.160000	4.316406	1.381836
2.165000	3.408203	1.826172
2.170000	2.202148	1.621094
2.175000	1.127930	1.015625
2.180000	0.449219	0.341797
2.185000	0.209961	-0.151367
2.190000	0.297852	-0.327148
2.195000	0.507812	-0.205078
2.200000	0.634766	0.087891
2.205000	0.576172	0.410156
2.210000	0.297852	0.629883
2.215000	-0.126953	0.620117
2.220000	-0.517578	-0.229492
2.225000	-0.346680	-1.635742
2.230000	0.722656	-2.177734
2.235000	2.148438	-1.655273
2.240000	3.232422	-0.541992
2.245000	3.588867	0.610352
2.250000	3.183594	1.376953
2.255000	2.275391	1.577148
2.260000	1.230469	1.289062
2.265000	0.371094	0.747070
2.270000	-0.131836	0.122070
2.275000	-0.209961	-0.668945
2.280000	0.219727	-1.035156
2.285000	0.898438	-0.805664
2.290000	1.420898	-0.209961
2.295000	1.547852	0.439453
2.300000	1.259766	0.893555
2.305000	0.673828	1.040039
2.310000	-0.019531	0.869141
2.315000	-0.576172	-0.170898
2.320000	-0.439453	-1.933594
2.325000	0.825195	-2.690430
2.330000	2.583008	-2.143555
2.335000	3.989258	-0.834961
2.340000	4.545898	0.566406
2.345000	4.174805	1.528320
2.350000	3.164062	1.826172
2.355000	1.958008	1.518555
2.360000	0.952148	0.874023
2.365000	0.361328	0.219727
2.370000	0.205078	-0.214844
2.375000	0.336914	-0.322266
2.380000	0.541992	-0.156250
2.385000	0.644531	0.156250
2.390000	0.532227	0.463867
2.395000	0.219727	0.654297
2.400000	-0.219727	0.527344
2.405000	-0.551758	-0.512695
2.410000	-0.195312	-1.850586
2.415000	1.010742	-2.143555
2.420000	2.416992	-1.450195
2.425000	3.369141	-0.288086
2.430000	3.564453	0.810547
2.435000	3.027344	1.464844
2.440000	2.055664	1.552734
2.445000	1.035156	1.191406
2.450000	0.234375	0.625000
2.455000	-0.185547	-0.034180
2.460000	-0.161133	-0.795898
2.465000	0.351562	-1.030273
2.470000	1.020508	-0.698242
2.475000	1.474609	-0.073242
2.480000	1.528320	0.551758
2.485000	1.162109	0.952148
2.490000	0.527344	1.035156
2.495000	-0.161133	0.747070
2.500000	-0.629883	-0.527344
2.505000	-0.263672	-2.216797
2.510000	1.181641	-2.666016
2.515000	2.934570	-1.909180
2.520000	4.194336	-0.532227
2.525000	4.545898	0.820312
2.530000	4.003906	1.645508
2.535000	2.915039	1.806641
2.540000	1.723633	1.401367
2.545000	0.791016	0.732422
2.550000	0.297852	0.102539
2.555000	0.219727	-0.263672
2.560000	0.380859	-0.307617
2.565000	0.576172	-0.092773
2.570000	0.634766	0.229492
2.575000	0.483398	0.517578
2.580000	0.136719	0.678711
2.585000	-0.312500	0.395508
2.590000	-0.556641	-0.820312
2.595000	0.000000	-2.006836
2.600000	1.303711	-2.070312
2.605000	2.661133	-1.235352
2.610000	3.476562	-0.039062
2.615000	3.505859	0.991211
2.620000	2.851562	1.523438
2.625000	1.845703	1.503906
2.630000	0.844727	1.083984
2.635000	0.117188	0.507812
2.640000	-0.224609	-0.200195
2.645000	-0.087891	-0.898438
2.650000	0.493164	-1.000977
2.655000	1.147461	-0.585938
2.660000	1.523438	0.068359
2.665000	1.474609	0.654297
2.670000	1.044922	0.991211
2.675000	0.385742	1.010742
2.680000	-0.288086	0.585938
2.685000	-0.644531	-0.913086
2.690000	-0.034180	-2.431641
2.695000	1.542969	-2.597656
2.700000	3.251953	-1.650391
2.705000	4.345703	-0.229492
2.710000	4.497070	1.044922
2.715000	3.808594	1.738281
2.720000	2.661133	1.757812
2.725000	1.499023	1.274414
2.730000	0.649414	0.590820
2.735000	0.253906	0.000000
2.740000	0.239258	-0.297852
2.745000	0.429688	-0.283203
2.750000	0.610352	-0.034180
2.755000	0.620117	0.297852
2.760000	0.424805	0.566406
2.765000	0.039062	0.683594
2.770000	-0.400391	0.219727
2.775000	-0.517578	-1.132812
2.780000	0.224609	-2.114258
2.785000	1.606445	-1.953125
2.790000	2.890625	-0.996094
2.795000	3.549805	0.200195
2.800000	3.417969	1.152344
2.805000	2.656250	1.562500
2.810000	1.621094	1.445312
2.815000	0.664062	0.966797
2.820000	0.014648	0.380859
2.825000	-0.239258	-0.371094
2.830000	0.004883	-0.971680
2.835000	0.629883	-0.947266
2.840000	1.250000	-0.458984
2.845000	1.547852	0.200195
2.850000	1.411133	0.751953
2.855000	0.917969	1.020508
2.860000	0.239258	0.981445
2.865000	-0.410156	0.361328
2.870000	-0.620117	-1.289062
2.875000	0.239258	-2.578125
2.880000	1.918945	-2.475586
2.885000	3.544922	-1.376953
2.890000	4.453125	0.063477
2.895000	4.414062	1.240234
2.900000	3.603516	1.791992
2.905000	2.416992	1.694336
2.910000	1.289062	1.137695
2.915000	0.532227	0.449219
2.920000	0.224609	-0.087891
2.925000	0.263672	-0.322266
2.930000	0.473633	-0.244141
2.935000	0.625000	0.029297
2.940000	0.605469	0.361328
2.945000	0.356445	0.605469
2.950000	-0.048828	0.659180
2.955000	-0.473633	-0.004883
2.960000	-0.444336	-1.425781
2.965000	0.483398	-2.167969
2.970000	1.904297	-1.801758
2.975000	3.085938	-0.751953
2.980000	3.583984	0.429688
2.985000	3.300781	1.279297
2.990000	2.460938	1.577148
2.995000	1.401367	1.367188
3.000000	0.498047	0.849609
3.005000	-0.073242	0.244141
3.010000	-0.234375	-0.537109
3.015000	0.112305	-1.020508
3.020000	0.776367	-0.878906
3.025000	1.347656	-0.327148
3.030000	1.552734	0.332031
3.035000	1.333008	0.834961
3.040000	0.786133	1.035156
3.045000	0.092773	0.927734
3.050000	-0.512695	0.092773
3.055000	-0.546875	-1.665039
3.060000	0.546875	-2.661133
3.065000	2.290039	-2.309570
3.070000	3.803711	-1.088867
3.075000	4.521484	0.346680
3.080000	4.301758	1.411133
3.085000	3.369141	1.826172
3.090000	2.163086	1.601562
3.095000	1.098633	0.996094
3.100000	0.434570	0.322266
3.105000	0.209961	-0.161133
3.110000	0.302734	-0.322266
3.115000	0.512695	-0.200195
3.120000	0.639648	0.102539
3.125000	0.566406	0.419922
3.130000	0.288086	0.639648
3.135000	-0.141602	0.610352
3.140000	-0.522461	-0.268555
3.145000	-0.327148	-1.674805
3.150000	0.766602	-2.172852
3.155000	2.192383	-1.625977
3.160000	3.256836	-0.502930
3.165000	3.588867	0.644531
3.170000	3.159180	1.391602
3.175000	2.241211	1.572266
3.180000	1.201172	1.274414
3.185000	0.346680	0.727539
3.190000	-0.141602	0.097656
3.195000	-0.205078	-0.683594
3.200000	0.239258	-1.035156
3.205000	0.917969	-0.791016
3.210000	1.425781	-0.185547
3.215000	1.547852	0.458984
3.220000	1.245117	0.903320
3.225000	0.644531	1.040039
3.230000	-0.043945	0.849609
3.235000	-0.590820	-0.229492
3.240000	-0.415039	-1.992188
3.245000	0.883789	-2.690430
3.250000	2.641602	-2.104492
3.255000	4.028320	-0.781250
3.260000	4.550781	0.615234
3.265000	4.145508	1.552734
3.270000	3.129883	1.826172
3.275000	1.918945	1.499023
3.280000	0.922852	0.849609
3.285000	0.351562	0.200195
3.290000	0.209961	-0.224609
3.295000	0.341797	-0.322266
3.300000	0.551758	-0.146484
3.305000	0.639648	0.170898
3.310000	0.527344	0.473633
3.315000	0.205078	0.659180
3.320000	-0.234375	0.512695
3.325000	-0.556641	-0.566406
3.330000	-0.170898	-1.879883
3.335000	1.059570	-2.133789
3.340000	2.456055	-1.416016
3.345000	3.388672	-0.249023
3.350000	3.559570	0.844727
3.355000	2.998047	1.474609
3.360000	2.026367	1.547852
3.365000	1.000977	1.176758
3.370000	0.214844	0.605469
3.375000	-0.190430	-0.063477
3.380000	-0.146484	-0.815430
3.385000	0.375977	-1.025391
3.390000	1.044922	-0.683594
3.395000	1.479492	-0.048828
3.400000	1.513672	0.571289
3.405000	1.142578	0.957031
3.410000	0.502930	1.030273
3.415000	-0.180664	0.722656
3.420000	-0.629883	-0.595703
3.425000	-0.234375	-2.255859
3.430000	1.245117	-2.661133
3.435000	2.988281	-1.875000
3.440000	4.218750	-0.478516
3.445000	4.536133	0.859375
3.450000	3.974609	1.669922
3.455000	2.875977	1.801758
3.460000	1.684570	1.381836
3.465000	0.766602	0.708008
3.470000	0.288086	0.083008
3.475000	0.219727	-0.273438
3.480000	0.385742	-0.302734
3.485000	0.581055	-0.087891
3.490000	0.629883	0.239258
3.495000	0.473633	0.527344
3.500000	0.117188	0.678711
3.505000	-0.327148	0.366211
3.510000	-0.551758	-0.878906
3.515000	0.029297	-2.026367
3.520000	1.352539	-2.050781
3.525000	2.700195	-1.201172
3.530000	3.491211	0.000000
3.535000	3.491211	1.020508
3.540000	2.817383	1.538086
3.545000	1.806641	1.499023
3.550000	0.810547	1.064453
3.555000	0.097656	0.488281
3.560000	-0.224609	-0.234375
3.565000	-0.078125	-0.913086
3.570000	0.517578	-0.996094
3.575000	1.162109	-0.561523
3.580000	1.528320	0.087891
3.585000	1.464844	0.673828
3.590000	1.020508	0.991211
3.595000	0.361328	1.005859
3.600000	-0.307617	0.551758
3.605000	-0.639648	-0.976562
3.610000	0.004883	-2.460938
3.615000	1.611328	-2.578125
3.620000	3.305664	-1.606445
3.625000	4.365234	-0.180664
3.630000	4.482422	1.079102
3.635000	3.769531	1.748047
3.640000	2.622070	1.748047
3.645000	1.459961	1.250000
3.650000	0.625000	0.566406
3.655000	0.244141	-0.014648
3.660000	0.239258	-0.302734
3.665000	0.439453	-0.278320
3.670000	0.615234	-0.019531
3.675000	0.615234	0.302734
3.680000	0.415039	0.571289
3.685000	0.024414	0.678711
3.690000	-0.410156	0.180664
3.695000	-0.512695	-1.181641
3.700000	0.268555	-2.124023
3.705000	1.655273	-1.928711
3.710000	2.924805	-0.961914
3.715000	3.559570	0.239258
3.720000	3.403320	1.171875
3.725000	2.622070	1.572266
3.730000	1.582031	1.430664
3.735000	0.634766	0.947266
3.740000	-0.004883	0.361328
3.745000	-0.239258	-0.395508
3.750000	0.019531	-0.981445
3.755000	0.654297	-0.942383
3.760000	1.264648	-0.439453
3.765000	1.547852	0.224609
3.770000	1.396484	0.766602
3.775000	0.898438	1.025391
3.780000	0.214844	0.976562
3.785000	-0.429688	0.322266
3.790000	-0.610352	-1.357422
3.795000	0.288086	-2.597656
3.800000	1.982422	-2.451172
3.805000	3.598633	-1.323242
3.810000	4.467773	0.112305
3.815000	4.394531	1.269531
3.820000	3.564453	1.801758
3.825000	2.373047	1.679688
3.830000	1.254883	1.113281
3.835000	0.512695	0.424805
3.840000	0.219727	-0.097656
3.845000	0.273438	-0.322266
3.850000	0.478516	-0.239258
3.855000	0.625000	0.043945
3.860000	0.595703	0.366211
3.865000	0.346680	0.610352
3.870000	-0.058594	0.654297
3.875000	-0.478516	-0.048828
3.880000	-0.429688	-1.469727
3.885000	0.532227	-2.167969
3.890000	1.948242	-1.772461
3.895000	3.115234	-0.712891
3.900000	3.588867	0.468750
3.905000	3.281250	1.298828
3.910000	2.421875	1.582031
3.915000	1.372070	1.352539
3.920000	0.473633	0.830078
3.925000	-0.083008	0.224609
3.930000	-0.224609	-0.561523
3.935000	0.136719	-1.025391
3.940000	0.800781	-0.864258
3.945000	1.357422	-0.302734
3.950000	1.552734	0.356445
3.955000	1.318359	0.844727
3.960000	0.761719	1.040039
3.965000	0.068359	0.927734
3.970000	-0.527344	0.039062
3.975000	-0.527344	-1.723633
3.980000	0.600586	-2.670898
3.985000	2.353516	-2.280273
3.990000	3.842773	-1.035156
3.995000	4.531250	0.395508
4.000000	4.277344	1.440430
4.005000	3.325195	1.826172
4.010000	2.119141	1.586914
4.015000	1.069336	0.971680
4.020000	0.419922	0.297852
4.025000	0.205078	-0.170898
4.030000	0.307617	-0.322266
4.035000	0.522461	-0.190430
4.040000	0.639648	0.107422
4.045000	0.561523	0.429688
4.050000	0.273438	0.639648
4.055000	-0.156250	0.590820
4.060000	-0.532227	-0.312500
4.065000	-0.302734	-1.713867
4.070000	0.810547	-2.167969
4.075000	2.236328	-1.586914
4.080000	3.281250	-0.458984
4.085000	3.583984	0.673828
4.090000	3.134766	1.406250
4.095000	2.207031	1.572266
4.100000	1.171875	1.254883
4.105000	0.327148	0.708008
4.110000	-0.156250	0.068359
4.115000	-0.195312	-0.708008
4.120000	0.263672	-1.040039
4.125000	0.937500	-0.771484
4.130000	1.435547	-0.161133
4.135000	1.542969	0.478516
4.140000	1.230469	0.908203
4.145000	0.625000	1.040039
4.150000	-0.068359	0.834961
4.155000	-0.605469	-0.288086
4.160000	-0.385742	-2.041016
4.165000	0.942383	-2.690430
4.170000	2.705078	-2.070312
4.175000	4.062500	-0.737305
4.180000	4.550781	0.654297
4.185000	4.121094	1.577148
4.190000	3.085938	1.826172
4.195000	1.879883	1.479492
4.200000	0.898438	0.830078
4.205000	0.336914	0.180664
4.210000	0.209961	-0.234375
4.215000	0.351562	-0.322266
4.220000	0.556641	-0.136719
4.225000	0.639648	0.180664
4.230000	0.517578	0.483398
4.235000	0.190430	0.664062
4.240000	-0.253906	0.488281
4.245000	-0.556641	-0.610352
4.250000	-0.136719	-1.904297
4.255000	1.108398	-2.119141
4.260000	2.495117	-1.381836
4.265000	3.413086	-0.205078
4.270000	3.544922	0.869141
4.275000	2.968750	1.489258
4.280000	1.987305	1.542969
4.285000	0.966797	1.157227
4.290000	0.195312	0.590820
4.295000	-0.205078	-0.087891
4.300000	-0.141602	-0.830078
4.305000	0.395508	-1.025391
4.310000	1.069336	-0.664062
4.315000	1.494141	-0.029297
4.320000	1.508789	0.585938
4.325000	1.123047	0.961914
4.330000	0.478516	1.030273
4.335000	-0.200195	0.698242
4.340000	-0.634766	-0.654297
4.345000	-0.190430	-2.294922
4.350000	1.298828	-2.656250
4.355000	3.041992	-1.831055
4.360000	4.243164	-0.434570
4.365000	4.531250	0.898438
4.370000	3.940430	1.679688
4.375000	2.832031	1.791992
4.380000	1.645508	1.357422
4.385000	0.742188	0.683594
4.390000	0.278320	0.068359
4.395000	0.224609	-0.283203
4.400000	0.395508	-0.302734
4.405000	0.590820	-0.073242
4.410000	0.629883	0.253906
4.415000	0.463867	0.537109
4.420000	0.107422	0.678711
4.425000	-0.341797	0.341797
4.430000	-0.546875	-0.922852
4.435000	0.068359	-2.045898
4.440000	1.401367	-2.036133
4.445000	2.739258	-1.162109
4.450000	3.500977	0.039062
4.455000	3.481445	1.044922
4.460000	2.788086	1.542969
4.465000	1.767578	1.489258
4.470000	0.786133	1.044922
4.475000	0.083008	0.468750
4.480000	-0.229492	-0.253906
4.485000	-0.063477	-0.927734
4.490000	0.541992	-0.986328
4.495000	1.186523	-0.546875
4.500000	1.533203	0.112305
4.505000	1.450195	0.688477
4.510000	1.000977	1.000977
4.515000	0.336914	1.005859
4.520000	-0.327148	0.517578
4.525000	-0.634766	-1.040039
4.530000	0.043945	-2.485352
4.535000	1.669922	-2.558594
4.540000	3.354492	-1.557617
4.545000	4.379883	-0.131836
4.550000	4.472656	1.113281
4.555000	3.745117	1.762695
4.560000	2.578125	1.738281
4.565000	1.425781	1.230469
4.570000	0.610352	0.541992
4.575000	0.234375	-0.029297
4.580000	0.249023	-0.307617
4.585000	0.444336	-0.273438
4.590000	0.615234	-0.009766
4.595000	0.615234	0.312500
4.600000	0.405273	0.576172
4.605000	0.014648	0.678711
4.610000	-0.424805	0.146484
4.615000	-0.498047	-1.230469
4.620000	0.312500	-2.133789
4.625000	1.704102	-1.904297
4.630000	2.958984	-0.922852
4.635000	3.569336	0.278320
4.640000	3.378906	1.196289
4.645000	2.587891	1.572266
4.650000	1.547852	1.420898
4.655000	0.605469	0.932617
4.660000	-0.014648	0.336914
4.665000	-0.244141	-0.424805
4.670000	0.034180	-0.991211
4.675000	0.683594	-0.927734
4.680000	1.284180	-0.415039
4.685000	1.547852	0.249023
4.690000	1.386719	0.781250
4.695000	0.874023	1.025391
4.700000	0.190430	0.966797
4.705000	-0.444336	0.278320
4.710000	-0.600586	-1.416016
4.715000	0.332031	-2.612305
4.720000	2.045898	-2.426758
4.725000	3.642578	-1.279297
4.730000	4.482422	0.161133
4.735000	4.375000	1.298828
4.740000	3.520508	1.806641
4.745000	2.329102	1.665039
4.750000	1.225586	1.093750
4.755000	0.493164	0.405273
4.760000	0.219727	-0.117188
4.765000	0.283203	-0.322266
4.770000	0.488281	-0.229492
4.775000	0.629883	0.053711
4.780000	0.590820	0.375977
4.785000	0.332031	0.615234
4.790000	-0.078125	0.644531
4.795000	-0.488281	-0.087891
4.800000	-0.410156	-1.513672
4.805000	0.581055	-2.172852
4.810000	2.001953	-1.748047
4.815000	3.144531	-0.668945
4.820000	3.588867	0.507812
4.825000	3.256836	1.318359
4.830000	2.387695	1.582031
4.835000	1.333008	1.337891
4.840000	0.444336	0.805664
4.845000	-0.097656	0.195312
4.850000	-0.224609	-0.590820
4.855000	0.156250	-1.025391
4.860000	0.825195	-0.854492
4.865000	1.372070	-0.278320
4.870000	1.552734	0.375977
4.875000	1.303711	0.854492
4.880000	0.742188	1.040039
4.885000	0.043945	0.913086
4.890000	-0.541992	-0.009766
4.895000	-0.507812	-1.777344
4.900000	0.654297	-2.680664
4.905000	2.412109	-2.250977
4.910000	3.881836	-0.986328
4.915000	4.536133	0.439453
4.920000	4.252930	1.459961
4.925000	3.291016	1.826172
4.930000	2.080078	1.572266
4.935000	1.040039	0.947266
4.940000	0.400391	0.278320
4.945000	0.205078	-0.185547
4.950000	0.317383	-0.322266
4.955000	0.527344	-0.180664
4.960000	0.644531	0.122070
4.965000	0.551758	0.439453
4.970000	0.258789	0.644531
4.975000	-0.170898	0.581055
4.980000	-0.537109	-0.361328
4.985000	-0.283203	-1.748047
4.990000	0.864258	-2.163086
4.995000	2.280273	-1.557617
5.000000	3.300781	-0.419922
5.005000	3.579102	0.712891
5.010000	3.110352	1.420898
5.015000	2.167969	1.567383
5.020000	1.137695	1.245117
5.025000	0.302734	0.688477
5.030000	-0.161133	0.043945
5.035000	-0.185547	-0.732422
5.040000	0.278320	-1.035156
5.045000	0.957031	-0.756836
5.050000	1.450195	-0.141602
5.055000	1.538086	0.493164
5.060000	1.215820	0.922852
5.065000	0.600586	1.035156
5.070000	-0.087891	0.810547
5.075000	-0.610352	-0.346680
5.080000	-0.356445	-2.084961
5.085000	1.000977	-2.690430
5.090000	2.758789	-2.031250
5.095000	4.091797	-0.688477
5.100000	4.545898	0.693359
5.105000	4.096680	1.591797
5.110000	3.041992	1.821289
5.115000	1.840820	1.464844
5.120000	0.869141	0.805664
5.125000	0.327148	0.161133
5.130000	0.209961	-0.244141
5.135000	0.361328	-0.322266
5.140000	0.561523	-0.126953
5.145000	0.639648	0.195312
5.150000	0.507812	0.493164
5.155000	0.175781	0.673828
5.160000	-0.263672	0.468750
5.165000	-0.556641	-0.664062
5.170000	-0.102539	-1.933594
5.175000	1.162109	-2.109375
5.180000	2.534180	-1.342773
5.185000	3.427734	-0.166016
5.190000	3.540039	0.903320
5.195000	2.944336	1.499023
5.200000	1.953125	1.533203
5.205000	0.937500	1.137695
5.210000	0.175781	0.571289
5.215000	-0.205078	-0.112305
5.220000	-0.126953	-0.849609
5.225000	0.424805	-1.020508
5.230000	1.083984	-0.644531
5.235000	1.503906	-0.004883
5.240000	1.503906	0.605469
5.245000	1.103516	0.971680
5.250000	0.458984	1.025391
5.255000	-0.224609	0.668945
5.260000	-0.634766	-0.717773
5.265000	-0.156250	-2.329102
5.270000	1.357422	-2.641602
5.275000	3.095703	-1.787109
5.280000	4.267578	-0.380859
5.285000	4.526367	0.932617
5.290000	3.911133	1.699219
5.295000	2.792969	1.787109
5.300000	1.606445	1.337891
5.305000	0.717773	0.659180
5.310000	0.273438	0.053711
5.315000	0.224609	-0.283203
5.320000	0.400391	-0.297852
5.325000	0.595703	-0.063477
5.330000	0.629883	0.263672
5.335000	0.454102	0.541992
5.340000	0.092773	0.683594
5.345000	-0.356445	0.312500
5.350000	-0.541992	-0.976562
5.355000	0.107422	-2.065430
5.360000	1.450195	-2.011719
5.365000	2.773438	-1.118164
5.370000	3.515625	0.078125
5.375000	3.466797	1.074219
5.380000	2.758789	1.552734
5.385000	1.733398	1.479492
5.390000	0.751953	1.025391
5.395000	0.063477	0.449219
5.400000	-0.234375	-0.288086
5.405000	-0.043945	-0.942383
5.410000	0.561523	-0.981445
5.415000	1.201172	-0.522461
5.420000	1.538086	0.136719
5.425000	1.450195	0.703125
5.430000	0.986328	1.005859
5.435000	0.312500	1.000977
5.440000	-0.351562	0.483398
5.445000	-0.634766	-1.103516
5.450000	0.092773	-2.509766
5.455000	1.733398	-2.543945
5.460000	3.403320	-1.518555
5.465000	4.399414	-0.083008
5.470000	4.458008	1.147461
5.475000	3.710938	1.772461
5.480000	2.534180	1.728516
5.485000	1.391602	1.210938
5.490000	0.590820	0.522461
5.495000	0.229492	-0.043945
5.500000	0.253906	-0.312500
5.505000	0.454102	-0.268555
5.510000	0.615234	-0.004883
5.515000	0.615234	0.327148
5.520000	0.390625	0.585938
5.525000	0.000000	0.673828
5.530000	-0.434570	0.112305
5.535000	-0.488281	-1.274414
5.540000	0.351562	-2.143555
5.545000	1.752930	-1.879883
5.550000	2.993164	-0.878906
5.555000	3.574219	0.312500
5.560000	3.364258	1.215820
5.565000	2.558594	1.577148
5.570000	1.513672	1.406250
5.575000	0.585938	0.913086
5.580000	-0.029297	0.317383
5.585000	-0.239258	-0.454102
5.590000	0.058594	-1.000977
5.595000	0.703125	-0.917969
5.600000	1.303711	-0.400391
5.605000	1.552734	0.268555
5.610000	1.376953	0.791016
5.615000	0.854492	1.030273
5.620000	0.166016	0.961914
5.625000	-0.463867	0.234375
5.630000	-0.590820	-1.484375
5.635000	0.385742	-2.626953
5.640000	2.104492	-2.397461
5.645000	3.681641	-1.230469
5.650000	4.492188	0.205078
5.655000	4.360352	1.328125
5.660000	3.486328	1.816406
5.665000	2.290039	1.650391
5.670000	1.196289	1.069336
5.675000	0.478516	0.385742
5.680000	0.209961	-0.122070
5.685000	0.288086	-0.322266
5.690000	0.493164	-0.224609
5.695000	0.634766	0.063477
5.700000	0.585938	0.385742
5.705000	0.322266	0.620117
5.710000	-0.092773	0.639648
5.715000	-0.502930	-0.131836
5.720000	-0.395508	-1.557617
5.725000	0.620117	-2.172852
5.730000	2.045898	-1.718750
5.735000	3.173828	-0.629883
5.740000	3.593750	0.537109
5.745000	3.237305	1.337891
5.750000	2.353516	1.586914
5.755000	1.298828	1.323242
5.760000	0.419922	0.791016
5.765000	-0.112305	0.175781
5.770000	-0.224609	-0.615234
5.775000	0.175781	-1.025391
5.780000	0.844727	-0.839844
5.785000	1.386719	-0.258789
5.790000	1.547852	0.395508
5.795000	1.289062	0.864258
5.800000	0.717773	1.040039
5.805000	0.024414	0.898438
5.810000	-0.556641	-0.058594
5.815000	-0.483398	-1.831055
5.820000	0.708008	-2.685547
5.825000	2.470703	-2.211914
5.830000	3.916016	-0.942383
5.835000	4.541016	0.483398
5.840000	4.228516	1.484375
5.845000	3.247070	1.826172
5.850000	2.041016	1.552734
5.855000	1.010742	0.927734
5.860000	0.390625	0.258789
5.865000	0.205078	-0.195312
5.870000	0.327148	-0.322266
5.875000	0.537109	-0.170898
5.880000	0.644531	0.136719
5.885000	0.546875	0.449219
5.890000	0.249023	0.649414
5.895000	-0.190430	0.566406
5.900000	-0.541992	-0.410156
5.905000	-0.253906	-1.782227
5.910000	0.913086	-2.158203
5.915000	2.324219	-1.523438
5.920000	3.325195	-0.375977
5.925000	3.574219	0.747070
5.930000	3.085938	1.435547
5.935000	2.138672	1.562500
5.940000	1.103516	1.230469
5.945000	0.283203	0.668945
5.950000	-0.170898	0.019531
5.955000	-0.180664	-0.751953
5.960000	0.302734	-1.035156
5.965000	0.981445	-0.737305
5.970000	1.455078	-0.122070
5.975000	1.533203	0.517578
5.980000	1.196289	0.927734
5.985000	0.581055	1.035156
5.990000	-0.112305	0.795898
5.995000	-0.620117	-0.410156
6.000000	-0.327148	-2.128906
6.005000	1.059570	-2.680664
6.010000	2.812500	-1.992188
6.015000	4.125977	-0.639648
6.020000	4.550781	0.737305
6.025000	4.067383	1.616211
6.030000	3.007812	1.816406
6.035000	1.801758	1.440430
6.040000	0.844727	0.781250
6.045000	0.317383	0.141602
6.050000	0.214844	-0.249023
6.055000	0.366211	-0.317383
6.060000	0.571289	-0.117188
6.065000	0.639648	0.205078
6.070000	0.498047	0.502930
6.075000	0.166016	0.673828
6.080000	-0.283203	0.444336
6.085000	-0.556641	-0.712891
6.090000	-0.068359	-1.958008
6.095000	1.206055	-2.094727
6.100000	2.573242	-1.308594
6.105000	3.442383	-0.122070
6.110000	3.530273	0.932617
6.115000	2.915039	1.508789
6.120000	1.918945	1.523438
6.125000	0.908203	1.123047
6.130000	0.156250	0.546875
6.135000	-0.209961	-0.141602
6.140000	-0.112305	-0.869141
6.145000	0.444336	-1.015625
6.150000	1.108398	-0.625000
6.155000	1.508789	0.019531
6.160000	1.489258	0.620117
6.165000	1.083984	0.976562
6.170000	0.434570	1.020508
6.175000	-0.244141	0.644531
6.180000	-0.639648	-0.776367
6.185000	-0.122070	-2.363281
6.190000	1.420898	-2.631836
6.195000	3.144531	-1.748047
6.200000	4.296875	-0.332031
6.205000	4.516602	0.966797
6.210000	3.876953	1.713867
6.215000	2.749023	1.782227
6.220000	1.572266	1.313477
6.225000	0.693359	0.634766
6.230000	0.263672	0.034180
6.235000	0.229492	-0.288086
6.240000	0.415039	-0.288086
6.245000	0.600586	-0.053711
6.250000	0.629883	0.268555
6.255000	0.449219	0.546875
6.260000	0.073242	0.683594
6.265000	-0.371094	0.283203
6.270000	-0.532227	-1.025391
6.275000	0.141602	-2.080078
6.280000	1.499023	-1.997070
6.285000	2.812500	-1.083984
6.290000	3.530273	0.117188
6.295000	3.447266	1.098633
6.300000	2.724609	1.557617
6.305000	1.699219	1.469727
6.310000	0.722656	1.005859
6.315000	0.048828	0.424805
6.320000	-0.234375	-0.307617
6.325000	-0.029297	-0.947266
6.330000	0.585938	-0.971680
6.335000	1.220703	-0.502930
6.340000	1.547852	0.151367
6.345000	1.435547	0.717773
6.350000	0.961914	1.010742
6.355000	0.288086	0.991211
6.360000	-0.371094	0.444336
6.365000	-0.634766	-1.166992
6.370000	0.136719	-2.534180
6.375000	1.791992	-2.519531
6.380000	3.447266	-1.469727
6.385000	4.418945	-0.039062
6.390000	4.443359	1.176758
6.395000	3.676758	1.782227
6.400000	2.500000	1.718750
6.405000	1.357422	1.186523
6.410000	0.571289	0.498047
6.415000	0.229492	-0.058594
6.420000	0.253906	-0.317383
6.425000	0.458984	-0.258789
6.430000	0.615234	0.009766
6.435000	0.615234	0.336914
6.440000	0.380859	0.595703
6.445000	-0.014648	0.673828
6.450000	-0.449219	0.073242
6.455000	-0.478516	-1.323242
6.460000	0.395508	-2.158203
6.465000	1.801758	-1.860352
6.470000	3.022461	-0.839844
6.475000	3.574219	0.351562
6.480000	3.344727	1.235352
6.485000	2.524414	1.582031
6.490000	1.479492	1.396484
6.495000	0.551758	0.888672
6.500000	-0.043945	0.292969
6.505000	-0.234375	-0.478516
6.510000	0.073242	-1.005859
6.515000	0.727539	-0.903320
6.520000	1.313477	-0.371094
6.525000	1.552734	0.288086
6.530000	1.362305	0.805664
6.535000	0.830078	1.035156
6.540000	0.146484	0.952148
6.545000	-0.478516	0.190430
6.550000	-0.576172	-1.542969
6.555000	0.434570	-2.636719
6.560000	2.163086	-2.368164
6.565000	3.725586	-1.191406
6.570000	4.506836	0.249023
6.575000	4.340820	1.357422
6.580000	3.452148	1.821289
6.585000	2.246094	1.635742
6.590000	1.166992	1.044922
6.595000	0.463867	0.361328
6.600000	0.209961	-0.136719
6.605000	0.288086	-0.322266
6.610000	0.498047	-0.214844
6.615000	0.634766	0.073242
6.620000	0.581055	0.400391
6.625000	0.307617	0.625000
6.630000	-0.107422	0.629883
6.635000	-0.512695	-0.175781
6.640000	-0.371094	-1.596680
6.645000	0.664062	-2.172852
6.650000	2.094727	-1.689453
6.655000	3.203125	-0.585938
6.660000	3.593750	0.576172
6.665000	3.212891	1.357422
6.670000	2.314453	1.577148
6.675000	1.264648	1.308594
6.680000	0.395508	0.771484
6.685000	-0.122070	0.146484
6.690000	-0.214844	-0.639648
6.695000	0.195312	-1.030273
6.700000	0.869141	-0.825195
6.705000	1.396484	-0.234375
6.710000	1.547852	0.415039
6.715000	1.274414	0.883789
6.720000	0.693359	1.044922
6.725000	0.000000	0.883789
6.730000	-0.566406	-0.117188
6.735000	-0.463867	-1.884766
6.740000	0.761719	-2.690430
6.745000	2.524414	-2.182617
6.750000	3.955078	-0.888672
6.755000	4.545898	0.522461
6.760000	4.204102	1.508789
6.765000	3.208008	1.826172
6.770000	2.001953	1.538086
6.775000	0.981445	0.903320
6.780000	0.375977	0.239258
6.785000	0.205078	-0.205078
6.790000	0.332031	-0.322266
6.795000	0.537109	-0.166016
6.800000	0.644531	0.146484
6.805000	0.537109	0.458984
6.810000	0.234375	0.654297
6.815000	-0.205078	0.546875
6.820000	-0.546875	-0.458984
6.825000	-0.229492	-1.821289
6.830000	0.961914	-2.153320
6.835000	2.368164	-1.489258
6.840000	3.344727	-0.336914
6.845000	3.574219	0.776367
6.850000	3.051758	1.450195
6.855000	2.099609	1.552734
6.860000	1.069336	1.210938
6.865000	0.258789	0.649414
6.870000	-0.175781	-0.009766
6.875000	-0.166016	-0.776367
6.880000	0.327148	-1.030273
6.885000	1.000977	-0.722656
6.890000	1.469727	-0.097656
6.895000	1.528320	0.532227
6.900000	1.181641	0.937500
6.905000	0.556641	1.035156
6.910000	-0.136719	0.771484
6.915000	-0.625000	-0.463867
6.920000	-0.302734	-2.172852
6.925000	1.123047	-2.680664
6.930000	2.871094	-1.953125
6.935000	4.160156	-0.590820
6.940000	4.545898	0.771484
6.945000	4.038086	1.630859
6.950000	2.963867	1.811523
6.955000	1.762695	1.420898
6.960000	0.820312	0.756836
6.965000	0.302734	0.122070
6.970000	0.214844	-0.258789
6.975000	0.375977	-0.312500
6.980000	0.576172	-0.107422
6.985000	0.639648	0.219727
6.990000	0.493164	0.512695
6.995000	0.151367	0.668945
7.000000	-0.297852	0.424805
7.005000	-0.556641	-0.766602
7.010000	-0.039062	-1.982422
7.015000	1.250000	-2.080078
7.020000	2.617188	-1.269531
7.025000	3.461914	-0.087891
7.030000	3.520508	0.957031
7.035000	2.880859	1.518555
7.040000	1.879883	1.518555
7.045000	0.874023	1.098633
7.050000	0.136719	0.532227
7.055000	-0.214844	-0.170898
7.060000	-0.102539	-0.878906
7.065000	0.468750	-1.010742
7.070000	1.127930	-0.610352
7.075000	1.518555	0.039062
7.080000	1.484375	0.639648
7.085000	1.069336	0.981445
7.090000	0.410156	1.015625
7.095000	-0.268555	0.615234
7.100000	-0.639648	-0.839844
7.105000	-0.083008	-2.392578
7.110000	1.479492	-2.617188
7.115000	3.198242	-1.704102
7.120000	4.316406	-0.283203
7.125000	4.511719	1.000977
7.130000	3.847656	1.723633
7.135000	2.709961	1.772461
7.140000	1.538086	1.293945
7.145000	0.673828	0.615234
7.150000	0.258789	0.019531
7.155000	0.234375	-0.292969
7.160000	0.419922	-0.288086
7.165000	0.605469	-0.048828
7.170000	0.625000	0.283203
7.175000	0.439453	0.556641
7.180000	0.063477	0.683594
7.185000	-0.385742	0.253906
7.190000	-0.527344	-1.079102
7.195000	0.185547	-2.094727
7.200000	1.552734	-1.972656
7.205000	2.851562	-1.044922
7.210000	3.540039	0.156250
7.215000	3.437500	1.123047
7.220000	2.690430	1.562500
7.225000	1.660156	1.455078
7.230000	0.693359	0.986328
7.235000	0.029297	0.405273
7.240000	-0.239258	-0.336914
7.245000	-0.009766	-0.957031
7.250000	0.610352	-0.961914
7.255000	1.240234	-0.483398
7.260000	1.547852	0.175781
7.265000	1.420898	0.737305
7.270000	0.942383	1.015625
7.275000	0.268555	0.986328
7.280000	-0.390625	0.405273
7.285000	-0.629883	-1.225586
7.290000	0.185547	-2.553711
7.295000	1.850586	-2.500000
7.300000	3.500977	-1.425781
7.305000	4.433594	0.014648
7.310000	4.433594	1.206055
7.315000	3.642578	1.787109
7.320000	2.460938	1.708984
7.325000	1.323242	1.162109
7.330000	0.551758	0.473633
7.335000	0.224609	-0.073242
7.340000	0.263672	-0.322266
7.345000	0.463867	-0.249023
7.350000	0.625000	0.014648
7.355000	0.605469	0.351562
7.360000	0.371094	0.600586
7.365000	-0.029297	0.664062
7.370000	-0.458984	0.039062
7.375000	-0.463867	-1.372070
7.380000	0.434570	-2.163086
7.385000	1.850586	-1.831055
7.390000	3.051758	-0.800781
7.395000	3.579102	0.390625
7.400000	3.325195	1.254883
7.405000	2.490234	1.577148
7.410000	1.440430	1.381836
7.415000	0.527344	0.869141
7.420000	-0.058594	0.273438
7.425000	-0.239258	-0.507812
7.430000	0.092773	-1.010742
7.435000	0.751953	-0.893555
7.440000	1.328125	-0.356445
7.445000	1.557617	0.307617
7.450000	1.352539	0.815430
7.455000	0.805664	1.035156
7.460000	0.122070	0.942383
7.465000	-0.493164	0.141602
7.470000	-0.561523	-1.596680
7.475000	0.483398	-2.656250
7.480000	2.221680	-2.348633
7.485000	3.759766	-1.142578
7.490000	4.511719	0.292969
7.495000	4.321289	1.381836
7.500000	3.413086	1.826172
7.505000	2.207031	1.621094
7.510000	1.137695	1.020508
7.515000	0.449219	0.341797
7.520000	0.209961	-0.151367
7.525000	0.297852	-0.327148
7.530000	0.507812	-0.209961
7.535000	0.634766	0.083008
7.540000	0.571289	0.410156
7.545000	0.297852	0.629883
7.550000	-0.122070	0.615234
7.555000	-0.517578	-0.219727
7.560000	-0.356445	-1.630859
7.565000	0.712891	-2.172852
7.570000	2.138672	-1.660156
7.575000	3.227539	-0.546875
7.580000	3.588867	0.605469
7.585000	3.188477	1.372070
7.590000	2.285156	1.582031
7.595000	1.240234	1.289062
7.600000	0.375977	0.747070
7.605000	-0.131836	0.122070
7.610000	-0.209961	-0.659180
7.615000	0.214844	-1.035156
7.620000	0.888672	-0.805664
7.625000	1.411133	-0.214844
7.630000	1.547852	0.434570
7.635000	1.254883	0.888672
7.640000	0.673828	1.040039
7.645000	-0.019531	0.869141
7.650000	-0.576172	-0.166016
7.655000	-0.439453	-1.938477
7.660000	0.820312	-2.690430
7.665000	2.583008	-2.143555
7.670000	3.994141	-0.839844
7.675000	4.545898	0.566406
7.680000	4.174805	1.528320
7.685000	3.168945	1.821289
7.690000	1.958008	1.518555
7.695000	0.952148	0.878906
7.700000	0.361328	0.219727
7.705000	0.205078	-0.214844
7.710000	0.336914	-0.322266
7.715000	0.541992	-0.156250
7.720000	0.639648	0.156250
7.725000	0.537109	0.463867
7.730000	0.219727	0.654297
7.735000	-0.224609	0.527344
7.740000	-0.551758	-0.512695
7.745000	-0.200195	-1.845703
7.750000	1.005859	-2.143555
7.755000	2.412109	-1.455078
7.760000	3.369141	-0.292969
7.765000	3.564453	0.805664
7.770000	3.032227	1.464844
7.775000	2.065430	1.552734
7.780000	1.040039	1.191406
7.785000	0.239258	0.625000
7.790000	-0.185547	-0.029297
7.795000	-0.166016	-0.791016
7.800000	0.346680	-1.025391
7.805000	1.020508	-0.703125
7.810000	1.474609	-0.073242
7.815000	1.523438	0.551758
7.820000	1.162109	0.947266
7.825000	0.532227	1.030273
7.830000	-0.156250	0.747070
7.835000	-0.629883	-0.527344
7.840000	-0.268555	-2.211914
7.845000	1.181641	-2.670898
7.850000	2.934570	-1.914062
7.855000	4.179688	-0.537109
7.860000	4.545898	0.815430
7.865000	4.003906	1.645508
7.870000	2.919922	1.801758
7.875000	1.723633	1.401367
7.880000	0.791016	0.732422
7.885000	0.297852	0.107422
7.890000	0.224609	-0.263672
7.895000	0.380859	-0.307617
7.900000	0.576172	-0.092773
7.905000	0.639648	0.224609
7.910000	0.483398	0.517578
7.915000	0.136719	0.678711
7.920000	-0.312500	0.400391
7.925000	-0.556641	-0.820312
7.930000	-0.009766	-2.001953
7.935000	1.298828	-2.065430
7.940000	2.661133	-1.235352
7.945000	3.476562	-0.043945
7.950000	3.505859	0.991211
7.955000	2.851562	1.528320
7.960000	1.845703	1.508789
7.965000	0.844727	1.083984
7.970000	0.117188	0.512695
7.975000	-0.219727	-0.200195
7.980000	-0.092773	-0.898438
7.985000	0.488281	-1.000977
7.990000	1.147461	-0.585938
7.995000	1.523438	0.063477
8.000000	1.474609	0.659180
8.005000	1.044922	0.991211
8.010000	0.385742	1.010742
8.015000	-0.288086	0.585938
8.020000	-0.644531	-0.908203
8.025000	-0.039062	-2.426758
8.030000	1.542969	-2.602539
8.035000	3.251953	-1.655273
8.040000	4.340820	-0.234375
8.045000	4.497070	1.040039
8.050000	3.808594	1.738281
8.055000	2.666016	1.762695
8.060000	1.499023	1.274414
8.065000	0.654297	0.590820
8.070000	0.253906	0.000000
8.075000	0.234375	-0.297852
8.080000	0.424805	-0.283203
8.085000	0.610352	-0.034180
8.090000	0.625000	0.292969
8.095000	0.424805	0.566406
8.100000	0.043945	0.683594
8.105000	-0.400391	0.219727
8.110000	-0.522461	-1.132812
8.115000	0.224609	-2.109375
8.120000	1.601562	-1.953125
8.125000	2.885742	-1.005859
8.130000	3.544922	0.195312
8.135000	3.417969	1.147461
8.140000	2.656250	1.562500
8.145000	1.625977	1.440430
8.150000	0.664062	0.966797
8.155000	0.014648	0.380859
8.160000	-0.239258	-0.371094
8.165000	0.000000	-0.971680
8.170000	0.629883	-0.952148
8.175000	1.245117	-0.463867
8.180000	1.547852	0.200195
8.185000	1.416016	0.747070
8.190000	0.922852	1.015625
8.195000	0.244141	0.986328
8.200000	-0.405273	0.366211
8.205000	-0.620117	-1.289062
8.210000	0.234375	-2.578125
8.215000	1.914062	-2.480469
8.220000	3.544922	-1.376953
8.225000	4.448242	0.058594
8.230000	4.418945	1.240234
8.235000	3.603516	1.796875
8.240000	2.416992	1.694336
8.245000	1.289062	1.137695
8.250000	0.532227	0.454102
8.255000	0.224609	-0.087891
8.260000	0.263672	-0.322266
8.265000	0.468750	-0.244141
8.270000	0.625000	0.029297
8.275000	0.600586	0.361328
8.280000	0.361328	0.605469
8.285000	-0.043945	0.659180
8.290000	-0.468750	-0.004883
8.295000	-0.449219	-1.416016
8.300000	0.483398	-2.167969
8.305000	1.899414	-1.801758
8.310000	3.085938	-0.756836
8.315000	3.583984	0.429688
8.320000	3.300781	1.279297
8.325000	2.460938	1.582031
8.330000	1.406250	1.367188
8.335000	0.502930	0.849609
8.340000	-0.068359	0.249023
8.345000	-0.234375	-0.532227
8.350000	0.112305	-1.015625
8.355000	0.776367	-0.878906
8.360000	1.347656	-0.327148
8.365000	1.557617	0.332031
8.370000	1.333008	0.834961
8.375000	0.786133	1.035156
8.380000	0.097656	0.932617
8.385000	-0.512695	0.092773
8.390000	-0.546875	-1.660156
8.395000	0.541992	-2.661133
8.400000	2.285156	-2.314453
8.405000	3.798828	-1.093750
8.410000	4.521484	0.341797
8.415000	4.296875	1.411133
8.420000	3.369141	1.821289
8.425000	2.163086	1.606445
8.430000	1.103516	0.996094
8.435000	0.429688	0.322266
8.440000	0.205078	-0.161133
8.445000	0.302734	-0.327148
8.450000	0.512695	-0.205078
8.455000	0.639648	0.102539
8.460000	0.566406	0.419922
8.465000	0.288086	0.634766
8.470000	-0.136719	0.605469
8.475000	-0.522461	-0.263672
8.480000	-0.327148	-1.669922
8.485000	0.761719	-2.172852
8.490000	2.187500	-1.621094
8.495000	3.251953	-0.507812
8.500000	3.583984	0.639648
8.505000	3.164062	1.386719
8.510000	2.246094	1.572266
8.515000	1.210938	1.274414
8.520000	0.346680	0.732422
8.525000	-0.136719	0.102539
8.530000	-0.205078	-0.683594
8.535000	0.239258	-1.035156
8.540000	0.917969	-0.791016
8.545000	1.420898	-0.190430
8.550000	1.547852	0.454102
8.555000	1.245117	0.898438
8.560000	0.649414	1.044922
8.565000	-0.043945	0.854492
8.570000	-0.590820	-0.224609
8.575000	-0.415039	-1.982422
8.580000	0.878906	-2.690430
8.585000	2.636719	-2.109375
8.590000	4.028320	-0.791016
8.595000	4.545898	0.605469
8.600000	4.150391	1.552734
8.605000	3.129883	1.826172
8.610000	1.918945	1.503906
8.615000	0.927734	0.854492
8.620000	0.351562	0.200195
8.625000	0.205078	-0.224609
8.630000	0.346680	-0.322266
8.635000	0.546875	-0.146484
8.640000	0.644531	0.166016
8.645000	0.527344	0.473633
8.650000	0.205078	0.659180
8.655000	-0.234375	0.512695
8.660000	-0.551758	-0.561523
8.665000	-0.170898	-1.875000
8.670000	1.054688	-2.128906
8.675000	2.456055	-1.416016
8.680000	3.388672	-0.253906
8.685000	3.554688	0.839844
8.690000	3.002930	1.474609
8.695000	2.026367	1.552734
8.700000	1.005859	1.176758
8.705000	0.219727	0.610352
8.710000	-0.195312	-0.063477
8.715000	-0.151367	-0.810547
8.720000	0.371094	-1.030273
8.725000	1.040039	-0.683594
8.730000	1.484375	-0.053711
8.735000	1.518555	0.571289
8.740000	1.147461	0.952148
8.745000	0.507812	1.030273
8.750000	-0.175781	0.727539
8.755000	-0.629883	-0.585938
8.760000	-0.234375	-2.250977
8.765000	1.235352	-2.661133
8.770000	2.983398	-1.875000
8.775000	4.213867	-0.488281
8.780000	4.541016	0.854492
8.785000	3.979492	1.665039
8.790000	2.880859	1.801758
8.795000	1.689453	1.381836
8.800000	0.771484	0.708008
8.805000	0.288086	0.087891
8.810000	0.224609	-0.268555
8.815000	0.390625	-0.302734
8.820000	0.585938	-0.087891
8.825000	0.634766	0.234375
8.830000	0.473633	0.527344
8.835000	0.122070	0.678711
8.840000	-0.327148	0.371094
8.845000	-0.551758	-0.869141
8.850000	0.029297	-2.026367
8.855000	1.347656	-2.045898
8.860000	2.695312	-1.206055
8.865000	3.491211	-0.004883
8.870000	3.491211	1.015625
8.875000	2.817383	1.538086
8.880000	1.806641	1.499023
8.885000	0.815430	1.069336
8.890000	0.102539	0.488281
8.895000	-0.224609	-0.224609
8.900000	-0.078125	-0.913086
8.905000	0.517578	-0.991211
8.910000	1.166992	-0.566406
8.915000	1.528320	0.087891
8.920000	1.464844	0.673828
8.925000	1.025391	0.996094
8.930000	0.361328	1.005859
8.935000	-0.312500	0.551758
8.940000	-0.639648	-0.971680
8.945000	0.000000	-2.456055
8.950000	1.601562	-2.583008
8.955000	3.300781	-1.611328
8.960000	4.360352	-0.180664
8.965000	4.487305	1.074219
8.970000	3.774414	1.752930
8.975000	2.622070	1.748047
8.980000	1.464844	1.250000
8.985000	0.629883	0.566406
8.990000	0.249023	-0.014648
8.995000	0.244141	-0.302734
9.000000	0.434570	-0.278320
9.005000	0.615234	-0.024414
9.010000	0.615234	0.302734
9.015000	0.415039	0.571289
9.020000	0.029297	0.683594
9.025000	-0.410156	0.185547
9.030000	-0.512695	-1.181641
9.035000	0.268555	-2.119141
9.040000	1.655273	-1.928711
9.045000	2.919922	-0.966797
9.050000	3.559570	0.234375
9.055000	3.403320	1.171875
9.060000	2.626953	1.572266
9.065000	1.586914	1.430664
9.070000	0.634766	0.947266
9.075000	0.000000	0.361328
9.080000	-0.239258	-0.395508
9.085000	0.019531	-0.981445
9.090000	0.654297	-0.942383
9.095000	1.264648	-0.439453
9.100000	1.552734	0.219727
9.105000	1.401367	0.761719
9.110000	0.898438	1.020508
9.115000	0.219727	0.976562
9.120000	-0.429688	0.322266
9.125000	-0.615234	-1.347656
9.130000	0.283203	-2.592773
9.135000	1.977539	-2.456055
9.140000	3.593750	-1.323242
9.145000	4.467773	0.107422
9.150000	4.394531	1.269531
9.155000	3.569336	1.806641
9.160000	2.377930	1.679688
9.165000	1.254883	1.118164
9.170000	0.517578	0.429688
9.175000	0.219727	-0.097656
9.180000	0.273438	-0.322266
9.185000	0.478516	-0.239258
9.190000	0.625000	0.043945
9.195000	0.600586	0.371094
9.200000	0.346680	0.610352
9.205000	-0.058594	0.654297
9.210000	-0.483398	-0.039062
9.215000	-0.429688	-1.464844
9.220000	0.532227	-2.172852
9.225000	1.948242	-1.777344
9.230000	3.115234	-0.712891
9.235000	3.588867	0.463867
9.240000	3.281250	1.298828
9.245000	2.426758	1.582031
9.250000	1.372070	1.352539
9.255000	0.478516	0.830078
9.260000	-0.083008	0.224609
9.265000	-0.229492	-0.561523
9.270000	0.131836	-1.025391
9.275000	0.800781	-0.864258
9.280000	1.357422	-0.302734
9.285000	1.557617	0.351562
9.290000	1.318359	0.844727
9.295000	0.766602	1.040039
9.300000	0.073242	0.922852
9.305000	-0.527344	0.043945
9.310000	-0.527344	-1.713867
9.315000	0.600586	-2.670898
9.320000	2.343750	-2.280273
9.325000	3.842773	-1.040039
9.330000	4.531250	0.385742
9.335000	4.277344	1.435547
9.340000	3.330078	1.826172
9.345000	2.124023	1.586914
9.350000	1.074219	0.976562
9.355000	0.415039	0.297852
9.360000	0.205078	-0.170898
9.365000	0.307617	-0.322266
9.370000	0.517578	-0.190430
9.375000	0.639648	0.112305
9.380000	0.561523	0.424805
9.385000	0.273438	0.639648
9.390000	-0.156250	0.595703
9.395000	-0.527344	-0.312500
9.400000	-0.302734	-1.708984
9.405000	0.810547	-2.167969
9.410000	2.231445	-1.586914
9.415000	3.276367	-0.463867
9.420000	3.583984	0.673828
9.425000	3.139648	1.406250
9.430000	2.211914	1.572266
9.435000	1.171875	1.259766
9.440000	0.327148	0.708008
9.445000	-0.151367	0.078125
9.450000	-0.200195	-0.708008
9.455000	0.258789	-1.035156
9.460000	0.932617	-0.771484
9.465000	1.435547	-0.166016
9.470000	1.542969	0.473633
9.475000	1.235352	0.913086
9.480000	0.629883	1.035156
9.485000	-0.063477	0.834961
9.490000	-0.600586	-0.283203
9.495000	-0.390625	-2.036133
9.500000	0.937500	-2.695312
9.505000	2.695312	-2.070312
9.510000	4.062500	-0.737305
9.515000	4.545898	0.649414
9.520000	4.121094	1.572266
9.525000	3.090820	1.821289
9.530000	1.884766	1.479492
9.535000	0.898438	0.830078
9.540000	0.336914	0.180664
9.545000	0.209961	-0.234375
9.550000	0.356445	-0.322266
9.555000	0.556641	-0.131836
9.560000	0.639648	0.180664
9.565000	0.517578	0.483398
9.570000	0.190430	0.664062
9.575000	-0.253906	0.493164
9.580000	-0.556641	-0.605469
9.585000	-0.141602	-1.904297
9.590000	1.108398	-2.119141
9.595000	2.495117	-1.381836
9.600000	3.413086	-0.209961
9.605000	3.549805	0.869141
9.610000	2.973633	1.489258
9.615000	1.992188	1.542969
9.620000	0.971680	1.157227
9.625000	0.195312	0.590820
9.630000	-0.200195	-0.083008
9.635000	-0.141602	-0.830078
9.640000	0.390625	-1.025391
9.645000	1.069336	-0.664062
9.650000	1.494141	-0.029297
9.655000	1.508789	0.585938
9.660000	1.123047	0.961914
9.665000	0.483398	1.030273
9.670000	-0.200195	0.698242
9.675000	-0.634766	-0.649414
9.680000	-0.195312	-2.290039
9.685000	1.293945	-2.656250
9.690000	3.041992	-1.831055
9.695000	4.243164	-0.434570
9.700000	4.531250	0.888672
9.705000	3.945312	1.679688
9.710000	2.836914	1.791992
9.715000	1.650391	1.362305
9.720000	0.747070	0.683594
9.725000	0.283203	0.068359
9.730000	0.224609	-0.278320
9.735000	0.395508	-0.302734
9.740000	0.590820	-0.078125
9.745000	0.634766	0.249023
9.750000	0.463867	0.537109
9.755000	0.107422	0.678711
9.760000	-0.336914	0.346680
9.765000	-0.546875	-0.922852
9.770000	0.063477	-2.045898
9.775000	1.401367	-2.036133
9.780000	2.734375	-1.162109
9.785000	3.500977	0.034180
9.790000	3.476562	1.040039
9.795000	2.788086	1.538086
9.800000	1.772461	1.489258
9.805000	0.786133	1.049805
9.810000	0.083008	0.468750
9.815000	-0.229492	-0.253906
9.820000	-0.063477	-0.927734
9.825000	0.537109	-0.986328
9.830000	1.186523	-0.546875
9.835000	1.533203	0.107422
9.840000	1.459961	0.688477
9.845000	1.005859	1.000977
9.850000	0.336914	1.005859
9.855000	-0.327148	0.517578
9.860000	-0.634766	-1.035156
9.865000	0.043945	-2.485352
9.870000	1.665039	-2.563477
9.875000	3.349609	-1.567383
9.880000	4.379883	-0.136719
9.885000	4.472656	1.108398
9.890000	3.740234	1.757812
9.895000	2.583008	1.743164
9.900000	1.430664	1.235352
9.905000	0.610352	0.541992
9.910000	0.239258	-0.024414
9.915000	0.244141	-0.312500
9.920000	0.444336	-0.273438
9.925000	0.615234	-0.014648
9.930000	0.615234	0.312500
9.935000	0.405273	0.581055
9.940000	0.019531	0.678711
9.945000	-0.419922	0.151367
9.950000	-0.502930	-1.230469
9.955000	0.307617	-2.133789
9.960000	1.699219	-1.909180
9.965000	2.949219	-0.922852
9.970000	3.564453	0.273438
9.975000	3.383789	1.191406
9.980000	2.592773	1.572266
9.985000	1.552734	1.416016
9.990000	0.610352	0.927734
9.995000	-0.014648	0.336914
10.000000	-0.239258	-0.424805
