# Time_s	x	xdot
0.000000	1.308594	-2.353516
0.005000	2.856445	-1.518555
0.010000	3.857422	-0.205078
0.015000	3.994141	1.000977
0.020000	3.334961	1.679688
0.025000	2.231445	1.713867
0.030000	1.093750	1.250000
0.035000	0.263672	0.581055
0.040000	-0.131836	-0.097656
0.045000	-0.068359	-0.703125
0.050000	0.380859	-0.805664
0.055000	0.903320	-0.454102
0.060000	1.201172	0.112305
0.065000	1.123047	0.629883
0.070000	0.698242	0.927734
0.075000	0.083008	0.932617
0.080000	-0.522461	0.151367
0.085000	-0.595703	-1.669922
0.090000	0.507812	-2.822266
0.095000	2.353516	-2.529297
0.100000	4.008789	-1.254883
0.105000	4.838867	0.297852
0.110000	4.643555	1.494141
0.115000	3.662109	1.987305
0.120000	2.348633	1.772461
0.125000	1.171875	1.093750
0.130000	0.434570	0.322266
0.135000	0.214844	-0.244141
0.140000	0.361328	-0.444336
0.145000	0.649414	-0.307617
0.150000	0.844727	0.048828
0.155000	0.800781	0.429688
0.160000	0.517578	0.693359
0.165000	0.043945	0.766602
0.170000	-0.449219	0.166016
0.175000	-0.532227	-1.362305
0.180000	0.366211	-2.373047
0.185000	1.918945	-2.138672
0.190000	3.325195	-1.054688
0.195000	4.013672	0.288086
0.200000	3.823242	1.323242
0.205000	2.954102	1.767578
0.210000	1.791992	1.586914
0.215000	0.737305	1.005859
0.220000	0.058594	0.332031
0.225000	-0.166016	-0.361328
0.230000	0.068359	-0.800781
0.235000	0.585938	-0.712891
0.240000	1.049805	-0.249023
0.245000	1.215820	0.322266
0.250000	0.996094	0.771484
0.255000	0.483398	0.961914
0.260000	-0.161133	0.786133
0.265000	-0.654297	-0.468750
0.270000	-0.327148	-2.285156
0.275000	1.166992	-2.861328
0.280000	3.041992	-2.124023
0.285000	4.438477	-0.664062
0.290000	4.877930	0.820312
0.295000	4.340820	1.772461
0.300000	3.173828	1.982422
0.305000	1.870117	1.552734
0.310000	0.834961	0.800781
0.315000	0.297852	0.078125
0.320000	0.229492	-0.361328
0.325000	0.463867	-0.424805
0.330000	0.737305	-0.185547
0.335000	0.854492	0.200195
0.340000	0.722656	0.551758
0.345000	0.346680	0.751953
0.350000	-0.151367	0.659180
0.355000	-0.571289	-0.351562
0.360000	-0.317383	-1.894531
0.365000	0.922852	-2.421875
0.370000	2.509766	-1.796875
0.375000	3.696289	-0.541992
0.380000	4.038086	0.737305
0.385000	3.564453	1.567383
0.390000	2.519531	1.757812
0.395000	1.357422	1.396484
0.400000	0.429688	0.751953
0.405000	-0.073242	0.073242
0.410000	-0.131836	-0.590820
0.415000	0.253906	-0.830078
0.420000	0.781250	-0.571289
0.425000	1.157227	-0.034180
0.430000	1.171875	0.522461
0.435000	0.830078	0.878906
0.440000	0.244141	0.966797
0.445000	-0.395508	0.463867
0.450000	-0.668945	-1.206055
0.455000	0.126953	-2.685547
0.460000	1.884766	-2.714844
0.465000	3.666992	-1.611328
0.470000	4.731445	-0.068359
0.475000	4.775391	1.259766
0.480000	3.945312	1.938477
0.485000	2.666016	1.879883
0.490000	1.420898	1.279297
0.495000	0.571289	0.502930
0.500000	0.224609	-0.131836
0.505000	0.302734	-0.429688
0.510000	0.576172	-0.366211
0.515000	0.810547	-0.048828
0.520000	0.834961	0.341797
0.525000	0.605469	0.649414
0.530000	0.170898	0.771484
0.535000	-0.341797	0.410156
0.540000	-0.590820	-0.966797
0.545000	0.053711	-2.246094
0.550000	1.523438	-2.294922
0.555000	3.032227	-1.362305
0.560000	3.925781	-0.029297
0.565000	3.950195	1.127930
0.570000	3.208008	1.713867
0.575000	2.075195	1.674805
0.580000	0.966797	1.166992
0.585000	0.180664	0.498047
0.590000	-0.151367	-0.190430
0.595000	-0.029297	-0.747070
0.600000	0.454102	-0.781250
0.605000	0.961914	-0.385742
0.610000	1.210938	0.190430
0.615000	1.083984	0.688477
0.620000	0.625000	0.942383
0.625000	-0.004883	0.898438
0.630000	-0.585938	-0.053711
0.635000	-0.517578	-1.914062
0.640000	0.732422	-2.856445
0.645000	2.597656	-2.402344
0.650000	4.174805	-1.049805
0.655000	4.873047	0.493164
0.660000	4.550781	1.606445
0.665000	3.491211	1.997070
0.670000	2.172852	1.699219
0.675000	1.044922	0.991211
0.680000	0.375977	0.234375
0.685000	0.214844	-0.288086
0.690000	0.390625	-0.444336
0.695000	0.678711	-0.268555
0.700000	0.849609	0.102539
0.705000	0.776367	0.473633
0.710000	0.458984	0.722656
0.715000	-0.019531	0.742188
0.720000	-0.502930	-0.004883
0.725000	-0.473633	-1.572266
0.730000	0.556641	-2.412109
0.735000	2.133789	-2.026367
0.740000	3.471680	-0.874023
0.745000	4.038086	0.458984
0.750000	3.740234	1.420898
0.755000	2.802734	1.777344
0.760000	1.630859	1.523438
0.765000	0.620117	0.917969
0.770000	0.000000	0.249023
0.775000	-0.166016	-0.449219
0.780000	0.126953	-0.820312
0.785000	0.664062	-0.664062
0.790000	1.093750	-0.175781
0.795000	1.206055	0.390625
0.800000	0.942383	0.815430
0.805000	0.400391	0.966797
0.810000	-0.244141	0.693359
0.815000	-0.673828	-0.717773
0.820000	-0.185547	-2.446289
0.825000	1.411133	-2.832031
0.830000	3.271484	-1.958008
0.835000	4.555664	-0.454102
0.840000	4.858398	0.986328
0.845000	4.208984	1.845703
0.850000	2.998047	1.948242
0.855000	1.704102	1.464844
0.860000	0.732422	0.693359
0.865000	0.263672	-0.004883
0.870000	0.253906	-0.395508
0.875000	0.498047	-0.405273
0.880000	0.766602	-0.136719
0.885000	0.854492	0.253906
0.890000	0.683594	0.590820
0.895000	0.292969	0.761719
0.900000	-0.219727	0.590820
0.905000	-0.590820	-0.561523
0.910000	-0.200195	-2.045898
0.915000	1.132812	-2.392578
0.920000	2.695312	-1.650391
0.925000	3.784180	-0.356445
0.930000	4.023438	0.883789
0.935000	3.447266	1.630859
0.940000	2.373047	1.738281
0.945000	1.215820	1.318359
0.950000	0.332031	0.659180
0.955000	-0.107422	-0.014648
0.960000	-0.097656	-0.654297
0.965000	0.322266	-0.815430
0.970000	0.849609	-0.507812
0.975000	1.181641	0.043945
0.980000	1.152344	0.581055
0.985000	0.761719	0.908203
0.990000	0.151367	0.957031
0.995000	-0.473633	0.307617
1.000000	-0.629883	-1.459961
1.005000	0.327148	-2.773438
1.010000	2.138672	-2.622070
1.015000	3.857422	-1.416016
1.020000	4.794922	0.131836
1.025000	4.707031	1.391602
1.030000	3.789062	1.972656
1.035000	2.490234	1.826172
1.040000	1.279297	1.186523
1.045000	0.488281	0.405273
1.050000	0.214844	-0.195312
1.055000	0.327148	-0.439453
1.060000	0.615234	-0.327148
1.065000	0.825195	0.004883
1.070000	0.815430	0.390625
1.075000	0.556641	0.678711
1.080000	0.102539	0.771484
1.085000	-0.400391	0.283203
1.090000	-0.566406	-1.191406
1.095000	0.219727	-2.329102
1.100000	1.743164	-2.216797
1.105000	3.198242	-1.196289
1.110000	3.979492	0.146484
1.115000	3.886719	1.240234
1.120000	3.071289	1.748047
1.125000	1.918945	1.630859
1.130000	0.839844	1.083984
1.135000	0.112305	0.410156
1.140000	-0.161133	-0.288086
1.145000	0.019531	-0.781250
1.150000	0.527344	-0.742188
1.155000	1.010742	-0.312500
1.160000	1.215820	0.263672
1.165000	1.035156	0.737305
1.170000	0.546875	0.957031
1.175000	-0.087891	0.844727
1.180000	-0.625000	-0.268555
1.185000	-0.424805	-2.124023
1.190000	0.961914	-2.871094
1.195000	2.841797	-2.255859
1.200000	4.331055	-0.839844
1.205000	4.877930	0.673828
1.210000	4.438477	1.704102
1.215000	3.320312	1.992188
1.220000	2.001953	1.621094
1.225000	0.927734	0.888672
1.230000	0.327148	0.146484
1.235000	0.224609	-0.332031
1.240000	0.434570	-0.439453
1.245000	0.712891	-0.224609
1.250000	0.854492	0.151367
1.255000	0.747070	0.522461
1.260000	0.405273	0.737305
1.265000	-0.087891	0.703125
1.270000	-0.541992	-0.185547
1.275000	-0.395508	-1.757812
1.280000	0.751953	-2.426758
1.285000	2.338867	-1.904297
1.290000	3.593750	-0.693359
1.295000	4.047852	0.615234
1.300000	3.647461	1.508789
1.305000	2.651367	1.772461
1.310000	1.479492	1.459961
1.315000	0.517578	0.825195
1.320000	-0.043945	0.156250
1.325000	-0.146484	-0.532227
1.330000	0.190430	-0.830078
1.335000	0.732422	-0.615234
1.340000	1.127930	-0.097656
1.345000	1.196289	0.463867
1.350000	0.883789	0.854492
1.355000	0.312500	0.966797
1.360000	-0.327148	0.581055
1.365000	-0.678711	-0.981445
1.370000	-0.024414	-2.583008
1.375000	1.665039	-2.778320
1.380000	3.491211	-1.777344
1.385000	4.663086	-0.244141
1.390000	4.824219	1.142578
1.395000	4.072266	1.899414
1.400000	2.817383	1.914062
1.405000	1.547852	1.367188
1.410000	0.634766	0.590820
1.415000	0.234375	-0.078125
1.420000	0.278320	-0.415039
1.425000	0.541992	-0.385742
1.430000	0.791016	-0.087891
1.435000	0.844727	0.297852
1.440000	0.639648	0.620117
1.445000	0.224609	0.771484
1.450000	-0.288086	0.502930
1.455000	-0.595703	-0.776367
1.460000	-0.068359	-2.167969
1.465000	1.337891	-2.348633
1.470000	2.885742	-1.499023
1.475000	3.872070	-0.180664
1.480000	3.984375	1.015625
1.485000	3.320312	1.684570
1.490000	2.207031	1.708984
1.495000	1.079102	1.240234
1.500000	0.253906	0.571289
1.505000	-0.136719	-0.112305
1.510000	-0.063477	-0.708008
1.515000	0.390625	-0.795898
1.520000	0.913086	-0.444336
1.525000	1.201172	0.122070
1.530000	1.118164	0.639648
1.535000	0.688477	0.927734
1.540000	0.068359	0.932617
1.545000	-0.537109	0.122070
1.550000	-0.585938	-1.713867
1.555000	0.541992	-2.827148
1.560000	2.392578	-2.504883
1.565000	4.033203	-1.225586
1.570000	4.843750	0.332031
1.575000	4.628906	1.513672
1.580000	3.632812	1.987305
1.585000	2.319336	1.762695
1.590000	1.152344	1.083984
1.595000	0.424805	0.307617
1.600000	0.209961	-0.244141
1.605000	0.366211	-0.449219
1.610000	0.649414	-0.297852
1.615000	0.844727	0.058594
1.620000	0.800781	0.439453
1.625000	0.502930	0.698242
1.630000	0.034180	0.761719
1.635000	-0.458984	0.136719
1.640000	-0.522461	-1.401367
1.645000	0.395508	-2.382812
1.650000	1.958008	-2.124023
1.655000	3.349609	-1.025391
1.660000	4.018555	0.317383
1.665000	3.808594	1.342773
1.670000	2.929688	1.767578
1.675000	1.762695	1.572266
1.680000	0.717773	0.991211
1.685000	0.048828	0.317383
1.690000	-0.166016	-0.375977
1.695000	0.078125	-0.805664
1.700000	0.600586	-0.708008
1.705000	1.059570	-0.239258
1.710000	1.215820	0.336914
1.715000	0.986328	0.776367
1.720000	0.468750	0.961914
1.725000	-0.175781	0.771484
1.730000	-0.659180	-0.512695
1.735000	-0.302734	-2.314453
1.740000	1.210938	-2.861328
1.745000	3.081055	-2.099609
1.750000	4.458008	-0.629883
1.755000	4.877930	0.849609
1.760000	4.316406	1.787109
1.765000	3.139648	1.972656
1.770000	1.835938	1.538086
1.775000	0.815430	0.781250
1.780000	0.292969	0.058594
1.785000	0.239258	-0.366211
1.790000	0.468750	-0.424805
1.795000	0.742188	-0.175781
1.800000	0.854492	0.209961
1.805000	0.712891	0.561523
1.810000	0.341797	0.756836
1.815000	-0.161133	0.649414
1.820000	-0.571289	-0.385742
1.825000	-0.297852	-1.923828
1.830000	0.961914	-2.416992
1.835000	2.534180	-1.772461
1.840000	3.710938	-0.512695
1.845000	4.038086	0.766602
1.850000	3.540039	1.577148
1.855000	2.490234	1.757812
1.860000	1.328125	1.381836
1.865000	0.415039	0.732422
1.870000	-0.083008	0.063477
1.875000	-0.122070	-0.605469
1.880000	0.258789	-0.830078
1.885000	0.800781	-0.561523
1.890000	1.162109	-0.024414
1.895000	1.166992	0.532227
1.900000	0.820312	0.883789
1.905000	0.229492	0.961914
1.910000	-0.405273	0.439453
1.915000	-0.664062	-1.245117
1.920000	0.161133	-2.695312
1.925000	1.923828	-2.700195
1.930000	3.701172	-1.577148
1.935000	4.741211	-0.034180
1.940000	4.770508	1.279297
1.945000	3.920898	1.943359
1.950000	2.636719	1.865234
1.955000	1.396484	1.264648
1.960000	0.556641	0.488281
1.965000	0.219727	-0.141602
1.970000	0.302734	-0.434570
1.975000	0.581055	-0.361328
1.980000	0.810547	-0.039062
1.985000	0.830078	0.351562
1.990000	0.595703	0.654297
1.995000	0.161133	0.776367
2.000000	-0.351562	0.390625
2.005000	-0.585938	-1.000977
2.010000	0.083008	-2.265625
2.015000	1.557617	-2.280273
2.020000	3.061523	-1.333008
2.025000	3.935547	0.000000
2.030000	3.935547	1.142578
2.035000	3.183594	1.723633
2.040000	2.050781	1.669922
2.045000	0.942383	1.157227
2.050000	0.170898	0.478516
2.055000	-0.156250	-0.205078
2.060000	-0.019531	-0.751953
2.065000	0.468750	-0.771484
2.070000	0.966797	-0.375977
2.075000	1.215820	0.200195
2.080000	1.083984	0.693359
2.085000	0.615234	0.947266
2.090000	-0.014648	0.888672
2.095000	-0.590820	-0.083008
2.100000	-0.507812	-1.943359
2.105000	0.766602	-2.861328
2.110000	2.636719	-2.377930
2.115000	4.204102	-1.020508
2.120000	4.873047	0.522461
2.125000	4.531250	1.621094
2.130000	3.461914	1.997070
2.135000	2.148438	1.689453
2.140000	1.025391	0.976562
2.145000	0.366211	0.219727
2.150000	0.214844	-0.297852
2.155000	0.400391	-0.444336
2.160000	0.683594	-0.253906
2.165000	0.849609	0.112305
2.170000	0.771484	0.483398
2.175000	0.449219	0.722656
2.180000	-0.034180	0.737305
2.185000	-0.507812	-0.029297
2.190000	-0.463867	-1.601562
2.195000	0.590820	-2.416992
2.200000	2.167969	-2.011719
2.205000	3.491211	-0.844727
2.210000	4.038086	0.478516
2.215000	3.730469	1.435547
2.220000	2.778320	1.772461
2.225000	1.606445	1.513672
2.230000	0.605469	0.903320
2.235000	-0.004883	0.229492
2.240000	-0.161133	-0.463867
2.245000	0.136719	-0.820312
2.250000	0.668945	-0.654297
2.255000	1.098633	-0.161133
2.260000	1.206055	0.405273
2.265000	0.932617	0.820312
2.270000	0.385742	0.966797
2.275000	-0.258789	0.678711
2.280000	-0.678711	-0.756836
2.285000	-0.161133	-2.475586
2.290000	1.455078	-2.817383
2.295000	3.305664	-1.923828
2.300000	4.575195	-0.415039
2.305000	4.858398	1.010742
2.310000	4.189453	1.855469
2.315000	2.968750	1.948242
2.320000	1.679688	1.450195
2.325000	0.717773	0.673828
2.330000	0.258789	-0.014648
2.335000	0.258789	-0.400391
2.340000	0.512695	-0.405273
2.345000	0.771484	-0.131836
2.350000	0.854492	0.263672
2.355000	0.678711	0.595703
2.360000	0.278320	0.766602
2.365000	-0.229492	0.581055
2.370000	-0.595703	-0.595703
2.375000	-0.185547	-2.060547
2.380000	1.171875	-2.387695
2.385000	2.729492	-1.625977
2.390000	3.798828	-0.332031
2.395000	4.018555	0.908203
2.400000	3.427734	1.640625
2.405000	2.343750	1.733398
2.410000	1.196289	1.303711
2.415000	0.317383	0.644531
2.420000	-0.112305	-0.034180
2.425000	-0.092773	-0.664062
2.430000	0.327148	-0.815430
2.435000	0.859375	-0.498047
2.440000	1.186523	0.058594
2.445000	1.147461	0.590820
2.450000	0.747070	0.913086
2.455000	0.141602	0.957031
2.460000	-0.478516	0.273438
2.465000	-0.629883	-1.503906
2.470000	0.356445	-2.783203
2.475000	2.182617	-2.602539
2.480000	3.881836	-1.386719
2.485000	4.809570	0.166016
2.490000	4.697266	1.411133
2.495000	3.764648	1.977539
2.500000	2.460938	1.816406
2.505000	1.259766	1.166992
2.510000	0.483398	0.390625
2.515000	0.214844	-0.205078
2.520000	0.336914	-0.439453
2.525000	0.620117	-0.327148
2.530000	0.830078	0.009766
2.535000	0.815430	0.400391
2.540000	0.546875	0.683594
2.545000	0.097656	0.771484
2.550000	-0.415039	0.263672
2.555000	-0.556641	-1.225586
2.560000	0.249023	-2.338867
2.565000	1.777344	-2.202148
2.570000	3.217773	-1.166992
2.575000	3.984375	0.175781
2.580000	3.872070	1.254883
2.585000	3.051758	1.748047
2.590000	1.889648	1.621094
2.595000	0.820312	1.074219
2.600000	0.102539	0.395508
2.605000	-0.166016	-0.297852
2.610000	0.029297	-0.786133
2.615000	0.537109	-0.737305
2.620000	1.020508	-0.297852
2.625000	1.215820	0.273438
2.630000	1.025391	0.742188
2.635000	0.537109	0.957031
2.640000	-0.102539	0.830078
2.645000	-0.629883	-0.312500
2.650000	-0.405273	-2.158203
2.655000	1.005859	-2.871094
2.660000	2.880859	-2.226562
2.665000	4.350586	-0.800781
2.670000	4.877930	0.703125
2.675000	4.414062	1.718750
2.680000	3.286133	1.987305
2.685000	1.972656	1.606445
2.690000	0.908203	0.869141
2.695000	0.317383	0.131836
2.700000	0.224609	-0.336914
2.705000	0.439453	-0.439453
2.710000	0.717773	-0.214844
2.715000	0.854492	0.166016
2.720000	0.742188	0.527344
2.725000	0.390625	0.742188
2.730000	-0.107422	0.693359
2.735000	-0.551758	-0.224609
2.740000	-0.380859	-1.791992
2.745000	0.791016	-2.426758
2.750000	2.377930	-1.884766
2.755000	3.618164	-0.659180
2.760000	4.047852	0.639648
2.765000	3.632812	1.523438
2.770000	2.622070	1.767578
2.775000	1.450195	1.445312
2.780000	0.498047	0.810547
2.785000	-0.053711	0.136719
2.790000	-0.146484	-0.541992
2.795000	0.205078	-0.830078
2.800000	0.742188	-0.605469
2.805000	1.137695	-0.078125
2.810000	1.186523	0.478516
2.815000	0.869141	0.859375
2.820000	0.297852	0.966797
2.825000	-0.341797	0.551758
2.830000	-0.673828	-1.030273
2.835000	0.014648	-2.612305
2.840000	1.718750	-2.763672
2.845000	3.530273	-1.733398
2.850000	4.677734	-0.200195
2.855000	4.809570	1.166992
2.860000	4.038086	1.909180
2.865000	2.783203	1.909180
2.870000	1.518555	1.342773
2.875000	0.620117	0.566406
2.880000	0.229492	-0.087891
2.885000	0.283203	-0.419922
2.890000	0.551758	-0.380859
2.895000	0.795898	-0.083008
2.900000	0.849609	0.312500
2.905000	0.629883	0.625000
2.910000	0.214844	0.771484
2.915000	-0.302734	0.483398
2.920000	-0.595703	-0.820312
2.925000	-0.039062	-2.187500
2.930000	1.386719	-2.338867
2.935000	2.924805	-1.464844
2.940000	3.886719	-0.141602
2.945000	3.979492	1.044922
2.950000	3.295898	1.694336
2.955000	2.177734	1.704102
2.960000	1.054688	1.225586
2.965000	0.234375	0.551758
2.970000	-0.141602	-0.131836
2.975000	-0.058594	-0.717773
2.980000	0.410156	-0.791016
2.985000	0.927734	-0.424805
2.990000	1.196289	0.136719
2.995000	1.108398	0.649414
3.000000	0.673828	0.932617
3.005000	0.053711	0.927734
3.010000	-0.551758	0.078125
3.015000	-0.566406	-1.762695
3.020000	0.585938	-2.836914
3.025000	2.441406	-2.485352
3.030000	4.067383	-1.181641
3.035000	4.853516	0.366211
3.040000	4.609375	1.538086
3.045000	3.598633	1.992188
3.050000	2.285156	1.743164
3.055000	1.127930	1.059570
3.060000	0.415039	0.292969
3.065000	0.209961	-0.258789
3.070000	0.375977	-0.444336
3.075000	0.659180	-0.288086
3.080000	0.849609	0.063477
3.085000	0.795898	0.449219
3.090000	0.493164	0.703125
3.095000	0.019531	0.761719
3.100000	-0.473633	0.097656
3.105000	-0.512695	-1.445312
3.110000	0.439453	-2.387695
3.115000	1.997070	-2.099609
3.120000	3.378906	-0.986328
3.125000	4.023438	0.351562
3.130000	3.793945	1.362305
3.135000	2.895508	1.767578
3.140000	1.728516	1.562500
3.145000	0.693359	0.976562
3.150000	0.039062	0.302734
3.155000	-0.166016	-0.395508
3.160000	0.087891	-0.810547
3.165000	0.615234	-0.698242
3.170000	1.069336	-0.224609
3.175000	1.215820	0.351562
3.180000	0.976562	0.791016
3.185000	0.449219	0.966797
3.190000	-0.190430	0.751953
3.195000	-0.664062	-0.561523
3.200000	-0.278320	-2.348633
3.205000	1.254883	-2.851562
3.210000	3.125000	-2.060547
3.215000	4.487305	-0.585938
3.220000	4.877930	0.878906
3.225000	4.296875	1.796875
3.230000	3.105469	1.967773
3.235000	1.801758	1.523438
3.240000	0.800781	0.756836
3.245000	0.283203	0.043945
3.250000	0.239258	-0.375977
3.255000	0.478516	-0.415039
3.260000	0.751953	-0.170898
3.265000	0.854492	0.219727
3.270000	0.708008	0.566406
3.275000	0.327148	0.756836
3.280000	-0.175781	0.634766
3.285000	-0.576172	-0.429688
3.290000	-0.278320	-1.953125
3.295000	1.000977	-2.412109
3.300000	2.578125	-1.743164
3.305000	3.725586	-0.473633
3.310000	4.038086	0.795898
3.315000	3.520508	1.596680
3.320000	2.470703	1.752930
3.325000	1.303711	1.367188
3.330000	0.395508	0.712891
3.335000	-0.087891	0.043945
3.340000	-0.122070	-0.615234
3.345000	0.273438	-0.825195
3.350000	0.810547	-0.546875
3.355000	1.166992	-0.004883
3.360000	1.166992	0.541992
3.365000	0.805664	0.888672
3.370000	0.214844	0.961914
3.375000	-0.419922	0.405273
3.380000	-0.659180	-1.293945
3.385000	0.200195	-2.714844
3.390000	1.977539	-2.680664
3.395000	3.735352	-1.542969
3.400000	4.755859	0.004883
3.405000	4.750977	1.303711
3.410000	3.886719	1.953125
3.415000	2.602539	1.865234
3.420000	1.372070	1.245117
3.425000	0.541992	0.468750
3.430000	0.219727	-0.156250
3.435000	0.307617	-0.439453
3.440000	0.590820	-0.356445
3.445000	0.815430	-0.024414
3.450000	0.830078	0.361328
3.455000	0.585938	0.659180
3.460000	0.146484	0.776367
3.465000	-0.361328	0.366211
3.470000	-0.581055	-1.049805
3.475000	0.117188	-2.280273
3.480000	1.601562	-2.270508
3.485000	3.095703	-1.293945
3.490000	3.950195	0.039062
3.495000	3.925781	1.171875
3.500000	3.159180	1.733398
3.505000	2.011719	1.660156
3.510000	0.917969	1.137695
3.515000	0.156250	0.468750
3.520000	-0.156250	-0.229492
3.525000	-0.009766	-0.761719
3.530000	0.478516	-0.766602
3.535000	0.981445	-0.356445
3.540000	1.215820	0.214844
3.545000	1.069336	0.703125
3.550000	0.600586	0.952148
3.555000	-0.034180	0.883789
3.560000	-0.600586	-0.126953
3.565000	-0.488281	-1.987305
3.570000	0.810547	-2.861328
3.575000	2.685547	-2.348633
3.580000	4.233398	-0.971680
3.585000	4.877930	0.561523
3.590000	4.506836	1.640625
3.595000	3.432617	1.997070
3.600000	2.109375	1.669922
3.605000	1.000977	0.952148
3.610000	0.356445	0.200195
3.615000	0.219727	-0.307617
3.620000	0.405273	-0.444336
3.625000	0.693359	-0.249023
3.630000	0.849609	0.122070
3.635000	0.766602	0.493164
3.640000	0.439453	0.727539
3.645000	-0.048828	0.727539
3.650000	-0.517578	-0.063477
3.655000	-0.449219	-1.640625
3.660000	0.629883	-2.421875
3.665000	2.207031	-1.987305
3.670000	3.515625	-0.805664
3.675000	4.042969	0.512695
3.680000	3.715820	1.455078
3.685000	2.744141	1.772461
3.690000	1.572266	1.499023
3.695000	0.581055	0.888672
3.700000	-0.014648	0.214844
3.705000	-0.156250	-0.478516
3.710000	0.151367	-0.825195
3.715000	0.683594	-0.649414
3.720000	1.108398	-0.146484
3.725000	1.206055	0.419922
3.730000	0.917969	0.834961
3.735000	0.371094	0.971680
3.740000	-0.278320	0.654297
3.745000	-0.678711	-0.815430
3.750000	-0.126953	-2.500000
3.755000	1.503906	-2.817383
3.760000	3.349609	-1.894531
3.765000	4.594727	-0.375977
3.770000	4.848633	1.044922
3.775000	4.160156	1.865234
3.780000	2.929688	1.943359
3.785000	1.645508	1.430664
3.790000	0.698242	0.654297
3.795000	0.253906	-0.034180
3.800000	0.263672	-0.400391
3.805000	0.522461	-0.405273
3.810000	0.776367	-0.122070
3.815000	0.849609	0.268555
3.820000	0.668945	0.600586
3.825000	0.263672	0.771484
3.830000	-0.244141	0.561523
3.835000	-0.600586	-0.634766
3.840000	-0.151367	-2.089844
3.845000	1.210938	-2.382812
3.850000	2.768555	-1.591797
3.855000	3.818359	-0.292969
3.860000	4.013672	0.932617
3.865000	3.403320	1.650391
3.870000	2.309570	1.733398
3.875000	1.166992	1.293945
3.880000	0.302734	0.625000
3.885000	-0.122070	-0.048828
3.890000	-0.087891	-0.678711
3.895000	0.346680	-0.815430
3.900000	0.874023	-0.483398
3.905000	1.196289	0.068359
3.910000	1.137695	0.605469
3.915000	0.737305	0.917969
3.920000	0.126953	0.942383
3.925000	-0.493164	0.244141
3.930000	-0.620117	-1.552734
3.935000	0.400391	-2.792969
3.940000	2.231445	-2.578125
3.945000	3.920898	-1.342773
3.950000	4.814453	0.205078
3.955000	4.682617	1.435547
3.960000	3.735352	1.982422
3.965000	2.431641	1.796875
3.970000	1.235352	1.147461
3.975000	0.468750	0.371094
3.980000	0.214844	-0.214844
3.985000	0.341797	-0.444336
3.990000	0.625000	-0.317383
3.995000	0.834961	0.024414
4.000000	0.810547	0.410156
4.005000	0.537109	0.683594
4.010000	0.078125	0.771484
4.015000	-0.424805	0.234375
4.020000	-0.551758	-1.264648
4.025000	0.283203	-2.353516
4.030000	1.816406	-2.182617
4.035000	3.256836	-1.132812
4.040000	3.999023	0.209961
4.045000	3.862305	1.274414
4.050000	3.022461	1.752930
4.055000	1.860352	1.611328
4.060000	0.791016	1.049805
4.065000	0.087891	0.375977
4.070000	-0.166016	-0.317383
4.075000	0.043945	-0.791016
4.080000	0.546875	-0.732422
4.085000	1.030273	-0.288086
4.090000	1.220703	0.292969
4.095000	1.020508	0.747070
4.100000	0.522461	0.961914
4.105000	-0.122070	0.820312
4.110000	-0.634766	-0.356445
4.115000	-0.380859	-2.192383
4.120000	1.049805	-2.871094
4.125000	2.929688	-2.202148
4.130000	4.375000	-0.761719
4.135000	4.882812	0.742188
4.140000	4.394531	1.733398
4.145000	3.251953	1.987305
4.150000	1.943359	1.591797
4.155000	0.883789	0.849609
4.160000	0.312500	0.117188
4.165000	0.229492	-0.346680
4.170000	0.449219	-0.434570
4.175000	0.727539	-0.205078
4.180000	0.854492	0.175781
4.185000	0.732422	0.532227
4.190000	0.380859	0.742188
4.195000	-0.117188	0.688477
4.200000	-0.551758	-0.258789
4.205000	-0.361328	-1.821289
4.210000	0.830078	-2.426758
4.215000	2.412109	-1.865234
4.220000	3.637695	-0.629883
4.225000	4.047852	0.668945
4.230000	3.608398	1.538086
4.235000	2.597656	1.767578
4.240000	1.425781	1.430664
4.245000	0.478516	0.791016
4.250000	-0.058594	0.122070
4.255000	-0.141602	-0.561523
4.260000	0.214844	-0.830078
4.265000	0.756836	-0.595703
4.270000	1.147461	-0.068359
4.275000	1.186523	0.488281
4.280000	0.859375	0.864258
4.285000	0.288086	0.966797
4.290000	-0.356445	0.532227
4.295000	-0.673828	-1.079102
4.300000	0.039062	-2.631836
4.305000	1.757812	-2.749023
4.310000	3.569336	-1.704102
4.315000	4.692383	-0.166016
4.320000	4.804688	1.196289
4.325000	4.018555	1.914062
4.330000	2.753906	1.899414
4.335000	1.494141	1.333008
4.340000	0.610352	0.551758
4.345000	0.229492	-0.097656
4.350000	0.288086	-0.419922
4.355000	0.561523	-0.375977
4.360000	0.800781	-0.068359
4.365000	0.844727	0.322266
4.370000	0.625000	0.634766
4.375000	0.205078	0.771484
4.380000	-0.312500	0.463867
4.385000	-0.595703	-0.859375
4.390000	-0.014648	-2.202148
4.395000	1.420898	-2.324219
4.400000	2.949219	-1.435547
4.405000	3.896484	-0.112305
4.410000	3.969727	1.064453
4.415000	3.271484	1.699219
4.420000	2.153320	1.694336
4.425000	1.030273	1.215820
4.430000	0.219727	0.537109
4.435000	-0.141602	-0.146484
4.440000	-0.048828	-0.722656
4.445000	0.419922	-0.791016
4.450000	0.927734	-0.415039
4.455000	1.206055	0.151367
4.460000	1.103516	0.659180
4.465000	0.659180	0.937500
4.470000	0.039062	0.922852
4.475000	-0.556641	0.048828
4.480000	-0.561523	-1.796875
4.485000	0.620117	-2.846680
4.490000	2.480469	-2.460938
4.495000	4.091797	-1.147461
4.500000	4.853516	0.400391
4.505000	4.594727	1.552734
4.510000	3.574219	1.997070
4.515000	2.255859	1.733398
4.520000	1.108398	1.044922
4.525000	0.405273	0.278320
4.530000	0.214844	-0.268555
4.535000	0.375977	-0.449219
4.540000	0.664062	-0.283203
4.545000	0.849609	0.078125
4.550000	0.791016	0.454102
4.555000	0.483398	0.712891
4.560000	0.009766	0.756836
4.565000	-0.478516	0.078125
4.570000	-0.502930	-1.474609
4.575000	0.463867	-2.397461
4.580000	2.031250	-2.080078
4.585000	3.403320	-0.961914
4.590000	4.033203	0.375977
4.595000	3.779297	1.381836
4.600000	2.875977	1.767578
4.605000	1.704102	1.552734
4.610000	0.673828	0.957031
4.615000	0.029297	0.288086
4.620000	-0.166016	-0.405273
4.625000	0.097656	-0.810547
4.630000	0.625000	-0.688477
4.635000	1.079102	-0.214844
4.640000	1.210938	0.361328
4.645000	0.971680	0.791016
4.650000	0.439453	0.966797
4.655000	-0.205078	0.742188
4.660000	-0.668945	-0.600586
4.665000	-0.253906	-2.377930
4.670000	1.293945	-2.851562
4.675000	3.164062	-2.036133
4.680000	4.506836	-0.551758
4.685000	4.868164	0.908203
4.690000	4.272461	1.811523
4.695000	3.081055	1.967773
4.700000	1.777344	1.503906
4.705000	0.776367	0.742188
4.710000	0.278320	0.029297
4.715000	0.239258	-0.380859
4.720000	0.488281	-0.415039
4.725000	0.751953	-0.161133
4.730000	0.854492	0.229492
4.735000	0.698242	0.576172
4.740000	0.312500	0.756836
4.745000	-0.190430	0.629883
4.750000	-0.581055	-0.458984
4.755000	-0.258789	-1.977539
4.760000	1.035156	-2.412109
4.765000	2.607422	-1.718750
4.770000	3.740234	-0.444336
4.775000	4.033203	0.820312
4.780000	3.500977	1.606445
4.785000	2.441406	1.748047
4.790000	1.274414	1.357422
4.795000	0.375977	0.698242
4.800000	-0.092773	0.024414
4.805000	-0.117188	-0.629883
4.810000	0.288086	-0.825195
4.815000	0.820312	-0.537109
4.820000	1.171875	0.004883
4.825000	1.162109	0.551758
4.830000	0.795898	0.893555
4.835000	0.200195	0.961914
4.840000	-0.434570	0.385742
4.845000	-0.654297	-1.333008
4.850000	0.229492	-2.729492
4.855000	2.016602	-2.666016
4.860000	3.759766	-1.513672
4.865000	4.770508	0.039062
4.870000	4.746094	1.328125
4.875000	3.867188	1.958008
4.880000	2.573242	1.855469
4.885000	1.347656	1.235352
4.890000	0.527344	0.454102
4.895000	0.219727	-0.166016
4.900000	0.317383	-0.439453
4.905000	0.600586	-0.346680
4.910000	0.820312	-0.014648
4.915000	0.830078	0.371094
4.920000	0.581055	0.659180
4.925000	0.136719	0.771484
4.930000	-0.371094	0.346680
4.935000	-0.581055	-1.079102
4.940000	0.141602	-2.290039
4.945000	1.635742	-2.260742
4.950000	3.120117	-1.274414
4.955000	3.959961	0.063477
4.960000	3.916016	1.186523
4.965000	3.139648	1.733398
4.970000	1.992188	1.650391
4.975000	0.898438	1.127930
4.980000	0.146484	0.449219
4.985000	-0.156250	-0.239258
4.990000	-0.004883	-0.766602
4.995000	0.493164	-0.756836
5.000000	0.991211	-0.346680
5.005000	1.215820	0.224609
5.010000	1.059570	0.712891
5.015000	0.585938	0.952148
5.020000	-0.043945	0.874023
5.025000	-0.605469	-0.161133
5.030000	-0.473633	-2.026367
5.035000	0.849609	-2.871094
5.040000	2.724609	-2.329102
5.045000	4.257812	-0.942383
5.050000	4.877930	0.590820
5.055000	4.497070	1.655273
5.060000	3.403320	1.997070
5.065000	2.084961	1.660156
5.070000	0.986328	0.937500
5.075000	0.356445	0.185547
5.080000	0.219727	-0.312500
5.085000	0.415039	-0.439453
5.090000	0.698242	-0.244141
5.095000	0.854492	0.131836
5.100000	0.761719	0.498047
5.105000	0.429688	0.732422
5.110000	-0.058594	0.727539
5.115000	-0.522461	-0.092773
5.120000	-0.439453	-1.674805
5.125000	0.654297	-2.421875
5.130000	2.241211	-1.967773
5.135000	3.535156	-0.781250
5.140000	4.042969	0.541992
5.145000	3.696289	1.469727
5.150000	2.724609	1.772461
5.155000	1.552734	1.489258
5.160000	0.561523	0.869141
5.165000	-0.019531	0.200195
5.170000	-0.151367	-0.493164
5.175000	0.161133	-0.825195
5.180000	0.698242	-0.639648
5.185000	1.118164	-0.136719
5.190000	1.201172	0.429688
5.195000	0.917969	0.834961
5.200000	0.356445	0.966797
5.205000	-0.288086	0.634766
5.210000	-0.678711	-0.854492
5.215000	-0.102539	-2.524414
5.220000	1.547852	-2.807617
5.225000	3.388672	-1.860352
5.230000	4.614258	-0.336914
5.235000	4.843750	1.069336
5.240000	4.135742	1.875000
5.245000	2.900391	1.938477
5.250000	1.616211	1.411133
5.255000	0.678711	0.639648
5.260000	0.249023	-0.039062
5.265000	0.263672	-0.405273
5.270000	0.527344	-0.400391
5.275000	0.781250	-0.112305
5.280000	0.849609	0.278320
5.285000	0.659180	0.610352
5.290000	0.253906	0.771484
5.295000	-0.253906	0.546875
5.300000	-0.595703	-0.673828
5.305000	-0.131836	-2.109375
5.310000	1.245117	-2.368164
5.315000	2.797852	-1.567383
5.320000	3.828125	-0.258789
5.325000	4.003906	0.957031
5.330000	3.378906	1.660156
5.335000	2.285156	1.723633
5.340000	1.142578	1.279297
5.345000	0.288086	0.615234
5.350000	-0.126953	-0.063477
5.355000	-0.083008	-0.683594
5.360000	0.361328	-0.810547
5.365000	0.883789	-0.473633
5.370000	1.196289	0.083008
5.375000	1.132812	0.610352
5.380000	0.727539	0.927734
5.385000	0.112305	0.942383
5.390000	-0.507812	0.209961
5.395000	-0.615234	-1.591797
5.400000	0.439453	-2.807617
5.405000	2.270508	-2.563477
5.410000	3.950195	-1.313477
5.415000	4.824219	0.234375
5.420000	4.667969	1.459961
5.425000	3.710938	1.982422
5.430000	2.402344	1.791992
5.435000	1.215820	1.127930
5.440000	0.458984	0.356445
5.445000	0.214844	-0.224609
5.450000	0.346680	-0.444336
5.455000	0.634766	-0.317383
5.460000	0.839844	0.034180
5.465000	0.810547	0.419922
5.470000	0.527344	0.693359
5.475000	0.068359	0.771484
5.480000	-0.434570	0.209961
5.485000	-0.546875	-1.298828
5.490000	0.312500	-2.358398
5.495000	1.855469	-2.172852
5.500000	3.281250	-1.103516
5.505000	4.003906	0.234375
5.510000	3.847656	1.293945
5.515000	2.998047	1.757812
5.520000	1.835938	1.601562
5.525000	0.771484	1.035156
5.530000	0.078125	0.361328
5.535000	-0.166016	-0.332031
5.540000	0.048828	-0.791016
5.545000	0.566406	-0.722656
5.550000	1.040039	-0.278320
5.555000	1.220703	0.302734
5.560000	1.015625	0.761719
5.565000	0.507812	0.966797
5.570000	-0.131836	0.805664
5.575000	-0.644531	-0.390625
5.580000	-0.361328	-2.226562
5.585000	1.088867	-2.866211
5.590000	2.968750	-2.172852
5.595000	4.399414	-0.727539
5.600000	4.882812	0.766602
5.605000	4.375000	1.748047
5.610000	3.227539	1.982422
5.615000	1.914062	1.577148
5.620000	0.869141	0.834961
5.625000	0.307617	0.097656
5.630000	0.229492	-0.351562
5.635000	0.454102	-0.434570
5.640000	0.727539	-0.200195
5.645000	0.859375	0.180664
5.650000	0.732422	0.541992
5.655000	0.371094	0.747070
5.660000	-0.131836	0.678711
5.665000	-0.561523	-0.288086
5.670000	-0.346680	-1.845703
5.675000	0.859375	-2.426758
5.680000	2.446289	-1.840820
5.685000	3.657227	-0.600586
5.690000	4.047852	0.693359
5.695000	3.593750	1.547852
5.700000	2.568359	1.767578
5.705000	1.401367	1.420898
5.710000	0.458984	0.776367
5.715000	-0.063477	0.107422
5.720000	-0.136719	-0.566406
5.725000	0.229492	-0.830078
5.730000	0.766602	-0.590820
5.735000	1.152344	-0.058594
5.740000	1.181641	0.498047
5.745000	0.849609	0.869141
5.750000	0.268555	0.966797
5.755000	-0.371094	0.507812
5.760000	-0.668945	-1.118164
5.765000	0.073242	-2.646484
5.770000	1.801758	-2.739258
5.775000	3.598633	-1.674805
5.780000	4.707031	-0.131836
5.785000	4.794922	1.215820
5.790000	3.994141	1.923828
5.795000	2.724609	1.889648
5.800000	1.469727	1.318359
5.805000	0.595703	0.537109
5.810000	0.224609	-0.112305
5.815000	0.292969	-0.424805
5.820000	0.566406	-0.375977
5.825000	0.805664	-0.063477
5.830000	0.839844	0.332031
5.835000	0.620117	0.639648
5.840000	0.190430	0.771484
5.845000	-0.322266	0.449219
5.850000	-0.595703	-0.898438
5.855000	0.004883	-2.216797
5.860000	1.455078	-2.314453
5.865000	2.978516	-1.406250
5.870000	3.906250	-0.083008
5.875000	3.964844	1.083984
5.880000	3.251953	1.708984
5.885000	2.128906	1.689453
5.890000	1.010742	1.201172
5.895000	0.209961	0.527344
5.900000	-0.146484	-0.161133
5.905000	-0.043945	-0.732422
5.910000	0.434570	-0.786133
5.915000	0.942383	-0.405273
5.920000	1.206055	0.161133
5.925000	1.098633	0.664062
5.930000	0.649414	0.937500
5.935000	0.024414	0.917969
5.940000	-0.566406	0.019531
5.945000	-0.551758	-1.835938
5.950000	0.654297	-2.851562
5.955000	2.514648	-2.446289
5.960000	4.121094	-1.113281
5.965000	4.863281	0.429688
5.970000	4.575195	1.572266
5.975000	3.549805	1.997070
5.980000	2.226562	1.723633
5.985000	1.083984	1.025391
5.990000	0.395508	0.263672
5.995000	0.214844	-0.278320
6.000000	0.380859	-0.449219
6.005000	0.668945	-0.278320
6.010000	0.849609	0.083008
6.015000	0.786133	0.463867
6.020000	0.478516	0.712891
6.025000	-0.004883	0.747070
6.030000	-0.483398	0.048828
6.035000	-0.493164	-1.508789
6.040000	0.493164	-2.402344
6.045000	2.070312	-2.065430
6.050000	3.422852	-0.932617
6.055000	4.033203	0.400391
6.060000	3.764648	1.396484
6.065000	2.846680	1.772461
6.070000	1.679688	1.547852
6.075000	0.659180	0.947266
6.080000	0.019531	0.273438
6.085000	-0.166016	-0.419922
6.090000	0.107422	-0.815430
6.095000	0.634766	-0.683594
6.100000	1.083984	-0.200195
6.105000	1.206055	0.371094
6.110000	0.957031	0.805664
6.115000	0.429688	0.966797
6.120000	-0.219727	0.722656
6.125000	-0.668945	-0.639648
6.130000	-0.234375	-2.402344
6.135000	1.328125	-2.846680
6.140000	3.198242	-2.011719
6.145000	4.521484	-0.522461
6.150000	4.868164	0.932617
6.155000	4.252930	1.826172
6.160000	3.051758	1.962891
6.165000	1.757812	1.489258
6.170000	0.766602	0.727539
6.175000	0.273438	0.019531
6.180000	0.249023	-0.385742
6.185000	0.493164	-0.419922
6.190000	0.756836	-0.151367
6.195000	0.854492	0.234375
6.200000	0.693359	0.576172
6.205000	0.307617	0.761719
6.210000	-0.195312	0.615234
6.215000	-0.585938	-0.488281
6.220000	-0.239258	-2.001953
6.225000	1.064453	-2.402344
6.230000	2.636719	-1.699219
6.235000	3.750000	-0.415039
6.240000	4.038086	0.839844
6.245000	3.486328	1.616211
6.250000	2.416992	1.748047
6.255000	1.254883	1.347656
6.260000	0.366211	0.683594
6.265000	-0.102539	0.009766
6.270000	-0.112305	-0.634766
6.275000	0.297852	-0.820312
6.280000	0.830078	-0.527344
6.285000	1.176758	0.019531
6.290000	1.162109	0.561523
6.295000	0.781250	0.898438
6.300000	0.185547	0.957031
6.305000	-0.449219	0.361328
6.310000	-0.644531	-1.376953
6.315000	0.263672	-2.744141
6.320000	2.055664	-2.651367
6.325000	3.793945	-1.484375
6.330000	4.775391	0.068359
6.335000	4.731445	1.352539
6.340000	3.842773	1.962891
6.345000	2.543945	1.840820
6.350000	1.323242	1.220703
6.355000	0.517578	0.439453
6.360000	0.214844	-0.175781
6.365000	0.322266	-0.439453
6.370000	0.605469	-0.341797
6.375000	0.825195	-0.009766
6.380000	0.825195	0.375977
6.385000	0.571289	0.668945
6.390000	0.126953	0.771484
6.395000	-0.385742	0.322266
6.400000	-0.576172	-1.118164
6.405000	0.166016	-2.304688
6.410000	1.669922	-2.246094
6.415000	3.144531	-1.245117
6.420000	3.964844	0.092773
6.425000	3.906250	1.206055
6.430000	3.115234	1.738281
6.435000	1.967773	1.640625
6.440000	0.878906	1.113281
6.445000	0.131836	0.434570
6.450000	-0.161133	-0.258789
6.455000	0.004883	-0.771484
6.460000	0.502930	-0.756836
6.465000	0.996094	-0.332031
6.470000	1.215820	0.239258
6.475000	1.049805	0.722656
6.480000	0.576172	0.957031
6.485000	-0.058594	0.859375
6.490000	-0.615234	-0.195312
6.495000	-0.454102	-2.055664
6.500000	0.888672	-2.871094
6.505000	2.763672	-2.304688
6.510000	4.282227	-0.903320
6.515000	4.877930	0.620117
6.520000	4.472656	1.669922
6.525000	3.374023	1.992188
6.530000	2.050781	1.645508
6.535000	0.961914	0.922852
6.540000	0.346680	0.170898
6.545000	0.219727	-0.317383
6.550000	0.419922	-0.439453
6.555000	0.698242	-0.234375
6.560000	0.849609	0.141602
6.565000	0.756836	0.507812
6.570000	0.419922	0.732422
6.575000	-0.073242	0.717773
6.580000	-0.532227	-0.126953
6.585000	-0.419922	-1.699219
6.590000	0.688477	-2.426758
6.595000	2.275391	-1.948242
6.600000	3.554688	-0.751953
6.605000	4.042969	0.566406
6.610000	3.681641	1.484375
6.615000	2.700195	1.772461
6.620000	1.528320	1.479492
6.625000	0.546875	0.854492
6.630000	-0.029297	0.180664
6.635000	-0.151367	-0.507812
6.640000	0.170898	-0.825195
6.645000	0.708008	-0.629883
6.650000	1.118164	-0.122070
6.655000	1.201172	0.444336
6.660000	0.903320	0.844727
6.665000	0.336914	0.966797
6.670000	-0.302734	0.615234
6.675000	-0.678711	-0.903320
6.680000	-0.073242	-2.548828
6.685000	1.586914	-2.797852
6.690000	3.422852	-1.831055
6.695000	4.628906	-0.307617
6.700000	4.833984	1.093750
6.705000	4.116211	1.879883
6.710000	2.871094	1.928711
6.715000	1.596680	1.396484
6.720000	0.668945	0.620117
6.725000	0.244141	-0.053711
6.730000	0.268555	-0.410156
6.735000	0.532227	-0.395508
6.740000	0.786133	-0.102539
6.745000	0.844727	0.283203
6.750000	0.654297	0.615234
6.755000	0.244141	0.771484
6.760000	-0.263672	0.532227
6.765000	-0.595703	-0.712891
6.770000	-0.107422	-2.133789
6.775000	1.274414	-2.363281
6.780000	2.827148	-1.542969
6.785000	3.842773	-0.234375
6.790000	3.999023	0.981445
6.795000	3.359375	1.665039
6.800000	2.255859	1.718750
6.805000	1.123047	1.264648
6.810000	0.278320	0.600586
6.815000	-0.126953	-0.078125
6.820000	-0.078125	-0.693359
6.825000	0.371094	-0.800781
6.830000	0.893555	-0.463867
6.835000	1.196289	0.097656
6.840000	1.127930	0.620117
6.845000	0.712891	0.927734
6.850000	0.097656	0.937500
6.855000	-0.512695	0.180664
6.860000	-0.605469	-1.630859
6.865000	0.473633	-2.812500
6.870000	2.314453	-2.543945
6.875000	3.984375	-1.279297
6.880000	4.833984	0.268555
6.885000	4.658203	1.474609
6.890000	3.686523	1.982422
6.895000	2.373047	1.782227
6.900000	1.196289	1.113281
6.905000	0.449219	0.336914
6.910000	0.214844	-0.234375
6.915000	0.351562	-0.444336
6.920000	0.639648	-0.307617
6.925000	0.839844	0.039062
6.930000	0.805664	0.424805
6.935000	0.522461	0.693359
6.940000	0.053711	0.771484
6.945000	-0.444336	0.185547
6.950000	-0.537109	-1.333008
6.955000	0.341797	-2.368164
6.960000	1.889648	-2.148438
6.965000	3.305664	-1.079102
6.970000	4.008789	0.263672
6.975000	3.833008	1.313477
6.980000	2.973633	1.762695
6.985000	1.806641	1.591797
6.990000	0.751953	1.020508
6.995000	0.068359	0.346680
7.000000	-0.166016	-0.346680
7.005000	0.058594	-0.795898
7.010000	0.576172	-0.717773
7.015000	1.044922	-0.263672
7.020000	1.215820	0.312500
7.025000	1.005859	0.766602
7.030000	0.493164	0.966797
7.035000	-0.151367	0.795898
7.040000	-0.649414	-0.434570
7.045000	-0.341797	-2.260742
7.050000	1.132812	-2.866211
7.055000	3.007812	-2.143555
7.060000	4.423828	-0.688477
7.065000	4.882812	0.795898
7.070000	4.360352	1.757812
7.075000	3.198242	1.982422
7.080000	1.884766	1.567383
7.085000	0.849609	0.815430
7.090000	0.302734	0.083008
7.095000	0.234375	-0.361328
7.100000	0.458984	-0.429688
7.105000	0.732422	-0.195312
7.110000	0.854492	0.190430
7.115000	0.727539	0.546875
7.120000	0.361328	0.747070
7.125000	-0.141602	0.664062
7.130000	-0.561523	-0.322266
7.135000	-0.332031	-1.875000
7.140000	0.893555	-2.426758
7.145000	2.475586	-1.816406
7.150000	3.676758	-0.566406
7.155000	4.042969	0.717773
7.160000	3.579102	1.562500
7.165000	2.543945	1.762695
7.170000	1.376953	1.406250
7.175000	0.444336	0.766602
7.180000	-0.068359	0.087891
7.185000	-0.131836	-0.581055
7.190000	0.239258	-0.830078
7.195000	0.771484	-0.576172
7.200000	1.157227	-0.043945
7.205000	1.176758	0.507812
7.210000	0.839844	0.874023
7.215000	0.258789	0.966797
7.220000	-0.385742	0.483398
7.225000	-0.668945	-1.166992
7.230000	0.102539	-2.666016
7.235000	1.845703	-2.724609
7.240000	3.637695	-1.640625
7.245000	4.716797	-0.097656
7.250000	4.790039	1.240234
7.255000	3.969727	1.933594
7.260000	2.695312	1.884766
7.265000	1.445312	1.298828
7.270000	0.581055	0.522461
7.275000	0.224609	-0.122070
7.280000	0.292969	-0.429688
7.285000	0.571289	-0.366211
7.290000	0.805664	-0.053711
7.295000	0.839844	0.336914
7.300000	0.615234	0.644531
7.305000	0.180664	0.771484
7.310000	-0.332031	0.429688
7.315000	-0.590820	-0.932617
7.320000	0.034180	-2.236328
7.325000	1.489258	-2.309570
7.330000	3.007812	-1.381836
7.335000	3.911133	-0.053711
7.340000	3.955078	1.103516
7.345000	3.227539	1.708984
7.350000	2.099609	1.679688
7.355000	0.986328	1.181641
7.360000	0.195312	0.507812
7.365000	-0.151367	-0.175781
7.370000	-0.034180	-0.742188
7.375000	0.449219	-0.786133
7.380000	0.947266	-0.390625
7.385000	1.206055	0.175781
7.390000	1.088867	0.678711
7.395000	0.634766	0.937500
7.400000	0.009766	0.908203
7.405000	-0.576172	-0.014648
7.410000	-0.532227	-1.875000
7.415000	0.688477	-2.856445
7.420000	2.558594	-2.421875
7.425000	4.150391	-1.079102
7.430000	4.868164	0.463867
7.435000	4.560547	1.586914
7.440000	3.515625	1.992188
7.445000	2.197266	1.708984
7.450000	1.064453	1.005859
7.455000	0.385742	0.244141
7.460000	0.214844	-0.283203
7.465000	0.385742	-0.449219
7.470000	0.673828	-0.268555
7.475000	0.849609	0.092773
7.480000	0.776367	0.468750
7.485000	0.468750	0.717773
7.490000	-0.014648	0.747070
7.495000	-0.493164	0.024414
7.500000	-0.483398	-1.542969
7.505000	0.527344	-2.407227
7.510000	2.099609	-2.045898
7.515000	3.447266	-0.903320
7.520000	4.038086	0.429688
7.525000	3.750000	1.411133
7.530000	2.827148	1.772461
7.535000	1.655273	1.533203
7.540000	0.639648	0.932617
7.545000	0.009766	0.253906
7.550000	-0.161133	-0.439453
7.555000	0.117188	-0.815430
7.560000	0.649414	-0.673828
7.565000	1.088867	-0.185547
7.570000	1.210938	0.380859
7.575000	0.952148	0.810547
7.580000	0.410156	0.966797
7.585000	-0.234375	0.708008
7.590000	-0.668945	-0.678711
7.595000	-0.205078	-2.421875
7.600000	1.372070	-2.836914
7.605000	3.237305	-1.977539
7.610000	4.541016	-0.483398
7.615000	4.863281	0.961914
7.620000	4.233398	1.831055
7.625000	3.022461	1.958008
7.630000	1.728516	1.474609
7.635000	0.747070	0.708008
7.640000	0.263672	0.004883
7.645000	0.253906	-0.390625
7.650000	0.498047	-0.415039
7.655000	0.766602	-0.146484
7.660000	0.854492	0.244141
7.665000	0.688477	0.585938
7.670000	0.302734	0.761719
7.675000	-0.205078	0.605469
7.680000	-0.590820	-0.527344
7.685000	-0.219727	-2.021484
7.690000	1.103516	-2.397461
7.695000	2.666016	-1.674805
7.700000	3.769531	-0.385742
7.705000	4.028320	0.864258
7.710000	3.461914	1.625977
7.715000	2.392578	1.738281
7.720000	1.235352	1.328125
7.725000	0.346680	0.673828
7.730000	-0.107422	-0.004883
7.735000	-0.107422	-0.639648
7.740000	0.307617	-0.820312
7.745000	0.844727	-0.517578
7.750000	1.181641	0.029297
7.755000	1.162109	0.571289
7.760000	0.771484	0.903320
7.765000	0.170898	0.952148
7.770000	-0.458984	0.336914
7.775000	-0.639648	-1.411133
7.780000	0.292969	-2.753906
7.785000	2.094727	-2.636719
7.790000	3.823242	-1.450195
7.795000	4.785156	0.097656
7.800000	4.721680	1.372070
7.805000	3.813477	1.967773
7.810000	2.514648	1.835938
7.815000	1.308594	1.201172
7.820000	0.507812	0.419922
7.825000	0.214844	-0.185547
7.830000	0.327148	-0.439453
7.835000	0.610352	-0.336914
7.840000	0.825195	-0.004883
7.845000	0.825195	0.385742
7.850000	0.566406	0.673828
7.855000	0.117188	0.771484
7.860000	-0.390625	0.307617
7.865000	-0.571289	-1.152344
7.870000	0.190430	-2.319336
7.875000	1.704102	-2.231445
7.880000	3.168945	-1.230469
7.885000	3.974609	0.117188
7.890000	3.896484	1.225586
7.895000	3.090820	1.743164
7.900000	1.943359	1.635742
7.905000	0.859375	1.098633
7.910000	0.126953	0.419922
7.915000	-0.166016	-0.268555
7.920000	0.009766	-0.776367
7.925000	0.517578	-0.751953
7.930000	1.005859	-0.322266
7.935000	1.215820	0.249023
7.940000	1.049805	0.727539
7.945000	0.561523	0.957031
7.950000	-0.073242	0.854492
7.955000	-0.620117	-0.229492
7.960000	-0.444336	-2.089844
7.965000	0.922852	-2.875977
7.970000	2.797852	-2.280273
7.975000	4.301758	-0.878906
7.980000	4.877930	0.639648
7.985000	4.458008	1.684570
7.990000	3.349609	1.987305
7.995000	2.036133	1.635742
8.000000	0.947266	0.908203
8.005000	0.336914	0.161133
8.010000	0.224609	-0.322266
8.015000	0.424805	-0.439453
8.020000	0.708008	-0.229492
8.025000	0.854492	0.146484
8.030000	0.756836	0.512695
8.035000	0.415039	0.732422
8.040000	-0.083008	0.712891
8.045000	-0.537109	-0.151367
8.050000	-0.410156	-1.728516
8.055000	0.717773	-2.426758
8.060000	2.304688	-1.928711
8.065000	3.574219	-0.722656
8.070000	4.042969	0.590820
8.075000	3.666992	1.494141
8.080000	2.675781	1.767578
8.085000	1.503906	1.464844
8.090000	0.532227	0.844727
8.095000	-0.034180	0.170898
8.100000	-0.151367	-0.517578
8.105000	0.180664	-0.830078
8.110000	0.717773	-0.625000
8.115000	1.123047	-0.112305
8.120000	1.196289	0.449219
8.125000	0.893555	0.844727
8.130000	0.327148	0.966797
8.135000	-0.312500	0.600586
8.140000	-0.678711	-0.937500
8.145000	-0.048828	-2.568359
8.150000	1.621094	-2.788086
8.155000	3.457031	-1.806641
8.160000	4.643555	-0.278320
8.165000	4.829102	1.113281
8.170000	4.091797	1.889648
8.175000	2.846680	1.923828
8.180000	1.572266	1.381836
8.185000	0.654297	0.610352
8.190000	0.239258	-0.068359
8.195000	0.273438	-0.410156
8.200000	0.537109	-0.395508
8.205000	0.791016	-0.092773
8.210000	0.849609	0.292969
8.215000	0.649414	0.615234
8.220000	0.234375	0.771484
8.225000	-0.278320	0.517578
8.230000	-0.595703	-0.747070
8.235000	-0.087891	-2.148438
8.240000	1.303711	-2.358398
8.245000	2.856445	-1.523438
8.250000	3.852539	-0.209961
8.255000	3.994141	0.996094
8.260000	3.344727	1.674805
8.265000	2.231445	1.713867
8.270000	1.103516	1.250000
8.275000	0.263672	0.585938
8.280000	-0.131836	-0.092773
8.285000	-0.073242	-0.698242
8.290000	0.380859	-0.800781
8.295000	0.903320	-0.454102
8.300000	1.201172	0.112305
8.305000	1.118164	0.625000
8.310000	0.703125	0.927734
8.315000	0.083008	0.932617
8.320000	-0.527344	0.156250
8.325000	-0.595703	-1.669922
8.330000	0.498047	-2.822266
8.335000	2.348633	-2.529297
8.340000	4.008789	-1.254883
8.345000	4.833984	0.297852
8.350000	4.643555	1.494141
8.355000	3.662109	1.987305
8.360000	2.348633	1.772461
8.365000	1.176758	1.103516
8.370000	0.439453	0.327148
8.375000	0.214844	-0.239258
8.380000	0.361328	-0.444336
8.385000	0.644531	-0.302734
8.390000	0.839844	0.043945
8.395000	0.800781	0.429688
8.400000	0.517578	0.698242
8.405000	0.048828	0.766602
8.410000	-0.454102	0.161133
8.415000	-0.532227	-1.362305
8.420000	0.366211	-2.373047
8.425000	1.914062	-2.138672
8.430000	3.320312	-1.054688
8.435000	4.013672	0.288086
8.440000	3.823242	1.323242
8.445000	2.954102	1.762695
8.450000	1.791992	1.582031
8.455000	0.737305	1.005859
8.460000	0.058594	0.336914
8.465000	-0.166016	-0.361328
8.470000	0.068359	-0.800781
8.475000	0.585938	-0.712891
8.480000	1.054688	-0.249023
8.485000	1.215820	0.322266
8.490000	0.996094	0.771484
8.495000	0.483398	0.966797
8.500000	-0.161133	0.781250
8.505000	-0.654297	-0.463867
8.510000	-0.327148	-2.280273
8.515000	1.162109	-2.861328
8.520000	3.037109	-2.124023
8.525000	4.438477	-0.664062
8.530000	4.882812	0.815430
8.535000	4.340820	1.772461
8.540000	3.173828	1.977539
8.545000	1.870117	1.552734
8.550000	0.834961	0.800781
8.555000	0.292969	0.078125
8.560000	0.234375	-0.361328
8.565000	0.463867	-0.424805
8.570000	0.737305	-0.185547
8.575000	0.854492	0.200195
8.580000	0.717773	0.551758
8.585000	0.351562	0.751953
8.590000	-0.151367	0.659180
8.595000	-0.571289	-0.346680
8.600000	-0.317383	-1.894531
8.605000	0.917969	-2.421875
8.610000	2.500000	-1.801758
8.615000	3.686523	-0.541992
8.620000	4.038086	0.737305
8.625000	3.564453	1.567383
8.630000	2.524414	1.762695
8.635000	1.357422	1.401367
8.640000	0.429688	0.751953
8.645000	-0.078125	0.078125
8.650000	-0.126953	-0.590820
8.655000	0.249023	-0.825195
8.660000	0.786133	-0.566406
8.665000	1.162109	-0.034180
8.670000	1.176758	0.517578
8.675000	0.830078	0.878906
8.680000	0.249023	0.966797
8.685000	-0.395508	0.468750
8.690000	-0.668945	-1.201172
8.695000	0.122070	-2.675781
8.700000	1.875000	-2.719727
8.705000	3.662109	-1.621094
8.710000	4.726562	-0.073242
8.715000	4.775391	1.254883
8.720000	3.950195	1.938477
8.725000	2.670898	1.879883
8.730000	1.425781	1.284180
8.735000	0.571289	0.507812
8.740000	0.224609	-0.131836
8.745000	0.297852	-0.429688
8.750000	0.576172	-0.366211
8.755000	0.810547	-0.048828
8.760000	0.839844	0.341797
8.765000	0.610352	0.644531
8.770000	0.170898	0.771484
8.775000	-0.341797	0.415039
8.780000	-0.590820	-0.961914
8.785000	0.053711	-2.246094
8.790000	1.518555	-2.299805
8.795000	3.032227	-1.362305
8.800000	3.925781	-0.029297
8.805000	3.950195	1.123047
8.810000	3.212891	1.713867
8.815000	2.080078	1.674805
8.820000	0.971680	1.171875
8.825000	0.185547	0.498047
8.830000	-0.156250	-0.185547
8.835000	-0.024414	-0.747070
8.840000	0.454102	-0.781250
8.845000	0.957031	-0.385742
8.850000	1.206055	0.190430
8.855000	1.083984	0.683594
8.860000	0.625000	0.942383
8.865000	0.000000	0.898438
8.870000	-0.581055	-0.043945
8.875000	-0.522461	-1.904297
8.880000	0.722656	-2.856445
8.885000	2.592773	-2.402344
8.890000	4.169922	-1.054688
8.895000	4.868164	0.488281
8.900000	4.550781	1.601562
8.905000	3.496094	1.997070
8.910000	2.177734	1.699219
8.915000	1.049805	0.996094
8.920000	0.375977	0.234375
8.925000	0.214844	-0.288086
8.930000	0.395508	-0.444336
8.935000	0.683594	-0.263672
8.940000	0.849609	0.102539
8.945000	0.781250	0.473633
8.950000	0.458984	0.717773
8.955000	-0.019531	0.742188
8.960000	-0.498047	0.000000
8.965000	-0.473633	-1.567383
8.970000	0.551758	-2.412109
8.975000	2.128906	-2.031250
8.980000	3.466797	-0.878906
8.985000	4.038086	0.449219
8.990000	3.740234	1.420898
8.995000	2.807617	1.772461
9.000000	1.635742	1.523438
9.005000	0.625000	0.922852
9.010000	0.004883	0.249023
9.015000	-0.161133	-0.449219
9.020000	0.126953	-0.820312
9.025000	0.654297	-0.664062
9.030000	1.093750	-0.175781
9.035000	1.206055	0.390625
9.040000	0.942383	0.815430
9.045000	0.400391	0.966797
9.050000	-0.244141	0.693359
9.055000	-0.673828	-0.712891
9.060000	-0.185547	-2.451172
9.065000	1.406250	-2.832031
9.070000	3.266602	-1.958008
9.075000	4.555664	-0.454102
9.080000	4.863281	0.981445
9.085000	4.213867	1.840820
9.090000	3.002930	1.958008
9.095000	1.708984	1.464844
9.100000	0.737305	0.698242
9.105000	0.263672	0.000000
9.110000	0.253906	-0.395508
9.115000	0.502930	-0.410156
9.120000	0.766602	-0.136719
9.125000	0.854492	0.249023
9.130000	0.683594	0.590820
9.135000	0.292969	0.761719
9.140000	-0.219727	0.595703
9.145000	-0.590820	-0.556641
9.150000	-0.205078	-2.041016
9.155000	1.127930	-2.392578
9.160000	2.690430	-1.650391
9.165000	3.779297	-0.366211
9.170000	4.023438	0.883789
9.175000	3.447266	1.625977
9.180000	2.377930	1.738281
9.185000	1.225586	1.323242
9.190000	0.336914	0.664062
9.195000	-0.107422	-0.014648
9.200000	-0.097656	-0.649414
9.205000	0.317383	-0.815430
9.210000	0.849609	-0.512695
9.215000	1.181641	0.043945
9.220000	1.152344	0.581055
9.225000	0.761719	0.913086
9.230000	0.156250	0.957031
9.235000	-0.468750	0.312500
9.240000	-0.634766	-1.450195
9.245000	0.317383	-2.768555
9.250000	2.128906	-2.626953
9.255000	3.847656	-1.425781
9.260000	4.794922	0.122070
9.265000	4.716797	1.386719
9.270000	3.793945	1.972656
9.275000	2.500000	1.826172
9.280000	1.284180	1.186523
9.285000	0.498047	0.410156
9.290000	0.214844	-0.190430
9.295000	0.332031	-0.439453
9.300000	0.615234	-0.332031
9.305000	0.830078	0.000000
9.310000	0.820312	0.385742
9.315000	0.561523	0.678711
9.320000	0.102539	0.771484
9.325000	-0.400391	0.288086
9.330000	-0.566406	-1.181641
9.335000	0.214844	-2.329102
9.340000	1.733398	-2.221680
9.345000	3.193359	-1.206055
9.350000	3.979492	0.141602
9.355000	3.886719	1.235352
9.360000	3.076172	1.748047
9.365000	1.923828	1.630859
9.370000	0.844727	1.088867
9.375000	0.112305	0.410156
9.380000	-0.166016	-0.283203
9.385000	0.014648	-0.781250
9.390000	0.527344	-0.747070
9.395000	1.010742	-0.317383
9.400000	1.215820	0.258789
9.405000	1.040039	0.732422
9.410000	0.551758	0.957031
9.415000	-0.087891	0.849609
9.420000	-0.625000	-0.263672
9.425000	-0.429688	-2.119141
9.430000	0.952148	-2.871094
9.435000	2.836914	-2.260742
9.440000	4.326172	-0.849609
9.445000	4.882812	0.668945
9.450000	4.443359	1.699219
9.455000	3.325195	1.992188
9.460000	2.006836	1.625977
9.465000	0.932617	0.893555
9.470000	0.332031	0.146484
9.475000	0.224609	-0.332031
9.480000	0.429688	-0.439453
9.485000	0.712891	-0.224609
9.490000	0.854492	0.151367
9.495000	0.747070	0.517578
9.500000	0.400391	0.737305
9.505000	-0.087891	0.708008
9.510000	-0.541992	-0.180664
9.515000	-0.400391	-1.752930
9.520000	0.747070	-2.426758
9.525000	2.333984	-1.909180
9.530000	3.593750	-0.698242
9.535000	4.047852	0.610352
9.540000	3.657227	1.508789
9.545000	2.651367	1.772461
9.550000	1.484375	1.459961
9.555000	0.517578	0.834961
9.560000	-0.043945	0.156250
9.565000	-0.146484	-0.527344
9.570000	0.190430	-0.830078
9.575000	0.732422	-0.620117
9.580000	1.132812	-0.097656
9.585000	1.196289	0.463867
9.590000	0.883789	0.849609
9.595000	0.317383	0.971680
9.600000	-0.322266	0.585938
9.605000	-0.678711	-0.971680
9.610000	-0.024414	-2.583008
9.615000	1.660156	-2.783203
9.620000	3.481445	-1.787109
9.625000	4.658203	-0.249023
9.630000	4.824219	1.137695
9.635000	4.077148	1.899414
9.640000	2.827148	1.918945
9.645000	1.557617	1.372070
9.650000	0.639648	0.595703
9.655000	0.239258	-0.078125
9.660000	0.278320	-0.419922
9.665000	0.541992	-0.390625
9.670000	0.791016	-0.087891
9.675000	0.844727	0.297852
9.680000	0.644531	0.620117
9.685000	0.229492	0.766602
9.690000	-0.283203	0.507812
9.695000	-0.595703	-0.776367
9.700000	-0.078125	-2.163086
9.705000	1.337891	-2.348633
9.710000	2.875977	-1.503906
9.715000	3.867188	-0.185547
9.720000	3.994141	1.015625
9.725000	3.325195	1.679688
9.730000	2.216797	1.708984
9.735000	1.088867	1.245117
9.740000	0.253906	0.576172
9.745000	-0.131836	-0.107422
9.750000	-0.063477	-0.708008
9.755000	0.390625	-0.795898
9.760000	0.913086	-0.444336
9.765000	1.201172	0.122070
9.770000	1.118164	0.634766
9.775000	0.693359	0.927734
9.780000	0.073242	0.927734
9.785000	-0.532227	0.131836
9.790000	-0.585938	-1.704102
9.795000	0.532227	-2.827148
9.800000	2.382812	-2.509766
9.805000	4.033203	-1.230469
9.810000	4.843750	0.322266
9.815000	4.633789	1.508789
9.820000	3.642578	1.992188
9.825000	2.324219	1.762695
9.830000	1.157227	1.083984
9.835000	0.424805	0.312500
9.840000	0.209961	-0.249023
9.845000	0.366211	-0.444336
9.850000	0.649414	-0.302734
9.855000	0.844727	0.058594
9.860000	0.800781	0.434570
9.865000	0.502930	0.698242
9.870000	0.034180	0.761719
9.875000	-0.454102	0.141602
9.880000	-0.527344	-1.391602
9.885000	0.395508	-2.382812
9.890000	1.948242	-2.124023
9.895000	3.349609	-1.030273
9.900000	4.023438	0.312500
9.905000	3.813477	1.342773
9.910000	2.934570	1.767578
9.915000	1.767578	1.577148
9.920000	0.722656	0.996094
9.925000	0.053711	0.322266
9.930000	-0.166016	-0.375977
9.935000	0.073242	-0.805664
9.940000	0.600586	-0.708008
9.945000	1.059570	-0.244141
9.950000	1.215820	0.332031
9.955000	0.986328	0.776367
9.960000	0.473633	0.966797
9.965000	-0.170898	0.776367
9.970000	-0.659180	-0.502930
9.975000	-0.307617	-2.304688
9.980000	1.201172	-2.856445
9.985000	3.071289	-2.104492
9.990000	4.458008	-0.634766
9.995000	4.877930	0.844727
10.000000	4.331055	1.782227
