# Time_s	x	xdot
0.000000	0.146484	0.356445
0.005000	-0.102539	-0.302734
0.010000	0.087891	-0.654297
0.015000	0.512695	-0.556641
0.020000	0.869141	-0.136719
0.025000	0.957031	0.366211
0.030000	0.712891	0.751953
0.035000	0.214844	0.908203
0.040000	-0.385742	0.478516
0.045000	-0.664062	-1.137695
0.050000	0.087891	-2.641602
0.055000	1.816406	-2.729492
0.060000	3.608398	-1.655273
0.065000	4.697266	-0.097656
0.070000	4.765625	1.259766
0.075000	3.935547	1.977539
0.080000	2.631836	1.928711
0.085000	1.352539	1.323242
0.090000	0.473633	0.512695
0.095000	0.122070	-0.161133
0.100000	0.219727	-0.478516
0.105000	0.532227	-0.415039
0.110000	0.800781	-0.078125
0.115000	0.844727	0.341797
0.120000	0.615234	0.673828
0.125000	0.166016	0.815430
0.130000	-0.371094	0.410156
0.135000	-0.615234	-1.079102
0.140000	0.102539	-2.426758
0.145000	1.689453	-2.460938
0.150000	3.305664	-1.445312
0.155000	4.257812	-0.014648
0.160000	4.267578	1.225586
0.165000	3.466797	1.855469
0.170000	2.236328	1.791992
0.175000	1.049805	1.225586
0.180000	0.234375	0.473633
0.185000	-0.087891	-0.200195
0.190000	0.034180	-0.629883
0.195000	0.439453	-0.595703
0.200000	0.820312	-0.214844
0.205000	0.961914	0.288086
0.210000	0.771484	0.698242
0.215000	0.302734	0.898438
0.220000	-0.292969	0.625000
0.225000	-0.668945	-0.820312
0.230000	-0.117188	-2.490234
0.235000	1.503906	-2.807617
0.240000	3.344727	-1.879883
0.245000	4.580078	-0.356445
0.250000	4.824219	1.079102
0.255000	4.106445	1.914062
0.260000	2.851562	1.977539
0.265000	1.542969	1.450195
0.270000	0.581055	0.639648
0.275000	0.141602	-0.073242
0.280000	0.180664	-0.458984
0.285000	0.473633	-0.454102
0.290000	0.766602	-0.146484
0.295000	0.854492	0.278320
0.300000	0.664062	0.629883
0.305000	0.244141	0.805664
0.310000	-0.292969	0.546875
0.315000	-0.625000	-0.795898
0.320000	-0.087891	-2.294922
0.325000	1.411133	-2.539062
0.330000	3.076172	-1.655273
0.335000	4.169922	-0.244141
0.340000	4.331055	1.059570
0.345000	3.632812	1.801758
0.350000	2.446289	1.845703
0.355000	1.225586	1.337891
0.360000	0.327148	0.595703
0.365000	-0.073242	-0.097656
0.370000	-0.009766	-0.595703
0.375000	0.371094	-0.629883
0.380000	0.781250	-0.288086
0.385000	0.966797	0.205078
0.390000	0.825195	0.649414
0.395000	0.390625	0.883789
0.400000	-0.195312	0.737305
0.405000	-0.654297	-0.512695
0.410000	-0.297852	-2.299805
0.415000	1.206055	-2.851562
0.420000	3.066406	-2.094727
0.425000	4.443359	-0.620117
0.430000	4.858398	0.874023
0.435000	4.282227	1.831055
0.440000	3.081055	2.021484
0.445000	1.738281	1.562500
0.450000	0.698242	0.776367
0.455000	0.180664	0.019531
0.460000	0.151367	-0.424805
0.465000	0.419922	-0.478516
0.470000	0.727539	-0.205078
0.475000	0.859375	0.214844
0.480000	0.722656	0.585938
0.485000	0.327148	0.795898
0.490000	-0.195312	0.654297
0.495000	-0.610352	-0.512695
0.500000	-0.258789	-2.124023
0.505000	1.132812	-2.587891
0.510000	2.822266	-1.855469
0.515000	4.042969	-0.488281
0.520000	4.365234	0.874023
0.525000	3.789062	1.728516
0.530000	2.651367	1.879883
0.535000	1.406250	1.445312
0.540000	0.449219	0.717773
0.545000	-0.039062	0.004883
0.550000	-0.048828	-0.541992
0.555000	0.297852	-0.649414
0.560000	0.717773	-0.361328
0.565000	0.957031	0.122070
0.570000	0.869141	0.585938
0.575000	0.478516	0.859375
0.580000	-0.092773	0.820312
0.585000	-0.615234	-0.219727
0.590000	-0.444336	-2.060547
0.595000	0.908203	-2.861328
0.600000	2.778320	-2.285156
0.605000	4.282227	-0.878906
0.610000	4.858398	0.654297
0.615000	4.433594	1.723633
0.620000	3.300781	2.041016
0.625000	1.948242	1.669922
0.630000	0.839844	0.913086
0.635000	0.229492	0.131836
0.640000	0.126953	-0.380859
0.645000	0.366211	-0.493164
0.650000	0.683594	-0.268555
0.655000	0.854492	0.136719
0.660000	0.761719	0.532227
0.665000	0.405273	0.771484
0.670000	-0.112305	0.737305
0.675000	-0.581055	-0.244141
0.680000	-0.390625	-1.918945
0.685000	0.864258	-2.597656
0.690000	2.563477	-2.036133
0.695000	3.901367	-0.727539
0.700000	4.379883	0.678711
0.705000	3.940430	1.635742
0.710000	2.856445	1.899414
0.715000	1.596680	1.542969
0.720000	0.571289	0.844727
0.725000	0.004883	0.117188
0.730000	-0.078125	-0.478516
0.735000	0.229492	-0.668945
0.740000	0.664062	-0.434570
0.745000	0.942383	0.039062
0.750000	0.913086	0.522461
0.755000	0.561523	0.834961
0.760000	0.004883	0.869141
0.765000	-0.556641	0.039062
0.770000	-0.551758	-1.791992
0.775000	0.615234	-2.832031
0.780000	2.475586	-2.460938
0.785000	4.086914	-1.147461
0.790000	4.843750	0.424805
0.795000	4.570312	1.596680
0.800000	3.520508	2.041016
0.805000	2.167969	1.772461
0.810000	0.996094	1.049805
0.815000	0.292969	0.249023
0.820000	0.112305	-0.322266
0.825000	0.312500	-0.502930
0.830000	0.639648	-0.322266
0.835000	0.849609	0.068359
0.840000	0.795898	0.478516
0.845000	0.483398	0.747070
0.850000	-0.019531	0.786133
0.855000	-0.522461	0.000000
0.860000	-0.498047	-1.665039
0.865000	0.595703	-2.583008
0.870000	2.285156	-2.202148
0.875000	3.735352	-0.971680
0.880000	4.370117	0.463867
0.885000	4.067383	1.518555
0.890000	3.071289	1.904297
0.895000	1.806641	1.640625
0.900000	0.717773	0.971680
0.905000	0.063477	0.234375
0.910000	-0.092773	-0.400391
0.915000	0.156250	-0.668945
0.920000	0.595703	-0.493164
0.925000	0.913086	-0.043945
0.930000	0.937500	0.449219
0.935000	0.634766	0.795898
0.940000	0.107422	0.898438
0.945000	-0.478516	0.273438
0.950000	-0.625000	-1.474609
0.955000	0.346680	-2.763672
0.960000	2.158203	-2.602539
0.965000	3.862305	-1.396484
0.970000	4.790039	0.170898
0.975000	4.677734	1.440430
0.980000	3.725586	2.026367
0.985000	2.397461	1.860352
0.990000	1.166992	1.191406
0.995000	0.371094	0.371094
1.000000	0.107422	-0.249023
1.005000	0.263672	-0.498047
1.010000	0.585938	-0.371094
1.015000	0.830078	-0.009766
1.020000	0.830078	0.415039
1.025000	0.546875	0.717773
1.030000	0.068359	0.810547
1.035000	-0.454102	0.219727
1.040000	-0.571289	-1.386719
1.045000	0.341797	-2.524414
1.050000	1.997070	-2.343750
1.055000	3.535156	-1.215820
1.060000	4.331055	0.234375
1.065000	4.179688	1.386719
1.070000	3.266602	1.894531
1.075000	2.016602	1.718750
1.080000	0.874023	1.093750
1.085000	0.141602	0.351562
1.090000	-0.097656	-0.312500
1.095000	0.097656	-0.654297
1.100000	0.517578	-0.551758
1.105000	0.878906	-0.131836
1.110000	0.957031	0.371094
1.115000	0.708008	0.756836
1.120000	0.205078	0.908203
1.125000	-0.390625	0.463867
1.130000	-0.664062	-1.157227
1.135000	0.102539	-2.651367
1.140000	1.835938	-2.719727
1.145000	3.627930	-1.645508
1.150000	4.702148	-0.087891
1.155000	4.770508	1.269531
1.160000	3.925781	1.982422
1.165000	2.622070	1.928711
1.170000	1.342773	1.318359
1.175000	0.468750	0.507812
1.180000	0.122070	-0.166016
1.185000	0.224609	-0.483398
1.190000	0.532227	-0.419922
1.195000	0.800781	-0.078125
1.200000	0.849609	0.346680
1.205000	0.615234	0.678711
1.210000	0.161133	0.815430
1.215000	-0.375977	0.400391
1.220000	-0.615234	-1.093750
1.225000	0.117188	-2.431641
1.230000	1.704102	-2.456055
1.235000	3.315430	-1.435547
1.240000	4.262695	0.000000
1.245000	4.267578	1.230469
1.250000	3.457031	1.865234
1.255000	2.231445	1.791992
1.260000	1.044922	1.220703
1.265000	0.229492	0.473633
1.270000	-0.087891	-0.205078
1.275000	0.034180	-0.629883
1.280000	0.444336	-0.595703
1.285000	0.830078	-0.209961
1.290000	0.966797	0.292969
1.295000	0.766602	0.703125
1.300000	0.297852	0.898438
1.305000	-0.297852	0.620117
1.310000	-0.673828	-0.834961
1.315000	-0.112305	-2.500000
1.320000	1.518555	-2.802734
1.325000	3.359375	-1.870117
1.330000	4.589844	-0.341797
1.335000	4.824219	1.083984
1.340000	4.106445	1.914062
1.345000	2.841797	1.982422
1.350000	1.528320	1.440430
1.355000	0.571289	0.639648
1.360000	0.141602	-0.078125
1.365000	0.180664	-0.458984
1.370000	0.478516	-0.449219
1.375000	0.766602	-0.141602
1.380000	0.854492	0.278320
1.385000	0.664062	0.634766
1.390000	0.244141	0.810547
1.395000	-0.297852	0.541992
1.400000	-0.625000	-0.810547
1.405000	-0.078125	-2.304688
1.410000	1.420898	-2.534180
1.415000	3.085938	-1.645508
1.420000	4.174805	-0.234375
1.425000	4.331055	1.069336
1.430000	3.627930	1.806641
1.435000	2.441406	1.845703
1.440000	1.215820	1.333008
1.445000	0.327148	0.585938
1.450000	-0.068359	-0.102539
1.455000	-0.009766	-0.595703
1.460000	0.371094	-0.629883
1.465000	0.781250	-0.292969
1.470000	0.966797	0.209961
1.475000	0.820312	0.649414
1.480000	0.390625	0.883789
1.485000	-0.195312	0.732422
1.490000	-0.654297	-0.527344
1.495000	-0.292969	-2.309570
1.500000	1.220703	-2.851562
1.505000	3.085938	-2.080078
1.510000	4.453125	-0.605469
1.515000	4.858398	0.888672
1.520000	4.272461	1.835938
1.525000	3.066406	2.021484
1.530000	1.733398	1.557617
1.535000	0.698242	0.766602
1.540000	0.175781	0.019531
1.545000	0.151367	-0.429688
1.550000	0.424805	-0.478516
1.555000	0.732422	-0.205078
1.560000	0.859375	0.209961
1.565000	0.717773	0.585938
1.570000	0.327148	0.795898
1.575000	-0.205078	0.649414
1.580000	-0.615234	-0.522461
1.585000	-0.249023	-2.138672
1.590000	1.147461	-2.583008
1.595000	2.841797	-1.845703
1.600000	4.052734	-0.473633
1.605000	4.370117	0.888672
1.610000	3.784180	1.728516
1.615000	2.641602	1.879883
1.620000	1.396484	1.435547
1.625000	0.444336	0.708008
1.630000	-0.043945	0.000000
1.635000	-0.048828	-0.546875
1.640000	0.302734	-0.654297
1.645000	0.727539	-0.361328
1.650000	0.952148	0.131836
1.655000	0.869141	0.595703
1.660000	0.473633	0.859375
1.665000	-0.102539	0.815430
1.670000	-0.620117	-0.239258
1.675000	-0.434570	-2.075195
1.680000	0.922852	-2.861328
1.685000	2.788086	-2.280273
1.690000	4.291992	-0.869141
1.695000	4.863281	0.664062
1.700000	4.428711	1.723633
1.705000	3.291016	2.045898
1.710000	1.943359	1.665039
1.715000	0.834961	0.908203
1.720000	0.224609	0.122070
1.725000	0.131836	-0.380859
1.730000	0.371094	-0.493164
1.735000	0.688477	-0.263672
1.740000	0.859375	0.141602
1.745000	0.761719	0.537109
1.750000	0.400391	0.771484
1.755000	-0.117188	0.732422
1.760000	-0.581055	-0.253906
1.765000	-0.385742	-1.928711
1.770000	0.869141	-2.602539
1.775000	2.573242	-2.026367
1.780000	3.911133	-0.717773
1.785000	4.379883	0.683594
1.790000	3.930664	1.640625
1.795000	2.846680	1.904297
1.800000	1.586914	1.542969
1.805000	0.566406	0.834961
1.810000	0.000000	0.112305
1.815000	-0.078125	-0.483398
1.820000	0.229492	-0.668945
1.825000	0.664062	-0.429688
1.830000	0.937500	0.043945
1.835000	0.908203	0.527344
1.840000	0.556641	0.839844
1.845000	-0.004883	0.864258
1.850000	-0.556641	0.019531
1.855000	-0.546875	-1.811523
1.860000	0.634766	-2.836914
1.865000	2.490234	-2.451172
1.870000	4.096680	-1.127930
1.875000	4.843750	0.439453
1.880000	4.555664	1.601562
1.885000	3.505859	2.041016
1.890000	2.153320	1.762695
1.895000	0.981445	1.040039
1.900000	0.283203	0.239258
1.905000	0.112305	-0.322266
1.910000	0.317383	-0.502930
1.915000	0.639648	-0.317383
1.920000	0.849609	0.068359
1.925000	0.795898	0.478516
1.930000	0.473633	0.751953
1.935000	-0.024414	0.781250
1.940000	-0.527344	-0.014648
1.945000	-0.488281	-1.689453
1.950000	0.620117	-2.587891
1.955000	2.309570	-2.187500
1.960000	3.745117	-0.957031
1.965000	4.375000	0.483398
1.970000	4.057617	1.528320
1.975000	3.051758	1.909180
1.980000	1.791992	1.635742
1.985000	0.708008	0.961914
1.990000	0.058594	0.224609
1.995000	-0.087891	-0.405273
2.000000	0.161133	-0.668945
2.005000	0.600586	-0.488281
2.010000	0.917969	-0.039062
2.015000	0.932617	0.454102
2.020000	0.629883	0.800781
2.025000	0.097656	0.893555
2.030000	-0.488281	0.249023
2.035000	-0.620117	-1.508789
2.040000	0.371094	-2.768555
2.045000	2.187500	-2.587891
2.050000	3.886719	-1.372070
2.055000	4.794922	0.195312
2.060000	4.667969	1.459961
2.065000	3.706055	2.021484
2.070000	2.368164	1.850586
2.075000	1.147461	1.176758
2.080000	0.361328	0.361328
2.085000	0.107422	-0.253906
2.090000	0.268555	-0.498047
2.095000	0.590820	-0.366211
2.100000	0.830078	0.000000
2.105000	0.825195	0.415039
2.110000	0.541992	0.722656
2.115000	0.063477	0.810547
2.120000	-0.463867	0.195312
2.125000	-0.561523	-1.420898
2.130000	0.371094	-2.539062
2.135000	2.026367	-2.329102
2.140000	3.559570	-1.186523
2.145000	4.340820	0.258789
2.150000	4.165039	1.401367
2.155000	3.247070	1.894531
2.160000	1.987305	1.713867
2.165000	0.859375	1.083984
2.170000	0.131836	0.336914
2.175000	-0.097656	-0.317383
2.180000	0.102539	-0.654297
2.185000	0.527344	-0.546875
2.190000	0.883789	-0.122070
2.195000	0.957031	0.380859
2.200000	0.698242	0.761719
2.205000	0.190430	0.908203
2.210000	-0.400391	0.444336
2.215000	-0.664062	-1.196289
2.220000	0.126953	-2.666016
2.225000	1.875000	-2.709961
2.230000	3.657227	-1.611328
2.235000	4.716797	-0.053711
2.240000	4.755859	1.293945
2.245000	3.901367	1.982422
2.250000	2.592773	1.918945
2.255000	1.318359	1.303711
2.260000	0.454102	0.488281
2.265000	0.112305	-0.175781
2.270000	0.224609	-0.488281
2.275000	0.541992	-0.410156
2.280000	0.805664	-0.063477
2.285000	0.849609	0.356445
2.290000	0.605469	0.678711
2.295000	0.151367	0.810547
2.300000	-0.390625	0.380859
2.305000	-0.610352	-1.132812
2.310000	0.141602	-2.446289
2.315000	1.743164	-2.441406
2.320000	3.344727	-1.406250
2.325000	4.272461	0.024414
2.330000	4.257812	1.254883
2.335000	3.432617	1.865234
2.340000	2.202148	1.782227
2.345000	1.025391	1.206055
2.350000	0.214844	0.454102
2.355000	-0.087891	-0.219727
2.360000	0.043945	-0.634766
2.365000	0.454102	-0.590820
2.370000	0.834961	-0.200195
2.375000	0.966797	0.302734
2.380000	0.761719	0.708008
2.385000	0.288086	0.898438
2.390000	-0.307617	0.600586
2.395000	-0.668945	-0.874023
2.400000	-0.087891	-2.524414
2.405000	1.557617	-2.792969
2.410000	3.393555	-1.845703
2.415000	4.609375	-0.312500
2.420000	4.819336	1.113281
2.425000	4.086914	1.923828
2.430000	2.817383	1.977539
2.435000	1.508789	1.425781
2.440000	0.556641	0.620117
2.445000	0.136719	-0.092773
2.450000	0.185547	-0.463867
2.455000	0.483398	-0.444336
2.460000	0.771484	-0.131836
2.465000	0.849609	0.288086
2.470000	0.659180	0.639648
2.475000	0.234375	0.810547
2.480000	-0.302734	0.527344
2.485000	-0.620117	-0.844727
2.490000	-0.053711	-2.324219
2.495000	1.459961	-2.524414
2.500000	3.120117	-1.621094
2.505000	4.189453	-0.205078
2.510000	4.321289	1.088867
2.515000	3.613281	1.811523
2.520000	2.412109	1.840820
2.525000	1.201172	1.313477
2.530000	0.317383	0.576172
2.535000	-0.078125	-0.117188
2.540000	-0.004883	-0.600586
2.545000	0.380859	-0.629883
2.550000	0.786133	-0.278320
2.555000	0.966797	0.219727
2.560000	0.815430	0.654297
2.565000	0.375977	0.888672
2.570000	-0.214844	0.722656
2.575000	-0.659180	-0.561523
2.580000	-0.268555	-2.338867
2.585000	1.254883	-2.841797
2.590000	3.120117	-2.055664
2.595000	4.472656	-0.571289
2.600000	4.858398	0.913086
2.605000	4.252930	1.845703
2.610000	3.041992	2.021484
2.615000	1.704102	1.542969
2.620000	0.683594	0.751953
2.625000	0.170898	0.004883
2.630000	0.151367	-0.434570
2.635000	0.429688	-0.478516
2.640000	0.732422	-0.200195
2.645000	0.859375	0.224609
2.650000	0.712891	0.595703
2.655000	0.312500	0.800781
2.660000	-0.219727	0.634766
2.665000	-0.615234	-0.561523
2.670000	-0.229492	-2.158203
2.675000	1.186523	-2.583008
2.680000	2.871094	-1.821289
2.685000	4.067383	-0.444336
2.690000	4.365234	0.913086
2.695000	3.764648	1.743164
2.700000	2.617188	1.879883
2.705000	1.372070	1.425781
2.710000	0.419922	0.693359
2.715000	-0.043945	-0.014648
2.720000	-0.043945	-0.551758
2.725000	0.312500	-0.649414
2.730000	0.732422	-0.351562
2.735000	0.957031	0.136719
2.740000	0.864258	0.605469
2.745000	0.463867	0.864258
2.750000	-0.117188	0.810547
2.755000	-0.625000	-0.273438
2.760000	-0.419922	-2.109375
2.765000	0.961914	-2.861328
2.770000	2.832031	-2.255859
2.775000	4.316406	-0.830078
2.780000	4.868164	0.693359
2.785000	4.409180	1.743164
2.790000	3.261719	2.041016
2.795000	1.914062	1.655273
2.800000	0.815430	0.888672
2.805000	0.219727	0.112305
2.810000	0.131836	-0.385742
2.815000	0.375977	-0.493164
2.820000	0.693359	-0.258789
2.825000	0.859375	0.146484
2.830000	0.756836	0.541992
2.835000	0.390625	0.776367
2.840000	-0.126953	0.717773
2.845000	-0.585938	-0.288086
2.850000	-0.371094	-1.953125
2.855000	0.908203	-2.602539
2.860000	2.607422	-2.011719
2.865000	3.930664	-0.683594
2.870000	4.384766	0.712891
2.875000	3.916016	1.655273
2.880000	2.827148	1.904297
2.885000	1.567383	1.533203
2.890000	0.556641	0.820312
2.895000	-0.004883	0.102539
2.900000	-0.073242	-0.483398
2.905000	0.234375	-0.664062
2.910000	0.668945	-0.419922
2.915000	0.942383	0.053711
2.920000	0.903320	0.537109
2.925000	0.546875	0.839844
2.930000	-0.014648	0.864258
2.935000	-0.571289	-0.004883
2.940000	-0.537109	-1.840820
2.945000	0.668945	-2.836914
2.950000	2.524414	-2.431641
2.955000	4.125977	-1.098633
2.960000	4.848633	0.463867
2.965000	4.541016	1.621094
2.970000	3.476562	2.041016
2.975000	2.128906	1.752930
2.980000	0.961914	1.025391
2.985000	0.278320	0.224609
2.990000	0.112305	-0.327148
2.995000	0.322266	-0.498047
3.000000	0.649414	-0.317383
3.005000	0.849609	0.073242
3.010000	0.791016	0.488281
3.015000	0.463867	0.756836
3.020000	-0.039062	0.776367
3.025000	-0.537109	-0.043945
3.030000	-0.478516	-1.723633
3.035000	0.644531	-2.587891
3.040000	2.343750	-2.172852
3.045000	3.764648	-0.922852
3.050000	4.375000	0.502930
3.055000	4.042969	1.547852
3.060000	3.027344	1.909180
3.065000	1.762695	1.621094
3.070000	0.688477	0.942383
3.075000	0.053711	0.209961
3.080000	-0.087891	-0.410156
3.085000	0.170898	-0.668945
3.090000	0.605469	-0.478516
3.095000	0.917969	-0.024414
3.100000	0.932617	0.463867
3.105000	0.615234	0.800781
3.110000	0.083008	0.893555
3.115000	-0.498047	0.224609
3.120000	-0.615234	-1.547852
3.125000	0.405273	-2.778320
3.130000	2.226562	-2.578125
3.135000	3.916016	-1.337891
3.140000	4.804688	0.229492
3.145000	4.658203	1.474609
3.150000	3.681641	2.026367
3.155000	2.343750	1.840820
3.160000	1.127930	1.157227
3.165000	0.351562	0.346680
3.170000	0.107422	-0.263672
3.175000	0.278320	-0.498047
3.180000	0.600586	-0.366211
3.185000	0.830078	0.009766
3.190000	0.820312	0.429688
3.195000	0.532227	0.722656
3.200000	0.048828	0.805664
3.205000	-0.473633	0.170898
3.210000	-0.556641	-1.455078
3.215000	0.400391	-2.543945
3.220000	2.065430	-2.314453
3.225000	3.583984	-1.157227
3.230000	4.345703	0.288086
3.235000	4.155273	1.416016
3.240000	3.222656	1.894531
3.245000	1.967773	1.704102
3.250000	0.839844	1.064453
3.255000	0.122070	0.322266
3.260000	-0.097656	-0.327148
3.265000	0.107422	-0.659180
3.270000	0.537109	-0.537109
3.275000	0.883789	-0.107422
3.280000	0.957031	0.390625
3.285000	0.688477	0.766602
3.290000	0.180664	0.908203
3.295000	-0.410156	0.419922
3.300000	-0.654297	-1.230469
3.305000	0.161133	-2.685547
3.310000	1.914062	-2.700195
3.315000	3.686523	-1.582031
3.320000	4.731445	-0.024414
3.325000	4.746094	1.318359
3.330000	3.876953	1.992188
3.335000	2.563477	1.909180
3.340000	1.289062	1.289062
3.345000	0.444336	0.468750
3.350000	0.117188	-0.190430
3.355000	0.229492	-0.493164
3.360000	0.546875	-0.405273
3.365000	0.810547	-0.058594
3.370000	0.844727	0.366211
3.375000	0.600586	0.688477
3.380000	0.136719	0.810547
3.385000	-0.395508	0.361328
3.390000	-0.605469	-1.171875
3.395000	0.166016	-2.460938
3.400000	1.777344	-2.431641
3.405000	3.378906	-1.381836
3.410000	4.282227	0.053711
3.415000	4.248047	1.269531
3.420000	3.413086	1.870117
3.425000	2.177734	1.777344
3.430000	1.000977	1.186523
3.435000	0.205078	0.444336
3.440000	-0.092773	-0.234375
3.445000	0.048828	-0.634766
3.450000	0.463867	-0.585938
3.455000	0.844727	-0.190430
3.460000	0.966797	0.312500
3.465000	0.756836	0.717773
3.470000	0.278320	0.898438
3.475000	-0.322266	0.585938
3.480000	-0.668945	-0.908203
3.485000	-0.063477	-2.539062
3.490000	1.591797	-2.788086
3.495000	3.422852	-1.821289
3.500000	4.624023	-0.283203
3.505000	4.814453	1.132812
3.510000	4.067383	1.933594
3.515000	2.792969	1.972656
3.520000	1.484375	1.411133
3.525000	0.546875	0.605469
3.530000	0.136719	-0.097656
3.535000	0.190430	-0.468750
3.540000	0.493164	-0.444336
3.545000	0.776367	-0.126953
3.550000	0.849609	0.297852
3.555000	0.654297	0.644531
3.560000	0.224609	0.810547
3.565000	-0.312500	0.512695
3.570000	-0.620117	-0.874023
3.575000	-0.029297	-2.338867
3.580000	1.489258	-2.514648
3.585000	3.144531	-1.596680
3.590000	4.194336	-0.180664
3.595000	4.316406	1.108398
3.600000	3.588867	1.821289
3.605000	2.387695	1.835938
3.610000	1.176758	1.303711
3.615000	0.302734	0.556641
3.620000	-0.078125	-0.126953
3.625000	0.000000	-0.600586
3.630000	0.385742	-0.625000
3.635000	0.795898	-0.268555
3.640000	0.966797	0.229492
3.645000	0.810547	0.659180
3.650000	0.366211	0.888672
3.655000	-0.224609	0.708008
3.660000	-0.664062	-0.595703
3.665000	-0.249023	-2.358398
3.670000	1.284180	-2.846680
3.675000	3.154297	-2.031250
3.680000	4.492188	-0.537109
3.685000	4.853516	0.937500
3.690000	4.238281	1.855469
3.695000	3.012695	2.016602
3.700000	1.679688	1.533203
3.705000	0.664062	0.737305
3.710000	0.166016	-0.004883
3.715000	0.156250	-0.439453
3.720000	0.439453	-0.473633
3.725000	0.737305	-0.190430
3.730000	0.859375	0.224609
3.735000	0.703125	0.605469
3.740000	0.302734	0.800781
3.745000	-0.229492	0.625000
3.750000	-0.620117	-0.590820
3.755000	-0.209961	-2.177734
3.760000	1.215820	-2.578125
3.765000	2.905273	-1.796875
3.770000	4.086914	-0.415039
3.775000	4.360352	0.927734
3.780000	3.745117	1.752930
3.785000	2.587891	1.875000
3.790000	1.347656	1.411133
3.795000	0.410156	0.678711
3.800000	-0.048828	-0.024414
3.805000	-0.039062	-0.556641
3.810000	0.317383	-0.644531
3.815000	0.737305	-0.341797
3.820000	0.961914	0.146484
3.825000	0.854492	0.610352
3.830000	0.454102	0.869141
3.835000	-0.122070	0.800781
3.840000	-0.625000	-0.307617
3.845000	-0.405273	-2.138672
3.850000	0.996094	-2.861328
3.855000	2.866211	-2.236328
3.860000	4.335938	-0.800781
3.865000	4.868164	0.717773
3.870000	4.389648	1.757812
3.875000	3.237305	2.036133
3.880000	1.889648	1.640625
3.885000	0.795898	0.874023
3.890000	0.209961	0.097656
3.895000	0.131836	-0.395508
3.900000	0.380859	-0.488281
3.905000	0.698242	-0.249023
3.910000	0.859375	0.156250
3.915000	0.751953	0.551758
3.920000	0.385742	0.781250
3.925000	-0.136719	0.712891
3.930000	-0.590820	-0.317383
3.935000	-0.356445	-1.982422
3.940000	0.937500	-2.607422
3.945000	2.636719	-1.987305
3.950000	3.945312	-0.659180
3.955000	4.379883	0.732422
3.960000	3.896484	1.665039
3.965000	2.802734	1.899414
3.970000	1.542969	1.518555
3.975000	0.537109	0.810547
3.980000	-0.009766	0.083008
3.985000	-0.073242	-0.498047
3.990000	0.244141	-0.664062
3.995000	0.678711	-0.415039
4.000000	0.947266	0.063477
4.005000	0.893555	0.541992
4.010000	0.537109	0.849609
4.015000	-0.024414	0.859375
4.020000	-0.576172	-0.034180
4.025000	-0.522461	-1.870117
4.030000	0.703125	-2.846680
4.035000	2.563477	-2.412109
4.040000	4.150391	-1.064453
4.045000	4.853516	0.493164
4.050000	4.526367	1.630859
4.055000	3.452148	2.041016
4.060000	2.099609	1.743164
4.065000	0.947266	1.010742
4.070000	0.268555	0.214844
4.075000	0.117188	-0.336914
4.080000	0.327148	-0.498047
4.085000	0.654297	-0.307617
4.090000	0.849609	0.087891
4.095000	0.786133	0.493164
4.100000	0.458984	0.756836
4.105000	-0.043945	0.771484
4.110000	-0.541992	-0.068359
4.115000	-0.468750	-1.748047
4.120000	0.673828	-2.592773
4.125000	2.373047	-2.158203
4.130000	3.779297	-0.903320
4.135000	4.379883	0.527344
4.140000	4.028320	1.557617
4.145000	3.007812	1.909180
4.150000	1.743164	1.616211
4.155000	0.668945	0.932617
4.160000	0.043945	0.200195
4.165000	-0.087891	-0.424805
4.170000	0.180664	-0.668945
4.175000	0.615234	-0.473633
4.180000	0.922852	-0.019531
4.185000	0.927734	0.468750
4.190000	0.615234	0.810547
4.195000	0.073242	0.888672
4.200000	-0.507812	0.200195
4.205000	-0.610352	-1.577148
4.210000	0.434570	-2.788086
4.215000	2.255859	-2.558594
4.220000	3.935547	-1.308594
4.225000	4.809570	0.253906
4.230000	4.643555	1.489258
4.235000	3.662109	2.031250
4.240000	2.319336	1.831055
4.245000	1.113281	1.147461
4.250000	0.341797	0.336914
4.255000	0.102539	-0.273438
4.260000	0.278320	-0.502930
4.265000	0.605469	-0.356445
4.270000	0.834961	0.014648
4.275000	0.815430	0.429688
4.280000	0.532227	0.727539
4.285000	0.043945	0.805664
4.290000	-0.478516	0.151367
4.295000	-0.551758	-1.484375
4.300000	0.424805	-2.548828
4.305000	2.094727	-2.299805
4.310000	3.608398	-1.132812
4.315000	4.350586	0.312500
4.320000	4.145508	1.430664
4.325000	3.203125	1.904297
4.330000	1.943359	1.699219
4.335000	0.820312	1.054688
4.340000	0.117188	0.312500
4.345000	-0.097656	-0.336914
4.350000	0.117188	-0.659180
4.355000	0.541992	-0.532227
4.360000	0.888672	-0.097656
4.365000	0.952148	0.395508
4.370000	0.683594	0.771484
4.375000	0.175781	0.908203
4.380000	-0.424805	0.405273
4.385000	-0.654297	-1.264648
4.390000	0.180664	-2.695312
4.395000	1.943359	-2.690430
4.400000	3.710938	-1.557617
4.405000	4.741211	0.000000
4.410000	4.741211	1.333008
4.415000	3.857422	1.997070
4.420000	2.543945	1.904297
4.425000	1.279297	1.274414
4.430000	0.434570	0.458984
4.435000	0.117188	-0.195312
4.440000	0.234375	-0.493164
4.445000	0.551758	-0.400391
4.450000	0.810547	-0.053711
4.455000	0.839844	0.371094
4.460000	0.595703	0.693359
4.465000	0.131836	0.815430
4.470000	-0.400391	0.341797
4.475000	-0.600586	-1.196289
4.480000	0.190430	-2.470703
4.485000	1.801758	-2.421875
4.490000	3.388672	-1.362305
4.495000	4.287109	0.078125
4.500000	4.238281	1.284180
4.505000	3.398438	1.870117
4.510000	2.158203	1.772461
4.515000	0.986328	1.176758
4.520000	0.195312	0.429688
4.525000	-0.092773	-0.244141
4.530000	0.053711	-0.634766
4.535000	0.468750	-0.581055
4.540000	0.849609	-0.185547
4.545000	0.966797	0.317383
4.550000	0.751953	0.722656
4.555000	0.268555	0.903320
4.560000	-0.327148	0.576172
4.565000	-0.668945	-0.937500
4.570000	-0.043945	-2.553711
4.575000	1.621094	-2.778320
4.580000	3.447266	-1.801758
4.585000	4.633789	-0.263672
4.590000	4.814453	1.152344
4.595000	4.052734	1.938477
4.600000	2.773438	1.967773
4.605000	1.474609	1.401367
4.610000	0.537109	0.595703
4.615000	0.131836	-0.107422
4.620000	0.190430	-0.473633
4.625000	0.498047	-0.439453
4.630000	0.776367	-0.122070
4.635000	0.854492	0.302734
4.640000	0.644531	0.649414
4.645000	0.219727	0.810547
4.650000	-0.317383	0.502930
4.655000	-0.620117	-0.898438
4.660000	-0.019531	-2.353516
4.665000	1.508789	-2.509766
4.670000	3.159180	-1.582031
4.675000	4.199219	-0.166016
4.680000	4.316406	1.123047
4.685000	3.579102	1.821289
4.690000	2.373047	1.826172
4.695000	1.162109	1.298828
4.700000	0.292969	0.551758
4.705000	-0.078125	-0.136719
4.710000	0.000000	-0.610352
4.715000	0.390625	-0.620117
4.720000	0.795898	-0.268555
4.725000	0.966797	0.234375
4.730000	0.805664	0.664062
4.735000	0.361328	0.888672
4.740000	-0.229492	0.703125
4.745000	-0.668945	-0.615234
4.750000	-0.239258	-2.373047
4.755000	1.303711	-2.841797
4.760000	3.168945	-2.021484
4.765000	4.501953	-0.527344
4.770000	4.848633	0.947266
4.775000	4.223633	1.865234
4.780000	2.998047	2.011719
4.785000	1.669922	1.523438
4.790000	0.659180	0.727539
4.795000	0.161133	-0.009766
4.800000	0.161133	-0.434570
4.805000	0.439453	-0.468750
4.810000	0.742188	-0.185547
4.815000	0.859375	0.229492
4.820000	0.703125	0.600586
4.825000	0.302734	0.800781
4.830000	-0.234375	0.620117
4.835000	-0.620117	-0.610352
4.840000	-0.200195	-2.187500
4.845000	1.230469	-2.578125
4.850000	2.915039	-1.787109
4.855000	4.091797	-0.400391
4.860000	4.355469	0.942383
4.865000	3.745117	1.757812
4.870000	2.578125	1.870117
4.875000	1.337891	1.406250
4.880000	0.405273	0.673828
4.885000	-0.048828	-0.024414
4.890000	-0.039062	-0.561523
4.895000	0.322266	-0.644531
4.900000	0.742188	-0.341797
4.905000	0.961914	0.151367
4.910000	0.854492	0.610352
4.915000	0.454102	0.869141
4.920000	-0.126953	0.795898
4.925000	-0.629883	-0.322266
4.930000	-0.400391	-2.148438
4.935000	1.005859	-2.861328
4.940000	2.875977	-2.226562
4.945000	4.345703	-0.791016
4.950000	4.868164	0.727539
4.955000	4.384766	1.762695
4.960000	3.227539	2.036133
4.965000	1.879883	1.635742
4.970000	0.791016	0.869141
4.975000	0.209961	0.092773
4.980000	0.136719	-0.395508
4.985000	0.385742	-0.488281
4.990000	0.703125	-0.249023
4.995000	0.859375	0.161133
5.000000	0.751953	0.546875
5.005000	0.380859	0.781250
5.010000	-0.141602	0.712891
5.015000	-0.590820	-0.327148
5.020000	-0.351562	-1.987305
5.025000	0.947266	-2.602539
5.030000	2.651367	-1.977539
5.035000	3.955078	-0.654297
5.040000	4.379883	0.742188
5.045000	3.891602	1.669922
5.050000	2.792969	1.899414
5.055000	1.538086	1.518555
5.060000	0.532227	0.800781
5.065000	-0.009766	0.083008
5.070000	-0.073242	-0.498047
5.075000	0.249023	-0.664062
5.080000	0.678711	-0.410156
5.085000	0.942383	0.063477
5.090000	0.898438	0.541992
5.095000	0.537109	0.844727
5.100000	-0.024414	0.854492
5.105000	-0.581055	-0.039062
5.110000	-0.522461	-1.879883
5.115000	0.712891	-2.846680
5.120000	2.568359	-2.407227
5.125000	4.155273	-1.054688
5.130000	4.858398	0.502930
5.135000	4.526367	1.640625
5.140000	3.447266	2.045898
5.145000	2.099609	1.738281
5.150000	0.947266	1.000977
5.155000	0.268555	0.209961
5.160000	0.112305	-0.336914
5.165000	0.332031	-0.498047
5.170000	0.649414	-0.307617
5.175000	0.849609	0.087891
5.180000	0.786133	0.493164
5.185000	0.454102	0.756836
5.190000	-0.048828	0.771484
5.195000	-0.546875	-0.073242
5.200000	-0.468750	-1.757812
5.205000	0.683594	-2.592773
5.210000	2.382812	-2.148438
5.215000	3.789062	-0.893555
5.220000	4.379883	0.537109
5.225000	4.028320	1.557617
5.230000	2.998047	1.909180
5.235000	1.738281	1.611328
5.240000	0.664062	0.927734
5.245000	0.043945	0.190430
5.250000	-0.087891	-0.429688
5.255000	0.180664	-0.668945
5.260000	0.615234	-0.473633
5.265000	0.922852	-0.019531
5.270000	0.927734	0.473633
5.275000	0.615234	0.810547
5.280000	0.068359	0.893555
5.285000	-0.507812	0.195312
5.290000	-0.605469	-1.586914
5.295000	0.444336	-2.792969
5.300000	2.270508	-2.558594
5.305000	3.945312	-1.303711
5.310000	4.809570	0.263672
5.315000	4.638672	1.499023
5.320000	3.657227	2.031250
5.325000	2.314453	1.831055
5.330000	1.103516	1.142578
5.335000	0.336914	0.327148
5.340000	0.107422	-0.273438
5.345000	0.283203	-0.502930
5.350000	0.610352	-0.356445
5.355000	0.839844	0.019531
5.360000	0.815430	0.434570
5.365000	0.527344	0.732422
5.370000	0.039062	0.800781
5.375000	-0.483398	0.141602
5.380000	-0.551758	-1.494141
5.385000	0.434570	-2.553711
5.390000	2.104492	-2.294922
5.395000	3.613281	-1.123047
5.400000	4.350586	0.317383
5.405000	4.140625	1.440430
5.410000	3.198242	1.899414
5.415000	1.938477	1.694336
5.420000	0.815430	1.054688
5.425000	0.107422	0.307617
5.430000	-0.097656	-0.341797
5.435000	0.117188	-0.664062
5.440000	0.546875	-0.527344
5.445000	0.888672	-0.097656
5.450000	0.952148	0.400391
5.455000	0.683594	0.771484
5.460000	0.170898	0.908203
5.465000	-0.424805	0.395508
5.470000	-0.654297	-1.274414
5.475000	0.190430	-2.700195
5.480000	1.953125	-2.680664
5.485000	3.715820	-1.552734
5.490000	4.741211	0.009766
5.495000	4.736328	1.333008
5.500000	3.852539	1.997070
5.505000	2.534180	1.899414
5.510000	1.274414	1.264648
5.515000	0.424805	0.454102
5.520000	0.112305	-0.200195
5.525000	0.234375	-0.493164
5.530000	0.551758	-0.400391
5.535000	0.810547	-0.053711
5.540000	0.839844	0.371094
5.545000	0.590820	0.688477
5.550000	0.122070	0.810547
5.555000	-0.410156	0.336914
5.560000	-0.600586	-1.210938
5.565000	0.195312	-2.475586
5.570000	1.816406	-2.416992
5.575000	3.403320	-1.352539
5.580000	4.291992	0.087891
5.585000	4.233398	1.289062
5.590000	3.388672	1.875000
5.595000	2.148438	1.767578
5.600000	0.981445	1.176758
5.605000	0.190430	0.424805
5.610000	-0.092773	-0.249023
5.615000	0.058594	-0.639648
5.620000	0.473633	-0.581055
5.625000	0.849609	-0.180664
5.630000	0.961914	0.322266
5.635000	0.751953	0.727539
5.640000	0.263672	0.903320
5.645000	-0.332031	0.566406
5.650000	-0.668945	-0.952148
5.655000	-0.039062	-2.558594
5.660000	1.635742	-2.778320
5.665000	3.461914	-1.791992
5.670000	4.643555	-0.249023
5.675000	4.809570	1.162109
5.680000	4.042969	1.938477
5.685000	2.763672	1.967773
5.690000	1.459961	1.396484
5.695000	0.532227	0.590820
5.700000	0.131836	-0.112305
5.705000	0.195312	-0.473633
5.710000	0.498047	-0.439453
5.715000	0.781250	-0.117188
5.720000	0.854492	0.307617
5.725000	0.649414	0.649414
5.730000	0.214844	0.810547
5.735000	-0.322266	0.493164
5.740000	-0.620117	-0.913086
5.745000	-0.009766	-2.353516
5.750000	1.528320	-2.509766
5.755000	3.173828	-1.572266
5.760000	4.208984	-0.146484
5.765000	4.311523	1.132812
5.770000	3.569336	1.831055
5.775000	2.358398	1.826172
5.780000	1.157227	1.289062
5.785000	0.288086	0.541992
5.790000	-0.083008	-0.141602
5.795000	0.004883	-0.610352
5.800000	0.395508	-0.620117
5.805000	0.800781	-0.263672
5.810000	0.966797	0.244141
5.815000	0.805664	0.664062
5.820000	0.356445	0.888672
5.825000	-0.239258	0.698242
5.830000	-0.664062	-0.634766
5.835000	-0.224609	-2.382812
5.840000	1.323242	-2.836914
5.845000	3.188477	-2.006836
5.850000	4.506836	-0.507812
5.855000	4.848633	0.966797
5.860000	4.213867	1.870117
5.865000	2.983398	2.006836
5.870000	1.655273	1.518555
5.875000	0.644531	0.717773
5.880000	0.161133	-0.014648
5.885000	0.161133	-0.439453
5.890000	0.444336	-0.468750
5.895000	0.747070	-0.180664
5.900000	0.859375	0.234375
5.905000	0.698242	0.610352
5.910000	0.292969	0.800781
5.915000	-0.239258	0.615234
5.920000	-0.620117	-0.629883
5.925000	-0.190430	-2.202148
5.930000	1.250000	-2.573242
5.935000	2.934570	-1.772461
5.940000	4.101562	-0.385742
5.945000	4.355469	0.957031
5.950000	3.735352	1.762695
5.955000	2.563477	1.865234
5.960000	1.328125	1.401367
5.965000	0.395508	0.664062
5.970000	-0.053711	-0.034180
5.975000	-0.034180	-0.566406
5.980000	0.327148	-0.639648
5.985000	0.747070	-0.332031
5.990000	0.961914	0.161133
5.995000	0.854492	0.615234
6.000000	0.449219	0.874023
6.005000	-0.136719	0.791016
6.010000	-0.629883	-0.336914
6.015000	-0.385742	-2.167969
6.020000	1.035156	-2.861328
6.025000	2.900391	-2.211914
6.030000	4.355469	-0.771484
6.035000	4.868164	0.747070
6.040000	4.370117	1.772461
6.045000	3.208008	2.031250
6.050000	1.865234	1.630859
6.055000	0.786133	0.854492
6.060000	0.205078	0.083008
6.065000	0.136719	-0.400391
6.070000	0.390625	-0.488281
6.075000	0.703125	-0.244141
6.080000	0.859375	0.166016
6.085000	0.747070	0.556641
6.090000	0.375977	0.781250
6.095000	-0.146484	0.703125
6.100000	-0.595703	-0.346680
6.105000	-0.341797	-2.011719
6.110000	0.971680	-2.602539
6.115000	2.670898	-1.967773
6.120000	3.964844	-0.629883
6.125000	4.379883	0.761719
6.130000	3.881836	1.674805
6.135000	2.773438	1.899414
6.140000	1.523438	1.508789
6.145000	0.517578	0.791016
6.150000	-0.014648	0.073242
6.155000	-0.068359	-0.507812
6.160000	0.253906	-0.659180
6.165000	0.683594	-0.400391
6.170000	0.947266	0.073242
6.175000	0.893555	0.546875
6.180000	0.532227	0.844727
6.185000	-0.034180	0.854492
6.190000	-0.585938	-0.063477
6.195000	-0.512695	-1.904297
6.200000	0.737305	-2.851562
6.205000	2.597656	-2.392578
6.210000	4.169922	-1.030273
6.215000	4.853516	0.522461
6.220000	4.516602	1.650391
6.225000	3.427734	2.045898
6.230000	2.080078	1.733398
6.235000	0.927734	0.996094
6.240000	0.263672	0.200195
6.245000	0.117188	-0.346680
6.250000	0.336914	-0.498047
6.255000	0.659180	-0.297852
6.260000	0.849609	0.097656
6.265000	0.786133	0.498047
6.270000	0.449219	0.761719
6.275000	-0.058594	0.766602
6.280000	-0.551758	-0.097656
6.285000	-0.458984	-1.772461
6.290000	0.698242	-2.592773
6.295000	2.402344	-2.138672
6.300000	3.803711	-0.874023
6.305000	4.379883	0.551758
6.310000	4.018555	1.572266
6.315000	2.978516	1.909180
6.320000	1.723633	1.606445
6.325000	0.659180	0.917969
6.330000	0.039062	0.185547
6.335000	-0.092773	-0.434570
6.340000	0.185547	-0.668945
6.345000	0.620117	-0.468750
6.350000	0.922852	-0.009766
6.355000	0.927734	0.478516
6.360000	0.605469	0.810547
6.365000	0.063477	0.888672
6.370000	-0.512695	0.180664
6.375000	-0.600586	-1.611328
6.380000	0.458984	-2.802734
6.385000	2.294922	-2.543945
6.390000	3.964844	-1.284180
6.395000	4.814453	0.278320
6.400000	4.633789	1.508789
6.405000	3.642578	2.031250
6.410000	2.294922	1.821289
6.415000	1.088867	1.127930
6.420000	0.332031	0.317383
6.425000	0.107422	-0.278320
6.430000	0.283203	-0.502930
6.435000	0.610352	-0.351562
6.440000	0.834961	0.024414
6.445000	0.810547	0.439453
6.450000	0.522461	0.727539
6.455000	0.029297	0.800781
6.460000	-0.483398	0.126953
6.465000	-0.541992	-1.513672
6.470000	0.449219	-2.558594
6.475000	2.124023	-2.285156
6.480000	3.627930	-1.103516
6.485000	4.355469	0.332031
6.490000	4.130859	1.450195
6.495000	3.178711	1.904297
6.500000	1.923828	1.689453
6.505000	0.805664	1.044922
6.510000	0.102539	0.297852
6.515000	-0.097656	-0.351562
6.520000	0.122070	-0.664062
6.525000	0.551758	-0.527344
6.530000	0.893555	-0.092773
6.535000	0.947266	0.410156
6.540000	0.678711	0.776367
6.545000	0.161133	0.903320
6.550000	-0.434570	0.380859
6.555000	-0.649414	-1.293945
6.560000	0.205078	-2.709961
6.565000	1.977539	-2.670898
6.570000	3.735352	-1.533203
6.575000	4.746094	0.029297
6.580000	4.726562	1.347656
6.585000	3.833008	2.001953
6.590000	2.519531	1.899414
6.595000	1.259766	1.259766
6.600000	0.419922	0.449219
6.605000	0.112305	-0.205078
6.610000	0.239258	-0.493164
6.615000	0.556641	-0.395508
6.620000	0.810547	-0.048828
6.625000	0.839844	0.375977
6.630000	0.585938	0.693359
6.635000	0.122070	0.810547
6.640000	-0.415039	0.322266
6.645000	-0.600586	-1.230469
6.650000	0.214844	-2.485352
6.655000	1.835938	-2.407227
6.660000	3.422852	-1.333008
6.665000	4.301758	0.107422
6.670000	4.228516	1.303711
6.675000	3.378906	1.875000
6.680000	2.133789	1.762695
6.685000	0.966797	1.166992
6.690000	0.185547	0.415039
6.695000	-0.097656	-0.253906
6.700000	0.063477	-0.639648
6.705000	0.473633	-0.571289
6.710000	0.849609	-0.170898
6.715000	0.961914	0.327148
6.720000	0.737305	0.732422
6.725000	0.253906	0.903320
6.730000	-0.336914	0.556641
6.735000	-0.668945	-0.981445
6.740000	-0.014648	-2.573242
6.745000	1.660156	-2.768555
6.750000	3.486328	-1.767578
6.755000	4.648438	-0.219727
6.760000	4.799805	1.176758
6.765000	4.023438	1.948242
6.770000	2.734375	1.962891
6.775000	1.440430	1.386719
6.780000	0.522461	0.576172
6.785000	0.126953	-0.122070
6.790000	0.195312	-0.473633
6.795000	0.502930	-0.439453
6.800000	0.781250	-0.112305
6.805000	0.849609	0.312500
6.810000	0.644531	0.654297
6.815000	0.205078	0.810547
6.820000	-0.327148	0.478516
6.825000	-0.620117	-0.942383
6.830000	0.009766	-2.368164
6.835000	1.552734	-2.500000
6.840000	3.198242	-1.547852
6.845000	4.218750	-0.126953
6.850000	4.301758	1.152344
6.855000	3.549805	1.835938
6.860000	2.338867	1.821289
6.865000	1.137695	1.279297
6.870000	0.283203	0.532227
6.875000	-0.083008	-0.156250
6.880000	0.014648	-0.615234
6.885000	0.410156	-0.610352
6.890000	0.800781	-0.253906
6.895000	0.966797	0.249023
6.900000	0.795898	0.678711
6.905000	0.341797	0.888672
6.910000	-0.249023	0.678711
6.915000	-0.668945	-0.673828
6.920000	-0.205078	-2.407227
6.925000	1.362305	-2.827148
6.930000	3.217773	-1.977539
6.935000	4.526367	-0.478516
6.940000	4.838867	0.986328
6.945000	4.189453	1.875000
6.950000	2.954102	2.001953
6.955000	1.630859	1.503906
6.960000	0.629883	0.703125
6.965000	0.151367	-0.029297
6.970000	0.161133	-0.444336
6.975000	0.449219	-0.468750
6.980000	0.747070	-0.170898
6.985000	0.854492	0.244141
6.990000	0.693359	0.610352
6.995000	0.283203	0.800781
7.000000	-0.249023	0.600586
7.005000	-0.620117	-0.664062
7.010000	-0.166016	-2.226562
7.015000	1.279297	-2.558594
7.020000	2.968750	-1.748047
7.025000	4.116211	-0.351562
7.030000	4.350586	0.981445
7.035000	3.710938	1.777344
7.040000	2.534180	1.865234
7.045000	1.298828	1.386719
7.050000	0.375977	0.649414
7.055000	-0.058594	-0.048828
7.060000	-0.029297	-0.576172
7.065000	0.336914	-0.639648
7.070000	0.756836	-0.327148
7.075000	0.971680	0.166016
7.080000	0.849609	0.620117
7.085000	0.434570	0.874023
7.090000	-0.146484	0.781250
7.095000	-0.629883	-0.366211
7.100000	-0.371094	-2.192383
7.105000	1.059570	-2.866211
7.110000	2.934570	-2.192383
7.115000	4.375000	-0.742188
7.120000	4.868164	0.771484
7.125000	4.365234	1.782227
7.130000	3.193359	2.036133
7.135000	1.845703	1.621094
7.140000	0.771484	0.844727
7.145000	0.205078	0.073242
7.150000	0.141602	-0.400391
7.155000	0.395508	-0.488281
7.160000	0.712891	-0.239258
7.165000	0.864258	0.175781
7.170000	0.742188	0.561523
7.175000	0.371094	0.786133
7.180000	-0.151367	0.698242
7.185000	-0.600586	-0.371094
7.190000	-0.327148	-2.021484
7.195000	0.991211	-2.597656
7.200000	2.685547	-1.953125
7.205000	3.974609	-0.610352
7.210000	4.379883	0.771484
7.215000	3.872070	1.684570
7.220000	2.758789	1.899414
7.225000	1.508789	1.499023
7.230000	0.512695	0.781250
7.235000	-0.014648	0.063477
7.240000	-0.068359	-0.507812
7.245000	0.258789	-0.664062
7.250000	0.688477	-0.400391
7.255000	0.952148	0.078125
7.260000	0.893555	0.551758
7.265000	0.522461	0.849609
7.270000	-0.039062	0.854492
7.275000	-0.590820	-0.078125
7.280000	-0.507812	-1.918945
7.285000	0.751953	-2.851562
7.290000	2.617188	-2.382812
7.295000	4.184570	-1.020508
7.300000	4.858398	0.532227
7.305000	4.506836	1.660156
7.310000	3.417969	2.045898
7.315000	2.060547	1.728516
7.320000	0.922852	0.986328
7.325000	0.258789	0.195312
7.330000	0.117188	-0.346680
7.335000	0.341797	-0.498047
7.340000	0.659180	-0.297852
7.345000	0.854492	0.102539
7.350000	0.781250	0.502930
7.355000	0.449219	0.761719
7.360000	-0.063477	0.766602
7.365000	-0.551758	-0.107422
7.370000	-0.454102	-1.787109
7.375000	0.712891	-2.597656
7.380000	2.416992	-2.128906
7.385000	3.808594	-0.859375
7.390000	4.379883	0.566406
7.395000	4.008789	1.572266
7.400000	2.968750	1.909180
7.405000	1.708984	1.596680
7.410000	0.649414	0.908203
7.415000	0.034180	0.180664
7.420000	-0.087891	-0.439453
7.425000	0.185547	-0.668945
7.430000	0.620117	-0.468750
7.435000	0.922852	-0.004883
7.440000	0.927734	0.483398
7.445000	0.600586	0.810547
7.450000	0.058594	0.888672
7.455000	-0.522461	0.166016
7.460000	-0.600586	-1.625977
7.465000	0.473633	-2.802734
7.470000	2.309570	-2.534180
7.475000	3.974609	-1.274414
7.480000	4.819336	0.292969
7.485000	4.624023	1.518555
7.490000	3.627930	2.031250
7.495000	2.285156	1.816406
7.500000	1.079102	1.123047
7.505000	0.332031	0.312500
7.510000	0.107422	-0.288086
7.515000	0.288086	-0.498047
7.520000	0.615234	-0.346680
7.525000	0.834961	0.029297
7.530000	0.810547	0.444336
7.535000	0.517578	0.732422
7.540000	0.024414	0.800781
7.545000	-0.488281	0.117188
7.550000	-0.541992	-1.533203
7.555000	0.463867	-2.558594
7.560000	2.143555	-2.270508
7.565000	3.637695	-1.093750
7.570000	4.355469	0.351562
7.575000	4.125977	1.455078
7.580000	3.173828	1.904297
7.585000	1.914062	1.684570
7.590000	0.795898	1.035156
7.595000	0.102539	0.292969
7.600000	-0.097656	-0.356445
7.605000	0.122070	-0.664062
7.610000	0.556641	-0.522461
7.615000	0.893555	-0.087891
7.620000	0.947266	0.415039
7.625000	0.673828	0.776367
7.630000	0.156250	0.903320
7.635000	-0.439453	0.371094
7.640000	-0.644531	-1.318359
7.645000	0.224609	-2.714844
7.650000	1.997070	-2.666016
7.655000	3.750000	-1.518555
7.660000	4.750977	0.043945
7.665000	4.721680	1.362305
7.670000	3.818359	2.006836
7.675000	2.504883	1.889648
7.680000	1.250000	1.250000
7.685000	0.415039	0.439453
7.690000	0.107422	-0.209961
7.695000	0.239258	-0.498047
7.700000	0.561523	-0.395508
7.705000	0.815430	-0.039062
7.710000	0.839844	0.380859
7.715000	0.581055	0.698242
7.720000	0.112305	0.810547
7.725000	-0.419922	0.312500
7.730000	-0.595703	-1.250000
7.735000	0.234375	-2.485352
7.740000	1.860352	-2.402344
7.745000	3.437500	-1.318359
7.750000	4.306641	0.122070
7.755000	4.223633	1.313477
7.760000	3.364258	1.879883
7.765000	2.119141	1.757812
7.770000	0.957031	1.157227
7.775000	0.180664	0.405273
7.780000	-0.092773	-0.263672
7.785000	0.068359	-0.644531
7.790000	0.483398	-0.571289
7.795000	0.854492	-0.166016
7.800000	0.961914	0.332031
7.805000	0.737305	0.727539
7.810000	0.253906	0.903320
7.815000	-0.341797	0.546875
7.820000	-0.668945	-1.000977
7.825000	-0.004883	-2.583008
7.830000	1.684570	-2.763672
7.835000	3.500977	-1.752930
7.840000	4.658203	-0.209961
7.845000	4.794922	1.186523
7.850000	4.013672	1.953125
7.855000	2.729492	1.953125
7.860000	1.430664	1.381836
7.865000	0.512695	0.571289
7.870000	0.131836	-0.126953
7.875000	0.200195	-0.478516
7.880000	0.507812	-0.434570
7.885000	0.786133	-0.107422
7.890000	0.854492	0.312500
7.895000	0.639648	0.654297
7.900000	0.200195	0.810547
7.905000	-0.336914	0.473633
7.910000	-0.620117	-0.957031
7.915000	0.019531	-2.373047
7.920000	1.567383	-2.500000
7.925000	3.208008	-1.538086
7.930000	4.223633	-0.112305
7.935000	4.301758	1.152344
7.940000	3.544922	1.835938
7.945000	2.333984	1.821289
7.950000	1.127930	1.274414
7.955000	0.278320	0.527344
7.960000	-0.087891	-0.161133
7.965000	0.014648	-0.615234
7.970000	0.410156	-0.615234
7.975000	0.805664	-0.249023
7.980000	0.966797	0.253906
7.985000	0.795898	0.678711
7.990000	0.341797	0.888672
7.995000	-0.253906	0.678711
8.000000	-0.668945	-0.678711
8.005000	-0.200195	-2.412109
8.010000	1.367188	-2.832031
8.015000	3.227539	-1.977539
8.020000	4.531250	-0.473633
8.025000	4.848633	0.991211
8.030000	4.194336	1.875000
8.035000	2.958984	2.001953
8.040000	1.630859	1.503906
8.045000	0.634766	0.703125
8.050000	0.151367	-0.029297
8.055000	0.166016	-0.444336
8.060000	0.454102	-0.463867
8.065000	0.751953	-0.170898
8.070000	0.859375	0.249023
8.075000	0.693359	0.610352
8.080000	0.288086	0.805664
8.085000	-0.249023	0.605469
8.090000	-0.620117	-0.659180
8.095000	-0.166016	-2.221680
8.100000	1.279297	-2.563477
8.105000	2.963867	-1.752930
8.110000	4.116211	-0.356445
8.115000	4.350586	0.976562
8.120000	3.710938	1.772461
8.125000	2.539062	1.865234
8.130000	1.303711	1.386719
8.135000	0.385742	0.649414
8.140000	-0.058594	-0.048828
8.145000	-0.029297	-0.566406
8.150000	0.336914	-0.634766
8.155000	0.756836	-0.327148
8.160000	0.961914	0.170898
8.165000	0.849609	0.620117
8.170000	0.434570	0.874023
8.175000	-0.146484	0.776367
8.180000	-0.634766	-0.375977
8.185000	-0.371094	-2.197266
8.190000	1.064453	-2.861328
8.195000	2.939453	-2.187500
8.200000	4.375000	-0.737305
8.205000	4.868164	0.776367
8.210000	4.355469	1.787109
8.215000	3.178711	2.031250
8.220000	1.835938	1.616211
8.225000	0.761719	0.839844
8.230000	0.200195	0.068359
8.235000	0.136719	-0.405273
8.240000	0.390625	-0.483398
8.245000	0.708008	-0.234375
8.250000	0.859375	0.175781
8.255000	0.742188	0.561523
8.260000	0.366211	0.786133
8.265000	-0.156250	0.693359
8.270000	-0.600586	-0.380859
8.275000	-0.322266	-2.031250
8.280000	1.005859	-2.597656
8.285000	2.705078	-1.938477
8.290000	3.984375	-0.605469
8.295000	4.379883	0.786133
8.300000	3.862305	1.689453
8.305000	2.749023	1.894531
8.310000	1.499023	1.494141
8.315000	0.502930	0.776367
8.320000	-0.019531	0.058594
8.325000	-0.063477	-0.517578
8.330000	0.263672	-0.659180
8.335000	0.693359	-0.395508
8.340000	0.952148	0.083008
8.345000	0.888672	0.556641
8.350000	0.517578	0.849609
8.355000	-0.043945	0.844727
8.360000	-0.590820	-0.092773
8.365000	-0.498047	-1.938477
8.370000	0.766602	-2.856445
8.375000	2.641602	-2.373047
8.380000	4.199219	-1.000977
8.385000	4.858398	0.551758
8.390000	4.497070	1.669922
8.395000	3.403320	2.045898
8.400000	2.050781	1.718750
8.405000	0.908203	0.976562
8.410000	0.253906	0.185547
8.415000	0.122070	-0.351562
8.420000	0.341797	-0.498047
8.425000	0.664062	-0.292969
8.430000	0.849609	0.107422
8.435000	0.776367	0.507812
8.440000	0.444336	0.761719
8.445000	-0.068359	0.761719
8.450000	-0.556641	-0.122070
8.455000	-0.444336	-1.801758
8.460000	0.732422	-2.597656
8.465000	2.436523	-2.119141
8.470000	3.823242	-0.839844
8.475000	4.379883	0.576172
8.480000	3.999023	1.582031
8.485000	2.954102	1.904297
8.490000	1.694336	1.591797
8.495000	0.639648	0.903320
8.500000	0.029297	0.170898
8.505000	-0.087891	-0.439453
8.510000	0.195312	-0.668945
8.515000	0.625000	-0.463867
8.520000	0.927734	0.000000
8.525000	0.927734	0.488281
8.530000	0.600586	0.815430
8.535000	0.048828	0.888672
8.540000	-0.522461	0.151367
8.545000	-0.595703	-1.650391
8.550000	0.493164	-2.807617
8.555000	2.329102	-2.529297
8.560000	3.989258	-1.259766
8.565000	4.824219	0.307617
8.570000	4.619141	1.528320
8.575000	3.618164	2.036133
8.580000	2.270508	1.816406
8.585000	1.074219	1.113281
8.590000	0.322266	0.302734
8.595000	0.107422	-0.288086
8.600000	0.292969	-0.502930
8.605000	0.610352	-0.346680
8.610000	0.839844	0.034180
8.615000	0.810547	0.449219
8.620000	0.507812	0.732422
8.625000	0.019531	0.795898
8.630000	-0.493164	0.102539
8.635000	-0.537109	-1.542969
8.640000	0.478516	-2.568359
8.645000	2.158203	-2.270508
8.650000	3.652344	-1.083984
8.655000	4.355469	0.361328
8.660000	4.121094	1.459961
8.665000	3.159180	1.904297
8.670000	1.899414	1.679688
8.675000	0.791016	1.025391
8.680000	0.102539	0.288086
8.685000	-0.097656	-0.356445
8.690000	0.126953	-0.664062
8.695000	0.561523	-0.522461
8.700000	0.893555	-0.087891
8.705000	0.942383	0.415039
8.710000	0.664062	0.776367
8.715000	0.146484	0.903320
8.720000	-0.444336	0.361328
8.725000	-0.644531	-1.333008
8.730000	0.234375	-2.719727
8.735000	2.016602	-2.661133
8.740000	3.759766	-1.503906
8.745000	4.755859	0.058594
8.750000	4.716797	1.372070
8.755000	3.813477	2.006836
8.760000	2.490234	1.889648
8.765000	1.240234	1.245117
8.770000	0.410156	0.429688
8.775000	0.107422	-0.209961
8.780000	0.244141	-0.498047
8.785000	0.566406	-0.395508
8.790000	0.815430	-0.034180
8.795000	0.839844	0.380859
8.800000	0.576172	0.698242
8.805000	0.107422	0.810547
8.810000	-0.419922	0.297852
8.815000	-0.595703	-1.264648
8.820000	0.244141	-2.490234
8.825000	1.875000	-2.392578
8.830000	3.447266	-1.303711
8.835000	4.306641	0.136719
8.840000	4.218750	1.323242
8.845000	3.349609	1.879883
8.850000	2.104492	1.752930
8.855000	0.942383	1.152344
8.860000	0.170898	0.395508
8.865000	-0.097656	-0.268555
8.870000	0.068359	-0.644531
8.875000	0.493164	-0.566406
8.880000	0.854492	-0.161133
8.885000	0.957031	0.341797
8.890000	0.737305	0.732422
8.895000	0.249023	0.903320
8.900000	-0.356445	0.537109
8.905000	-0.668945	-1.020508
8.910000	0.009766	-2.592773
8.915000	1.704102	-2.763672
8.920000	3.520508	-1.738281
8.925000	4.663086	-0.190430
8.930000	4.794922	1.201172
8.935000	4.003906	1.953125
8.940000	2.714844	1.953125
8.945000	1.420898	1.367188
8.950000	0.507812	0.556641
8.955000	0.126953	-0.131836
8.960000	0.205078	-0.478516
8.965000	0.507812	-0.434570
8.970000	0.786133	-0.102539
8.975000	0.849609	0.322266
8.980000	0.634766	0.659180
8.985000	0.195312	0.810547
8.990000	-0.341797	0.463867
8.995000	-0.620117	-0.976562
9.000000	0.029297	-2.382812
9.005000	1.586914	-2.495117
9.010000	3.222656	-1.528320
9.015000	4.228516	-0.097656
9.020000	4.291992	1.166992
9.025000	3.530273	1.840820
9.030000	2.314453	1.816406
9.035000	1.118164	1.264648
9.040000	0.268555	0.517578
9.045000	-0.087891	-0.166016
9.050000	0.014648	-0.620117
9.055000	0.415039	-0.610352
9.060000	0.805664	-0.244141
9.065000	0.966797	0.258789
9.070000	0.791016	0.683594
9.075000	0.336914	0.893555
9.080000	-0.253906	0.673828
9.085000	-0.668945	-0.703125
9.090000	-0.185547	-2.426758
9.095000	1.391602	-2.822266
9.100000	3.247070	-1.962891
9.105000	4.541016	-0.454102
9.110000	4.843750	1.000977
9.115000	4.179688	1.879883
9.120000	2.939453	2.001953
9.125000	1.611328	1.494141
9.130000	0.620117	0.693359
9.135000	0.151367	-0.034180
9.140000	0.170898	-0.449219
9.145000	0.458984	-0.463867
9.150000	0.751953	-0.170898
9.155000	0.859375	0.258789
9.160000	0.688477	0.615234
9.165000	0.278320	0.800781
9.170000	-0.253906	0.595703
9.175000	-0.620117	-0.683594
9.180000	-0.151367	-2.236328
9.185000	1.303711	-2.558594
9.190000	2.988281	-1.733398
9.195000	4.125977	-0.336914
9.200000	4.350586	0.991211
9.205000	3.701172	1.782227
9.210000	2.519531	1.865234
9.215000	1.289062	1.376953
9.220000	0.375977	0.639648
9.225000	-0.058594	-0.058594
9.230000	-0.024414	-0.576172
9.235000	0.341797	-0.629883
9.240000	0.756836	-0.322266
9.245000	0.961914	0.175781
9.250000	0.839844	0.625000
9.255000	0.424805	0.878906
9.260000	-0.156250	0.771484
9.265000	-0.639648	-0.400391
9.270000	-0.356445	-2.221680
9.275000	1.093750	-2.861328
9.280000	2.963867	-2.167969
9.285000	4.389648	-0.717773
9.290000	4.863281	0.795898
9.295000	4.340820	1.791992
9.300000	3.159180	2.031250
9.305000	1.816406	1.601562
9.310000	0.751953	0.830078
9.315000	0.195312	0.063477
9.320000	0.141602	-0.405273
9.325000	0.400391	-0.483398
9.330000	0.712891	-0.229492
9.335000	0.859375	0.185547
9.340000	0.737305	0.571289
9.345000	0.356445	0.786133
9.350000	-0.166016	0.688477
9.355000	-0.605469	-0.410156
9.360000	-0.307617	-2.055664
9.365000	1.035156	-2.597656
9.370000	2.734375	-1.923828
9.375000	3.999023	-0.576172
9.380000	4.379883	0.805664
9.385000	3.847656	1.699219
9.390000	2.729492	1.894531
9.395000	1.474609	1.484375
9.400000	0.493164	0.766602
9.405000	-0.024414	0.048828
9.410000	-0.058594	-0.517578
9.415000	0.273438	-0.659180
9.420000	0.698242	-0.390625
9.425000	0.952148	0.092773
9.430000	0.888672	0.561523
9.435000	0.512695	0.849609
9.440000	-0.058594	0.844727
9.445000	-0.600586	-0.122070
9.450000	-0.488281	-1.967773
9.455000	0.800781	-2.856445
9.460000	2.670898	-2.353516
9.465000	4.213867	-0.976562
9.470000	4.858398	0.576172
9.475000	4.482422	1.679688
9.480000	3.378906	2.045898
9.485000	2.031250	1.708984
9.490000	0.893555	0.961914
9.495000	0.249023	0.170898
9.500000	0.122070	-0.356445
9.505000	0.346680	-0.498047
9.510000	0.668945	-0.288086
9.515000	0.854492	0.112305
9.520000	0.776367	0.512695
9.525000	0.434570	0.766602
9.530000	-0.078125	0.751953
9.535000	-0.561523	-0.146484
9.540000	-0.434570	-1.831055
9.545000	0.761719	-2.602539
9.550000	2.460938	-2.099609
9.555000	3.837891	-0.820312
9.560000	4.379883	0.600586
9.565000	3.984375	1.596680
9.570000	2.939453	1.904297
9.575000	1.674805	1.582031
9.580000	0.625000	0.888672
9.585000	0.024414	0.161133
9.590000	-0.087891	-0.449219
9.595000	0.200195	-0.668945
9.600000	0.629883	-0.454102
9.605000	0.927734	0.009766
9.610000	0.927734	0.493164
9.615000	0.590820	0.820312
9.620000	0.039062	0.888672
9.625000	-0.532227	0.126953
9.630000	-0.585938	-1.679688
9.635000	0.527344	-2.812500
9.640000	2.368164	-2.514648
9.645000	4.013672	-1.230469
9.650000	4.829102	0.332031
9.655000	4.604492	1.542969
9.660000	3.593750	2.036133
9.665000	2.246094	1.801758
9.670000	1.054688	1.093750
9.675000	0.317383	0.292969
9.680000	0.107422	-0.297852
9.685000	0.297852	-0.502930
9.690000	0.620117	-0.336914
9.695000	0.844727	0.039062
9.700000	0.805664	0.454102
9.705000	0.507812	0.737305
9.710000	0.009766	0.791016
9.715000	-0.502930	0.078125
9.720000	-0.527344	-1.577148
9.725000	0.507812	-2.573242
9.730000	2.187500	-2.250977
9.735000	3.671875	-1.054688
9.740000	4.360352	0.385742
9.745000	4.106445	1.479492
9.750000	3.134766	1.904297
9.755000	1.875000	1.669922
9.760000	0.771484	1.015625
9.765000	0.087891	0.273438
9.770000	-0.097656	-0.371094
9.775000	0.136719	-0.664062
9.780000	0.566406	-0.512695
9.785000	0.903320	-0.073242
9.790000	0.942383	0.419922
9.795000	0.659180	0.781250
9.800000	0.136719	0.903320
9.805000	-0.454102	0.336914
9.810000	-0.639648	-1.372070
9.815000	0.268555	-2.734375
9.820000	2.050781	-2.646484
9.825000	3.784180	-1.474609
9.830000	4.765625	0.092773
9.835000	4.707031	1.391602
9.840000	3.784180	2.011719
9.845000	2.465820	1.879883
9.850000	1.220703	1.230469
9.855000	0.400391	0.415039
9.860000	0.107422	-0.224609
9.865000	0.249023	-0.498047
9.870000	0.571289	-0.385742
9.875000	0.815430	-0.024414
9.880000	0.830078	0.390625
9.885000	0.571289	0.703125
9.890000	0.097656	0.810547
9.895000	-0.434570	0.278320
9.900000	-0.590820	-1.298828
9.905000	0.273438	-2.500000
9.910000	1.909180	-2.377930
9.915000	3.471680	-1.274414
9.920000	4.311523	0.166016
9.925000	4.204102	1.337891
9.930000	3.325195	1.884766
9.935000	2.080078	1.743164
9.940000	0.922852	1.137695
9.945000	0.161133	0.385742
9.950000	-0.102539	-0.278320
9.955000	0.073242	-0.649414
9.960000	0.498047	-0.561523
9.965000	0.864258	-0.151367
9.970000	0.961914	0.346680
9.975000	0.727539	0.742188
9.980000	0.234375	0.903320
9.985000	-0.361328	0.517578
9.990000	-0.668945	-1.059570
9.995000	0.034180	-2.612305
10.000000	1.743164	-2.749023
