# Time_s	x	xdot
0.000000	0.859375	0.322266
0.005000	0.644531	0.664062
0.010000	0.195312	0.815430
0.015000	-0.346680	0.463867
0.020000	-0.620117	-0.991211
0.025000	0.039062	-2.402344
0.030000	1.606445	-2.504883
0.035000	3.251953	-1.533203
0.040000	4.262695	-0.097656
0.045000	4.326172	1.181641
0.050000	3.554688	1.855469
0.055000	2.329102	1.826172
0.060000	1.123047	1.274414
0.065000	0.273438	0.517578
0.070000	-0.083008	-0.166016
0.075000	0.019531	-0.615234
0.080000	0.415039	-0.600586
0.085000	0.805664	-0.229492
0.090000	0.957031	0.268555
0.095000	0.771484	0.688477
0.100000	0.317383	0.888672
0.105000	-0.278320	0.644531
0.110000	-0.668945	-0.766602
0.115000	-0.151367	-2.460938
0.120000	1.450195	-2.812500
0.125000	3.305664	-1.914062
0.130000	4.565430	-0.395508
0.135000	4.829102	1.049805
0.140000	4.140625	1.904297
0.145000	2.880859	1.997070
0.150000	1.567383	1.464844
0.155000	0.585938	0.664062
0.160000	0.136719	-0.058594
0.165000	0.166016	-0.458984
0.170000	0.458984	-0.463867
0.175000	0.756836	-0.156250
0.180000	0.854492	0.268555
0.185000	0.678711	0.625000
0.190000	0.258789	0.810547
0.195000	-0.283203	0.566406
0.200000	-0.625000	-0.766602
0.205000	-0.107422	-2.294922
0.210000	1.386719	-2.563477
0.215000	3.076172	-1.694336
0.220000	4.189453	-0.278320
0.225000	4.370117	1.049805
0.230000	3.686523	1.811523
0.235000	2.490234	1.865234
0.240000	1.254883	1.357422
0.245000	0.346680	0.610352
0.250000	-0.063477	-0.087891
0.255000	-0.009766	-0.581055
0.260000	0.361328	-0.620117
0.265000	0.766602	-0.288086
0.270000	0.952148	0.209961
0.275000	0.805664	0.644531
0.280000	0.375977	0.878906
0.285000	-0.205078	0.727539
0.290000	-0.659180	-0.541992
0.295000	-0.283203	-2.319336
0.300000	1.230469	-2.846680
0.305000	3.095703	-2.075195
0.310000	4.458008	-0.595703
0.315000	4.853516	0.898438
0.320000	4.262695	1.840820
0.325000	3.046875	2.026367
0.330000	1.708984	1.557617
0.335000	0.678711	0.761719
0.340000	0.161133	0.009766
0.345000	0.141602	-0.434570
0.350000	0.419922	-0.478516
0.355000	0.727539	-0.209961
0.360000	0.859375	0.219727
0.365000	0.712891	0.595703
0.370000	0.312500	0.800781
0.375000	-0.214844	0.644531
0.380000	-0.620117	-0.556641
0.385000	-0.234375	-2.167969
0.390000	1.191406	-2.602539
0.395000	2.885742	-1.840820
0.400000	4.101562	-0.454102
0.405000	4.399414	0.908203
0.410000	3.798828	1.752930
0.415000	2.646484	1.894531
0.420000	1.391602	1.440430
0.425000	0.429688	0.698242
0.430000	-0.039062	-0.014648
0.435000	-0.039062	-0.546875
0.440000	0.307617	-0.634766
0.445000	0.727539	-0.336914
0.450000	0.947266	0.146484
0.455000	0.844727	0.605469
0.460000	0.444336	0.859375
0.465000	-0.131836	0.791016
0.470000	-0.629883	-0.322266
0.475000	-0.395508	-2.148438
0.480000	1.005859	-2.856445
0.485000	2.885742	-2.216797
0.490000	4.345703	-0.786133
0.495000	4.858398	0.737305
0.500000	4.375000	1.767578
0.505000	3.208008	2.041016
0.510000	1.860352	1.635742
0.515000	0.776367	0.864258
0.520000	0.195312	0.087891
0.525000	0.122070	-0.400391
0.530000	0.375977	-0.498047
0.535000	0.698242	-0.249023
0.540000	0.859375	0.166016
0.545000	0.747070	0.556641
0.550000	0.375977	0.786133
0.555000	-0.151367	0.708008
0.560000	-0.595703	-0.356445
0.565000	-0.336914	-2.021484
0.570000	0.981445	-2.622070
0.575000	2.690430	-1.977539
0.580000	3.994141	-0.634766
0.585000	4.414062	0.766602
0.590000	3.911133	1.689453
0.595000	2.797852	1.914062
0.600000	1.533203	1.513672
0.605000	0.527344	0.795898
0.610000	-0.009766	0.073242
0.615000	-0.063477	-0.502930
0.620000	0.258789	-0.649414
0.625000	0.678711	-0.390625
0.630000	0.932617	0.083008
0.635000	0.874023	0.556641
0.640000	0.502930	0.849609
0.645000	-0.058594	0.839844
0.650000	-0.595703	-0.117188
0.655000	-0.488281	-1.962891
0.660000	0.800781	-2.856445
0.665000	2.661133	-2.353516
0.670000	4.208984	-0.971680
0.675000	4.853516	0.576172
0.680000	4.482422	1.679688
0.685000	3.374023	2.045898
0.690000	2.016602	1.713867
0.695000	0.883789	0.961914
0.700000	0.234375	0.170898
0.705000	0.102539	-0.361328
0.710000	0.336914	-0.502930
0.715000	0.664062	-0.292969
0.720000	0.849609	0.112305
0.725000	0.771484	0.517578
0.730000	0.424805	0.766602
0.735000	-0.083008	0.756836
0.740000	-0.566406	-0.166016
0.745000	-0.429688	-1.860352
0.750000	0.786133	-2.622070
0.755000	2.500000	-2.104492
0.760000	3.881836	-0.810547
0.765000	4.418945	0.615234
0.770000	4.008789	1.616211
0.775000	2.944336	1.923828
0.780000	1.674805	1.586914
0.785000	0.625000	0.888672
0.790000	0.024414	0.151367
0.795000	-0.078125	-0.454102
0.800000	0.209961	-0.654297
0.805000	0.634766	-0.434570
0.810000	0.922852	0.024414
0.815000	0.893555	0.507812
0.820000	0.561523	0.825195
0.825000	0.009766	0.869141
0.830000	-0.556641	0.058594
0.835000	-0.556641	-1.762695
0.840000	0.600586	-2.827148
0.845000	2.451172	-2.470703
0.850000	4.062500	-1.162109
0.855000	4.829102	0.400391
0.860000	4.570312	1.586914
0.865000	3.525391	2.041016
0.870000	2.172852	1.777344
0.875000	0.996094	1.059570
0.880000	0.283203	0.253906
0.885000	0.102539	-0.322266
0.890000	0.297852	-0.507812
0.895000	0.629883	-0.327148
0.900000	0.839844	0.058594
0.905000	0.795898	0.468750
0.910000	0.478516	0.747070
0.915000	-0.019531	0.786133
0.920000	-0.527344	0.000000
0.925000	-0.502930	-1.684570
0.930000	0.600586	-2.602539
0.935000	2.304688	-2.211914
0.940000	3.759766	-0.981445
0.945000	4.404297	0.463867
0.950000	4.101562	1.533203
0.955000	3.090820	1.923828
0.960000	1.826172	1.650391
0.965000	0.727539	0.976562
0.970000	0.068359	0.229492
0.975000	-0.092773	-0.395508
0.980000	0.161133	-0.654297
0.985000	0.585938	-0.478516
0.990000	0.898438	-0.034180
0.995000	0.922852	0.454102
1.000000	0.615234	0.795898
1.005000	0.083008	0.888672
1.010000	-0.502930	0.224609
1.015000	-0.615234	-1.542969
1.020000	0.405273	-2.783203
1.025000	2.221680	-2.573242
1.030000	3.911133	-1.337891
1.035000	4.799805	0.229492
1.040000	4.653320	1.479492
1.045000	3.676758	2.031250
1.050000	2.333984	1.840820
1.055000	1.118164	1.157227
1.060000	0.336914	0.341797
1.065000	0.102539	-0.268555
1.070000	0.268555	-0.507812
1.075000	0.595703	-0.366211
1.080000	0.830078	0.009766
1.085000	0.815430	0.424805
1.090000	0.532227	0.727539
1.095000	0.043945	0.805664
1.100000	-0.478516	0.161133
1.105000	-0.556641	-1.484375
1.110000	0.419922	-2.563477
1.115000	2.094727	-2.319336
1.120000	3.623047	-1.157227
1.125000	4.379883	0.297852
1.130000	4.184570	1.435547
1.135000	3.237305	1.914062
1.140000	1.972656	1.713867
1.145000	0.839844	1.069336
1.150000	0.122070	0.312500
1.155000	-0.092773	-0.332031
1.160000	0.112305	-0.649414
1.165000	0.537109	-0.517578
1.170000	0.878906	-0.092773
1.175000	0.927734	0.400391
1.180000	0.664062	0.766602
1.185000	0.151367	0.898438
1.190000	-0.434570	0.371094
1.195000	-0.644531	-1.308594
1.200000	0.219727	-2.709961
1.205000	1.992188	-2.666016
1.210000	3.745117	-1.518555
1.215000	4.746094	0.043945
1.220000	4.716797	1.362305
1.225000	3.818359	2.006836
1.230000	2.495117	1.899414
1.235000	1.240234	1.254883
1.240000	0.400391	0.439453
1.245000	0.102539	-0.214844
1.250000	0.229492	-0.498047
1.255000	0.551758	-0.395508
1.260000	0.810547	-0.039062
1.265000	0.834961	0.380859
1.270000	0.576172	0.703125
1.275000	0.107422	0.815430
1.280000	-0.429688	0.302734
1.285000	-0.595703	-1.269531
1.290000	0.249023	-2.509766
1.295000	1.884766	-2.412109
1.300000	3.471680	-1.313477
1.305000	4.340820	0.136719
1.310000	4.252930	1.333008
1.315000	3.374023	1.899414
1.320000	2.124023	1.762695
1.325000	0.952148	1.157227
1.330000	0.180664	0.400391
1.335000	-0.087891	-0.268555
1.340000	0.073242	-0.634766
1.345000	0.488281	-0.551758
1.350000	0.849609	-0.151367
1.355000	0.942383	0.346680
1.360000	0.708008	0.732422
1.365000	0.219727	0.898438
1.370000	-0.371094	0.498047
1.375000	-0.668945	-1.088867
1.380000	0.058594	-2.622070
1.385000	1.767578	-2.739258
1.390000	3.569336	-1.689453
1.395000	4.677734	-0.136719
1.400000	4.770508	1.240234
1.405000	3.950195	1.967773
1.410000	2.651367	1.943359
1.415000	1.367188	1.347656
1.420000	0.473633	0.532227
1.425000	0.107422	-0.156250
1.430000	0.200195	-0.483398
1.435000	0.517578	-0.424805
1.440000	0.786133	-0.092773
1.445000	0.844727	0.332031
1.450000	0.615234	0.673828
1.455000	0.170898	0.820312
1.460000	-0.371094	0.419922
1.465000	-0.620117	-1.069336
1.470000	0.092773	-2.436523
1.475000	1.684570	-2.485352
1.480000	3.315430	-1.474609
1.485000	4.287109	-0.029297
1.490000	4.306641	1.225586
1.495000	3.505859	1.865234
1.500000	2.275391	1.816406
1.505000	1.074219	1.240234
1.510000	0.244141	0.483398
1.515000	-0.087891	-0.195312
1.520000	0.039062	-0.625000
1.525000	0.439453	-0.585938
1.530000	0.815430	-0.209961
1.535000	0.947266	0.292969
1.540000	0.756836	0.698242
1.545000	0.288086	0.893555
1.550000	-0.307617	0.605469
1.555000	-0.668945	-0.854492
1.560000	-0.097656	-2.509766
1.565000	1.542969	-2.797852
1.570000	3.378906	-1.855469
1.575000	4.604492	-0.322266
1.580000	4.819336	1.103516
1.585000	4.086914	1.923828
1.590000	2.817383	1.982422
1.595000	1.503906	1.430664
1.600000	0.551758	0.625000
1.605000	0.126953	-0.087891
1.610000	0.175781	-0.468750
1.615000	0.473633	-0.454102
1.620000	0.766602	-0.136719
1.625000	0.849609	0.288086
1.630000	0.659180	0.639648
1.635000	0.229492	0.810547
1.640000	-0.312500	0.527344
1.645000	-0.629883	-0.854492
1.650000	-0.053711	-2.338867
1.655000	1.469727	-2.543945
1.660000	3.144531	-1.635742
1.665000	4.218750	-0.205078
1.670000	4.355469	1.098633
1.675000	3.637695	1.831055
1.680000	2.431641	1.855469
1.685000	1.206055	1.323242
1.690000	0.317383	0.571289
1.695000	-0.068359	-0.122070
1.700000	0.004883	-0.595703
1.705000	0.385742	-0.610352
1.710000	0.781250	-0.268555
1.715000	0.952148	0.234375
1.720000	0.795898	0.659180
1.725000	0.356445	0.883789
1.730000	-0.234375	0.698242
1.735000	-0.664062	-0.629883
1.740000	-0.229492	-2.377930
1.745000	1.313477	-2.836914
1.750000	3.178711	-2.011719
1.755000	4.501953	-0.517578
1.760000	4.843750	0.957031
1.765000	4.213867	1.870117
1.770000	2.983398	2.011719
1.775000	1.650391	1.523438
1.780000	0.639648	0.727539
1.785000	0.151367	-0.019531
1.790000	0.146484	-0.444336
1.795000	0.429688	-0.473633
1.800000	0.737305	-0.185547
1.805000	0.854492	0.234375
1.810000	0.698242	0.610352
1.815000	0.288086	0.805664
1.820000	-0.244141	0.615234
1.825000	-0.620117	-0.644531
1.830000	-0.180664	-2.221680
1.835000	1.264648	-2.583008
1.840000	2.963867	-1.782227
1.845000	4.135742	-0.380859
1.850000	4.389648	0.966797
1.855000	3.750000	1.777344
1.860000	2.578125	1.884766
1.865000	1.333008	1.406250
1.870000	0.395508	0.664062
1.875000	-0.048828	-0.043945
1.880000	-0.029297	-0.556641
1.885000	0.332031	-0.634766
1.890000	0.742188	-0.317383
1.895000	0.947266	0.170898
1.900000	0.830078	0.615234
1.905000	0.415039	0.869141
1.910000	-0.161133	0.766602
1.915000	-0.639648	-0.410156
1.920000	-0.346680	-2.221680
1.925000	1.103516	-2.856445
1.930000	2.968750	-2.158203
1.935000	4.389648	-0.703125
1.940000	4.858398	0.810547
1.945000	4.331055	1.796875
1.950000	3.144531	2.031250
1.955000	1.796875	1.601562
1.960000	0.737305	0.820312
1.965000	0.180664	0.053711
1.970000	0.126953	-0.410156
1.975000	0.390625	-0.488281
1.980000	0.708008	-0.229492
1.985000	0.854492	0.180664
1.990000	0.732422	0.576172
1.995000	0.346680	0.791016
2.000000	-0.175781	0.678711
2.005000	-0.610352	-0.444336
2.010000	-0.292969	-2.089844
2.015000	1.074219	-2.612305
2.020000	2.778320	-1.918945
2.025000	4.042969	-0.551758
2.030000	4.409180	0.834961
2.035000	3.862305	1.718750
2.040000	2.729492	1.904297
2.045000	1.469727	1.484375
2.050000	0.488281	0.751953
2.055000	-0.019531	0.034180
2.060000	-0.048828	-0.517578
2.065000	0.283203	-0.639648
2.070000	0.698242	-0.366211
2.075000	0.937500	0.112305
2.080000	0.859375	0.576172
2.085000	0.473633	0.854492
2.090000	-0.092773	0.820312
2.095000	-0.615234	-0.205078
2.100000	-0.454102	-2.045898
2.105000	0.888672	-2.856445
2.110000	2.758789	-2.294922
2.115000	4.267578	-0.893555
2.120000	4.858398	0.644531
2.125000	4.433594	1.723633
2.130000	3.305664	2.045898
2.135000	1.948242	1.679688
2.140000	0.834961	0.922852
2.145000	0.219727	0.136719
2.150000	0.112305	-0.375977
2.155000	0.356445	-0.498047
2.160000	0.678711	-0.273438
2.165000	0.849609	0.136719
2.170000	0.761719	0.532227
2.175000	0.405273	0.776367
2.180000	-0.112305	0.737305
2.185000	-0.585938	-0.244141
2.190000	-0.395508	-1.933594
2.195000	0.874023	-2.622070
2.200000	2.583008	-2.050781
2.205000	3.930664	-0.737305
2.210000	4.418945	0.678711
2.215000	3.969727	1.650391
2.220000	2.885742	1.918945
2.225000	1.616211	1.557617
2.230000	0.581055	0.844727
2.235000	0.009766	0.112305
2.240000	-0.068359	-0.473633
2.245000	0.224609	-0.654297
2.250000	0.654297	-0.415039
2.255000	0.927734	0.048828
2.260000	0.888672	0.527344
2.265000	0.537109	0.830078
2.270000	-0.019531	0.859375
2.275000	-0.571289	-0.014648
2.280000	-0.532227	-1.850586
2.285000	0.678711	-2.841797
2.290000	2.534180	-2.421875
2.295000	4.125977	-1.083984
2.300000	4.848633	0.478516
2.305000	4.531250	1.630859
2.310000	3.461914	2.050781
2.315000	2.109375	1.752930
2.320000	0.947266	1.020508
2.325000	0.258789	0.219727
2.330000	0.107422	-0.336914
2.335000	0.312500	-0.507812
2.340000	0.644531	-0.317383
2.345000	0.849609	0.083008
2.350000	0.786133	0.488281
2.355000	0.458984	0.761719
2.360000	-0.043945	0.771484
2.365000	-0.546875	-0.063477
2.370000	-0.478516	-1.757812
2.375000	0.673828	-2.607422
2.380000	2.387695	-2.172852
2.385000	3.808594	-0.913086
2.390000	4.409180	0.527344
2.395000	4.062500	1.567383
2.400000	3.032227	1.923828
2.405000	1.762695	1.625977
2.410000	0.678711	0.937500
2.415000	0.053711	0.195312
2.420000	-0.087891	-0.419922
2.425000	0.180664	-0.654297
2.430000	0.610352	-0.463867
2.435000	0.908203	-0.004883
2.440000	0.908203	0.478516
2.445000	0.590820	0.805664
2.450000	0.053711	0.888672
2.455000	-0.522461	0.156250
2.460000	-0.595703	-1.635742
2.465000	0.488281	-2.802734
2.470000	2.319336	-2.529297
2.475000	3.974609	-1.264648
2.480000	4.814453	0.302734
2.485000	4.614258	1.523438
2.490000	3.613281	2.036133
2.495000	2.265625	1.816406
2.500000	1.064453	1.118164
2.505000	0.307617	0.307617
2.510000	0.102539	-0.288086
2.515000	0.283203	-0.507812
2.520000	0.610352	-0.351562
2.525000	0.834961	0.029297
2.530000	0.805664	0.449219
2.535000	0.507812	0.732422
2.540000	0.014648	0.800781
2.545000	-0.502930	0.097656
2.550000	-0.537109	-1.572266
2.555000	0.498047	-2.583008
2.560000	2.187500	-2.280273
2.565000	3.686523	-1.083984
2.570000	4.389648	0.371094
2.575000	4.145508	1.479492
2.580000	3.173828	1.918945
2.585000	1.909180	1.684570
2.590000	0.791016	1.025391
2.595000	0.097656	0.278320
2.600000	-0.087891	-0.361328
2.605000	0.136719	-0.654297
2.610000	0.561523	-0.502930
2.615000	0.883789	-0.068359
2.620000	0.927734	0.424805
2.625000	0.644531	0.776367
2.630000	0.117188	0.898438
2.635000	-0.463867	0.312500
2.640000	-0.634766	-1.411133
2.645000	0.297852	-2.744141
2.650000	2.094727	-2.626953
2.655000	3.813477	-1.440430
2.660000	4.770508	0.126953
2.665000	4.692383	1.411133
2.670000	3.754883	2.021484
2.675000	2.426758	1.870117
2.680000	1.186523	1.215820
2.685000	0.371094	0.400391
2.690000	0.097656	-0.239258
2.695000	0.244141	-0.502930
2.700000	0.571289	-0.385742
2.705000	0.815430	-0.019531
2.710000	0.830078	0.400391
2.715000	0.556641	0.712891
2.720000	0.078125	0.810547
2.725000	-0.449219	0.244141
2.730000	-0.581055	-1.362305
2.735000	0.322266	-2.534180
2.740000	1.977539	-2.373047
2.745000	3.540039	-1.250000
2.750000	4.355469	0.205078
2.755000	4.223633	1.376953
2.760000	3.320312	1.904297
2.765000	2.060547	1.743164
2.770000	0.903320	1.118164
2.775000	0.151367	0.361328
2.780000	-0.087891	-0.292969
2.785000	0.092773	-0.639648
2.790000	0.507812	-0.541992
2.795000	0.859375	-0.126953
2.800000	0.937500	0.366211
2.805000	0.688477	0.747070
2.810000	0.195312	0.898438
2.815000	-0.400391	0.444336
2.820000	-0.664062	-1.186523
2.825000	0.122070	-2.661133
2.830000	1.865234	-2.709961
2.835000	3.647461	-1.616211
2.840000	4.707031	-0.058594
2.845000	4.750977	1.289062
2.850000	3.896484	1.987305
2.855000	2.587891	1.928711
2.860000	1.313477	1.308594
2.865000	0.444336	0.488281
2.870000	0.107422	-0.180664
2.875000	0.214844	-0.493164
2.880000	0.532227	-0.415039
2.885000	0.800781	-0.068359
2.890000	0.844727	0.351562
2.895000	0.605469	0.683594
2.900000	0.146484	0.820312
2.905000	-0.390625	0.371094
2.910000	-0.610352	-1.152344
2.915000	0.156250	-2.470703
2.920000	1.767578	-2.456055
2.925000	3.383789	-1.411133
2.930000	4.311523	0.034180
2.935000	4.287109	1.264648
2.940000	3.452148	1.879883
2.945000	2.216797	1.796875
2.950000	1.025391	1.206055
2.955000	0.214844	0.449219
2.960000	-0.087891	-0.224609
2.965000	0.048828	-0.629883
2.970000	0.454102	-0.571289
2.975000	0.830078	-0.185547
2.980000	0.947266	0.312500
2.985000	0.737305	0.712891
2.990000	0.258789	0.893555
2.995000	-0.332031	0.561523
3.000000	-0.668945	-0.952148
3.005000	-0.029297	-2.558594
3.010000	1.635742	-2.773438
3.015000	3.457031	-1.787109
3.020000	4.633789	-0.244141
3.025000	4.799805	1.162109
3.030000	4.028320	1.948242
3.035000	2.749023	1.967773
3.040000	1.445312	1.396484
3.045000	0.517578	0.585938
3.050000	0.117188	-0.117188
3.055000	0.185547	-0.478516
3.060000	0.488281	-0.439453
3.065000	0.771484	-0.122070
3.070000	0.849609	0.302734
3.075000	0.639648	0.654297
3.080000	0.205078	0.815430
3.085000	-0.332031	0.483398
3.090000	-0.620117	-0.947266
3.095000	0.004883	-2.382812
3.100000	1.562500	-2.519531
3.105000	3.217773	-1.562500
3.110000	4.252930	-0.131836
3.115000	4.340820	1.152344
3.120000	3.579102	1.845703
3.125000	2.363281	1.835938
3.130000	1.147461	1.289062
3.135000	0.288086	0.537109
3.140000	-0.083008	-0.151367
3.145000	0.014648	-0.605469
3.150000	0.405273	-0.595703
3.155000	0.795898	-0.244141
3.160000	0.947266	0.258789
3.165000	0.776367	0.678711
3.170000	0.322266	0.888672
3.175000	-0.268555	0.659180
3.180000	-0.668945	-0.727539
3.185000	-0.170898	-2.441406
3.190000	1.416016	-2.817383
3.195000	3.266602	-1.943359
3.200000	4.545898	-0.429688
3.205000	4.833984	1.025391
3.210000	4.155273	1.894531
3.215000	2.910156	2.001953
3.220000	1.586914	1.479492
3.225000	0.600586	0.678711
3.230000	0.136719	-0.048828
3.235000	0.156250	-0.458984
3.240000	0.454102	-0.463867
3.245000	0.751953	-0.166016
3.250000	0.854492	0.258789
3.255000	0.683594	0.620117
3.260000	0.268555	0.810547
3.265000	-0.273438	0.576172
3.270000	-0.625000	-0.737305
3.275000	-0.122070	-2.280273
3.280000	1.357422	-2.568359
3.285000	3.046875	-1.713867
3.290000	4.169922	-0.302734
3.295000	4.375000	1.025391
3.300000	3.706055	1.796875
3.305000	2.509766	1.870117
3.310000	1.269531	1.372070
3.315000	0.361328	0.625000
3.320000	-0.058594	-0.078125
3.325000	-0.014648	-0.576172
3.330000	0.351562	-0.625000
3.335000	0.756836	-0.292969
3.340000	0.947266	0.195312
3.345000	0.815430	0.639648
3.350000	0.385742	0.878906
3.355000	-0.195312	0.737305
3.360000	-0.654297	-0.507812
3.365000	-0.302734	-2.294922
3.370000	1.201172	-2.851562
3.375000	3.066406	-2.094727
3.380000	4.443359	-0.620117
3.385000	4.858398	0.878906
3.390000	4.277344	1.831055
3.395000	3.071289	2.026367
3.400000	1.733398	1.567383
3.405000	0.688477	0.776367
3.410000	0.166016	0.019531
3.415000	0.136719	-0.429688
3.420000	0.415039	-0.478516
3.425000	0.722656	-0.214844
3.430000	0.859375	0.209961
3.435000	0.717773	0.590820
3.440000	0.322266	0.800781
3.445000	-0.209961	0.654297
3.450000	-0.615234	-0.527344
3.455000	-0.249023	-2.148438
3.460000	1.157227	-2.602539
3.465000	2.861328	-1.860352
3.470000	4.082031	-0.478516
3.475000	4.404297	0.893555
3.480000	3.813477	1.748047
3.485000	2.661133	1.894531
3.490000	1.406250	1.450195
3.495000	0.449219	0.712891
3.500000	-0.034180	0.000000
3.505000	-0.043945	-0.537109
3.510000	0.302734	-0.634766
3.515000	0.717773	-0.346680
3.520000	0.942383	0.136719
3.525000	0.849609	0.595703
3.530000	0.454102	0.859375
3.535000	-0.122070	0.795898
3.540000	-0.625000	-0.292969
3.545000	-0.405273	-2.128906
3.550000	0.981445	-2.856445
3.555000	2.851562	-2.236328
3.560000	4.326172	-0.810547
3.565000	4.858398	0.712891
3.570000	4.389648	1.752930
3.575000	3.232422	2.041016
3.580000	1.884766	1.645508
3.585000	0.791016	0.878906
3.590000	0.200195	0.102539
3.595000	0.122070	-0.395508
3.600000	0.371094	-0.493164
3.605000	0.688477	-0.253906
3.610000	0.854492	0.156250
3.615000	0.747070	0.546875
3.620000	0.380859	0.781250
3.625000	-0.141602	0.717773
3.630000	-0.595703	-0.332031
3.635000	-0.351562	-2.001953
3.640000	0.957031	-2.622070
3.645000	2.666016	-1.997070
3.650000	3.984375	-0.654297
3.655000	4.418945	0.747070
3.660000	3.925781	1.679688
3.665000	2.817383	1.914062
3.670000	1.547852	1.523438
3.675000	0.537109	0.805664
3.680000	-0.004883	0.083008
3.685000	-0.063477	-0.493164
3.690000	0.253906	-0.649414
3.695000	0.673828	-0.395508
3.700000	0.927734	0.078125
3.705000	0.878906	0.541992
3.710000	0.507812	0.844727
3.715000	-0.048828	0.844727
3.720000	-0.590820	-0.097656
3.725000	-0.498047	-1.943359
3.730000	0.771484	-2.851562
3.735000	2.631836	-2.368164
3.740000	4.194336	-1.000977
3.745000	4.853516	0.551758
3.750000	4.487305	1.669922
3.755000	3.388672	2.050781
3.760000	2.036133	1.718750
3.765000	0.898438	0.976562
3.770000	0.239258	0.180664
3.775000	0.107422	-0.356445
3.780000	0.336914	-0.502930
3.785000	0.659180	-0.297852
3.790000	0.844727	0.102539
3.795000	0.771484	0.512695
3.800000	0.434570	0.771484
3.805000	-0.078125	0.756836
3.810000	-0.561523	-0.146484
3.815000	-0.439453	-1.840820
3.820000	0.766602	-2.622070
3.825000	2.475586	-2.119141
3.830000	3.867188	-0.830078
3.835000	4.414062	0.600586
3.840000	4.023438	1.606445
3.845000	2.963867	1.923828
3.850000	1.694336	1.591797
3.855000	0.634766	0.898438
3.860000	0.029297	0.161133
3.865000	-0.078125	-0.449219
3.870000	0.205078	-0.654297
3.875000	0.625000	-0.444336
3.880000	0.917969	0.019531
3.885000	0.903320	0.498047
3.890000	0.566406	0.815430
3.895000	0.019531	0.874023
3.900000	-0.546875	0.083008
3.905000	-0.566406	-1.733398
3.910000	0.571289	-2.822266
3.915000	2.421875	-2.485352
3.920000	4.047852	-1.186523
3.925000	4.829102	0.380859
3.930000	4.580078	1.572266
3.935000	3.549805	2.045898
3.940000	2.197266	1.787109
3.945000	1.010742	1.074219
3.950000	0.292969	0.268555
3.955000	0.107422	-0.312500
3.960000	0.297852	-0.507812
3.965000	0.620117	-0.332031
3.970000	0.844727	0.053711
3.975000	0.800781	0.468750
3.980000	0.488281	0.747070
3.985000	-0.009766	0.791016
3.990000	-0.522461	0.024414
3.995000	-0.507812	-1.650391
4.000000	0.571289	-2.597656
4.005000	2.270508	-2.231445
4.010000	3.740234	-1.005859
4.015000	4.404297	0.439453
4.020000	4.111328	1.523438
4.025000	3.115234	1.923828
4.030000	1.840820	1.660156
4.035000	0.742188	0.986328
4.040000	0.078125	0.239258
4.045000	-0.087891	-0.390625
4.050000	0.156250	-0.654297
4.055000	0.581055	-0.483398
4.060000	0.893555	-0.039062
4.065000	0.922852	0.449219
4.070000	0.620117	0.795898
4.075000	0.092773	0.888672
4.080000	-0.488281	0.244141
4.085000	-0.620117	-1.513672
4.090000	0.380859	-2.768555
4.095000	2.192383	-2.583008
4.100000	3.886719	-1.362305
4.105000	4.790039	0.205078
4.110000	4.658203	1.464844
4.115000	3.696289	2.026367
4.120000	2.353516	1.850586
4.125000	1.132812	1.171875
4.130000	0.341797	0.356445
4.135000	0.097656	-0.258789
4.140000	0.263672	-0.507812
4.145000	0.590820	-0.371094
4.150000	0.825195	0.000000
4.155000	0.815430	0.419922
4.160000	0.532227	0.727539
4.165000	0.053711	0.810547
4.170000	-0.478516	0.175781
4.175000	-0.561523	-1.459961
4.180000	0.395508	-2.558594
4.185000	2.075195	-2.333984
4.190000	3.608398	-1.176758
4.195000	4.375000	0.283203
4.200000	4.189453	1.425781
4.205000	3.256836	1.909180
4.210000	1.987305	1.718750
4.215000	0.854492	1.079102
4.220000	0.131836	0.327148
4.225000	-0.087891	-0.327148
4.230000	0.112305	-0.649414
4.235000	0.532227	-0.522461
4.240000	0.874023	-0.097656
4.245000	0.927734	0.395508
4.250000	0.668945	0.761719
4.255000	0.161133	0.893555
4.260000	-0.429688	0.390625
4.265000	-0.649414	-1.284180
4.270000	0.200195	-2.700195
4.275000	1.967773	-2.670898
4.280000	3.725586	-1.538086
4.285000	4.741211	0.024414
4.290000	4.721680	1.352539
4.295000	3.833008	2.006836
4.300000	2.509766	1.899414
4.305000	1.250000	1.259766
4.310000	0.410156	0.449219
4.315000	0.102539	-0.205078
4.320000	0.224609	-0.498047
4.325000	0.546875	-0.400391
4.330000	0.805664	-0.048828
4.335000	0.834961	0.375977
4.340000	0.581055	0.698242
4.345000	0.112305	0.815430
4.350000	-0.424805	0.312500
4.355000	-0.600586	-1.254883
4.360000	0.234375	-2.504883
4.365000	1.870117	-2.421875
4.370000	3.457031	-1.328125
4.375000	4.335938	0.117188
4.380000	4.257812	1.323242
4.385000	3.388672	1.894531
4.390000	2.138672	1.772461
4.395000	0.971680	1.166992
4.400000	0.190430	0.405273
4.405000	-0.087891	-0.258789
4.410000	0.068359	-0.634766
4.415000	0.483398	-0.556641
4.420000	0.844727	-0.156250
4.425000	0.947266	0.336914
4.430000	0.712891	0.732422
4.435000	0.229492	0.898438
4.440000	-0.366211	0.512695
4.445000	-0.668945	-1.064453
4.450000	0.034180	-2.607422
4.455000	1.743164	-2.749023
4.460000	3.549805	-1.708984
4.465000	4.672852	-0.156250
4.470000	4.780273	1.225586
4.475000	3.969727	1.967773
4.480000	2.675781	1.948242
4.485000	1.381836	1.357422
4.490000	0.478516	0.537109
4.495000	0.107422	-0.146484
4.500000	0.200195	-0.483398
4.505000	0.507812	-0.429688
4.510000	0.791016	-0.092773
4.515000	0.849609	0.332031
4.520000	0.625000	0.668945
4.525000	0.180664	0.820312
4.530000	-0.361328	0.439453
4.535000	-0.620117	-1.044922
4.540000	0.073242	-2.421875
4.545000	1.655273	-2.490234
4.550000	3.295898	-1.494141
4.555000	4.277344	-0.053711
4.560000	4.316406	1.206055
4.565000	3.525391	1.860352
4.570000	2.294922	1.821289
4.575000	1.093750	1.250000
4.580000	0.253906	0.493164
4.585000	-0.087891	-0.185547
4.590000	0.029297	-0.620117
4.595000	0.429688	-0.590820
4.600000	0.810547	-0.219727
4.605000	0.947266	0.283203
4.610000	0.756836	0.693359
4.615000	0.292969	0.888672
4.620000	-0.297852	0.620117
4.625000	-0.673828	-0.830078
4.630000	-0.112305	-2.495117
4.635000	1.518555	-2.802734
4.640000	3.354492	-1.875000
4.645000	4.589844	-0.346680
4.650000	4.819336	1.083984
4.655000	4.101562	1.918945
4.660000	2.836914	1.987305
4.665000	1.518555	1.445312
4.670000	0.566406	0.634766
4.675000	0.131836	-0.083008
4.680000	0.170898	-0.463867
4.685000	0.468750	-0.454102
4.690000	0.761719	-0.141602
4.695000	0.854492	0.283203
4.700000	0.664062	0.639648
4.705000	0.239258	0.810547
4.710000	-0.302734	0.537109
4.715000	-0.629883	-0.830078
4.720000	-0.068359	-2.329102
4.725000	1.450195	-2.548828
4.730000	3.125000	-1.650391
4.735000	4.208984	-0.224609
4.740000	4.360352	1.083984
4.745000	3.647461	1.826172
4.750000	2.446289	1.860352
4.755000	1.220703	1.333008
4.760000	0.327148	0.581055
4.765000	-0.073242	-0.112305
4.770000	-0.004883	-0.590820
4.775000	0.375977	-0.610352
4.780000	0.776367	-0.273438
4.785000	0.947266	0.224609
4.790000	0.800781	0.654297
4.795000	0.356445	0.883789
4.800000	-0.229492	0.703125
4.805000	-0.664062	-0.605469
4.810000	-0.244141	-2.363281
4.815000	1.293945	-2.836914
4.820000	3.159180	-2.026367
4.825000	4.492188	-0.532227
4.830000	4.848633	0.942383
4.835000	4.223633	1.865234
4.840000	2.998047	2.016602
4.845000	1.665039	1.533203
4.850000	0.649414	0.737305
4.855000	0.151367	-0.009766
4.860000	0.141602	-0.439453
4.865000	0.429688	-0.473633
4.870000	0.732422	-0.190430
4.875000	0.854492	0.229492
4.880000	0.698242	0.605469
4.885000	0.297852	0.805664
4.890000	-0.244141	0.625000
4.895000	-0.620117	-0.625000
4.900000	-0.195312	-2.211914
4.905000	1.245117	-2.587891
4.910000	2.944336	-1.796875
4.915000	4.130859	-0.400391
4.920000	4.389648	0.952148
4.925000	3.759766	1.777344
4.930000	2.592773	1.884766
4.935000	1.342773	1.416016
4.940000	0.405273	0.668945
4.945000	-0.048828	-0.034180
4.950000	-0.029297	-0.556641
4.955000	0.327148	-0.634766
4.960000	0.737305	-0.322266
4.965000	0.947266	0.166016
4.970000	0.834961	0.615234
4.975000	0.424805	0.864258
4.980000	-0.156250	0.771484
4.985000	-0.634766	-0.390625
4.990000	-0.361328	-2.207031
4.995000	1.083984	-2.856445
5.000000	2.949219	-2.172852
5.005000	4.379883	-0.717773
5.010000	4.853516	0.791016
5.015000	4.340820	1.791992
5.020000	3.159180	2.041016
5.025000	1.816406	1.611328
5.030000	0.747070	0.834961
5.035000	0.180664	0.063477
5.040000	0.126953	-0.410156
5.045000	0.390625	-0.488281
5.050000	0.708008	-0.239258
5.055000	0.854492	0.180664
5.060000	0.732422	0.571289
5.065000	0.356445	0.791016
5.070000	-0.170898	0.688477
5.075000	-0.605469	-0.415039
5.080000	-0.307617	-2.070312
5.085000	1.049805	-2.617188
5.090000	2.753906	-1.938477
5.095000	4.033203	-0.576172
5.100000	4.409180	0.815430
5.105000	3.876953	1.713867
5.110000	2.749023	1.904297
5.115000	1.489258	1.489258
5.120000	0.493164	0.766602
5.125000	-0.019531	0.039062
5.130000	-0.053711	-0.512695
5.135000	0.273438	-0.644531
5.140000	0.693359	-0.375977
5.145000	0.937500	0.107422
5.150000	0.859375	0.571289
5.155000	0.483398	0.849609
5.160000	-0.083008	0.825195
5.165000	-0.610352	-0.185547
5.170000	-0.458984	-2.026367
5.175000	0.864258	-2.861328
5.180000	2.729492	-2.309570
5.185000	4.252930	-0.913086
5.190000	4.858398	0.625000
5.195000	4.448242	1.708984
5.200000	3.325195	2.050781
5.205000	1.967773	1.689453
5.210000	0.844727	0.932617
5.215000	0.219727	0.146484
5.220000	0.112305	-0.375977
5.225000	0.351562	-0.502930
5.230000	0.673828	-0.278320
5.235000	0.849609	0.126953
5.240000	0.766602	0.532227
5.245000	0.410156	0.771484
5.250000	-0.107422	0.737305
5.255000	-0.581055	-0.229492
5.260000	-0.400391	-1.914062
5.265000	0.849609	-2.622070
5.270000	2.563477	-2.065430
5.275000	3.925781	-0.751953
5.280000	4.418945	0.668945
5.285000	3.974609	1.640625
5.290000	2.895508	1.923828
5.295000	1.625977	1.562500
5.300000	0.590820	0.854492
5.305000	0.014648	0.122070
5.310000	-0.078125	-0.468750
5.315000	0.224609	-0.654297
5.320000	0.644531	-0.424805
5.325000	0.927734	0.048828
5.330000	0.888672	0.522461
5.335000	0.541992	0.830078
5.340000	-0.009766	0.859375
5.345000	-0.566406	0.000000
5.350000	-0.537109	-1.831055
5.355000	0.659180	-2.836914
5.360000	2.514648	-2.431641
5.365000	4.116211	-1.103516
5.370000	4.843750	0.458984
5.375000	4.536133	1.616211
5.380000	3.476562	2.045898
5.385000	2.124023	1.757812
5.390000	0.957031	1.030273
5.395000	0.263672	0.229492
5.400000	0.102539	-0.332031
5.405000	0.312500	-0.507812
5.410000	0.639648	-0.317383
5.415000	0.844727	0.073242
5.420000	0.786133	0.483398
5.425000	0.463867	0.756836
5.430000	-0.039062	0.776367
5.435000	-0.541992	-0.053711
5.440000	-0.478516	-1.743164
5.445000	0.664062	-2.607422
5.450000	2.373047	-2.182617
5.455000	3.798828	-0.927734
5.460000	4.414062	0.517578
5.465000	4.072266	1.562500
5.470000	3.041992	1.923828
5.475000	1.772461	1.630859
5.480000	0.688477	0.947266
5.485000	0.053711	0.205078
5.490000	-0.087891	-0.415039
5.495000	0.180664	-0.654297
5.500000	0.605469	-0.463867
5.505000	0.908203	-0.014648
5.510000	0.908203	0.468750
5.515000	0.595703	0.805664
5.520000	0.058594	0.883789
5.525000	-0.517578	0.175781
5.530000	-0.595703	-1.616211
5.535000	0.468750	-2.802734
5.540000	2.299805	-2.539062
5.545000	3.964844	-1.279297
5.550000	4.814453	0.292969
5.555000	4.624023	1.518555
5.560000	3.627930	2.031250
5.565000	2.280273	1.826172
5.570000	1.074219	1.127930
5.575000	0.317383	0.312500
5.580000	0.097656	-0.288086
5.585000	0.278320	-0.507812
5.590000	0.605469	-0.356445
5.595000	0.834961	0.024414
5.600000	0.810547	0.444336
5.605000	0.512695	0.732422
5.610000	0.024414	0.800781
5.615000	-0.498047	0.112305
5.620000	-0.541992	-1.542969
5.625000	0.478516	-2.583008
5.630000	2.163086	-2.290039
5.635000	3.671875	-1.098633
5.640000	4.389648	0.356445
5.645000	4.160156	1.469727
5.650000	3.193359	1.918945
5.655000	1.923828	1.694336
5.660000	0.800781	1.035156
5.665000	0.102539	0.288086
5.670000	-0.092773	-0.356445
5.675000	0.131836	-0.654297
5.680000	0.551758	-0.507812
5.685000	0.883789	-0.073242
5.690000	0.927734	0.419922
5.695000	0.649414	0.776367
5.700000	0.131836	0.893555
5.705000	-0.458984	0.322266
5.710000	-0.634766	-1.391602
5.715000	0.283203	-2.734375
5.720000	2.070312	-2.636719
5.725000	3.793945	-1.459961
5.730000	4.765625	0.107422
5.735000	4.697266	1.401367
5.740000	3.769531	2.016602
5.745000	2.446289	1.879883
5.750000	1.201172	1.225586
5.755000	0.380859	0.405273
5.760000	0.102539	-0.234375
5.765000	0.244141	-0.498047
5.770000	0.566406	-0.385742
5.775000	0.810547	-0.024414
5.780000	0.830078	0.400391
5.785000	0.561523	0.708008
5.790000	0.087891	0.810547
5.795000	-0.449219	0.253906
5.800000	-0.581055	-1.342773
5.805000	0.307617	-2.529297
5.810000	1.958008	-2.382812
5.815000	3.525391	-1.259766
5.820000	4.355469	0.190430
5.825000	4.228516	1.372070
5.830000	3.330078	1.904297
5.835000	2.075195	1.748047
5.840000	0.913086	1.127930
5.845000	0.161133	0.366211
5.850000	-0.092773	-0.292969
5.855000	0.092773	-0.639648
5.860000	0.507812	-0.541992
5.865000	0.854492	-0.136719
5.870000	0.937500	0.366211
5.875000	0.693359	0.747070
5.880000	0.195312	0.898438
5.885000	-0.395508	0.458984
5.890000	-0.659180	-1.166992
5.895000	0.112305	-2.651367
5.900000	1.845703	-2.714844
5.905000	3.627930	-1.625977
5.910000	4.707031	-0.068359
5.915000	4.755859	1.284180
5.920000	3.906250	1.982422
5.925000	2.592773	1.928711
5.930000	1.318359	1.308594
5.935000	0.449219	0.498047
5.940000	0.107422	-0.170898
5.945000	0.209961	-0.488281
5.950000	0.532227	-0.415039
5.955000	0.795898	-0.073242
5.960000	0.839844	0.351562
5.965000	0.605469	0.683594
5.970000	0.146484	0.820312
5.975000	-0.390625	0.380859
5.980000	-0.610352	-1.147461
5.985000	0.146484	-2.465820
5.990000	1.757812	-2.456055
5.995000	3.374023	-1.420898
6.000000	4.306641	0.024414
6.005000	4.291992	1.259766
6.010000	3.457031	1.879883
6.015000	2.221680	1.796875
6.020000	1.035156	1.210938
6.025000	0.224609	0.454102
6.030000	-0.092773	-0.219727
6.035000	0.053711	-0.629883
6.040000	0.454102	-0.571289
6.045000	0.825195	-0.190430
6.050000	0.947266	0.307617
6.055000	0.737305	0.712891
6.060000	0.263672	0.893555
6.065000	-0.327148	0.566406
6.070000	-0.668945	-0.942383
6.075000	-0.039062	-2.553711
6.080000	1.625977	-2.773438
6.085000	3.447266	-1.791992
6.090000	4.628906	-0.249023
6.095000	4.794922	1.152344
6.100000	4.033203	1.943359
6.105000	2.753906	1.967773
6.110000	1.450195	1.401367
6.115000	0.517578	0.585938
6.120000	0.122070	-0.112305
6.125000	0.180664	-0.478516
6.130000	0.493164	-0.444336
6.135000	0.776367	-0.122070
6.140000	0.849609	0.302734
6.145000	0.639648	0.649414
6.150000	0.209961	0.815430
6.155000	-0.332031	0.488281
6.160000	-0.625000	-0.937500
6.165000	0.000000	-2.377930
6.170000	1.552734	-2.519531
6.175000	3.212891	-1.567383
6.180000	4.243164	-0.136719
6.185000	4.340820	1.147461
6.190000	3.588867	1.845703
6.195000	2.363281	1.835938
6.200000	1.152344	1.289062
6.205000	0.292969	0.537109
6.210000	-0.078125	-0.151367
6.215000	0.014648	-0.605469
6.220000	0.405273	-0.600586
6.225000	0.795898	-0.244141
6.230000	0.947266	0.253906
6.235000	0.776367	0.678711
6.240000	0.327148	0.888672
6.245000	-0.263672	0.664062
6.250000	-0.668945	-0.717773
6.255000	-0.180664	-2.431641
6.260000	1.401367	-2.822266
6.265000	3.256836	-1.948242
6.270000	4.541016	-0.439453
6.275000	4.833984	1.015625
6.280000	4.165039	1.894531
6.285000	2.915039	2.006836
6.290000	1.586914	1.489258
6.295000	0.605469	0.683594
6.300000	0.136719	-0.043945
6.305000	0.156250	-0.454102
6.310000	0.449219	-0.468750
6.315000	0.751953	-0.166016
6.320000	0.854492	0.253906
6.325000	0.683594	0.620117
6.330000	0.268555	0.810547
6.335000	-0.268555	0.581055
6.340000	-0.625000	-0.727539
6.345000	-0.131836	-2.270508
6.350000	1.347656	-2.573242
6.355000	3.037109	-1.723633
6.360000	4.169922	-0.312500
6.365000	4.375000	1.020508
6.370000	3.710938	1.796875
6.375000	2.519531	1.870117
6.380000	1.279297	1.372070
6.385000	0.366211	0.629883
6.390000	-0.058594	-0.078125
6.395000	-0.014648	-0.571289
6.400000	0.351562	-0.625000
6.405000	0.756836	-0.297852
6.410000	0.947266	0.195312
6.415000	0.810547	0.634766
6.420000	0.385742	0.878906
6.425000	-0.190430	0.737305
6.430000	-0.649414	-0.502930
6.435000	-0.302734	-2.290039
6.440000	1.196289	-2.846680
6.445000	3.056641	-2.099609
6.450000	4.433594	-0.625000
6.455000	4.848633	0.869141
6.460000	4.277344	1.831055
6.465000	3.071289	2.026367
6.470000	1.733398	1.567383
6.475000	0.693359	0.781250
6.480000	0.170898	0.024414
6.485000	0.136719	-0.429688
6.490000	0.415039	-0.478516
6.495000	0.722656	-0.209961
6.500000	0.854492	0.205078
6.505000	0.712891	0.585938
6.510000	0.322266	0.795898
6.515000	-0.209961	0.654297
6.520000	-0.615234	-0.527344
6.525000	-0.249023	-2.148438
6.530000	1.162109	-2.602539
6.535000	2.856445	-1.865234
6.540000	4.082031	-0.483398
6.545000	4.404297	0.888672
6.550000	3.813477	1.743164
6.555000	2.661133	1.889648
6.560000	1.406250	1.450195
6.565000	0.449219	0.712891
6.570000	-0.034180	-0.004883
6.575000	-0.043945	-0.541992
6.580000	0.302734	-0.634766
6.585000	0.717773	-0.346680
6.590000	0.942383	0.141602
6.595000	0.849609	0.590820
6.600000	0.449219	0.859375
6.605000	-0.122070	0.800781
6.610000	-0.625000	-0.292969
6.615000	-0.410156	-2.124023
6.620000	0.976562	-2.856445
6.625000	2.851562	-2.241211
6.630000	4.326172	-0.810547
6.635000	4.858398	0.712891
6.640000	4.389648	1.757812
6.645000	3.232422	2.041016
6.650000	1.884766	1.650391
6.655000	0.791016	0.878906
6.660000	0.200195	0.102539
6.665000	0.122070	-0.395508
6.670000	0.371094	-0.498047
6.675000	0.693359	-0.253906
6.680000	0.854492	0.156250
6.685000	0.747070	0.551758
6.690000	0.380859	0.781250
6.695000	-0.141602	0.712891
6.700000	-0.595703	-0.327148
6.705000	-0.356445	-2.001953
6.710000	0.952148	-2.622070
6.715000	2.661133	-2.001953
6.720000	3.974609	-0.659180
6.725000	4.414062	0.747070
6.730000	3.920898	1.679688
6.735000	2.817383	1.914062
6.740000	1.552734	1.523438
6.745000	0.541992	0.805664
6.750000	-0.004883	0.083008
6.755000	-0.063477	-0.493164
6.760000	0.253906	-0.649414
6.765000	0.673828	-0.400391
6.770000	0.927734	0.073242
6.775000	0.874023	0.546875
6.780000	0.512695	0.844727
6.785000	-0.048828	0.844727
6.790000	-0.590820	-0.087891
6.795000	-0.502930	-1.933594
6.800000	0.766602	-2.851562
6.805000	2.626953	-2.373047
6.810000	4.189453	-1.005859
6.815000	4.848633	0.546875
6.820000	4.492188	1.665039
6.825000	3.398438	2.050781
6.830000	2.041016	1.723633
6.835000	0.898438	0.981445
6.840000	0.239258	0.180664
6.845000	0.107422	-0.356445
6.850000	0.332031	-0.502930
6.855000	0.659180	-0.297852
6.860000	0.844727	0.102539
6.865000	0.771484	0.507812
6.870000	0.434570	0.766602
6.875000	-0.073242	0.761719
6.880000	-0.561523	-0.141602
6.885000	-0.439453	-1.835938
6.890000	0.756836	-2.617188
6.895000	2.470703	-2.119141
6.900000	3.862305	-0.834961
6.905000	4.409180	0.595703
6.910000	4.023438	1.601562
6.915000	2.968750	1.923828
6.920000	1.699219	1.596680
6.925000	0.639648	0.898438
6.930000	0.034180	0.166016
6.935000	-0.078125	-0.444336
6.940000	0.205078	-0.654297
6.945000	0.625000	-0.444336
6.950000	0.913086	0.014648
6.955000	0.898438	0.498047
6.960000	0.566406	0.815430
6.965000	0.019531	0.874023
6.970000	-0.541992	0.083008
6.975000	-0.566406	-1.728516
6.980000	0.571289	-2.817383
6.985000	2.412109	-2.480469
6.990000	4.042969	-1.186523
6.995000	4.824219	0.380859
7.000000	4.580078	1.572266
7.005000	3.544922	2.041016
7.010000	2.197266	1.787109
7.015000	1.010742	1.074219
7.020000	0.292969	0.268555
7.025000	0.102539	-0.317383
7.030000	0.297852	-0.502930
7.035000	0.620117	-0.332031
7.040000	0.839844	0.053711
7.045000	0.800781	0.468750
7.050000	0.488281	0.747070
7.055000	-0.014648	0.791016
7.060000	-0.522461	0.024414
7.065000	-0.507812	-1.655273
7.070000	0.576172	-2.597656
7.075000	2.275391	-2.236328
7.080000	3.740234	-1.000977
7.085000	4.399414	0.444336
7.090000	4.111328	1.518555
7.095000	3.110352	1.923828
7.100000	1.840820	1.660156
7.105000	0.742188	0.986328
7.110000	0.073242	0.239258
7.115000	-0.087891	-0.390625
7.120000	0.156250	-0.659180
7.125000	0.581055	-0.483398
7.130000	0.893555	-0.039062
7.135000	0.922852	0.449219
7.140000	0.620117	0.795898
7.145000	0.092773	0.893555
7.150000	-0.488281	0.244141
7.155000	-0.620117	-1.513672
7.160000	0.380859	-2.773438
7.165000	2.192383	-2.587891
7.170000	3.886719	-1.362305
7.175000	4.790039	0.200195
7.180000	4.658203	1.464844
7.185000	3.696289	2.026367
7.190000	2.358398	1.850586
7.195000	1.127930	1.171875
7.200000	0.346680	0.356445
7.205000	0.102539	-0.263672
7.210000	0.263672	-0.507812
7.215000	0.585938	-0.371094
7.220000	0.830078	0.000000
7.225000	0.820312	0.419922
7.230000	0.537109	0.727539
7.235000	0.053711	0.805664
7.240000	-0.473633	0.180664
7.245000	-0.561523	-1.450195
7.250000	0.390625	-2.553711
7.255000	2.065430	-2.338867
7.260000	3.598633	-1.176758
7.265000	4.370117	0.278320
7.270000	4.189453	1.420898
7.275000	3.256836	1.914062
7.280000	1.992188	1.718750
7.285000	0.854492	1.079102
7.290000	0.131836	0.322266
7.295000	-0.092773	-0.322266
7.300000	0.107422	-0.649414
7.305000	0.532227	-0.522461
7.310000	0.874023	-0.102539
7.315000	0.932617	0.390625
7.320000	0.673828	0.766602
7.325000	0.161133	0.898438
7.330000	-0.429688	0.395508
7.335000	-0.649414	-1.279297
7.340000	0.195312	-2.700195
7.345000	1.958008	-2.675781
7.350000	3.720703	-1.542969
7.355000	4.736328	0.019531
7.360000	4.726562	1.342773
7.365000	3.833008	2.001953
7.370000	2.514648	1.904297
7.375000	1.254883	1.264648
7.380000	0.410156	0.449219
7.385000	0.102539	-0.205078
7.390000	0.229492	-0.498047
7.395000	0.546875	-0.400391
7.400000	0.805664	-0.043945
7.405000	0.834961	0.375977
7.410000	0.581055	0.693359
7.415000	0.117188	0.815430
7.420000	-0.415039	0.317383
7.425000	-0.600586	-1.250000
7.430000	0.224609	-2.500000
7.435000	1.860352	-2.426758
7.440000	3.452148	-1.337891
7.445000	4.335938	0.107422
7.450000	4.262695	1.318359
7.455000	3.398438	1.889648
7.460000	2.148438	1.777344
7.465000	0.966797	1.166992
7.470000	0.190430	0.410156
7.475000	-0.087891	-0.258789
7.480000	0.063477	-0.634766
7.485000	0.478516	-0.556641
7.490000	0.844727	-0.161133
7.495000	0.942383	0.336914
7.500000	0.717773	0.732422
7.505000	0.229492	0.893555
7.510000	-0.366211	0.512695
7.515000	-0.668945	-1.054688
7.520000	0.029297	-2.607422
7.525000	1.738281	-2.749023
7.530000	3.535156	-1.713867
7.535000	4.667969	-0.161133
7.540000	4.780273	1.220703
7.545000	3.969727	1.962891
7.550000	2.675781	1.948242
7.555000	1.381836	1.357422
7.560000	0.483398	0.546875
7.565000	0.112305	-0.146484
7.570000	0.200195	-0.483398
7.575000	0.507812	-0.434570
7.580000	0.781250	-0.097656
7.585000	0.849609	0.327148
7.590000	0.625000	0.668945
7.595000	0.175781	0.815430
7.600000	-0.356445	0.439453
7.605000	-0.620117	-1.035156
7.610000	0.073242	-2.421875
7.615000	1.655273	-2.495117
7.620000	3.291016	-1.494141
7.625000	4.277344	-0.053711
7.630000	4.316406	1.206055
7.635000	3.530273	1.865234
7.640000	2.294922	1.821289
7.645000	1.093750	1.250000
7.650000	0.253906	0.493164
7.655000	-0.087891	-0.185547
7.660000	0.034180	-0.615234
7.665000	0.429688	-0.585938
7.670000	0.815430	-0.214844
7.675000	0.952148	0.278320
7.680000	0.761719	0.693359
7.685000	0.297852	0.888672
7.690000	-0.297852	0.620117
7.695000	-0.668945	-0.825195
7.700000	-0.117188	-2.495117
7.705000	1.508789	-2.807617
7.710000	3.349609	-1.875000
7.715000	4.589844	-0.351562
7.720000	4.824219	1.083984
7.725000	4.106445	1.918945
7.730000	2.841797	1.987305
7.735000	1.528320	1.450195
7.740000	0.561523	0.639648
7.745000	0.126953	-0.078125
7.750000	0.170898	-0.463867
7.755000	0.468750	-0.454102
7.760000	0.766602	-0.146484
7.765000	0.854492	0.278320
7.770000	0.664062	0.639648
7.775000	0.239258	0.810547
7.780000	-0.297852	0.541992
7.785000	-0.625000	-0.820312
7.790000	-0.073242	-2.324219
7.795000	1.440430	-2.553711
7.800000	3.115234	-1.660156
7.805000	4.204102	-0.229492
7.810000	4.360352	1.079102
7.815000	3.652344	1.821289
7.820000	2.456055	1.860352
7.825000	1.225586	1.337891
7.830000	0.332031	0.585938
7.835000	-0.073242	-0.107422
7.840000	-0.004883	-0.590820
7.845000	0.375977	-0.615234
7.850000	0.776367	-0.278320
7.855000	0.947266	0.219727
7.860000	0.800781	0.654297
7.865000	0.361328	0.883789
7.870000	-0.219727	0.708008
7.875000	-0.664062	-0.595703
7.880000	-0.249023	-2.353516
7.885000	1.279297	-2.841797
7.890000	3.144531	-2.036133
7.895000	4.482422	-0.546875
7.900000	4.848633	0.932617
7.905000	4.233398	1.860352
7.910000	3.007812	2.021484
7.915000	1.674805	1.538086
7.920000	0.654297	0.737305
7.925000	0.151367	-0.004883
7.930000	0.146484	-0.439453
7.935000	0.424805	-0.478516
7.940000	0.732422	-0.195312
7.945000	0.859375	0.224609
7.950000	0.698242	0.600586
7.955000	0.302734	0.800781
7.960000	-0.234375	0.625000
7.965000	-0.620117	-0.610352
7.970000	-0.200195	-2.197266
7.975000	1.235352	-2.587891
7.980000	2.934570	-1.801758
7.985000	4.121094	-0.410156
7.990000	4.394531	0.947266
7.995000	3.774414	1.772461
8.000000	2.602539	1.889648
8.005000	1.357422	1.416016
8.010000	0.410156	0.678711
8.015000	-0.048828	-0.029297
8.020000	-0.034180	-0.556641
8.025000	0.322266	-0.634766
8.030000	0.732422	-0.327148
8.035000	0.947266	0.161133
8.040000	0.834961	0.610352
8.045000	0.429688	0.864258
8.050000	-0.151367	0.776367
8.055000	-0.629883	-0.375977
8.060000	-0.366211	-2.192383
8.065000	1.064453	-2.856445
8.070000	2.939453	-2.182617
8.075000	4.370117	-0.732422
8.080000	4.858398	0.781250
8.085000	4.345703	1.787109
8.090000	3.168945	2.036133
8.095000	1.826172	1.616211
8.100000	0.751953	0.839844
8.105000	0.180664	0.068359
8.110000	0.126953	-0.410156
8.115000	0.385742	-0.488281
8.120000	0.703125	-0.239258
8.125000	0.859375	0.175781
8.130000	0.732422	0.566406
8.135000	0.361328	0.791016
8.140000	-0.170898	0.693359
8.145000	-0.605469	-0.410156
8.150000	-0.312500	-2.060547
8.155000	1.035156	-2.617188
8.160000	2.749023	-1.943359
8.165000	4.023438	-0.585938
8.170000	4.414062	0.805664
8.175000	3.881836	1.708984
8.180000	2.753906	1.904297
8.185000	1.489258	1.494141
8.190000	0.502930	0.766602
8.195000	-0.014648	0.043945
8.200000	-0.053711	-0.512695
8.205000	0.273438	-0.639648
8.210000	0.693359	-0.375977
8.215000	0.937500	0.102539
8.220000	0.864258	0.566406
8.225000	0.483398	0.849609
8.230000	-0.078125	0.830078
8.235000	-0.610352	-0.175781
8.240000	-0.463867	-2.016602
8.245000	0.854492	-2.856445
8.250000	2.719727	-2.314453
8.255000	4.243164	-0.922852
8.260000	4.858398	0.620117
8.265000	4.448242	1.704102
8.270000	3.330078	2.045898
8.275000	1.972656	1.694336
8.280000	0.854492	0.937500
8.285000	0.224609	0.151367
8.290000	0.112305	-0.371094
8.295000	0.346680	-0.502930
8.300000	0.673828	-0.278320
8.305000	0.849609	0.126953
8.310000	0.766602	0.527344
8.315000	0.415039	0.771484
8.320000	-0.102539	0.747070
8.325000	-0.576172	-0.219727
8.330000	-0.405273	-1.904297
8.335000	0.839844	-2.622070
8.340000	2.548828	-2.070312
8.345000	3.911133	-0.761719
8.350000	4.418945	0.659180
8.355000	3.984375	1.635742
8.360000	2.905273	1.923828
8.365000	1.635742	1.567383
8.370000	0.595703	0.859375
8.375000	0.014648	0.126953
8.380000	-0.073242	-0.468750
8.385000	0.219727	-0.654297
8.390000	0.644531	-0.424805
8.395000	0.927734	0.043945
8.400000	0.893555	0.517578
8.405000	0.541992	0.830078
8.410000	-0.009766	0.864258
8.415000	-0.561523	0.009766
8.420000	-0.541992	-1.816406
8.425000	0.649414	-2.836914
8.430000	2.500000	-2.441406
8.435000	4.101562	-1.113281
8.440000	4.838867	0.449219
8.445000	4.545898	1.611328
8.450000	3.486328	2.045898
8.455000	2.133789	1.762695
8.460000	0.961914	1.035156
8.465000	0.268555	0.234375
8.470000	0.102539	-0.327148
8.475000	0.307617	-0.507812
8.480000	0.634766	-0.322266
8.485000	0.849609	0.068359
8.490000	0.786133	0.483398
8.495000	0.463867	0.751953
8.500000	-0.034180	0.781250
8.505000	-0.537109	-0.039062
8.510000	-0.483398	-1.728516
8.515000	0.649414	-2.607422
8.520000	2.358398	-2.187500
8.525000	3.789062	-0.937500
8.530000	4.409180	0.502930
8.535000	4.077148	1.552734
8.540000	3.056641	1.918945
8.545000	1.787109	1.635742
8.550000	0.698242	0.952148
8.555000	0.058594	0.209961
8.560000	-0.087891	-0.410156
8.565000	0.175781	-0.654297
8.570000	0.600586	-0.468750
8.575000	0.908203	-0.014648
8.580000	0.908203	0.468750
8.585000	0.600586	0.800781
8.590000	0.063477	0.888672
8.595000	-0.512695	0.180664
8.600000	-0.600586	-1.601562
8.605000	0.454102	-2.792969
8.610000	2.285156	-2.543945
8.615000	3.950195	-1.284180
8.620000	4.809570	0.278320
8.625000	4.628906	1.508789
8.630000	3.637695	2.031250
8.635000	2.290039	1.826172
8.640000	1.083984	1.137695
8.645000	0.322266	0.317383
8.650000	0.097656	-0.283203
8.655000	0.273438	-0.507812
8.660000	0.600586	-0.356445
8.665000	0.830078	0.019531
8.670000	0.815430	0.439453
8.675000	0.517578	0.732422
8.680000	0.024414	0.800781
8.685000	-0.493164	0.117188
8.690000	-0.546875	-1.538086
8.695000	0.468750	-2.578125
8.700000	2.158203	-2.294922
8.705000	3.662109	-1.108398
8.710000	4.384766	0.346680
8.715000	4.160156	1.464844
8.720000	3.198242	1.914062
8.725000	1.928711	1.699219
8.730000	0.805664	1.044922
8.735000	0.107422	0.288086
8.740000	-0.092773	-0.356445
8.745000	0.131836	-0.654297
8.750000	0.551758	-0.507812
8.755000	0.883789	-0.078125
8.760000	0.927734	0.415039
8.765000	0.649414	0.776367
8.770000	0.131836	0.898438
8.775000	-0.454102	0.332031
8.780000	-0.634766	-1.376953
8.785000	0.273438	-2.734375
8.790000	2.055664	-2.641602
8.795000	3.789062	-1.464844
8.800000	4.765625	0.097656
8.805000	4.697266	1.396484
8.810000	3.774414	2.016602
8.815000	2.456055	1.879883
8.820000	1.210938	1.230469
8.825000	0.380859	0.410156
8.830000	0.102539	-0.234375
8.835000	0.239258	-0.498047
8.840000	0.566406	-0.390625
8.845000	0.815430	-0.024414
8.850000	0.830078	0.395508
8.855000	0.566406	0.708008
8.860000	0.092773	0.810547
8.865000	-0.439453	0.263672
8.870000	-0.590820	-1.328125
8.875000	0.292969	-2.524414
8.880000	1.943359	-2.387695
8.885000	3.510742	-1.274414
8.890000	4.350586	0.175781
8.895000	4.233398	1.362305
8.900000	3.334961	1.899414
8.905000	2.084961	1.752930
8.910000	0.922852	1.132812
8.915000	0.166016	0.375977
8.920000	-0.087891	-0.283203
8.925000	0.083008	-0.634766
8.930000	0.498047	-0.551758
8.935000	0.854492	-0.136719
8.940000	0.937500	0.356445
8.945000	0.693359	0.742188
8.950000	0.205078	0.898438
8.955000	-0.390625	0.468750
8.960000	-0.664062	-1.152344
8.965000	0.097656	-2.646484
8.970000	1.821289	-2.719727
8.975000	3.618164	-1.640625
8.980000	4.697266	-0.087891
8.985000	4.760742	1.269531
8.990000	3.916016	1.982422
8.995000	2.607422	1.928711
9.000000	1.333008	1.318359
9.005000	0.454102	0.507812
9.010000	0.107422	-0.170898
9.015000	0.209961	-0.488281
9.020000	0.527344	-0.419922
9.025000	0.795898	-0.078125
9.030000	0.844727	0.341797
9.035000	0.615234	0.678711
9.040000	0.151367	0.820312
9.045000	-0.385742	0.390625
9.050000	-0.615234	-1.127930
9.055000	0.131836	-2.456055
9.060000	1.733398	-2.465820
9.065000	3.359375	-1.435547
9.070000	4.301758	0.009766
9.075000	4.296875	1.250000
9.080000	3.476562	1.870117
9.085000	2.236328	1.801758
9.090000	1.044922	1.220703
9.095000	0.229492	0.463867
9.100000	-0.092773	-0.214844
9.105000	0.048828	-0.625000
9.110000	0.454102	-0.576172
9.115000	0.825195	-0.195312
9.120000	0.947266	0.302734
9.125000	0.742188	0.708008
9.130000	0.268555	0.893555
9.135000	-0.322266	0.581055
9.140000	-0.668945	-0.917969
9.145000	-0.053711	-2.539062
9.150000	1.601562	-2.778320
9.155000	3.432617	-1.806641
9.160000	4.619141	-0.268555
9.165000	4.799805	1.142578
9.170000	4.047852	1.938477
9.175000	2.773438	1.977539
9.180000	1.464844	1.411133
9.185000	0.532227	0.600586
9.190000	0.122070	-0.107422
9.195000	0.180664	-0.473633
9.200000	0.483398	-0.444336
9.205000	0.771484	-0.126953
9.210000	0.849609	0.297852
9.215000	0.644531	0.649414
9.220000	0.214844	0.810547
9.225000	-0.327148	0.498047
9.230000	-0.625000	-0.917969
9.235000	-0.009766	-2.368164
9.240000	1.533203	-2.524414
9.245000	3.193359	-1.586914
9.250000	4.243164	-0.156250
9.255000	4.345703	1.137695
9.260000	3.598633	1.840820
9.265000	2.382812	1.840820
9.270000	1.166992	1.298828
9.275000	0.297852	0.546875
9.280000	-0.073242	-0.141602
9.285000	0.009766	-0.600586
9.290000	0.400391	-0.605469
9.295000	0.791016	-0.249023
9.300000	0.952148	0.249023
9.305000	0.781250	0.673828
9.310000	0.332031	0.888672
9.315000	-0.253906	0.668945
9.320000	-0.668945	-0.693359
9.325000	-0.195312	-2.416992
9.330000	1.376953	-2.822266
9.335000	3.237305	-1.962891
9.340000	4.531250	-0.458984
9.345000	4.838867	1.000977
9.350000	4.174805	1.884766
9.355000	2.939453	2.006836
9.360000	1.606445	1.499023
9.365000	0.615234	0.693359
9.370000	0.141602	-0.039062
9.375000	0.156250	-0.449219
9.380000	0.449219	-0.468750
9.385000	0.747070	-0.170898
9.390000	0.859375	0.249023
9.395000	0.688477	0.620117
9.400000	0.273438	0.810547
9.405000	-0.263672	0.590820
9.410000	-0.625000	-0.698242
9.415000	-0.146484	-2.255859
9.420000	1.323242	-2.578125
9.425000	3.017578	-1.738281
9.430000	4.160156	-0.332031
9.435000	4.379883	1.005859
9.440000	3.720703	1.796875
9.445000	2.534180	1.875000
9.450000	1.298828	1.381836
9.455000	0.375977	0.634766
9.460000	-0.053711	-0.063477
9.465000	-0.014648	-0.571289
9.470000	0.346680	-0.625000
9.475000	0.751953	-0.307617
9.480000	0.947266	0.190430
9.485000	0.820312	0.629883
9.490000	0.400391	0.874023
9.495000	-0.180664	0.747070
9.500000	-0.649414	-0.468750
9.505000	-0.322266	-2.265625
9.510000	1.162109	-2.851562
9.515000	3.032227	-2.119141
9.520000	4.423828	-0.654297
9.525000	4.858398	0.849609
9.530000	4.296875	1.816406
9.535000	3.100586	2.031250
9.540000	1.757812	1.577148
9.545000	0.708008	0.795898
9.550000	0.170898	0.034180
9.555000	0.136719	-0.419922
9.560000	0.405273	-0.483398
9.565000	0.717773	-0.214844
9.570000	0.859375	0.195312
9.575000	0.722656	0.581055
9.580000	0.332031	0.795898
9.585000	-0.195312	0.668945
9.590000	-0.615234	-0.493164
9.595000	-0.268555	-2.124023
9.600000	1.123047	-2.607422
9.605000	2.827148	-1.884766
9.610000	4.067383	-0.507812
9.615000	4.409180	0.864258
9.620000	3.833008	1.738281
9.625000	2.690430	1.899414
9.630000	1.430664	1.464844
9.635000	0.463867	0.732422
9.640000	-0.029297	0.014648
9.645000	-0.048828	-0.532227
9.650000	0.292969	-0.639648
9.655000	0.712891	-0.356445
9.660000	0.937500	0.126953
9.665000	0.849609	0.585938
9.670000	0.463867	0.854492
9.675000	-0.112305	0.805664
9.680000	-0.625000	-0.263672
9.685000	-0.419922	-2.094727
9.690000	0.947266	-2.856445
9.695000	2.817383	-2.260742
9.700000	4.301758	-0.839844
9.705000	4.858398	0.688477
9.710000	4.404297	1.743164
9.715000	3.256836	2.041016
9.720000	1.909180	1.660156
9.725000	0.805664	0.893555
9.730000	0.205078	0.112305
9.735000	0.117188	-0.390625
9.740000	0.366211	-0.498047
9.745000	0.683594	-0.263672
9.750000	0.854492	0.146484
9.755000	0.751953	0.541992
9.760000	0.390625	0.781250
9.765000	-0.131836	0.722656
9.770000	-0.595703	-0.297852
9.775000	-0.366211	-1.977539
9.780000	0.927734	-2.622070
9.785000	2.636719	-2.016602
9.790000	3.964844	-0.683594
9.795000	4.418945	0.722656
9.800000	3.940430	1.669922
9.805000	2.841797	1.914062
9.810000	1.572266	1.538086
9.815000	0.551758	0.820312
9.820000	0.000000	0.087891
9.825000	-0.063477	-0.488281
9.830000	0.244141	-0.649414
9.835000	0.664062	-0.405273
9.840000	0.927734	0.068359
9.845000	0.878906	0.541992
9.850000	0.517578	0.839844
9.855000	-0.039062	0.849609
9.860000	-0.585938	-0.073242
9.865000	-0.507812	-1.914062
9.870000	0.742188	-2.846680
9.875000	2.597656	-2.382812
9.880000	4.169922	-1.025391
9.885000	4.848633	0.527344
9.890000	4.501953	1.655273
9.895000	3.413086	2.050781
9.900000	2.060547	1.728516
9.905000	0.913086	0.991211
9.910000	0.249023	0.190430
9.915000	0.107422	-0.351562
9.920000	0.327148	-0.502930
9.925000	0.654297	-0.302734
9.930000	0.849609	0.102539
9.935000	0.776367	0.502930
9.940000	0.444336	0.761719
9.945000	-0.068359	0.766602
9.950000	-0.556641	-0.122070
9.955000	-0.449219	-1.816406
9.960000	0.732422	-2.617188
9.965000	2.451172	-2.138672
9.970000	3.852539	-0.854492
9.975000	4.414062	0.576172
9.980000	4.033203	1.596680
9.985000	2.983398	1.923828
9.990000	1.713867	1.606445
9.995000	0.649414	0.913086
10.000000	0.039062	0.170898
