# Time_s	x	xdot
0.000000	0.336914	0.854492
0.005000	-0.234375	0.688477
0.010000	-0.659180	-0.610352
0.015000	-0.239258	-2.353516
0.020000	1.293945	-2.832031
0.025000	3.154297	-2.021484
0.030000	4.487305	-0.522461
0.035000	4.829102	0.966797
0.040000	4.194336	1.894531
0.045000	2.944336	2.050781
0.050000	1.591797	1.547852
0.055000	0.561523	0.727539
0.060000	0.068359	-0.039062
0.065000	0.083008	-0.478516
0.070000	0.390625	-0.512695
0.075000	0.722656	-0.205078
0.080000	0.849609	0.234375
0.085000	0.693359	0.625000
0.090000	0.273438	0.834961
0.095000	-0.278320	0.605469
0.100000	-0.649414	-0.761719
0.105000	-0.131836	-2.382812
0.110000	1.425781	-2.714844
0.115000	3.208008	-1.835938
0.120000	4.414062	-0.346680
0.125000	4.643555	1.069336
0.130000	3.940430	1.894531
0.135000	2.685547	1.982422
0.140000	1.372070	1.450195
0.145000	0.415039	0.639648
0.150000	-0.019531	-0.092773
0.155000	0.029297	-0.546875
0.160000	0.380859	-0.551758
0.165000	0.737305	-0.219727
0.170000	0.878906	0.253906
0.175000	0.708008	0.659180
0.180000	0.268555	0.864258
0.185000	-0.302734	0.600586
0.190000	-0.668945	-0.844727
0.195000	-0.097656	-2.490234
0.200000	1.533203	-2.792969
0.205000	3.359375	-1.855469
0.210000	4.589844	-0.322266
0.215000	4.799805	1.123047
0.220000	4.057617	1.953125
0.225000	2.768555	2.016602
0.230000	1.435547	1.455078
0.235000	0.468750	0.625000
0.240000	0.043945	-0.117188
0.245000	0.107422	-0.507812
0.250000	0.434570	-0.483398
0.255000	0.751953	-0.156250
0.260000	0.849609	0.292969
0.265000	0.649414	0.664062
0.270000	0.209961	0.849609
0.275000	-0.351562	0.502930
0.280000	-0.644531	-0.996094
0.285000	0.019531	-2.509766
0.290000	1.655273	-2.661133
0.295000	3.403320	-1.665039
0.300000	4.501953	-0.146484
0.305000	4.599609	1.215820
0.310000	3.798828	1.953125
0.315000	2.514648	1.938477
0.320000	1.235352	1.352539
0.325000	0.327148	0.537109
0.330000	-0.034180	-0.170898
0.335000	0.068359	-0.561523
0.340000	0.434570	-0.522461
0.345000	0.766602	-0.161133
0.350000	0.874023	0.307617
0.355000	0.664062	0.698242
0.360000	0.200195	0.874023
0.365000	-0.375977	0.483398
0.370000	-0.664062	-1.093750
0.375000	0.063477	-2.612305
0.380000	1.772461	-2.724609
0.385000	3.569336	-1.679688
0.390000	4.667969	-0.122070
0.395000	4.746094	1.264648
0.400000	3.911133	2.006836
0.405000	2.587891	1.967773
0.410000	1.284180	1.352539
0.415000	0.385742	0.517578
0.420000	0.029297	-0.190430
0.425000	0.141602	-0.522461
0.430000	0.478516	-0.458984
0.435000	0.776367	-0.097656
0.440000	0.839844	0.341797
0.445000	0.610352	0.698242
0.450000	0.136719	0.849609
0.455000	-0.415039	0.371094
0.460000	-0.629883	-1.240234
0.465000	0.190430	-2.607422
0.470000	1.894531	-2.587891
0.475000	3.598633	-1.484375
0.480000	4.570312	0.048828
0.485000	4.545898	1.347656
0.490000	3.657227	1.992188
0.495000	2.343750	1.889648
0.500000	1.093750	1.250000
0.505000	0.253906	0.434570
0.510000	-0.048828	-0.249023
0.515000	0.107422	-0.581055
0.520000	0.478516	-0.493164
0.525000	0.800781	-0.102539
0.530000	0.864258	0.371094
0.535000	0.620117	0.732422
0.540000	0.131836	0.878906
0.545000	-0.444336	0.346680
0.550000	-0.634766	-1.333008
0.555000	0.244141	-2.709961
0.560000	2.011719	-2.651367
0.565000	3.750000	-1.494141
0.570000	4.741211	0.078125
0.575000	4.687500	1.401367
0.580000	3.759766	2.041016
0.585000	2.421875	1.923828
0.590000	1.147461	1.250000
0.595000	0.307617	0.415039
0.600000	0.019531	-0.253906
0.605000	0.175781	-0.537109
0.610000	0.527344	-0.424805
0.615000	0.800781	-0.048828
0.620000	0.830078	0.400391
0.625000	0.561523	0.732422
0.630000	0.068359	0.839844
0.635000	-0.478516	0.224609
0.640000	-0.595703	-1.469727
0.645000	0.375977	-2.675781
0.650000	2.128906	-2.495117
0.655000	3.759766	-1.293945
0.660000	4.624023	0.234375
0.665000	4.472656	1.469727
0.670000	3.505859	2.021484
0.675000	2.172852	1.835938
0.680000	0.957031	1.152344
0.685000	0.185547	0.336914
0.690000	-0.048828	-0.312500
0.695000	0.146484	-0.595703
0.700000	0.532227	-0.454102
0.705000	0.825195	-0.048828
0.710000	0.849609	0.419922
0.715000	0.566406	0.761719
0.720000	0.053711	0.869141
0.725000	-0.507812	0.190430
0.730000	-0.600586	-1.572266
0.735000	0.439453	-2.783203
0.740000	2.260742	-2.548828
0.745000	3.930664	-1.298828
0.750000	4.790039	0.273438
0.755000	4.609375	1.528320
0.760000	3.608398	2.070312
0.765000	2.241211	1.860352
0.770000	1.010742	1.152344
0.775000	0.234375	0.312500
0.780000	0.019531	-0.312500
0.785000	0.219727	-0.546875
0.790000	0.571289	-0.390625
0.795000	0.820312	0.009766
0.800000	0.805664	0.454102
0.805000	0.507812	0.761719
0.810000	-0.004883	0.825195
0.815000	-0.532227	0.053711
0.820000	-0.541992	-1.699219
0.825000	0.576172	-2.729492
0.830000	2.363281	-2.387695
0.835000	3.925781	-1.113281
0.840000	4.663086	0.419922
0.845000	4.379883	1.582031
0.850000	3.344727	2.031250
0.855000	2.001953	1.767578
0.860000	0.830078	1.049805
0.865000	0.126953	0.244141
0.870000	-0.048828	-0.371094
0.875000	0.195312	-0.595703
0.880000	0.581055	-0.410156
0.885000	0.844727	0.014648
0.890000	0.830078	0.478516
0.895000	0.507812	0.791016
0.900000	-0.014648	0.844727
0.905000	-0.561523	0.004883
0.910000	-0.537109	-1.806641
0.915000	0.649414	-2.822266
0.920000	2.495117	-2.431641
0.925000	4.096680	-1.108398
0.930000	4.824219	0.468750
0.935000	4.521484	1.640625
0.940000	3.442383	2.080078
0.945000	2.060547	1.787109
0.950000	0.878906	1.040039
0.955000	0.180664	0.214844
0.960000	0.024414	-0.366211
0.965000	0.258789	-0.546875
0.970000	0.615234	-0.346680
0.975000	0.834961	0.068359
0.980000	0.781250	0.498047
0.985000	0.449219	0.781250
0.990000	-0.073242	0.791016
0.995000	-0.581055	-0.136719
1.000000	-0.458984	-1.914062
1.005000	0.791016	-2.758789
1.010000	2.587891	-2.260742
1.015000	4.077148	-0.913086
1.020000	4.677734	0.605469
1.025000	4.282227	1.684570
1.030000	3.173828	2.036133
1.035000	1.831055	1.694336
1.040000	0.708008	0.942383
1.045000	0.073242	0.146484
1.050000	-0.029297	-0.429688
1.055000	0.239258	-0.600586
1.060000	0.625000	-0.371094
1.065000	0.859375	0.078125
1.070000	0.805664	0.527344
1.075000	0.454102	0.815430
1.080000	-0.087891	0.805664
1.085000	-0.605469	-0.190430
1.090000	-0.454102	-2.021484
1.095000	0.869141	-2.851562
1.100000	2.734375	-2.299805
1.105000	4.248047	-0.903320
1.110000	4.848633	0.649414
1.115000	4.414062	1.743164
1.120000	3.266602	2.080078
1.125000	1.894531	1.708984
1.130000	0.761719	0.932617
1.135000	0.131836	0.122070
1.140000	0.043945	-0.415039
1.145000	0.302734	-0.537109
1.150000	0.649414	-0.307617
1.155000	0.849609	0.126953
1.160000	0.756836	0.546875
1.165000	0.390625	0.800781
1.170000	-0.146484	0.747070
1.175000	-0.615234	-0.341797
1.180000	-0.366211	-2.094727
1.185000	1.000977	-2.763672
1.190000	2.807617	-2.124023
1.195000	4.208984	-0.717773
1.200000	4.682617	0.771484
1.205000	4.174805	1.767578
1.210000	3.007812	2.026367
1.215000	1.669922	1.611328
1.220000	0.600586	0.834961
1.225000	0.034180	0.063477
1.230000	-0.009766	-0.478516
1.235000	0.288086	-0.585938
1.240000	0.664062	-0.322266
1.245000	0.869141	0.136719
1.250000	0.776367	0.576172
1.255000	0.390625	0.839844
1.260000	-0.166016	0.751953
1.265000	-0.629883	-0.410156
1.270000	-0.346680	-2.207031
1.275000	1.098633	-2.851562
1.280000	2.963867	-2.158203
1.285000	4.379883	-0.698242
1.290000	4.848633	0.825195
1.295000	4.301758	1.835938
1.300000	3.100586	2.070312
1.305000	1.728516	1.630859
1.310000	0.649414	0.825195
1.315000	0.097656	0.034180
1.320000	0.053711	-0.454102
1.325000	0.346680	-0.527344
1.330000	0.683594	-0.253906
1.335000	0.849609	0.185547
1.340000	0.727539	0.590820
1.345000	0.327148	0.825195
1.350000	-0.219727	0.678711
1.355000	-0.629883	-0.561523
1.360000	-0.249023	-2.265625
1.365000	1.230469	-2.744141
1.370000	3.027344	-1.977539
1.375000	4.326172	-0.517578
1.380000	4.667969	0.937500
1.385000	4.052734	1.845703
1.390000	2.836914	2.006836
1.395000	1.508789	1.523438
1.400000	0.498047	0.732422
1.405000	0.000000	-0.024414
1.410000	0.009766	-0.512695
1.415000	0.336914	-0.566406
1.420000	0.703125	-0.268555
1.425000	0.878906	0.200195
1.430000	0.742188	0.620117
1.435000	0.327148	0.854492
1.440000	-0.239258	0.678711
1.445000	-0.659180	-0.639648
1.450000	-0.219727	-2.373047
1.455000	1.323242	-2.822266
1.460000	3.178711	-2.001953
1.465000	4.497070	-0.498047
1.470000	4.824219	0.986328
1.475000	4.174805	1.904297
1.480000	2.919922	2.045898
1.485000	1.567383	1.538086
1.490000	0.546875	0.717773
1.495000	0.063477	-0.048828
1.500000	0.083008	-0.478516
1.505000	0.395508	-0.507812
1.510000	0.722656	-0.200195
1.515000	0.849609	0.239258
1.520000	0.688477	0.629883
1.525000	0.263672	0.839844
1.530000	-0.292969	0.590820
1.535000	-0.649414	-0.791016
1.540000	-0.112305	-2.407227
1.545000	1.459961	-2.709961
1.550000	3.237305	-1.811523
1.555000	4.428711	-0.317383
1.560000	4.643555	1.088867
1.565000	3.920898	1.909180
1.570000	2.661133	1.977539
1.575000	1.352539	1.435547
1.580000	0.400391	0.625000
1.585000	-0.019531	-0.102539
1.590000	0.039062	-0.541992
1.595000	0.385742	-0.546875
1.600000	0.742188	-0.209961
1.605000	0.878906	0.258789
1.610000	0.703125	0.664062
1.615000	0.258789	0.869141
1.620000	-0.317383	0.585938
1.625000	-0.664062	-0.883789
1.630000	-0.073242	-2.514648
1.635000	1.567383	-2.783203
1.640000	3.393555	-1.826172
1.645000	4.599609	-0.288086
1.650000	4.794922	1.147461
1.655000	4.038086	1.962891
1.660000	2.739258	2.011719
1.665000	1.406250	1.440430
1.670000	0.454102	0.605469
1.675000	0.039062	-0.126953
1.680000	0.112305	-0.512695
1.685000	0.444336	-0.478516
1.690000	0.751953	-0.151367
1.695000	0.844727	0.297852
1.700000	0.644531	0.673828
1.705000	0.195312	0.844727
1.710000	-0.361328	0.478516
1.715000	-0.644531	-1.035156
1.720000	0.043945	-2.524414
1.725000	1.694336	-2.651367
1.730000	3.437500	-1.635742
1.735000	4.511719	-0.117188
1.740000	4.589844	1.230469
1.745000	3.774414	1.958008
1.750000	2.485352	1.933594
1.755000	1.210938	1.337891
1.760000	0.317383	0.517578
1.765000	-0.039062	-0.185547
1.770000	0.073242	-0.566406
1.775000	0.444336	-0.517578
1.780000	0.771484	-0.156250
1.785000	0.874023	0.322266
1.790000	0.654297	0.698242
1.795000	0.185547	0.874023
1.800000	-0.385742	0.463867
1.805000	-0.659180	-1.132812
1.810000	0.092773	-2.631836
1.815000	1.811523	-2.719727
1.820000	3.603516	-1.650391
1.825000	4.682617	-0.083008
1.830000	4.741211	1.289062
1.835000	3.891602	2.016602
1.840000	2.563477	1.962891
1.845000	1.259766	1.337891
1.850000	0.366211	0.498047
1.855000	0.029297	-0.195312
1.860000	0.146484	-0.532227
1.865000	0.483398	-0.454102
1.870000	0.776367	-0.092773
1.875000	0.839844	0.351562
1.880000	0.600586	0.703125
1.885000	0.131836	0.849609
1.890000	-0.429688	0.351562
1.895000	-0.625000	-1.269531
1.900000	0.214844	-2.622070
1.905000	1.928711	-2.573242
1.910000	3.623047	-1.455078
1.915000	4.580078	0.073242
1.920000	4.531250	1.367188
1.925000	3.632812	1.997070
1.930000	2.314453	1.879883
1.935000	1.069336	1.235352
1.940000	0.244141	0.419922
1.945000	-0.048828	-0.258789
1.950000	0.112305	-0.581055
1.955000	0.488281	-0.483398
1.960000	0.800781	-0.092773
1.965000	0.864258	0.375977
1.970000	0.610352	0.737305
1.975000	0.117188	0.878906
1.980000	-0.454102	0.322266
1.985000	-0.629883	-1.372070
1.990000	0.273438	-2.724609
1.995000	2.055664	-2.636719
2.000000	3.779297	-1.459961
2.005000	4.750977	0.112305
2.010000	4.672852	1.420898
2.015000	3.735352	2.050781
2.020000	2.392578	1.914062
2.025000	1.123047	1.240234
2.030000	0.292969	0.400391
2.035000	0.019531	-0.263672
2.040000	0.185547	-0.537109
2.045000	0.527344	-0.419922
2.050000	0.800781	-0.039062
2.055000	0.825195	0.410156
2.060000	0.546875	0.737305
2.065000	0.058594	0.844727
2.070000	-0.488281	0.200195
2.075000	-0.590820	-1.508789
2.080000	0.410156	-2.690430
2.085000	2.167969	-2.480469
2.090000	3.793945	-1.269531
2.095000	4.633789	0.268555
2.100000	4.458008	1.489258
2.105000	3.481445	2.021484
2.110000	2.143555	1.821289
2.115000	0.932617	1.137695
2.120000	0.175781	0.317383
2.125000	-0.048828	-0.322266
2.130000	0.151367	-0.595703
2.135000	0.537109	-0.449219
2.140000	0.830078	-0.034180
2.145000	0.849609	0.434570
2.150000	0.556641	0.766602
2.155000	0.043945	0.864258
2.160000	-0.517578	0.161133
2.165000	-0.595703	-1.616211
2.170000	0.478516	-2.788086
2.175000	2.304688	-2.529297
2.180000	3.959961	-1.269531
2.185000	4.799805	0.307617
2.190000	4.599609	1.547852
2.195000	3.579102	2.070312
2.200000	2.207031	1.850586
2.205000	0.986328	1.132812
2.210000	0.229492	0.297852
2.215000	0.019531	-0.322266
2.220000	0.224609	-0.546875
2.225000	0.576172	-0.380859
2.230000	0.825195	0.019531
2.235000	0.805664	0.458984
2.240000	0.493164	0.766602
2.245000	-0.014648	0.820312
2.250000	-0.541992	0.019531
2.255000	-0.527344	-2.421875
2.260000	1.474609	-2.705078
2.265000	3.256836	-1.791992
2.270000	4.438477	-0.297852
2.275000	4.633789	1.103516
2.280000	3.906250	1.909180
2.285000	2.641602	1.972656
2.290000	1.337891	1.420898
2.295000	0.395508	0.615234
2.300000	-0.024414	-0.112305
2.305000	0.043945	-0.546875
2.310000	0.390625	-0.546875
2.315000	0.747070	-0.205078
2.320000	0.878906	0.268555
2.325000	0.698242	0.664062
2.330000	0.258789	0.869141
2.335000	-0.322266	0.576172
2.340000	-0.668945	-0.908203
2.345000	-0.053711	-2.524414
2.350000	1.591797	-2.778320
2.355000	3.413086	-1.811523
2.360000	4.609375	-0.273438
2.365000	4.790039	1.162109
2.370000	4.023438	1.967773
2.375000	2.729492	2.011719
2.380000	1.396484	1.430664
2.385000	0.449219	0.595703
2.390000	0.039062	-0.131836
2.395000	0.112305	-0.512695
2.400000	0.444336	-0.478516
2.405000	0.761719	-0.146484
2.410000	0.849609	0.302734
2.415000	0.639648	0.673828
2.420000	0.190430	0.844727
2.425000	-0.366211	0.473633
2.430000	-0.639648	-1.049805
2.435000	0.058594	-2.529297
2.440000	1.713867	-2.646484
2.445000	3.452148	-1.621094
2.450000	4.516602	-0.102539
2.455000	4.589844	1.245117
2.460000	3.764648	1.962891
2.465000	2.475586	1.928711
2.470000	1.201172	1.328125
2.475000	0.307617	0.512695
2.480000	-0.043945	-0.190430
2.485000	0.078125	-0.566406
2.490000	0.444336	-0.517578
2.495000	0.771484	-0.146484
2.500000	0.869141	0.322266
2.505000	0.649414	0.703125
2.510000	0.180664	0.874023
2.515000	-0.390625	0.449219
2.520000	-0.654297	-1.157227
2.525000	0.107422	-2.636719
2.530000	1.831055	-2.709961
2.535000	3.613281	-1.630859
2.540000	4.692383	-0.068359
2.545000	4.736328	1.303711
2.550000	3.876953	2.016602
2.555000	2.543945	1.958008
2.560000	1.250000	1.328125
2.565000	0.366211	0.493164
2.570000	0.024414	-0.205078
2.575000	0.151367	-0.527344
2.580000	0.493164	-0.449219
2.585000	0.781250	-0.087891
2.590000	0.834961	0.356445
2.595000	0.595703	0.708008
2.600000	0.122070	0.844727
2.605000	-0.439453	0.336914
2.610000	-0.625000	-1.293945
2.615000	0.234375	-2.626953
2.620000	1.953125	-2.563477
2.625000	3.637695	-1.435547
2.630000	4.584961	0.087891
2.635000	4.526367	1.376953
2.640000	3.623047	1.997070
2.645000	2.299805	1.875000
2.650000	1.059570	1.230469
2.655000	0.229492	0.410156
2.660000	-0.048828	-0.263672
2.665000	0.117188	-0.585938
2.670000	0.493164	-0.478516
2.675000	0.805664	-0.087891
2.680000	0.859375	0.380859
2.685000	0.605469	0.737305
2.690000	0.112305	0.874023
2.695000	-0.458984	0.307617
2.700000	-0.629883	-1.396484
2.705000	0.292969	-2.729492
2.710000	2.080078	-2.626953
2.715000	3.798828	-1.440430
2.720000	4.755859	0.131836
2.725000	4.672852	1.435547
2.730000	3.725586	2.055664
2.735000	2.373047	1.904297
2.740000	1.113281	1.230469
2.745000	0.288086	0.385742
2.750000	0.019531	-0.268555
2.755000	0.185547	-0.541992
2.760000	0.537109	-0.415039
2.765000	0.805664	-0.029297
2.770000	0.820312	0.415039
2.775000	0.541992	0.737305
2.780000	0.048828	0.844727
2.785000	-0.493164	0.185547
2.790000	-0.581055	-1.533203
2.795000	0.424805	-2.700195
2.800000	2.192383	-2.470703
2.805000	3.808594	-1.250000
2.810000	4.638672	0.288086
2.815000	4.448242	1.499023
2.820000	3.461914	2.021484
2.825000	2.128906	1.816406
2.830000	0.922852	1.123047
2.835000	0.166016	0.307617
2.840000	-0.048828	-0.327148
2.845000	0.156250	-0.595703
2.850000	0.541992	-0.444336
2.855000	0.830078	-0.024414
2.860000	0.849609	0.434570
2.865000	0.551758	0.771484
2.870000	0.039062	0.859375
2.875000	-0.517578	0.146484
2.880000	-0.585938	-1.635742
2.885000	0.493164	-2.797852
2.890000	2.324219	-2.519531
2.895000	3.974609	-1.250000
2.900000	4.804688	0.327148
2.905000	4.589844	1.557617
2.910000	3.564453	2.075195
2.915000	2.197266	1.845703
2.920000	0.976562	1.118164
2.925000	0.224609	0.288086
2.930000	0.019531	-0.327148
2.935000	0.229492	-0.546875
2.940000	0.581055	-0.375977
2.945000	0.825195	0.024414
2.950000	0.805664	0.463867
2.955000	0.493164	0.766602
2.960000	-0.019531	0.820312
2.965000	-0.546875	0.009766
2.970000	-0.522461	-1.752930
2.975000	0.625000	-2.739258
2.980000	2.426758	-2.358398
2.985000	3.964844	-1.059570
2.990000	4.663086	0.468750
2.995000	4.360352	1.606445
3.000000	3.300781	2.036133
3.005000	1.958008	1.748047
3.010000	0.800781	1.020508
3.015000	0.112305	0.214844
3.020000	-0.039062	-0.385742
3.025000	0.205078	-0.600586
3.030000	0.585938	-0.400391
3.035000	0.849609	0.029297
3.040000	0.825195	0.488281
3.045000	0.493164	0.795898
3.050000	-0.039062	0.839844
3.055000	-0.576172	-0.043945
3.060000	-0.517578	-1.865234
3.065000	0.703125	-2.832031
3.070000	2.553711	-2.402344
3.075000	4.135742	-1.054688
3.080000	4.833984	0.512695
3.085000	4.492188	1.669922
3.090000	3.398438	2.080078
3.095000	2.021484	1.772461
3.100000	0.849609	1.010742
3.105000	0.170898	0.190430
3.110000	0.029297	-0.375977
3.115000	0.268555	-0.546875
3.120000	0.620117	-0.336914
3.125000	0.839844	0.078125
3.130000	0.776367	0.512695
3.135000	0.434570	0.791016
3.140000	-0.092773	0.781250
3.145000	-0.590820	-0.190430
3.150000	-0.434570	-1.962891
3.155000	0.844727	-2.758789
3.160000	2.651367	-2.221680
3.165000	4.111328	-0.864258
3.170000	4.682617	0.649414
3.175000	4.252930	1.708984
3.180000	3.129883	2.031250
3.185000	1.787109	1.669922
3.190000	0.678711	0.913086
3.195000	0.063477	0.126953
3.200000	-0.024414	-0.439453
3.205000	0.253906	-0.595703
3.210000	0.634766	-0.351562
3.215000	0.864258	0.092773
3.220000	0.800781	0.541992
3.225000	0.434570	0.825195
3.230000	-0.112305	0.795898
3.235000	-0.615234	-0.249023
3.240000	-0.424805	-2.075195
3.245000	0.932617	-2.856445
3.250000	2.792969	-2.260742
3.255000	4.287109	-0.844727
3.260000	4.843750	0.698242
3.265000	4.384766	1.767578
3.270000	3.222656	2.075195
3.275000	1.850586	1.689453
3.280000	0.727539	0.903320
3.285000	0.117188	0.097656
3.290000	0.048828	-0.424805
3.295000	0.312500	-0.537109
3.300000	0.659180	-0.292969
3.305000	0.849609	0.141602
3.310000	0.751953	0.561523
3.315000	0.375977	0.810547
3.320000	-0.166016	0.727539
3.325000	-0.625000	-0.400391
3.330000	-0.336914	-2.148438
3.335000	1.064453	-2.758789
3.340000	2.871094	-2.084961
3.345000	4.243164	-0.659180
3.350000	4.682617	0.820312
3.355000	4.140625	1.791992
3.360000	2.958984	2.021484
3.365000	1.621094	1.586914
3.370000	0.566406	0.805664
3.375000	0.024414	0.034180
3.380000	-0.004883	-0.483398
3.385000	0.302734	-0.581055
3.390000	0.678711	-0.302734
3.395000	0.874023	0.156250
3.400000	0.766602	0.590820
3.405000	0.371094	0.844727
3.410000	-0.190430	0.732422
3.415000	-0.644531	-0.473633
3.420000	-0.317383	-2.260742
3.425000	1.162109	-2.846680
3.430000	3.027344	-2.114258
3.435000	4.414062	-0.644531
3.440000	4.843750	0.874023
3.445000	4.267578	1.855469
3.450000	3.046875	2.060547
3.455000	1.684570	1.596680
3.460000	0.620117	0.791016
3.465000	0.083008	0.009766
3.470000	0.068359	-0.463867
3.475000	0.361328	-0.517578
3.480000	0.698242	-0.239258
3.485000	0.849609	0.200195
3.490000	0.712891	0.600586
3.495000	0.307617	0.825195
3.500000	-0.239258	0.654297
3.505000	-0.639648	-0.625000
3.510000	-0.214844	-2.304688
3.515000	1.289062	-2.734375
3.520000	3.090820	-1.923828
3.525000	4.355469	-0.458984
3.530000	4.663086	0.976562
3.535000	4.013672	1.865234
3.540000	2.783203	1.992188
3.545000	1.464844	1.499023
3.550000	0.468750	0.698242
3.555000	-0.009766	-0.048828
3.560000	0.014648	-0.522461
3.565000	0.351562	-0.561523
3.570000	0.717773	-0.249023
3.575000	0.878906	0.214844
3.580000	0.732422	0.634766
3.585000	0.302734	0.859375
3.590000	-0.263672	0.649414
3.595000	-0.664062	-0.708008
3.600000	-0.175781	-2.416992
3.605000	1.391602	-2.817383
3.610000	3.242188	-1.948242
3.615000	4.526367	-0.434570
3.620000	4.819336	1.040039
3.625000	4.135742	1.923828
3.630000	2.866211	2.036133
3.635000	1.518555	1.508789
3.640000	0.522461	0.678711
3.645000	0.053711	-0.073242
3.650000	0.092773	-0.493164
3.655000	0.410156	-0.498047
3.660000	0.732422	-0.185547
3.665000	0.849609	0.258789
3.670000	0.678711	0.644531
3.675000	0.244141	0.839844
3.680000	-0.312500	0.556641
3.685000	-0.649414	-0.869141
3.690000	-0.063477	-2.446289
3.695000	1.528320	-2.695312
3.700000	3.295898	-1.757812
3.705000	4.453125	-0.258789
3.710000	4.624023	1.132812
3.715000	3.876953	1.923828
3.720000	2.607422	1.962891
3.725000	1.308594	1.406250
3.730000	0.375977	0.595703
3.735000	-0.029297	-0.126953
3.740000	0.048828	-0.556641
3.745000	0.405273	-0.537109
3.750000	0.751953	-0.195312
3.755000	0.874023	0.278320
3.760000	0.688477	0.673828
3.765000	0.239258	0.869141
3.770000	-0.336914	0.551758
3.775000	-0.668945	-0.957031
3.780000	-0.024414	-2.548828
3.785000	1.640625	-2.763672
3.790000	3.457031	-1.767578
3.795000	4.624023	-0.224609
3.800000	4.775391	1.191406
3.805000	3.989258	1.977539
3.810000	2.685547	1.997070
3.815000	1.362305	1.411133
3.820000	0.424805	0.566406
3.825000	0.034180	-0.146484
3.830000	0.122070	-0.517578
3.835000	0.454102	-0.473633
3.840000	0.761719	-0.131836
3.845000	0.849609	0.312500
3.850000	0.629883	0.678711
3.855000	0.175781	0.849609
3.860000	-0.385742	0.444336
3.865000	-0.634766	-1.113281
3.870000	0.097656	-2.558594
3.875000	1.772461	-2.626953
3.880000	3.491211	-1.577148
3.885000	4.536133	-0.058594
3.890000	4.575195	1.274414
3.895000	3.730469	1.972656
3.900000	2.436523	1.918945
3.905000	1.166992	1.303711
3.910000	0.292969	0.488281
3.915000	-0.043945	-0.205078
3.920000	0.083008	-0.576172
3.925000	0.458984	-0.507812
3.930000	0.786133	-0.136719
3.935000	0.874023	0.332031
3.940000	0.644531	0.712891
3.945000	0.166016	0.878906
3.950000	-0.410156	0.424805
3.955000	-0.649414	-1.210938
3.960000	0.151367	-2.661133
3.965000	1.889648	-2.695312
3.970000	3.662109	-1.586914
3.975000	4.707031	-0.024414
3.980000	4.726562	1.333008
3.985000	3.842773	2.026367
3.990000	2.509766	1.948242
3.995000	1.220703	1.308594
4.000000	0.346680	0.468750
4.005000	0.019531	-0.214844
4.010000	0.156250	-0.532227
4.015000	0.502930	-0.449219
4.020000	0.781250	-0.078125
4.025000	0.834961	0.371094
4.030000	0.581055	0.717773
4.035000	0.107422	0.849609
4.040000	-0.444336	0.307617
4.045000	-0.620117	-1.342773
4.050000	0.273438	-2.646484
4.055000	2.001953	-2.543945
4.060000	3.676758	-1.396484
4.065000	4.594727	0.136719
4.070000	4.511719	1.406250
4.075000	3.588867	2.006836
4.080000	2.260742	1.865234
4.085000	1.030273	1.206055
4.090000	0.219727	0.390625
4.095000	-0.048828	-0.278320
4.100000	0.126953	-0.590820
4.105000	0.502930	-0.478516
4.110000	0.810547	-0.078125
4.115000	0.859375	0.395508
4.120000	0.595703	0.747070
4.125000	0.092773	0.874023
4.130000	-0.473633	0.273438
4.135000	-0.620117	-1.450195
4.140000	0.336914	-2.744141
4.145000	2.128906	-2.602539
4.150000	3.837891	-1.401367
4.155000	4.765625	0.175781
4.160000	4.653320	1.464844
4.165000	3.691406	2.060547
4.170000	2.333984	1.894531
4.175000	1.079102	1.206055
4.180000	0.273438	0.361328
4.185000	0.019531	-0.288086
4.190000	0.195312	-0.541992
4.195000	0.546875	-0.410156
4.200000	0.805664	-0.019531
4.205000	0.815430	0.424805
4.210000	0.532227	0.747070
4.215000	0.034180	0.839844
4.220000	-0.507812	0.146484
4.225000	-0.571289	-1.582031
4.230000	0.473633	-2.709961
4.235000	2.241211	-2.446289
4.240000	3.842773	-1.210938
4.245000	4.643555	0.327148
4.250000	4.428711	1.528320
4.255000	3.422852	2.026367
4.260000	2.089844	1.801758
4.265000	0.893555	1.098633
4.270000	0.156250	0.292969
4.275000	-0.048828	-0.341797
4.280000	0.166016	-0.595703
4.285000	0.556641	-0.429688
4.290000	0.839844	-0.014648
4.295000	0.839844	0.449219
4.300000	0.541992	0.771484
4.305000	0.019531	0.854492
4.310000	-0.532227	0.102539
4.315000	-0.571289	-1.689453
4.320000	0.541992	-2.807617
4.325000	2.377930	-2.495117
4.330000	4.013672	-1.210938
4.335000	4.814453	0.371094
4.340000	4.565430	1.582031
4.345000	3.520508	2.075195
4.350000	2.153320	1.826172
4.355000	0.947266	1.098633
4.360000	0.209961	0.263672
4.365000	0.019531	-0.336914
4.370000	0.239258	-0.546875
4.375000	0.590820	-0.366211
4.380000	0.830078	0.039062
4.385000	0.795898	0.473633
4.390000	0.478516	0.771484
4.395000	-0.039062	0.810547
4.400000	-0.556641	-0.039062
4.405000	-0.502930	-1.806641
4.410000	0.678711	-2.744141
4.415000	2.480469	-2.329102
4.420000	4.003906	-1.015625
4.425000	4.672852	0.512695
4.430000	4.335938	1.635742
4.435000	3.256836	2.036133
4.440000	1.914062	1.733398
4.445000	0.766602	0.991211
4.450000	0.097656	0.190430
4.455000	-0.039062	-0.400391
4.460000	0.214844	-0.595703
4.465000	0.605469	-0.390625
4.470000	0.849609	0.043945
4.475000	0.815430	0.502930
4.480000	0.483398	0.805664
4.485000	-0.058594	0.825195
4.490000	-0.585938	-0.092773
4.495000	-0.498047	-1.918945
4.500000	0.761719	-2.836914
4.505000	2.617188	-2.368164
4.510000	4.179688	-1.005859
4.515000	4.838867	0.561523
4.520000	4.467773	1.699219
4.525000	3.354492	2.080078
4.530000	1.977539	1.752930
4.535000	0.820312	0.986328
4.540000	0.151367	0.166016
4.545000	0.034180	-0.390625
4.550000	0.283203	-0.541992
4.555000	0.634766	-0.322266
4.560000	0.839844	0.097656
4.565000	0.771484	0.527344
4.570000	0.419922	0.800781
4.575000	-0.112305	0.771484
4.580000	-0.600586	-0.239258
4.585000	-0.415039	-2.006836
4.590000	0.893555	-2.763672
4.595000	2.700195	-2.192383
4.600000	4.145508	-0.815430
4.605000	4.682617	0.688477
4.610000	4.228516	1.728516
4.615000	3.090820	2.031250
4.620000	1.748047	1.655273
4.625000	0.649414	0.883789
4.630000	0.053711	0.102539
4.635000	-0.024414	-0.449219
4.640000	0.263672	-0.595703
4.645000	0.644531	-0.341797
4.650000	0.864258	0.107422
4.655000	0.791016	0.551758
4.660000	0.419922	0.830078
4.665000	-0.131836	0.781250
4.670000	-0.625000	-0.297852
4.675000	-0.400391	-2.124023
4.680000	0.986328	-2.856445
4.685000	2.846680	-2.226562
4.690000	4.316406	-0.800781
4.695000	4.843750	0.737305
4.700000	4.360352	1.787109
4.705000	3.178711	2.080078
4.710000	1.811523	1.665039
4.715000	0.703125	0.874023
4.720000	0.107422	0.073242
4.725000	0.048828	-0.434570
4.730000	0.327148	-0.532227
4.735000	0.673828	-0.278320
4.740000	0.849609	0.151367
4.745000	0.737305	0.571289
4.750000	0.361328	0.810547
4.755000	-0.185547	0.708008
4.760000	-0.629883	-0.454102
4.765000	-0.307617	-2.187500
4.770000	1.123047	-2.758789
4.775000	2.924805	-2.045898
4.780000	4.272461	-0.610352
4.785000	4.677734	0.859375
4.790000	4.111328	1.811523
4.795000	2.915039	2.021484
4.800000	1.582031	1.567383
4.805000	0.541992	0.781250
4.810000	0.014648	0.014648
4.815000	-0.004883	-0.493164
4.820000	0.312500	-0.576172
4.825000	0.688477	-0.292969
4.830000	0.878906	0.170898
4.835000	0.756836	0.600586
4.840000	0.356445	0.849609
4.845000	-0.205078	0.717773
4.850000	-0.649414	-0.527344
4.855000	-0.283203	-2.294922
4.860000	1.215820	-2.841797
4.865000	3.076172	-2.075195
4.870000	4.443359	-0.590820
4.875000	4.833984	0.908203
4.880000	4.238281	1.870117
4.885000	3.002930	2.055664
4.890000	1.645508	1.577148
4.895000	0.600586	0.766602
4.900000	0.073242	-0.009766
4.905000	0.068359	-0.468750
4.910000	0.371094	-0.512695
4.915000	0.703125	-0.224609
4.920000	0.849609	0.214844
4.925000	0.703125	0.610352
4.930000	0.292969	0.830078
4.935000	-0.253906	0.629883
4.940000	-0.644531	-0.683594
4.945000	-0.180664	-2.338867
4.950000	1.347656	-2.729492
4.955000	3.139648	-1.889648
4.960000	4.379883	-0.410156
4.965000	4.658203	1.015625
4.970000	3.979492	1.879883
4.975000	2.749023	1.992188
4.980000	1.425781	1.479492
4.985000	0.449219	0.673828
4.990000	-0.009766	-0.068359
4.995000	0.024414	-0.527344
5.000000	0.366211	-0.556641
5.005000	0.727539	-0.239258
5.010000	0.878906	0.229492
5.015000	0.722656	0.644531
5.020000	0.292969	0.859375
5.025000	-0.278320	0.629883
5.030000	-0.668945	-0.756836
5.035000	-0.146484	-2.451172
5.040000	1.450195	-2.812500
5.045000	3.291016	-1.914062
5.050000	4.550781	-0.390625
5.055000	4.819336	1.069336
5.060000	4.106445	1.933594
5.065000	2.832031	2.026367
5.070000	1.484375	1.489258
5.075000	0.498047	0.659180
5.080000	0.053711	-0.087891
5.085000	0.102539	-0.502930
5.090000	0.419922	-0.493164
5.095000	0.737305	-0.170898
5.100000	0.849609	0.273438
5.105000	0.668945	0.654297
5.110000	0.234375	0.844727
5.115000	-0.327148	0.541992
5.120000	-0.649414	-0.913086
5.125000	-0.034180	-2.470703
5.130000	1.572266	-2.680664
5.135000	3.334961	-1.723633
5.140000	4.467773	-0.219727
5.145000	4.619141	1.162109
5.150000	3.847656	1.938477
5.155000	2.573242	1.953125
5.160000	1.279297	1.386719
5.165000	0.356445	0.571289
5.170000	-0.029297	-0.146484
5.175000	0.058594	-0.556641
5.180000	0.415039	-0.532227
5.185000	0.756836	-0.180664
5.190000	0.874023	0.292969
5.195000	0.678711	0.683594
5.200000	0.224609	0.869141
5.205000	-0.351562	0.527344
5.210000	-0.668945	-1.010742
5.215000	0.004883	-2.573242
5.220000	1.689453	-2.753906
5.225000	3.496094	-1.738281
5.230000	4.643555	-0.185547
5.235000	4.770508	1.220703
5.240000	3.964844	1.992188
5.245000	2.651367	1.987305
5.250000	1.337891	1.391602
5.255000	0.410156	0.556641
5.260000	0.029297	-0.161133
5.265000	0.131836	-0.517578
5.270000	0.463867	-0.468750
5.275000	0.766602	-0.122070
5.280000	0.844727	0.327148
5.285000	0.620117	0.688477
5.290000	0.161133	0.849609
5.295000	-0.395508	0.419922
5.300000	-0.634766	-1.162109
5.305000	0.131836	-2.578125
5.310000	1.816406	-2.612305
5.315000	3.530273	-1.542969
5.320000	4.550781	-0.019531
5.325000	4.565430	1.303711
5.330000	3.706055	1.982422
5.335000	2.402344	1.909180
5.340000	1.137695	1.284180
5.345000	0.278320	0.468750
5.350000	-0.043945	-0.224609
5.355000	0.092773	-0.576172
5.360000	0.463867	-0.498047
5.365000	0.791016	-0.126953
5.370000	0.864258	0.346680
5.375000	0.629883	0.722656
5.380000	0.146484	0.878906
5.385000	-0.419922	0.395508
5.390000	-0.644531	-1.254883
5.395000	0.190430	-2.680664
5.400000	1.938477	-2.675781
5.405000	3.696289	-1.552734
5.410000	4.716797	0.019531
5.415000	4.707031	1.357422
5.420000	3.813477	2.031250
5.425000	2.470703	1.938477
5.430000	1.191406	1.289062
5.435000	0.327148	0.444336
5.440000	0.019531	-0.234375
5.445000	0.166016	-0.537109
5.450000	0.512695	-0.434570
5.455000	0.795898	-0.063477
5.460000	0.825195	0.380859
5.465000	0.576172	0.717773
5.470000	0.087891	0.849609
5.475000	-0.458984	0.273438
5.480000	-0.610352	-1.396484
5.485000	0.317383	-2.661133
5.490000	2.055664	-2.524414
5.495000	3.715820	-1.357422
5.500000	4.604492	0.180664
5.505000	4.492188	1.430664
5.510000	3.554688	2.011719
5.515000	2.226562	1.855469
5.520000	1.000977	1.186523
5.525000	0.205078	0.371094
5.530000	-0.048828	-0.292969
5.535000	0.136719	-0.590820
5.540000	0.512695	-0.468750
5.545000	0.815430	-0.063477
5.550000	0.854492	0.405273
5.555000	0.581055	0.751953
5.560000	0.078125	0.869141
5.565000	-0.488281	0.244141
5.570000	-0.615234	-1.499023
5.575000	0.375977	-2.758789
5.580000	2.182617	-2.583008
5.585000	3.876953	-1.362305
5.590000	4.780273	0.214844
5.595000	4.638672	1.489258
5.600000	3.662109	2.060547
5.605000	2.299805	1.875000
5.610000	1.054688	1.186523
5.615000	0.263672	0.346680
5.620000	0.019531	-0.297852
5.625000	0.205078	-0.546875
5.630000	0.556641	-0.400391
5.635000	0.815430	-0.009766
5.640000	0.815430	0.434570
5.645000	0.522461	0.747070
5.650000	0.019531	0.834961
5.655000	-0.517578	0.112305
5.660000	-0.561523	-1.625977
5.665000	0.507812	-2.714844
5.670000	2.285156	-2.421875
5.675000	3.872070	-1.176758
5.680000	4.653320	0.361328
5.685000	4.414062	1.542969
5.690000	3.393555	2.031250
5.695000	2.055664	1.787109
5.700000	0.869141	1.083984
5.705000	0.146484	0.273438
5.710000	-0.048828	-0.356445
5.715000	0.175781	-0.595703
5.720000	0.566406	-0.429688
5.725000	0.839844	-0.004883
5.730000	0.839844	0.458984
5.735000	0.532227	0.781250
5.740000	0.004883	0.849609
5.745000	-0.546875	0.068359
5.750000	-0.561523	-1.733398
5.755000	0.576172	-2.817383
5.760000	2.421875	-2.475586
5.765000	4.042969	-1.171875
5.770000	4.819336	0.405273
5.775000	4.550781	1.606445
5.780000	3.496094	2.080078
5.785000	2.124023	1.811523
5.790000	0.922852	1.079102
5.795000	0.200195	0.244141
5.800000	0.024414	-0.346680
5.805000	0.239258	-0.546875
5.810000	0.600586	-0.361328
5.815000	0.830078	0.048828
5.820000	0.795898	0.483398
5.825000	0.468750	0.776367
5.830000	-0.048828	0.805664
5.835000	-0.566406	-0.068359
5.840000	-0.488281	-1.845703
5.845000	0.717773	-2.753906
5.850000	2.514648	-2.304688
5.855000	4.028320	-0.976562
5.860000	4.672852	0.541992
5.865000	4.316406	1.650391
5.870000	3.232422	2.036133
5.875000	1.884766	1.718750
5.880000	0.747070	0.976562
5.885000	0.092773	0.180664
5.890000	-0.034180	-0.410156
5.895000	0.219727	-0.595703
5.900000	0.610352	-0.380859
5.905000	0.854492	0.058594
5.910000	0.810547	0.512695
5.915000	0.468750	0.810547
5.920000	-0.073242	0.820312
5.925000	-0.595703	-0.131836
5.930000	-0.483398	-1.953125
5.935000	0.795898	-2.841797
5.940000	2.656250	-2.348633
5.945000	4.199219	-0.966797
5.950000	4.838867	0.590820
5.955000	4.448242	1.713867
5.960000	3.325195	2.080078
5.965000	1.948242	1.738281
5.970000	0.795898	0.966797
5.975000	0.146484	0.151367
5.980000	0.034180	-0.400391
5.985000	0.288086	-0.541992
5.990000	0.639648	-0.317383
5.995000	0.844727	0.107422
6.000000	0.766602	0.532227
6.005000	0.410156	0.800781
6.010000	-0.122070	0.761719
6.015000	-0.610352	-0.278320
6.020000	-0.395508	-2.045898
6.025000	0.937500	-2.763672
6.030000	2.744141	-2.167969
6.035000	4.169922	-0.776367
6.040000	4.682617	0.722656
6.045000	4.208984	1.748047
6.050000	3.056641	2.031250
6.055000	1.718750	1.635742
6.060000	0.629883	0.864258
6.065000	0.043945	0.083008
6.070000	-0.019531	-0.463867
6.075000	0.273438	-0.590820
6.080000	0.654297	-0.332031
6.085000	0.869141	0.117188
6.090000	0.786133	0.561523
6.095000	0.415039	0.834961
6.100000	-0.141602	0.771484
6.105000	-0.629883	-0.341797
6.110000	-0.385742	-2.153320
6.115000	1.025391	-2.856445
6.120000	2.890625	-2.202148
6.125000	4.340820	-0.761719
6.130000	4.848633	0.766602
6.135000	4.340820	1.801758
6.140000	3.149414	2.075195
6.145000	1.782227	1.650391
6.150000	0.683594	0.859375
6.155000	0.107422	0.063477
6.160000	0.053711	-0.439453
6.165000	0.332031	-0.532227
6.170000	0.678711	-0.273438
6.175000	0.849609	0.166016
6.180000	0.732422	0.576172
6.185000	0.346680	0.815430
6.190000	-0.195312	0.698242
6.195000	-0.629883	-0.488281
6.200000	-0.288086	-2.211914
6.205000	1.162109	-2.753906
6.210000	2.958984	-2.016602
6.215000	4.291992	-0.581055
6.220000	4.672852	0.883789
6.225000	4.091797	1.826172
6.230000	2.890625	2.016602
6.235000	1.557617	1.557617
6.240000	0.527344	0.766602
6.245000	0.009766	0.000000
6.250000	0.000000	-0.502930
6.255000	0.322266	-0.576172
6.260000	0.693359	-0.283203
6.265000	0.878906	0.175781
6.270000	0.751953	0.610352
6.275000	0.346680	0.849609
6.280000	-0.214844	0.703125
6.285000	-0.654297	-0.566406
6.290000	-0.263672	-2.319336
6.295000	1.250000	-2.832031
6.300000	3.115234	-2.050781
6.305000	4.458008	-0.561523
6.310000	4.829102	0.937500
6.315000	4.213867	1.879883
6.320000	2.978516	2.055664
6.325000	1.621094	1.567383
6.330000	0.581055	0.747070
6.335000	0.073242	-0.024414
6.340000	0.073242	-0.473633
6.345000	0.375977	-0.512695
6.350000	0.712891	-0.219727
6.355000	0.849609	0.224609
6.360000	0.698242	0.620117
6.365000	0.283203	0.830078
6.370000	-0.268555	0.620117
6.375000	-0.644531	-0.722656
6.380000	-0.156250	-2.368164
6.385000	1.386719	-2.724609
6.390000	3.168945	-1.860352
6.395000	4.394531	-0.380859
6.400000	4.653320	1.044922
6.405000	3.959961	1.889648
6.410000	2.714844	1.987305
6.415000	1.401367	1.459961
6.420000	0.429688	0.654297
6.425000	-0.014648	-0.083008
6.430000	0.029297	-0.532227
6.435000	0.371094	-0.556641
6.440000	0.732422	-0.229492
6.445000	0.874023	0.239258
6.450000	0.712891	0.649414
6.455000	0.283203	0.864258
6.460000	-0.292969	0.615234
6.465000	-0.668945	-0.805664
6.470000	-0.117188	-2.470703
6.475000	1.494141	-2.802734
6.480000	3.330078	-1.879883
6.485000	4.565430	-0.351562
6.490000	4.804688	1.098633
6.495000	4.077148	1.943359
6.500000	2.797852	2.021484
6.505000	1.459961	1.474609
6.510000	0.483398	0.639648
6.515000	0.048828	-0.102539
6.520000	0.107422	-0.502930
6.525000	0.424805	-0.488281
6.530000	0.742188	-0.166016
6.535000	0.849609	0.278320
6.540000	0.659180	0.654297
6.545000	0.219727	0.849609
6.550000	-0.341797	0.517578
6.555000	-0.649414	-0.961914
6.560000	-0.004883	-2.490234
6.565000	1.616211	-2.670898
6.570000	3.378906	-1.689453
6.575000	4.487305	-0.175781
6.580000	4.609375	1.191406
6.585000	3.818359	1.948242
6.590000	2.539062	1.943359
6.595000	1.254883	1.367188
6.600000	0.341797	0.551758
6.605000	-0.034180	-0.161133
6.610000	0.063477	-0.561523
6.615000	0.424805	-0.527344
6.620000	0.766602	-0.170898
6.625000	0.878906	0.302734
6.630000	0.673828	0.688477
6.635000	0.214844	0.874023
6.640000	-0.366211	0.507812
6.645000	-0.664062	-1.054688
6.650000	0.039062	-2.597656
6.655000	1.733398	-2.744141
6.660000	3.535156	-1.708984
6.665000	4.663086	-0.151367
6.670000	4.760742	1.245117
6.675000	3.940430	2.001953
6.680000	2.617188	1.977539
6.685000	1.303711	1.372070
6.690000	0.395508	0.532227
6.695000	0.029297	-0.175781
6.700000	0.136719	-0.517578
6.705000	0.473633	-0.463867
6.710000	0.771484	-0.112305
6.715000	0.844727	0.336914
6.720000	0.615234	0.693359
6.725000	0.151367	0.849609
6.730000	-0.405273	0.395508
6.735000	-0.629883	-1.196289
6.740000	0.161133	-2.592773
6.745000	1.855469	-2.597656
6.750000	3.564453	-1.518555
6.755000	4.560547	0.009766
6.760000	4.550781	1.323242
6.765000	3.686523	1.987305
6.770000	2.377930	1.899414
6.775000	1.113281	1.269531
6.780000	0.263672	0.454102
6.785000	-0.048828	-0.239258
6.790000	0.102539	-0.576172
6.795000	0.473633	-0.493164
6.800000	0.791016	-0.117188
6.805000	0.869141	0.356445
6.810000	0.625000	0.727539
6.815000	0.141602	0.874023
6.820000	-0.434570	0.371094
6.825000	-0.639648	-1.289062
6.830000	0.214844	-2.695312
6.835000	1.972656	-2.666016
6.840000	3.725586	-1.523438
6.845000	4.731445	0.048828
6.850000	4.697266	1.381836
6.855000	3.784180	2.041016
6.860000	2.451172	1.933594
6.865000	1.171875	1.269531
6.870000	0.317383	0.429688
6.875000	0.019531	-0.244141
6.880000	0.170898	-0.537109
6.885000	0.517578	-0.434570
6.890000	0.795898	-0.058594
6.895000	0.830078	0.390625
6.900000	0.566406	0.722656
6.905000	0.078125	0.849609
6.910000	-0.473633	0.249023
6.915000	-0.605469	-1.435547
6.920000	0.346680	-2.666016
6.925000	2.089844	-2.509766
6.930000	3.735352	-1.328125
6.935000	4.614258	0.200195
6.940000	4.482422	1.450195
6.945000	3.530273	2.016602
6.950000	2.197266	1.845703
6.955000	0.981445	1.171875
6.960000	0.195312	0.351562
6.965000	-0.048828	-0.302734
6.970000	0.141602	-0.595703
6.975000	0.522461	-0.458984
6.980000	0.820312	-0.053711
6.985000	0.849609	0.415039
6.990000	0.576172	0.761719
6.995000	0.068359	0.869141
7.000000	-0.498047	0.219727
7.005000	-0.605469	-1.538086
7.010000	0.410156	-2.768555
7.015000	2.221680	-2.568359
7.020000	3.901367	-1.328125
7.025000	4.785156	0.244141
7.030000	4.624023	1.508789
7.035000	3.632812	2.065430
7.040000	2.270508	1.870117
7.045000	1.030273	1.166992
7.050000	0.249023	0.327148
7.055000	0.019531	-0.302734
7.060000	0.209961	-0.546875
7.065000	0.561523	-0.395508
7.070000	0.810547	0.000000
7.075000	0.810547	0.439453
7.080000	0.512695	0.751953
7.085000	0.009766	0.830078
7.090000	-0.522461	0.083008
7.095000	-0.546875	-1.665039
7.100000	0.541992	-2.724609
7.105000	2.329102	-2.402344
7.110000	3.901367	-1.142578
7.115000	4.658203	0.395508
7.120000	4.394531	1.567383
7.125000	3.369141	2.031250
7.130000	2.026367	1.777344
7.135000	0.849609	1.064453
7.140000	0.131836	0.253906
7.145000	-0.048828	-0.366211
7.150000	0.185547	-0.595703
7.155000	0.576172	-0.419922
7.160000	0.844727	0.004883
7.165000	0.834961	0.468750
7.170000	0.522461	0.791016
7.175000	-0.004883	0.849609
7.180000	-0.551758	0.034180
7.185000	-0.546875	-1.772461
7.190000	0.615234	-2.817383
7.195000	2.460938	-2.456055
7.200000	4.067383	-1.137695
7.205000	4.824219	0.434570
7.210000	4.536133	1.625977
7.215000	3.466797	2.080078
7.220000	2.089844	1.801758
7.225000	0.903320	1.059570
7.230000	0.190430	0.229492
7.235000	0.024414	-0.356445
7.240000	0.253906	-0.546875
7.245000	0.605469	-0.356445
7.250000	0.830078	0.058594
7.255000	0.791016	0.498047
7.260000	0.458984	0.781250
7.265000	-0.058594	0.800781
7.270000	-0.571289	-0.102539
7.275000	-0.478516	-1.879883
7.280000	0.751953	-2.753906
7.285000	2.553711	-2.285156
7.290000	4.047852	-0.947266
7.295000	4.677734	0.571289
7.300000	4.301758	1.665039
7.305000	3.203125	2.036133
7.310000	1.860352	1.708984
7.315000	0.727539	0.961914
7.320000	0.083008	0.161133
7.325000	-0.034180	-0.419922
7.330000	0.234375	-0.595703
7.335000	0.620117	-0.371094
7.340000	0.859375	0.068359
7.345000	0.805664	0.522461
7.350000	0.458984	0.810547
7.355000	-0.078125	0.810547
7.360000	-0.600586	-0.161133
7.365000	-0.468750	-1.987305
7.370000	0.830078	-2.846680
7.375000	2.690430	-2.329102
7.380000	4.218750	-0.937500
7.385000	4.838867	0.620117
7.390000	4.438477	1.723633
7.395000	3.295898	2.080078
7.400000	1.923828	1.723633
7.405000	0.781250	0.947266
7.410000	0.141602	0.136719
7.415000	0.039062	-0.405273
7.420000	0.292969	-0.537109
7.425000	0.644531	-0.312500
7.430000	0.844727	0.117188
7.435000	0.756836	0.541992
7.440000	0.400391	0.800781
7.445000	-0.131836	0.756836
7.450000	-0.610352	-0.307617
7.455000	-0.380859	-2.065430
7.460000	0.966797	-2.763672
7.465000	2.778320	-2.148438
7.470000	4.189453	-0.747070
7.475000	4.682617	0.747070
7.480000	4.194336	1.757812
7.485000	3.037109	2.026367
7.490000	1.694336	1.625977
7.495000	0.615234	0.849609
7.500000	0.039062	0.073242
7.505000	-0.014648	-0.468750
7.510000	0.283203	-0.585938
7.515000	0.654297	-0.322266
7.520000	0.864258	0.126953
7.525000	0.781250	0.566406
7.530000	0.400391	0.834961
7.535000	-0.156250	0.761719
7.540000	-0.629883	-0.375977
7.545000	-0.366211	-2.182617
7.550000	1.064453	-2.851562
7.555000	2.924805	-2.182617
7.560000	4.360352	-0.727539
7.565000	4.843750	0.795898
7.570000	4.316406	1.816406
7.575000	3.125000	2.070312
7.580000	1.748047	1.640625
7.585000	0.664062	0.839844
7.590000	0.097656	0.048828
7.595000	0.053711	-0.444336
7.600000	0.341797	-0.532227
7.605000	0.683594	-0.258789
7.610000	0.849609	0.175781
7.615000	0.727539	0.585938
7.620000	0.336914	0.820312
7.625000	-0.209961	0.688477
7.630000	-0.629883	-0.527344
7.635000	-0.268555	-2.241211
7.640000	1.201172	-2.749023
7.645000	2.998047	-1.992188
7.650000	4.311523	-0.546875
7.655000	4.667969	0.913086
7.660000	4.067383	1.835938
7.665000	2.856445	2.011719
7.670000	1.533203	1.542969
7.675000	0.512695	0.747070
7.680000	0.004883	-0.014648
7.685000	0.004883	-0.507812
7.690000	0.332031	-0.571289
7.695000	0.698242	-0.278320
7.700000	0.878906	0.185547
7.705000	0.751953	0.615234
7.710000	0.336914	0.849609
7.715000	-0.229492	0.688477
7.720000	-0.654297	-0.605469
7.725000	-0.239258	-2.348633
7.730000	1.289062	-2.832031
7.735000	3.144531	-2.026367
7.740000	4.477539	-0.527344
7.745000	4.833984	0.966797
7.750000	4.194336	1.894531
7.755000	2.949219	2.050781
7.760000	1.591797	1.552734
7.765000	0.566406	0.727539
7.770000	0.063477	-0.039062
7.775000	0.078125	-0.478516
7.780000	0.385742	-0.517578
7.785000	0.717773	-0.209961
7.790000	0.849609	0.234375
7.795000	0.688477	0.625000
7.800000	0.278320	0.834961
7.805000	-0.278320	0.605469
7.810000	-0.649414	-0.756836
7.815000	-0.136719	-2.387695
7.820000	1.420898	-2.719727
7.825000	3.203125	-1.835938
7.830000	4.414062	-0.346680
7.835000	4.648438	1.064453
7.840000	3.940430	1.899414
7.845000	2.690430	1.982422
7.850000	1.376953	1.445312
7.855000	0.415039	0.639648
7.860000	-0.014648	-0.092773
7.865000	0.034180	-0.541992
7.870000	0.380859	-0.551758
7.875000	0.737305	-0.219727
7.880000	0.878906	0.249023
7.885000	0.708008	0.654297
7.890000	0.268555	0.859375
7.895000	-0.307617	0.600586
7.900000	-0.668945	-0.844727
7.905000	-0.092773	-2.495117
7.910000	1.528320	-2.788086
7.915000	3.364258	-1.860352
7.920000	4.584961	-0.322266
7.925000	4.799805	1.123047
7.930000	4.052734	1.958008
7.935000	2.773438	2.016602
7.940000	1.430664	1.459961
7.945000	0.468750	0.625000
7.950000	0.043945	-0.112305
7.955000	0.107422	-0.507812
7.960000	0.429688	-0.483398
7.965000	0.747070	-0.161133
7.970000	0.849609	0.292969
7.975000	0.649414	0.664062
7.980000	0.209961	0.844727
7.985000	-0.351562	0.502930
7.990000	-0.644531	-1.000977
7.995000	0.019531	-2.509766
8.000000	1.660156	-2.661133
8.005000	3.408203	-1.660156
8.010000	4.497070	-0.146484
8.015000	4.599609	1.215820
8.020000	3.798828	1.953125
8.025000	2.509766	1.938477
8.030000	1.235352	1.347656
8.035000	0.327148	0.537109
8.040000	-0.034180	-0.170898
8.045000	0.063477	-0.561523
8.050000	0.434570	-0.517578
8.055000	0.771484	-0.161133
8.060000	0.869141	0.307617
8.065000	0.664062	0.693359
8.070000	0.200195	0.878906
8.075000	-0.375977	0.478516
8.080000	-0.659180	-1.098633
8.085000	0.068359	-2.612305
8.090000	1.777344	-2.729492
8.095000	3.574219	-1.669922
8.100000	4.672852	-0.112305
8.105000	4.750977	1.269531
8.110000	3.911133	2.006836
8.115000	2.583008	1.972656
8.120000	1.279297	1.352539
8.125000	0.380859	0.517578
8.130000	0.029297	-0.185547
8.135000	0.141602	-0.522461
8.140000	0.483398	-0.458984
8.145000	0.776367	-0.097656
8.150000	0.839844	0.346680
8.155000	0.610352	0.698242
8.160000	0.136719	0.849609
8.165000	-0.415039	0.366211
8.170000	-0.629883	-1.245117
8.175000	0.195312	-2.612305
8.180000	1.899414	-2.583008
8.185000	3.598633	-1.474609
8.190000	4.575195	0.048828
8.195000	4.541016	1.352539
8.200000	3.652344	1.992188
8.205000	2.338867	1.889648
8.210000	1.088867	1.254883
8.215000	0.249023	0.434570
8.220000	-0.048828	-0.253906
8.225000	0.102539	-0.581055
8.230000	0.483398	-0.493164
8.235000	0.800781	-0.102539
8.240000	0.859375	0.371094
8.245000	0.620117	0.732422
8.250000	0.126953	0.878906
8.255000	-0.449219	0.341797
8.260000	-0.634766	-1.342773
8.265000	0.253906	-2.709961
8.270000	2.021484	-2.646484
8.275000	3.754883	-1.484375
8.280000	4.741211	0.083008
8.285000	4.687500	1.406250
8.290000	3.759766	2.045898
8.295000	2.412109	1.918945
8.300000	1.142578	1.250000
8.305000	0.302734	0.410156
8.310000	0.019531	-0.253906
8.315000	0.180664	-0.541992
8.320000	0.527344	-0.424805
8.325000	0.800781	-0.043945
8.330000	0.830078	0.400391
8.335000	0.561523	0.732422
8.340000	0.068359	0.844727
8.345000	-0.478516	0.219727
8.350000	-0.595703	-1.474609
8.355000	0.375977	-2.680664
8.360000	2.133789	-2.490234
8.365000	3.764648	-1.289062
8.370000	4.624023	0.239258
8.375000	4.467773	1.474609
8.380000	3.500977	2.016602
8.385000	2.167969	1.831055
8.390000	0.957031	1.147461
8.395000	0.180664	0.336914
8.400000	-0.048828	-0.312500
8.405000	0.151367	-0.595703
8.410000	0.532227	-0.454102
8.415000	0.825195	-0.043945
8.420000	0.849609	0.424805
8.425000	0.566406	0.766602
8.430000	0.053711	0.869141
8.435000	-0.507812	0.185547
8.440000	-0.595703	-1.577148
8.445000	0.449219	-2.778320
8.450000	2.265625	-2.548828
8.455000	3.935547	-1.293945
8.460000	4.794922	0.278320
8.465000	4.614258	1.533203
8.470000	3.608398	2.070312
8.475000	2.236328	1.860352
8.480000	1.005859	1.147461
8.485000	0.239258	0.307617
8.490000	0.019531	-0.317383
8.495000	0.214844	-0.551758
8.500000	0.571289	-0.390625
8.505000	0.820312	0.014648
8.510000	0.805664	0.449219
8.515000	0.507812	0.761719
8.520000	-0.004883	0.825195
8.525000	-0.537109	0.048828
8.530000	-0.537109	-1.699219
8.535000	0.576172	-2.734375
8.540000	2.368164	-2.387695
8.545000	3.930664	-1.108398
8.550000	4.663086	0.424805
8.555000	4.379883	1.582031
8.560000	3.339844	2.031250
8.565000	1.997070	1.767578
8.570000	0.825195	1.044922
8.575000	0.122070	0.239258
8.580000	-0.043945	-0.375977
8.585000	0.195312	-0.595703
8.590000	0.581055	-0.410156
8.595000	0.844727	0.019531
8.600000	0.830078	0.478516
8.605000	0.512695	0.791016
8.610000	-0.019531	0.844727
8.615000	-0.561523	0.000000
8.620000	-0.537109	-1.811523
8.625000	0.654297	-2.822266
8.630000	2.504883	-2.431641
8.635000	4.101562	-1.098633
8.640000	4.824219	0.468750
8.645000	4.521484	1.645508
8.650000	3.432617	2.080078
8.655000	2.060547	1.787109
8.660000	0.878906	1.040039
8.665000	0.180664	0.214844
8.670000	0.024414	-0.371094
8.675000	0.258789	-0.546875
8.680000	0.615234	-0.346680
8.685000	0.834961	0.068359
8.690000	0.781250	0.502930
8.695000	0.449219	0.786133
8.700000	-0.073242	0.791016
8.705000	-0.581055	-0.136719
8.710000	-0.463867	-1.918945
8.715000	0.795898	-2.758789
8.720000	2.597656	-2.260742
8.725000	4.077148	-0.908203
8.730000	4.682617	0.610352
8.735000	4.282227	1.684570
8.740000	3.168945	2.036133
8.745000	1.826172	1.694336
8.750000	0.708008	0.942383
8.755000	0.073242	0.146484
8.760000	-0.029297	-0.429688
8.765000	0.239258	-0.595703
8.770000	0.625000	-0.366211
8.775000	0.859375	0.078125
8.780000	0.805664	0.532227
8.785000	0.454102	0.815430
8.790000	-0.097656	0.805664
8.795000	-0.605469	-0.200195
8.800000	-0.449219	-2.026367
8.805000	0.878906	-2.851562
8.810000	2.739258	-2.299805
8.815000	4.252930	-0.898438
8.820000	4.848633	0.654297
8.825000	4.414062	1.743164
8.830000	3.266602	2.080078
8.835000	1.889648	1.708984
8.840000	0.756836	0.927734
8.845000	0.131836	0.122070
8.850000	0.039062	-0.415039
8.855000	0.302734	-0.537109
8.860000	0.649414	-0.302734
8.865000	0.849609	0.126953
8.870000	0.756836	0.546875
8.875000	0.390625	0.805664
8.880000	-0.146484	0.742188
8.885000	-0.620117	-0.346680
8.890000	-0.361328	-2.104492
8.895000	1.010742	-2.763672
8.900000	2.817383	-2.124023
8.905000	4.213867	-0.712891
8.910000	4.682617	0.776367
8.915000	4.169922	1.777344
8.920000	3.007812	2.021484
8.925000	1.660156	1.611328
8.930000	0.595703	0.834961
8.935000	0.034180	0.058594
8.940000	-0.009766	-0.473633
8.945000	0.292969	-0.581055
8.950000	0.668945	-0.317383
8.955000	0.874023	0.136719
8.960000	0.776367	0.576172
8.965000	0.390625	0.839844
8.970000	-0.170898	0.751953
8.975000	-0.634766	-0.415039
8.980000	-0.336914	-2.216797
8.985000	1.103516	-2.846680
8.990000	2.963867	-2.153320
8.995000	4.379883	-0.693359
9.000000	4.838867	0.825195
9.005000	4.296875	1.831055
9.010000	3.095703	2.065430
9.015000	1.723633	1.625977
9.020000	0.649414	0.820312
9.025000	0.092773	0.034180
9.030000	0.058594	-0.454102
9.035000	0.351562	-0.522461
9.040000	0.688477	-0.249023
9.045000	0.849609	0.180664
9.050000	0.722656	0.595703
9.055000	0.327148	0.825195
9.060000	-0.219727	0.678711
9.065000	-0.634766	-0.566406
9.070000	-0.249023	-2.265625
9.075000	1.235352	-2.749023
9.080000	3.037109	-1.967773
9.085000	4.331055	-0.512695
9.090000	4.667969	0.942383
9.095000	4.047852	1.855469
9.100000	2.832031	2.006836
9.105000	1.503906	1.518555
9.110000	0.493164	0.722656
9.115000	0.000000	-0.024414
9.120000	0.009766	-0.512695
9.125000	0.341797	-0.566406
9.130000	0.703125	-0.263672
9.135000	0.878906	0.205078
9.140000	0.742188	0.620117
9.145000	0.322266	0.854492
9.150000	-0.244141	0.673828
9.155000	-0.659180	-0.649414
9.160000	-0.214844	-2.377930
9.165000	1.333008	-2.822266
9.170000	3.188477	-1.992188
9.175000	4.497070	-0.488281
9.180000	4.824219	0.991211
9.185000	4.169922	1.904297
9.190000	2.915039	2.041016
9.195000	1.562500	1.533203
9.200000	0.541992	0.712891
9.205000	0.058594	-0.048828
9.210000	0.083008	-0.483398
9.215000	0.395508	-0.507812
9.220000	0.722656	-0.205078
9.225000	0.849609	0.244141
9.230000	0.683594	0.634766
9.235000	0.258789	0.834961
9.240000	-0.292969	0.585938
9.245000	-0.649414	-0.805664
9.250000	-0.107422	-2.412109
9.255000	1.464844	-2.705078
9.260000	3.242188	-1.801758
9.265000	4.428711	-0.307617
9.270000	4.638672	1.098633
9.275000	3.916016	1.909180
9.280000	2.656250	1.977539
9.285000	1.347656	1.425781
9.290000	0.400391	0.620117
9.295000	-0.019531	-0.107422
9.300000	0.039062	-0.546875
9.305000	0.390625	-0.551758
9.310000	0.742188	-0.209961
9.315000	0.878906	0.258789
9.320000	0.698242	0.668945
9.325000	0.253906	0.869141
9.330000	-0.317383	0.576172
9.335000	-0.668945	-0.893555
9.340000	-0.068359	-2.514648
9.345000	1.572266	-2.783203
9.350000	3.403320	-1.826172
9.355000	4.604492	-0.283203
9.360000	4.790039	1.147461
9.365000	4.033203	1.967773
9.370000	2.734375	2.011719
9.375000	1.406250	1.435547
9.380000	0.454102	0.600586
9.385000	0.039062	-0.126953
9.390000	0.107422	-0.512695
9.395000	0.444336	-0.483398
9.400000	0.756836	-0.146484
9.405000	0.849609	0.302734
9.410000	0.644531	0.668945
9.415000	0.200195	0.849609
9.420000	-0.361328	0.478516
9.425000	-0.644531	-1.044922
9.430000	0.043945	-2.524414
9.435000	1.699219	-2.651367
9.440000	3.437500	-1.630859
9.445000	4.516602	-0.112305
9.450000	4.589844	1.235352
9.455000	3.774414	1.958008
9.460000	2.485352	1.933594
9.465000	1.206055	1.333008
9.470000	0.312500	0.522461
9.475000	-0.039062	-0.185547
9.480000	0.068359	-0.566406
9.485000	0.444336	-0.517578
9.490000	0.776367	-0.151367
9.495000	0.874023	0.322266
9.500000	0.654297	0.698242
9.505000	0.190430	0.878906
9.510000	-0.390625	0.458984
9.515000	-0.659180	-1.137695
9.520000	0.092773	-2.631836
9.525000	1.816406	-2.719727
9.530000	3.598633	-1.645508
9.535000	4.682617	-0.083008
9.540000	4.741211	1.289062
9.545000	3.886719	2.016602
9.550000	2.558594	1.962891
9.555000	1.254883	1.337891
9.560000	0.371094	0.498047
9.565000	0.024414	-0.200195
9.570000	0.146484	-0.527344
9.575000	0.488281	-0.454102
9.580000	0.781250	-0.092773
9.585000	0.839844	0.346680
9.590000	0.600586	0.703125
9.595000	0.126953	0.849609
9.600000	-0.429688	0.346680
9.605000	-0.625000	-1.274414
9.610000	0.219727	-2.622070
9.615000	1.928711	-2.573242
9.620000	3.623047	-1.455078
9.625000	4.580078	0.078125
9.630000	4.526367	1.367188
9.635000	3.632812	1.997070
9.640000	2.314453	1.879883
9.645000	1.069336	1.235352
9.650000	0.239258	0.419922
9.655000	-0.048828	-0.258789
9.660000	0.112305	-0.585938
9.665000	0.488281	-0.483398
9.670000	0.800781	-0.092773
9.675000	0.859375	0.371094
9.680000	0.610352	0.737305
9.685000	0.117188	0.874023
9.690000	-0.454102	0.322266
9.695000	-0.629883	-1.376953
9.700000	0.278320	-2.724609
9.705000	2.060547	-2.631836
9.710000	3.779297	-1.455078
9.715000	4.746094	0.117188
9.720000	4.677734	1.425781
9.725000	3.735352	2.050781
9.730000	2.387695	1.909180
9.735000	1.118164	1.235352
9.740000	0.292969	0.395508
9.745000	0.019531	-0.268555
9.750000	0.180664	-0.541992
9.755000	0.537109	-0.419922
9.760000	0.800781	-0.039062
9.765000	0.820312	0.410156
9.770000	0.546875	0.732422
9.775000	0.058594	0.839844
9.780000	-0.488281	0.195312
9.785000	-0.585938	-1.513672
9.790000	0.410156	-2.695312
9.795000	2.167969	-2.475586
9.800000	3.793945	-1.264648
9.805000	4.633789	0.273438
9.810000	4.453125	1.494141
9.815000	3.471680	2.021484
9.820000	2.138672	1.821289
9.825000	0.932617	1.132812
9.830000	0.170898	0.317383
9.835000	-0.048828	-0.322266
9.840000	0.156250	-0.595703
9.845000	0.537109	-0.444336
9.850000	0.830078	-0.034180
9.855000	0.844727	0.429688
9.860000	0.556641	0.766602
9.865000	0.043945	0.864258
9.870000	-0.517578	0.151367
9.875000	-0.590820	-1.621094
9.880000	0.478516	-2.788086
9.885000	2.304688	-2.529297
9.890000	3.964844	-1.264648
9.895000	4.799805	0.312500
9.900000	4.594727	1.552734
9.905000	3.574219	2.070312
9.910000	2.207031	1.845703
9.915000	0.981445	1.132812
9.920000	0.224609	0.292969
9.925000	0.019531	-0.322266
9.930000	0.224609	-0.546875
9.935000	0.576172	-0.380859
9.940000	0.825195	0.019531
9.945000	0.805664	0.463867
9.950000	0.498047	0.766602
9.955000	-0.014648	0.820312
9.960000	-0.541992	0.019531
9.965000	-0.527344	-1.738281
9.970000	0.615234	-2.739258
9.975000	2.407227	-2.363281
9.980000	3.955078	-1.074219
9.985000	4.663086	0.454102
9.990000	4.365234	1.601562
9.995000	3.310547	2.031250
10.000000	1.962891	1.752930
