# Time_s	x	xdot
0.000000	4.575195	1.572266
0.005000	3.540039	2.060547
0.010000	2.182617	1.816406
0.015000	0.981445	1.088867
0.020000	0.249023	0.273438
0.025000	0.058594	-0.317383
0.030000	0.258789	-0.522461
0.035000	0.600586	-0.351562
0.040000	0.825195	0.039062
0.045000	0.795898	0.468750
0.050000	0.483398	0.756836
0.055000	-0.024414	0.800781
0.060000	-0.546875	-0.004883
0.065000	-0.507812	-1.728516
0.070000	0.625000	-2.670898
0.075000	2.377930	-2.280273
0.080000	3.872070	-1.010742
0.085000	4.541016	0.473633
0.090000	4.223633	1.572266
0.095000	3.188477	1.977539
0.100000	1.879883	1.699219
0.105000	0.756836	0.991211
0.110000	0.087891	0.219727
0.115000	-0.063477	-0.395508
0.120000	0.180664	-0.620117
0.125000	0.585938	-0.429688
0.130000	0.859375	0.004883
0.135000	0.854492	0.473633
0.140000	0.537109	0.795898
0.145000	0.004883	0.859375
0.150000	-0.551758	0.053711
0.155000	-0.556641	-1.748047
0.160000	0.595703	-2.817383
0.165000	2.436523	-2.465820
0.170000	4.052734	-1.157227
0.175000	4.819336	0.410156
0.180000	4.550781	1.596680
0.185000	3.500977	2.060547
0.190000	2.138672	1.796875
0.195000	0.952148	1.064453
0.200000	0.229492	0.249023
0.205000	0.058594	-0.336914
0.210000	0.268555	-0.522461
0.215000	0.610352	-0.341797
0.220000	0.830078	0.058594
0.225000	0.786133	0.478516
0.230000	0.468750	0.761719
0.235000	-0.043945	0.791016
0.240000	-0.551758	-0.053711
0.245000	-0.488281	-1.782227
0.250000	0.678711	-2.680664
0.255000	2.436523	-2.250977
0.260000	3.911133	-0.961914
0.265000	4.541016	0.522461
0.270000	4.204102	1.601562
0.275000	3.144531	1.982422
0.280000	1.840820	1.684570
0.285000	0.722656	0.966797
0.290000	0.073242	0.200195
0.295000	-0.063477	-0.405273
0.300000	0.195312	-0.615234
0.305000	0.600586	-0.419922
0.310000	0.864258	0.019531
0.315000	0.849609	0.493164
0.320000	0.522461	0.800781
0.325000	-0.014648	0.849609
0.330000	-0.561523	0.009766
0.335000	-0.541992	-1.811523
0.340000	0.644531	-2.827148
0.345000	2.495117	-2.436523
0.350000	4.091797	-1.108398
0.355000	4.824219	0.458984
0.360000	4.526367	1.625977
0.365000	3.457031	2.060547
0.370000	2.089844	1.777344
0.375000	0.917969	1.040039
0.380000	0.224609	0.224609
0.385000	0.058594	-0.346680
0.390000	0.278320	-0.522461
0.395000	0.620117	-0.332031
0.400000	0.834961	0.068359
0.405000	0.781250	0.488281
0.410000	0.454102	0.766602
0.415000	-0.058594	0.781250
0.420000	-0.561523	-0.102539
0.425000	-0.468750	-1.835938
0.430000	0.732422	-2.685547
0.435000	2.490234	-2.216797
0.440000	3.945312	-0.913086
0.445000	4.545898	0.566406
0.450000	4.174805	1.625977
0.455000	3.105469	1.977539
0.460000	1.796875	1.660156
0.465000	0.693359	0.937500
0.470000	0.063477	0.170898
0.475000	-0.058594	-0.419922
0.480000	0.209961	-0.620117
0.485000	0.615234	-0.410156
0.490000	0.874023	0.039062
0.495000	0.844727	0.502930
0.500000	0.507812	0.810547
0.505000	-0.034180	0.844727
0.510000	-0.576172	-0.039062
0.515000	-0.517578	-1.870117
0.520000	0.703125	-2.836914
0.525000	2.553711	-2.402344
0.530000	4.130859	-1.054688
0.535000	4.833984	0.507812
0.540000	4.497070	1.650391
0.545000	3.413086	2.060547
0.550000	2.045898	1.752930
0.555000	0.888672	1.010742
0.560000	0.209961	0.200195
0.565000	0.063477	-0.361328
0.570000	0.292969	-0.522461
0.575000	0.625000	-0.322266
0.580000	0.834961	0.087891
0.585000	0.771484	0.502930
0.590000	0.439453	0.771484
0.595000	-0.078125	0.771484
0.600000	-0.571289	-0.156250
0.605000	-0.449219	-1.889648
0.610000	0.786133	-2.690430
0.615000	2.543945	-2.182617
0.620000	3.979492	-0.864258
0.625000	4.550781	0.615234
0.630000	4.150391	1.645508
0.635000	3.061523	1.982422
0.640000	1.752930	1.640625
0.645000	0.664062	0.908203
0.650000	0.053711	0.151367
0.655000	-0.053711	-0.439453
0.660000	0.224609	-0.620117
0.665000	0.620117	-0.395508
0.670000	0.878906	0.053711
0.675000	0.834961	0.517578
0.680000	0.493164	0.820312
0.685000	-0.048828	0.834961
0.690000	-0.590820	-0.092773
0.695000	-0.493164	-1.928711
0.700000	0.761719	-2.841797
0.705000	2.617188	-2.368164
0.710000	4.179688	-1.000977
0.715000	4.838867	0.561523
0.720000	4.472656	1.679688
0.725000	3.369141	2.060547
0.730000	2.001953	1.738281
0.735000	0.854492	0.981445
0.740000	0.195312	0.175781
0.745000	0.068359	-0.371094
0.750000	0.297852	-0.517578
0.755000	0.639648	-0.312500
0.760000	0.839844	0.102539
0.765000	0.766602	0.517578
0.770000	0.419922	0.776367
0.775000	-0.097656	0.761719
0.780000	-0.585938	-0.209961
0.785000	-0.419922	-1.938477
0.790000	0.844727	-2.695312
0.795000	2.607422	-2.148438
0.800000	4.018555	-0.805664
0.805000	4.550781	0.659180
0.810000	4.116211	1.674805
0.815000	3.017578	1.982422
0.820000	1.708984	1.621094
0.825000	0.634766	0.888672
0.830000	0.039062	0.122070
0.835000	-0.048828	-0.449219
0.840000	0.234375	-0.615234
0.845000	0.634766	-0.385742
0.850000	0.888672	0.073242
0.855000	0.830078	0.532227
0.860000	0.473633	0.825195
0.865000	-0.073242	0.825195
0.870000	-0.600586	-0.146484
0.875000	-0.473633	-1.982422
0.880000	0.825195	-2.851562
0.885000	2.680664	-2.329102
0.890000	4.213867	-0.947266
0.895000	4.843750	0.605469
0.900000	4.448242	1.708984
0.905000	3.320312	2.060547
0.910000	1.958008	1.713867
0.915000	0.820312	0.952148
0.920000	0.180664	0.146484
0.925000	0.068359	-0.385742
0.930000	0.312500	-0.517578
0.935000	0.649414	-0.297852
0.940000	0.844727	0.117188
0.945000	0.761719	0.527344
0.950000	0.405273	0.786133
0.955000	-0.117188	0.747070
0.960000	-0.600586	-0.258789
0.965000	-0.395508	-1.987305
0.970000	0.903320	-2.695312
0.975000	2.661133	-2.114258
0.980000	4.052734	-0.761719
0.985000	4.550781	0.698242
0.990000	4.091797	1.699219
0.995000	2.973633	1.977539
1.000000	1.669922	1.596680
1.005000	0.610352	0.859375
1.010000	0.029297	0.102539
1.015000	-0.048828	-0.463867
1.020000	0.249023	-0.615234
1.025000	0.644531	-0.371094
1.030000	0.888672	0.087891
1.035000	0.825195	0.541992
1.040000	0.463867	0.830078
1.045000	-0.092773	0.810547
1.050000	-0.610352	-0.200195
1.055000	-0.449219	-2.036133
1.060000	0.883789	-2.851562
1.065000	2.749023	-2.294922
1.070000	4.252930	-0.893555
1.075000	4.848633	0.649414
1.080000	4.418945	1.733398
1.085000	3.281250	2.060547
1.090000	1.914062	1.694336
1.095000	0.791016	0.927734
1.100000	0.166016	0.126953
1.105000	0.073242	-0.395508
1.110000	0.322266	-0.522461
1.115000	0.659180	-0.288086
1.120000	0.844727	0.131836
1.125000	0.751953	0.537109
1.130000	0.390625	0.791016
1.135000	-0.136719	0.732422
1.140000	-0.605469	-0.312500
1.145000	-0.371094	-2.031250
1.150000	0.957031	-2.695312
1.155000	2.719727	-2.075195
1.160000	4.082031	-0.703125
1.165000	4.550781	0.737305
1.170000	4.062500	1.723633
1.175000	2.929688	1.977539
1.180000	1.625977	1.577148
1.185000	0.581055	0.830078
1.190000	0.019531	0.078125
1.195000	-0.043945	-0.478516
1.200000	0.263672	-0.610352
1.205000	0.659180	-0.356445
1.210000	0.888672	0.107422
1.215000	0.815430	0.556641
1.220000	0.444336	0.834961
1.225000	-0.112305	0.795898
1.230000	-0.620117	-0.258789
1.235000	-0.419922	-2.089844
1.240000	0.942383	-2.856445
1.245000	2.802734	-2.260742
1.250000	4.291992	-0.839844
1.255000	4.848633	0.693359
1.260000	4.384766	1.752930
1.265000	3.232422	2.060547
1.270000	1.870117	1.669922
1.275000	0.761719	0.898438
1.280000	0.156250	0.107422
1.285000	0.073242	-0.405273
1.290000	0.336914	-0.517578
1.295000	0.668945	-0.273438
1.300000	0.844727	0.146484
1.305000	0.742188	0.551758
1.310000	0.375977	0.795898
1.315000	-0.156250	0.717773
1.320000	-0.610352	-0.371094
1.325000	-0.341797	-2.080078
1.330000	1.015625	-2.690430
1.335000	2.778320	-2.036133
1.340000	4.116211	-0.654297
1.345000	4.545898	0.786133
1.350000	4.033203	1.738281
1.355000	2.885742	1.967773
1.360000	1.582031	1.552734
1.365000	0.556641	0.800781
1.370000	0.009766	0.053711
1.375000	-0.029297	-0.488281
1.380000	0.278320	-0.610352
1.385000	0.673828	-0.341797
1.390000	0.888672	0.122070
1.395000	0.805664	0.571289
1.400000	0.424805	0.839844
1.405000	-0.136719	0.781250
1.410000	-0.629883	-0.317383
1.415000	-0.395508	-2.138672
1.420000	1.000977	-2.856445
1.425000	2.866211	-2.221680
1.430000	4.326172	-0.786133
1.435000	4.848633	0.742188
1.440000	4.355469	1.777344
1.445000	3.183594	2.055664
1.450000	1.826172	1.650391
1.455000	0.732422	0.869141
1.460000	0.146484	0.083008
1.465000	0.083008	-0.419922
1.470000	0.346680	-0.512695
1.475000	0.678711	-0.263672
1.480000	0.849609	0.156250
1.485000	0.732422	0.566406
1.490000	0.356445	0.800781
1.495000	-0.170898	0.703125
1.500000	-0.620117	-0.424805
1.505000	-0.312500	-2.124023
1.510000	1.074219	-2.685547
1.515000	2.827148	-1.997070
1.520000	4.145508	-0.605469
1.525000	4.550781	0.830078
1.530000	4.003906	1.757812
1.535000	2.841797	1.962891
1.540000	1.542969	1.538086
1.545000	0.527344	0.776367
1.550000	0.000000	0.034180
1.555000	-0.029297	-0.498047
1.560000	0.288086	-0.605469
1.565000	0.678711	-0.327148
1.570000	0.893555	0.141602
1.575000	0.795898	0.581055
1.580000	0.410156	0.849609
1.585000	-0.156250	0.766602
1.590000	-0.629883	-0.375977
1.595000	-0.361328	-2.182617
1.600000	1.064453	-2.851562
1.605000	2.929688	-2.177734
1.610000	4.360352	-0.727539
1.615000	4.848633	0.786133
1.620000	4.331055	1.801758
1.625000	3.139648	2.050781
1.630000	1.787109	1.630859
1.635000	0.703125	0.839844
1.640000	0.136719	0.058594
1.645000	0.087891	-0.429688
1.650000	0.356445	-0.512695
1.655000	0.683594	-0.249023
1.660000	0.849609	0.175781
1.665000	0.727539	0.576172
1.670000	0.341797	0.800781
1.675000	-0.195312	0.688477
1.680000	-0.625000	-0.483398
1.685000	-0.283203	-2.163086
1.690000	1.132812	-2.680664
1.695000	2.890625	-1.958008
1.700000	4.179688	-0.551758
1.705000	4.545898	0.874023
1.710000	3.969727	1.777344
1.715000	2.797852	1.958008
1.720000	1.503906	1.513672
1.725000	0.498047	0.751953
1.730000	-0.009766	0.014648
1.735000	-0.019531	-0.512695
1.740000	0.302734	-0.605469
1.745000	0.688477	-0.317383
1.750000	0.893555	0.151367
1.755000	0.791016	0.600586
1.760000	0.390625	0.849609
1.765000	-0.170898	0.751953
1.770000	-0.639648	-0.434570
1.775000	-0.332031	-2.236328
1.780000	1.123047	-2.846680
1.785000	2.988281	-2.138672
1.790000	4.394531	-0.673828
1.795000	4.843750	0.834961
1.800000	4.291992	1.821289
1.805000	3.095703	2.050781
1.810000	1.738281	1.601562
1.815000	0.673828	0.805664
1.820000	0.131836	0.034180
1.825000	0.092773	-0.439453
1.830000	0.371094	-0.502930
1.835000	0.698242	-0.234375
1.840000	0.854492	0.190430
1.845000	0.717773	0.585938
1.850000	0.322266	0.810547
1.855000	-0.214844	0.664062
1.860000	-0.625000	-0.546875
1.865000	-0.249023	-2.211914
1.870000	1.201172	-2.675781
1.875000	2.949219	-1.914062
1.880000	4.208984	-0.498047
1.885000	4.536133	0.917969
1.890000	3.935547	1.796875
1.895000	2.753906	1.953125
1.900000	1.459961	1.489258
1.905000	0.473633	0.722656
1.910000	-0.014648	-0.009766
1.915000	-0.014648	-0.522461
1.920000	0.317383	-0.595703
1.925000	0.703125	-0.302734
1.930000	0.893555	0.170898
1.935000	0.776367	0.610352
1.940000	0.375977	0.854492
1.945000	-0.195312	0.727539
1.950000	-0.649414	-0.498047
1.955000	-0.302734	-2.280273
1.960000	1.186523	-2.841797
1.965000	3.046875	-2.094727
1.970000	4.428711	-0.620117
1.975000	4.843750	0.883789
1.980000	4.257812	1.845703
1.985000	3.046875	2.041016
1.990000	1.694336	1.577148
1.995000	0.644531	0.781250
2.000000	0.117188	0.014648
2.005000	0.102539	-0.444336
2.010000	0.385742	-0.502930
2.015000	0.703125	-0.224609
2.020000	0.849609	0.209961
2.025000	0.708008	0.600586
2.030000	0.307617	0.810547
2.035000	-0.229492	0.639648
2.040000	-0.629883	-0.605469
2.045000	-0.214844	-2.246094
2.050000	1.250000	-2.666016
2.055000	2.993164	-1.875000
2.060000	4.233398	-0.449219
2.065000	4.531250	0.952148
2.070000	3.906250	1.816406
2.075000	2.709961	1.943359
2.080000	1.420898	1.469727
2.085000	0.449219	0.698242
2.090000	-0.019531	-0.034180
2.095000	-0.009766	-0.527344
2.100000	0.332031	-0.595703
2.105000	0.712891	-0.288086
2.110000	0.898438	0.190430
2.115000	0.771484	0.620117
2.120000	0.356445	0.859375
2.125000	-0.214844	0.712891
2.130000	-0.654297	-0.561523
2.135000	-0.263672	-2.319336
2.140000	1.245117	-2.836914
2.145000	3.105469	-2.055664
2.150000	4.458008	-0.566406
2.155000	4.833984	0.917969
2.160000	4.228516	1.860352
2.165000	3.002930	2.031250
2.170000	1.650391	1.562500
2.175000	0.620117	0.751953
2.180000	0.107422	-0.004883
2.185000	0.107422	-0.454102
2.190000	0.390625	-0.493164
2.195000	0.712891	-0.209961
2.200000	0.849609	0.224609
2.205000	0.698242	0.605469
2.210000	0.292969	0.815430
2.215000	-0.249023	0.625000
2.220000	-0.629883	-0.664062
2.225000	-0.180664	-2.285156
2.230000	1.308594	-2.661133
2.235000	3.056641	-1.835938
2.240000	4.262695	-0.395508
2.245000	4.526367	0.996094
2.250000	3.872070	1.831055
2.255000	2.661133	1.938477
2.260000	1.376953	1.440430
2.265000	0.424805	0.668945
2.270000	-0.029297	-0.053711
2.275000	-0.004883	-0.537109
2.280000	0.346680	-0.585938
2.285000	0.727539	-0.268555
2.290000	0.898438	0.205078
2.295000	0.761719	0.629883
2.300000	0.336914	0.859375
2.305000	-0.239258	0.683594
2.310000	-0.659180	-0.625000
2.315000	-0.229492	-2.363281
2.320000	1.313477	-2.822266
2.325000	3.164062	-2.006836
2.330000	4.487305	-0.512695
2.335000	4.824219	0.966797
2.340000	4.194336	1.879883
2.345000	2.954102	2.026367
2.350000	1.606445	1.533203
2.355000	0.595703	0.722656
2.360000	0.102539	-0.029297
2.365000	0.107422	-0.463867
2.370000	0.410156	-0.488281
2.375000	0.722656	-0.195312
2.380000	0.849609	0.234375
2.385000	0.688477	0.620117
2.390000	0.273438	0.820312
2.395000	-0.268555	0.600586
2.400000	-0.634766	-0.727539
2.405000	-0.141602	-2.319336
2.410000	1.372070	-2.646484
2.415000	3.110352	-1.791992
2.420000	4.291992	-0.341797
2.425000	4.516602	1.035156
2.430000	3.833008	1.845703
2.435000	2.617188	1.923828
2.440000	1.337891	1.420898
2.445000	0.395508	0.639648
2.450000	-0.034180	-0.078125
2.455000	0.004883	-0.551758
2.460000	0.356445	-0.581055
2.465000	0.732422	-0.258789
2.470000	0.903320	0.219727
2.475000	0.751953	0.644531
2.480000	0.322266	0.869141
2.485000	-0.258789	0.664062
2.490000	-0.664062	-0.688477
2.495000	-0.195312	-2.407227
2.500000	1.372070	-2.822266
2.505000	3.222656	-1.962891
2.510000	4.516602	-0.458984
2.515000	4.819336	1.010742
2.520000	4.155273	1.899414
2.525000	2.905273	2.021484
2.530000	1.572266	1.508789
2.535000	0.571289	0.693359
2.540000	0.097656	-0.048828
2.545000	0.117188	-0.468750
2.550000	0.419922	-0.483398
2.555000	0.732422	-0.180664
2.560000	0.849609	0.253906
2.565000	0.678711	0.625000
2.570000	0.253906	0.825195
2.575000	-0.292969	0.576172
2.580000	-0.629883	-0.781250
2.585000	-0.107422	-2.353516
2.590000	1.425781	-2.636719
2.595000	3.159180	-1.748047
2.600000	4.306641	-0.292969
2.605000	4.506836	1.074219
2.610000	3.798828	1.865234
2.615000	2.573242	1.918945
2.620000	1.298828	1.396484
2.625000	0.375977	0.615234
2.630000	-0.043945	-0.097656
2.635000	0.014648	-0.556641
2.640000	0.371094	-0.576172
2.645000	0.747070	-0.244141
2.650000	0.903320	0.239258
2.655000	0.737305	0.654297
2.660000	0.302734	0.869141
2.665000	-0.278320	0.639648
2.670000	-0.668945	-0.747070
2.675000	-0.156250	-2.446289
2.680000	1.435547	-2.817383
2.685000	3.281250	-1.923828
2.690000	4.545898	-0.405273
2.695000	4.814453	1.054688
2.700000	4.125977	1.914062
2.705000	2.861328	2.016602
2.710000	1.528320	1.484375
2.715000	0.546875	0.668945
2.720000	0.092773	-0.068359
2.725000	0.126953	-0.478516
2.730000	0.429688	-0.478516
2.735000	0.737305	-0.170898
2.740000	0.849609	0.268555
2.745000	0.664062	0.639648
2.750000	0.239258	0.825195
2.755000	-0.307617	0.546875
2.760000	-0.629883	-0.844727
2.765000	-0.068359	-2.382812
2.770000	1.489258	-2.622070
2.775000	3.208008	-1.708984
2.780000	4.340820	-0.244141
2.785000	4.497070	1.108398
2.790000	3.764648	1.875000
2.795000	2.524414	1.909180
2.800000	1.264648	1.372070
2.805000	0.351562	0.590820
2.810000	-0.048828	-0.117188
2.815000	0.024414	-0.566406
2.820000	0.380859	-0.566406
2.825000	0.756836	-0.229492
2.830000	0.898438	0.253906
2.835000	0.732422	0.668945
2.840000	0.288086	0.874023
2.845000	-0.297852	0.615234
2.850000	-0.668945	-0.815430
2.855000	-0.117188	-2.480469
2.860000	1.499023	-2.797852
2.865000	3.334961	-1.879883
2.870000	4.570312	-0.351562
2.875000	4.804688	1.088867
2.880000	4.086914	1.933594
2.885000	2.812500	2.001953
2.890000	1.484375	1.459961
2.895000	0.517578	0.639648
2.900000	0.083008	-0.087891
2.905000	0.131836	-0.478516
2.910000	0.444336	-0.473633
2.915000	0.747070	-0.156250
2.920000	0.844727	0.283203
2.925000	0.649414	0.649414
2.930000	0.224609	0.825195
2.935000	-0.322266	0.522461
2.940000	-0.634766	-0.913086
2.945000	-0.029297	-2.416992
2.950000	1.552734	-2.607422
2.955000	3.256836	-1.660156
2.960000	4.360352	-0.190430
2.965000	4.482422	1.147461
2.970000	3.730469	1.884766
2.975000	2.485352	1.899414
2.980000	1.230469	1.342773
2.985000	0.327148	0.561523
2.990000	-0.048828	-0.141602
2.995000	0.034180	-0.576172
3.000000	0.400391	-0.561523
3.005000	0.766602	-0.209961
3.010000	0.903320	0.268555
3.015000	0.717773	0.673828
3.020000	0.268555	0.878906
3.025000	-0.312500	0.590820
3.030000	-0.668945	-0.878906
3.035000	-0.078125	-2.514648
3.040000	1.562500	-2.783203
3.045000	3.388672	-1.835938
3.050000	4.594727	-0.297852
3.055000	4.794922	1.132812
3.060000	4.047852	1.943359
3.065000	2.768555	1.997070
3.070000	1.445312	1.430664
3.075000	0.498047	0.615234
3.080000	0.078125	-0.107422
3.085000	0.136719	-0.488281
3.090000	0.458984	-0.463867
3.095000	0.756836	-0.141602
3.100000	0.849609	0.292969
3.105000	0.644531	0.654297
3.110000	0.209961	0.830078
3.115000	-0.336914	0.493164
3.120000	-0.629883	-0.971680
3.125000	0.009766	-2.446289
3.130000	1.606445	-2.592773
3.135000	3.310547	-1.616211
3.140000	4.375000	-0.146484
3.145000	4.472656	1.181641
3.150000	3.701172	1.899414
3.155000	2.446289	1.889648
3.160000	1.196289	1.323242
3.165000	0.312500	0.537109
3.170000	-0.053711	-0.161133
3.175000	0.039062	-0.576172
3.180000	0.419922	-0.556641
3.185000	0.771484	-0.195312
3.190000	0.903320	0.288086
3.195000	0.703125	0.683594
3.200000	0.249023	0.878906
3.205000	-0.332031	0.561523
3.210000	-0.668945	-0.937500
3.215000	-0.039062	-2.543945
3.220000	1.621094	-2.768555
3.225000	3.442383	-1.787109
3.230000	4.619141	-0.249023
3.235000	4.785156	1.166992
3.240000	4.013672	1.958008
3.245000	2.719727	1.982422
3.250000	1.406250	1.406250
3.255000	0.473633	0.585938
3.260000	0.073242	-0.126953
3.265000	0.146484	-0.493164
3.270000	0.463867	-0.463867
3.275000	0.761719	-0.126953
3.280000	0.839844	0.307617
3.285000	0.634766	0.664062
3.290000	0.185547	0.830078
3.295000	-0.356445	0.463867
3.300000	-0.629883	-1.030273
3.305000	0.053711	-2.475586
3.310000	1.669922	-2.573242
3.315000	3.359375	-1.572266
3.320000	4.394531	-0.087891
3.325000	4.458008	1.220703
3.330000	3.662109	1.909180
3.335000	2.402344	1.875000
3.340000	1.157227	1.298828
3.345000	0.292969	0.512695
3.350000	-0.058594	-0.180664
3.355000	0.048828	-0.585938
3.360000	0.429688	-0.546875
3.365000	0.781250	-0.180664
3.370000	0.898438	0.302734
3.375000	0.693359	0.693359
3.380000	0.229492	0.878906
3.385000	-0.351562	0.532227
3.390000	-0.668945	-1.010742
3.395000	0.004883	-2.573242
3.400000	1.684570	-2.753906
3.405000	3.491211	-1.738281
3.410000	4.638672	-0.190430
3.415000	4.770508	1.210938
3.420000	3.974609	1.972656
3.425000	2.675781	1.972656
3.430000	1.367188	1.381836
3.435000	0.449219	0.556641
3.440000	0.068359	-0.146484
3.445000	0.156250	-0.498047
3.450000	0.473633	-0.449219
3.455000	0.766602	-0.112305
3.460000	0.844727	0.322266
3.465000	0.620117	0.673828
3.470000	0.170898	0.834961
3.475000	-0.375977	0.429688
3.480000	-0.629883	-1.098633
3.485000	0.097656	-2.500000
3.490000	1.733398	-2.553711
3.495000	3.413086	-1.523438
3.500000	4.414062	-0.039062
3.505000	4.443359	1.254883
3.510000	3.623047	1.918945
3.515000	2.353516	1.865234
3.520000	1.118164	1.269531
3.525000	0.268555	0.483398
3.530000	-0.063477	-0.200195
3.535000	0.063477	-0.590820
3.540000	0.444336	-0.541992
3.545000	0.791016	-0.166016
3.550000	0.898438	0.317383
3.555000	0.683594	0.708008
3.560000	0.214844	0.883789
3.565000	-0.371094	0.498047
3.570000	-0.668945	-1.074219
3.575000	0.048828	-2.607422
3.580000	1.757812	-2.734375
3.585000	3.549805	-1.694336
3.590000	4.667969	-0.136719
3.595000	4.755859	1.245117
3.600000	3.935547	1.987305
3.605000	2.626953	1.958008
3.610000	1.328125	1.357422
3.615000	0.429688	0.527344
3.620000	0.068359	-0.166016
3.625000	0.166016	-0.507812
3.630000	0.493164	-0.444336
3.635000	0.771484	-0.097656
3.640000	0.839844	0.332031
3.645000	0.610352	0.683594
3.650000	0.151367	0.834961
3.655000	-0.395508	0.395508
3.660000	-0.625000	-1.157227
3.665000	0.141602	-2.524414
3.670000	1.791992	-2.534180
3.675000	3.457031	-1.479492
3.680000	4.428711	0.004883
3.685000	4.428711	1.284180
3.690000	3.583984	1.928711
3.695000	2.309570	1.855469
3.700000	1.083984	1.245117
3.705000	0.249023	0.458984
3.710000	-0.063477	-0.219727
3.715000	0.068359	-0.595703
3.720000	0.458984	-0.527344
3.725000	0.800781	-0.146484
3.730000	0.893555	0.327148
3.735000	0.673828	0.712891
3.740000	0.195312	0.883789
3.745000	-0.390625	0.468750
3.750000	-0.664062	-1.137695
3.755000	0.092773	-2.636719
3.760000	1.816406	-2.714844
3.765000	3.603516	-1.645508
3.770000	4.687500	-0.083008
3.775000	4.746094	1.279297
3.780000	3.896484	1.997070
3.785000	2.578125	1.948242
3.790000	1.289062	1.328125
3.795000	0.405273	0.502930
3.800000	0.058594	-0.185547
3.805000	0.170898	-0.507812
3.810000	0.498047	-0.439453
3.815000	0.781250	-0.087891
3.820000	0.834961	0.351562
3.825000	0.600586	0.688477
3.830000	0.131836	0.834961
3.835000	-0.405273	0.361328
3.840000	-0.620117	-1.215820
3.845000	0.185547	-2.543945
3.850000	1.845703	-2.514648
3.855000	3.505859	-1.430664
3.860000	4.448242	0.053711
3.865000	4.409180	1.318359
3.870000	3.544922	1.938477
3.875000	2.265625	1.840820
3.880000	1.049805	1.225586
3.885000	0.229492	0.434570
3.890000	-0.068359	-0.239258
3.895000	0.083008	-0.600586
3.900000	0.468750	-0.522461
3.905000	0.805664	-0.131836
3.910000	0.893555	0.346680
3.915000	0.654297	0.727539
3.920000	0.170898	0.888672
3.925000	-0.410156	0.429688
3.930000	-0.649414	-1.206055
3.935000	0.141602	-2.661133
3.940000	1.879883	-2.695312
3.945000	3.652344	-1.596680
3.950000	4.702148	-0.034180
3.955000	4.726562	1.318359
3.960000	3.857422	2.006836
3.965000	2.534180	1.938477
3.970000	1.254883	1.303711
3.975000	0.385742	0.473633
3.980000	0.058594	-0.200195
3.985000	0.180664	-0.512695
3.990000	0.507812	-0.424805
3.995000	0.786133	-0.068359
4.000000	0.830078	0.361328
4.005000	0.585938	0.698242
4.010000	0.117188	0.830078
4.015000	-0.429688	0.322266
4.020000	-0.615234	-1.279297
4.025000	0.234375	-2.568359
4.030000	1.914062	-2.495117
4.035000	3.554688	-1.381836
4.040000	4.462891	0.107422
4.045000	4.389648	1.352539
4.050000	3.505859	1.948242
4.055000	2.221680	1.821289
4.060000	1.010742	1.196289
4.065000	0.214844	0.410156
4.070000	-0.068359	-0.263672
4.075000	0.092773	-0.605469
4.080000	0.488281	-0.517578
4.085000	0.815430	-0.117188
4.090000	0.888672	0.366211
4.095000	0.644531	0.737305
4.100000	0.151367	0.888672
4.105000	-0.424805	0.395508
4.110000	-0.649414	-1.269531
4.115000	0.190430	-2.685547
4.120000	1.948242	-2.670898
4.125000	3.706055	-1.542969
4.130000	4.721680	0.019531
4.135000	4.711914	1.352539
4.140000	3.813477	2.016602
4.145000	2.485352	1.918945
4.150000	1.220703	1.274414
4.155000	0.366211	0.449219
4.160000	0.058594	-0.214844
4.165000	0.190430	-0.517578
4.170000	0.527344	-0.419922
4.175000	0.791016	-0.058594
4.180000	0.830078	0.375977
4.185000	0.576172	0.708008
4.190000	0.097656	0.825195
4.195000	-0.439453	0.283203
4.200000	-0.605469	-1.333008
4.205000	0.283203	-2.583008
4.210000	1.972656	-2.470703
4.215000	3.593750	-1.337891
4.220000	4.472656	0.156250
4.225000	4.370117	1.381836
4.230000	3.466797	1.953125
4.235000	2.177734	1.811523
4.240000	0.976562	1.166992
4.245000	0.195312	0.380859
4.250000	-0.068359	-0.278320
4.255000	0.102539	-0.610352
4.260000	0.498047	-0.502930
4.265000	0.825195	-0.102539
4.270000	0.888672	0.380859
4.275000	0.629883	0.742188
4.280000	0.136719	0.883789
4.285000	-0.444336	0.356445
4.290000	-0.634766	-1.328125
4.295000	0.239258	-2.705078
4.300000	2.011719	-2.651367
4.305000	3.745117	-1.499023
4.310000	4.736328	0.068359
4.315000	4.692383	1.381836
4.320000	3.774414	2.021484
4.325000	2.451172	1.904297
4.330000	1.186523	1.250000
4.335000	0.346680	0.424805
4.340000	0.058594	-0.234375
4.345000	0.200195	-0.517578
4.350000	0.532227	-0.410156
4.355000	0.795898	-0.043945
4.360000	0.825195	0.390625
4.365000	0.561523	0.717773
4.370000	0.078125	0.830078
4.375000	-0.458984	0.244141
4.380000	-0.595703	-1.391602
4.385000	0.332031	-2.602539
4.390000	2.036133	-2.446289
4.395000	3.637695	-1.289062
4.400000	4.487305	0.200195
4.405000	4.355469	1.416016
4.410000	3.427734	1.958008
4.415000	2.128906	1.791992
4.420000	0.942383	1.147461
4.425000	0.175781	0.356445
4.430000	-0.073242	-0.297852
4.435000	0.117188	-0.610352
4.440000	0.507812	-0.493164
4.445000	0.834961	-0.083008
4.450000	0.883789	0.395508
4.455000	0.620117	0.751953
4.460000	0.112305	0.883789
4.465000	-0.458984	0.312500
4.470000	-0.629883	-1.396484
4.475000	0.292969	-2.734375
4.480000	2.075195	-2.626953
4.485000	3.793945	-1.445312
4.490000	4.755859	0.122070
4.495000	4.672852	1.416016
4.500000	3.740234	2.026367
4.505000	2.397461	1.889648
4.510000	1.147461	1.225586
4.515000	0.327148	0.395508
4.520000	0.053711	-0.249023
4.525000	0.209961	-0.517578
4.530000	0.546875	-0.400391
4.535000	0.805664	-0.024414
4.540000	0.815430	0.405273
4.545000	0.546875	0.722656
4.550000	0.063477	0.825195
4.555000	-0.473633	0.205078
4.560000	-0.581055	-1.455078
4.565000	0.380859	-2.622070
4.570000	2.099609	-2.416992
4.575000	3.686523	-1.240234
4.580000	4.497070	0.253906
4.585000	4.335938	1.445312
4.590000	3.388672	1.967773
4.595000	2.084961	1.782227
4.600000	0.908203	1.118164
4.605000	0.156250	0.332031
4.610000	-0.068359	-0.312500
4.615000	0.126953	-0.615234
4.620000	0.527344	-0.483398
4.625000	0.839844	-0.068359
4.630000	0.878906	0.410156
4.635000	0.605469	0.761719
4.640000	0.097656	0.883789
4.645000	-0.473633	0.273438
4.650000	-0.625000	-1.459961
4.655000	0.341797	-2.749023
4.660000	2.138672	-2.602539
4.665000	3.842773	-1.396484
4.670000	4.765625	0.175781
4.675000	4.653320	1.455078
4.680000	3.706055	2.041016
4.685000	2.353516	1.875000
4.690000	1.113281	1.196289
4.695000	0.312500	0.366211
4.700000	0.058594	-0.263672
4.705000	0.219727	-0.517578
4.710000	0.556641	-0.390625
4.715000	0.810547	-0.009766
4.720000	0.810547	0.419922
4.725000	0.532227	0.732422
4.730000	0.043945	0.825195
4.735000	-0.488281	0.161133
4.740000	-0.566406	-1.518555
4.745000	0.429688	-2.631836
4.750000	2.153320	-2.392578
4.755000	3.725586	-1.196289
4.760000	4.511719	0.302734
4.765000	4.311523	1.479492
4.770000	3.344727	1.972656
4.775000	2.041016	1.762695
4.780000	0.878906	1.093750
4.785000	0.146484	0.307617
4.790000	-0.068359	-0.332031
4.795000	0.136719	-0.615234
4.800000	0.537109	-0.473633
4.805000	0.844727	-0.053711
4.810000	0.878906	0.424805
4.815000	0.595703	0.771484
4.820000	0.078125	0.878906
4.825000	-0.493164	0.229492
4.830000	-0.610352	-1.528320
4.835000	0.395508	-2.768555
4.840000	2.207031	-2.573242
4.845000	3.891602	-1.342773
4.850000	4.780273	0.219727
4.855000	4.633789	1.484375
4.860000	3.662109	2.045898
4.865000	2.309570	1.860352
4.870000	1.074219	1.171875
4.875000	0.292969	0.341797
4.880000	0.053711	-0.283203
4.885000	0.229492	-0.522461
4.890000	0.571289	-0.380859
4.895000	0.815430	0.000000
4.900000	0.805664	0.429688
4.905000	0.517578	0.737305
4.910000	0.024414	0.815430
4.915000	-0.502930	0.122070
4.920000	-0.556641	-1.572266
4.925000	0.483398	-2.646484
4.930000	2.211914	-2.363281
4.935000	3.759766	-1.147461
4.940000	4.516602	0.346680
4.945000	4.296875	1.503906
4.950000	3.300781	1.977539
4.955000	1.997070	1.743164
4.960000	0.844727	1.064453
4.965000	0.126953	0.288086
4.970000	-0.068359	-0.351562
4.975000	0.146484	-0.620117
4.980000	0.546875	-0.458984
4.985000	0.849609	-0.039062
4.990000	0.869141	0.439453
4.995000	0.581055	0.776367
5.000000	0.058594	0.869141
5.005000	-0.507812	0.185547
5.010000	-0.600586	-1.586914
5.015000	0.449219	-2.783203
5.020000	2.265625	-2.543945
5.025000	3.935547	-1.289062
5.030000	4.794922	0.278320
5.035000	4.609375	1.518555
5.040000	3.618164	2.050781
5.045000	2.260742	1.840820
5.050000	1.040039	1.142578
5.055000	0.273438	0.312500
5.060000	0.058594	-0.297852
5.065000	0.239258	-0.522461
5.070000	0.581055	-0.371094
5.075000	0.815430	0.019531
5.080000	0.800781	0.449219
5.085000	0.502930	0.747070
5.090000	0.004883	0.810547
5.095000	-0.522461	0.073242
5.100000	-0.537109	-1.635742
5.105000	0.537109	-2.656250
5.110000	2.280273	-2.333984
5.115000	3.803711	-1.098633
5.120000	4.526367	0.395508
5.125000	4.267578	1.533203
5.130000	3.256836	1.977539
5.135000	1.953125	1.728516
5.140000	0.810547	1.040039
5.145000	0.112305	0.263672
5.150000	-0.068359	-0.366211
5.155000	0.161133	-0.620117
5.160000	0.566406	-0.449219
5.165000	0.854492	-0.019531
5.170000	0.859375	0.454102
5.175000	0.561523	0.786133
5.180000	0.034180	0.869141
5.185000	-0.522461	0.141602
5.190000	-0.585938	-1.650391
5.195000	0.498047	-2.797852
5.200000	2.329102	-2.514648
5.205000	3.984375	-1.245117
5.210000	4.804688	0.327148
5.215000	4.589844	1.547852
5.220000	3.574219	2.055664
5.225000	2.211914	1.826172
5.230000	1.005859	1.113281
5.235000	0.263672	0.292969
5.240000	0.053711	-0.312500
5.245000	0.253906	-0.527344
5.250000	0.590820	-0.361328
5.255000	0.825195	0.029297
5.260000	0.800781	0.458984
5.265000	0.488281	0.756836
5.270000	-0.009766	0.805664
5.275000	-0.532227	0.029297
5.280000	-0.522461	-1.689453
5.285000	0.590820	-2.666016
5.290000	2.333984	-2.304688
5.295000	3.837891	-1.044922
5.300000	4.531250	0.444336
5.305000	4.243164	1.557617
5.310000	3.217773	1.977539
5.315000	1.914062	1.713867
5.320000	0.776367	1.010742
5.325000	0.102539	0.239258
5.330000	-0.068359	-0.380859
5.335000	0.175781	-0.620117
5.340000	0.576172	-0.439453
5.345000	0.859375	-0.009766
5.350000	0.859375	0.463867
5.355000	0.546875	0.791016
5.360000	0.014648	0.859375
5.365000	-0.537109	0.087891
5.370000	-0.566406	-1.708984
5.375000	0.556641	-2.812500
5.380000	2.392578	-2.490234
5.385000	4.028320	-1.196289
5.390000	4.814453	0.375977
5.395000	4.570312	1.577148
5.400000	3.530273	2.060547
5.405000	2.172852	1.806641
5.410000	0.971680	1.083984
5.415000	0.244141	0.268555
5.420000	0.058594	-0.322266
5.425000	0.263672	-0.527344
5.430000	0.605469	-0.351562
5.435000	0.825195	0.048828
5.440000	0.795898	0.468750
5.445000	0.478516	0.761719
5.450000	-0.029297	0.800781
5.455000	-0.541992	-0.019531
5.460000	-0.507812	-1.743164
5.465000	0.639648	-2.675781
5.470000	2.392578	-2.275391
5.475000	3.881836	-0.991211
5.480000	4.541016	0.488281
5.485000	4.218750	1.586914
5.490000	3.178711	1.982422
5.495000	1.865234	1.694336
5.500000	0.747070	0.986328
5.505000	0.083008	0.214844
5.510000	-0.058594	-0.395508
5.515000	0.185547	-0.620117
5.520000	0.590820	-0.429688
5.525000	0.869141	0.009766
5.530000	0.849609	0.478516
5.535000	0.537109	0.795898
5.540000	0.000000	0.854492
5.545000	-0.556641	0.039062
5.550000	-0.551758	-1.772461
5.555000	0.610352	-2.817383
5.560000	2.456055	-2.456055
5.565000	4.067383	-1.142578
5.570000	4.819336	0.424805
5.575000	4.541016	1.606445
5.580000	3.486328	2.060547
5.585000	2.124023	1.787109
5.590000	0.937500	1.054688
5.595000	0.229492	0.239258
5.600000	0.058594	-0.336914
5.605000	0.268555	-0.527344
5.610000	0.615234	-0.341797
5.615000	0.830078	0.058594
5.620000	0.781250	0.483398
5.625000	0.463867	0.766602
5.630000	-0.048828	0.791016
5.635000	-0.556641	-0.068359
5.640000	-0.483398	-1.801758
5.645000	0.698242	-2.680664
5.650000	2.456055	-2.236328
5.655000	3.920898	-0.942383
5.660000	4.545898	0.537109
5.665000	4.194336	1.611328
5.670000	3.134766	1.982422
5.675000	1.826172	1.669922
5.680000	0.712891	0.957031
5.685000	0.073242	0.185547
5.690000	-0.058594	-0.410156
5.695000	0.200195	-0.625000
5.700000	0.600586	-0.415039
5.705000	0.874023	0.024414
5.710000	0.849609	0.498047
5.715000	0.517578	0.805664
5.720000	-0.019531	0.849609
5.725000	-0.566406	-0.004883
5.730000	-0.532227	-1.831055
5.735000	0.664062	-2.827148
5.740000	2.519531	-2.421875
5.745000	4.111328	-1.088867
5.750000	4.829102	0.473633
5.755000	4.516602	1.635742
5.760000	3.437500	2.060547
5.765000	2.080078	1.767578
5.770000	0.908203	1.030273
5.775000	0.219727	0.214844
5.780000	0.058594	-0.351562
5.785000	0.288086	-0.522461
5.790000	0.620117	-0.327148
5.795000	0.834961	0.073242
5.800000	0.776367	0.493164
5.805000	0.449219	0.771484
5.810000	-0.068359	0.776367
5.815000	-0.571289	-0.122070
5.820000	-0.458984	-1.855469
5.825000	0.751953	-2.685547
5.830000	2.509766	-2.202148
5.835000	3.955078	-0.898438
5.840000	4.545898	0.581055
5.845000	4.165039	1.635742
5.850000	3.090820	1.982422
5.855000	1.782227	1.650391
5.860000	0.683594	0.932617
5.865000	0.058594	0.161133
5.870000	-0.053711	-0.429688
5.875000	0.219727	-0.620117
5.880000	0.615234	-0.405273
5.885000	0.878906	0.043945
5.890000	0.844727	0.507812
5.895000	0.502930	0.815430
5.900000	-0.039062	0.839844
5.905000	-0.581055	-0.058594
5.910000	-0.512695	-1.889648
5.915000	0.727539	-2.841797
5.920000	2.583008	-2.387695
5.925000	4.150391	-1.035156
5.930000	4.833984	0.522461
5.935000	4.492188	1.660156
5.940000	3.398438	2.060547
5.945000	2.031250	1.748047
5.950000	0.874023	1.000977
5.955000	0.205078	0.190430
5.960000	0.063477	-0.366211
5.965000	0.297852	-0.522461
5.970000	0.629883	-0.322266
5.975000	0.839844	0.092773
5.980000	0.771484	0.507812
5.985000	0.434570	0.776367
5.990000	-0.083008	0.771484
5.995000	-0.581055	-0.170898
6.000000	-0.439453	-1.899414
6.005000	0.805664	-2.690430
6.010000	2.563477	-2.172852
6.015000	3.994141	-0.844727
6.020000	4.550781	0.625000
6.025000	4.140625	1.660156
6.030000	3.051758	1.982422
6.035000	1.738281	1.625977
6.040000	0.654297	0.903320
6.045000	0.048828	0.141602
6.050000	-0.048828	-0.439453
6.055000	0.224609	-0.620117
6.060000	0.625000	-0.390625
6.065000	0.878906	0.058594
6.070000	0.834961	0.522461
6.075000	0.483398	0.820312
6.080000	-0.058594	0.830078
6.085000	-0.595703	-0.112305
6.090000	-0.488281	-1.943359
6.095000	0.781250	-2.841797
6.100000	2.641602	-2.353516
6.105000	4.189453	-0.981445
6.110000	4.838867	0.571289
6.115000	4.462891	1.689453
6.120000	3.349609	2.060547
6.125000	1.987305	1.723633
6.130000	0.839844	0.971680
6.135000	0.185547	0.166016
6.140000	0.068359	-0.380859
6.145000	0.307617	-0.517578
6.150000	0.639648	-0.307617
6.155000	0.839844	0.107422
6.160000	0.766602	0.522461
6.165000	0.415039	0.781250
6.170000	-0.107422	0.756836
6.175000	-0.590820	-0.224609
6.180000	-0.415039	-1.953125
6.185000	0.864258	-2.695312
6.190000	2.626953	-2.128906
6.195000	4.033203	-0.791016
6.200000	4.550781	0.673828
6.205000	4.106445	1.684570
6.210000	3.002930	1.977539
6.215000	1.694336	1.611328
6.220000	0.625000	0.874023
6.225000	0.034180	0.117188
6.230000	-0.048828	-0.454102
6.235000	0.239258	-0.615234
6.240000	0.634766	-0.380859
6.245000	0.883789	0.078125
6.250000	0.830078	0.537109
6.255000	0.468750	0.825195
6.260000	-0.083008	0.820312
6.265000	-0.605469	-0.170898
6.270000	-0.463867	-2.001953
6.275000	0.844727	-2.846680
6.280000	2.705078	-2.314453
6.285000	4.228516	-0.922852
6.290000	4.843750	0.625000
6.295000	4.433594	1.713867
6.300000	3.305664	2.060547
6.305000	1.943359	1.704102
6.310000	0.810547	0.942383
6.315000	0.175781	0.141602
6.320000	0.068359	-0.390625
6.325000	0.317383	-0.517578
6.330000	0.654297	-0.297852
6.335000	0.844727	0.117188
6.340000	0.756836	0.537109
6.345000	0.395508	0.786133
6.350000	-0.126953	0.742188
6.355000	-0.595703	-0.283203
6.360000	-0.385742	-2.006836
6.365000	0.922852	-2.695312
6.370000	2.685547	-2.099609
6.375000	4.062500	-0.737305
6.380000	4.545898	0.717773
6.385000	4.077148	1.708984
6.390000	2.958984	1.972656
6.395000	1.650391	1.591797
6.400000	0.595703	0.844727
6.405000	0.024414	0.092773
6.410000	-0.043945	-0.473633
6.415000	0.253906	-0.615234
6.420000	0.649414	-0.361328
6.425000	0.888672	0.092773
6.430000	0.820312	0.551758
6.435000	0.454102	0.834961
6.440000	-0.097656	0.805664
6.445000	-0.615234	-0.224609
6.450000	-0.439453	-2.055664
6.455000	0.908203	-2.851562
6.460000	2.768555	-2.280273
6.465000	4.272461	-0.874023
6.470000	4.848633	0.668945
6.475000	4.404297	1.738281
6.480000	3.256836	2.060547
6.485000	1.899414	1.684570
6.490000	0.781250	0.913086
6.495000	0.166016	0.122070
6.500000	0.073242	-0.395508
6.505000	0.327148	-0.517578
6.510000	0.659180	-0.283203
6.515000	0.849609	0.136719
6.520000	0.747070	0.541992
6.525000	0.385742	0.791016
6.530000	-0.146484	0.732422
6.535000	-0.605469	-0.332031
6.540000	-0.361328	-2.050781
6.545000	0.981445	-2.695312
6.550000	2.744141	-2.060547
6.555000	4.096680	-0.693359
6.560000	4.550781	0.756836
6.565000	4.052734	1.723633
6.570000	2.915039	1.972656
6.575000	1.611328	1.567383
6.580000	0.571289	0.820312
6.585000	0.014648	0.068359
6.590000	-0.039062	-0.478516
6.595000	0.268555	-0.610352
6.600000	0.659180	-0.351562
6.605000	0.888672	0.112305
6.610000	0.810547	0.561523
6.615000	0.434570	0.834961
6.620000	-0.122070	0.791016
6.625000	-0.625000	-0.283203
6.630000	-0.410156	-2.109375
6.635000	0.961914	-2.856445
6.640000	2.827148	-2.241211
6.645000	4.301758	-0.815430
6.650000	4.843750	0.717773
6.655000	4.370117	1.762695
6.660000	3.212891	2.060547
6.665000	1.850586	1.665039
6.670000	0.751953	0.883789
6.675000	0.151367	0.092773
6.680000	0.078125	-0.410156
6.685000	0.336914	-0.517578
6.690000	0.668945	-0.268555
6.695000	0.849609	0.151367
6.700000	0.737305	0.561523
6.705000	0.371094	0.800781
6.710000	-0.166016	0.712891
6.715000	-0.615234	-0.400391
6.720000	-0.327148	-2.099609
6.725000	1.044922	-2.690430
6.730000	2.802734	-2.021484
6.735000	4.130859	-0.629883
6.740000	4.541016	0.805664
6.745000	4.018555	1.748047
6.750000	2.866211	1.967773
6.755000	1.567383	1.547852
6.760000	0.541992	0.791016
6.765000	0.004883	0.043945
6.770000	-0.034180	-0.493164
6.775000	0.283203	-0.605469
6.780000	0.678711	-0.332031
6.785000	0.888672	0.131836
6.790000	0.800781	0.576172
6.795000	0.415039	0.844727
6.800000	-0.141602	0.776367
6.805000	-0.634766	-0.346680
6.810000	-0.380859	-2.158203
6.815000	1.030273	-2.856445
6.820000	2.895508	-2.202148
6.825000	4.340820	-0.756836
6.830000	4.848633	0.761719
6.835000	4.340820	1.787109
6.840000	3.159180	2.055664
6.845000	1.801758	1.635742
6.850000	0.717773	0.854492
6.855000	0.141602	0.068359
6.860000	0.083008	-0.419922
6.865000	0.351562	-0.512695
6.870000	0.683594	-0.253906
6.875000	0.849609	0.170898
6.880000	0.732422	0.571289
6.885000	0.351562	0.800781
6.890000	-0.180664	0.688477
6.895000	-0.620117	-0.454102
6.900000	-0.292969	-2.143555
6.905000	1.103516	-2.685547
6.910000	2.856445	-1.977539
6.915000	4.160156	-0.581055
6.920000	4.545898	0.849609
6.925000	3.984375	1.772461
6.930000	2.817383	1.958008
6.935000	1.523438	1.523438
6.940000	0.512695	0.766602
6.945000	-0.004883	0.024414
6.950000	-0.024414	-0.507812
6.955000	0.297852	-0.600586
6.960000	0.688477	-0.322266
6.965000	0.893555	0.146484
6.970000	0.795898	0.590820
6.975000	0.400391	0.849609
6.980000	-0.166016	0.761719
6.985000	-0.634766	-0.405273
6.990000	-0.346680	-2.211914
6.995000	1.093750	-2.851562
7.000000	2.958984	-2.158203
7.005000	4.375000	-0.703125
7.010000	4.848633	0.810547
7.015000	4.311523	1.811523
7.020000	3.115234	2.050781
7.025000	1.762695	1.616211
7.030000	0.688477	0.825195
7.035000	0.136719	0.048828
7.040000	0.087891	-0.434570
7.045000	0.366211	-0.507812
7.050000	0.688477	-0.244141
7.055000	0.854492	0.180664
7.060000	0.722656	0.581055
7.065000	0.336914	0.805664
7.070000	-0.205078	0.673828
7.075000	-0.625000	-0.512695
7.080000	-0.268555	-2.187500
7.085000	1.162109	-2.680664
7.090000	2.915039	-1.938477
7.095000	4.194336	-0.527344
7.100000	4.541016	0.893555
7.105000	3.955078	1.787109
7.110000	2.778320	1.953125
7.115000	1.479492	1.499023
7.120000	0.488281	0.732422
7.125000	-0.014648	0.000000
7.130000	-0.014648	-0.512695
7.135000	0.307617	-0.595703
7.140000	0.693359	-0.312500
7.145000	0.893555	0.166016
7.150000	0.781250	0.605469
7.155000	0.380859	0.849609
7.160000	-0.185547	0.742188
7.165000	-0.644531	-0.468750
7.170000	-0.317383	-2.255859
7.175000	1.152344	-2.841797
7.180000	3.017578	-2.119141
7.185000	4.409180	-0.654297
7.190000	4.838867	0.859375
7.195000	4.277344	1.835938
7.200000	3.071289	2.045898
7.205000	1.713867	1.591797
7.210000	0.659180	0.795898
7.215000	0.122070	0.024414
7.220000	0.097656	-0.439453
7.225000	0.375977	-0.502930
7.230000	0.698242	-0.229492
7.235000	0.849609	0.200195
7.240000	0.712891	0.590820
7.245000	0.317383	0.805664
7.250000	-0.224609	0.654297
7.255000	-0.629883	-0.576172
7.260000	-0.234375	-2.226562
7.265000	1.220703	-2.670898
7.270000	2.973633	-1.894531
7.275000	4.223633	-0.473633
7.280000	4.531250	0.932617
7.285000	3.920898	1.806641
7.290000	2.729492	1.948242
7.295000	1.440430	1.479492
7.300000	0.463867	0.708008
7.305000	-0.019531	-0.019531
7.310000	-0.009766	-0.527344
7.315000	0.317383	-0.595703
7.320000	0.703125	-0.292969
7.325000	0.898438	0.180664
7.330000	0.776367	0.615234
7.335000	0.366211	0.854492
7.340000	-0.205078	0.722656
7.345000	-0.654297	-0.532227
7.350000	-0.288086	-2.299805
7.355000	1.220703	-2.841797
7.360000	3.076172	-2.075195
7.365000	4.443359	-0.590820
7.370000	4.838867	0.903320
7.375000	4.243164	1.855469
7.380000	3.022461	2.041016
7.385000	1.674805	1.562500
7.390000	0.629883	0.766602
7.395000	0.117188	0.000000
7.400000	0.102539	-0.449219
7.405000	0.390625	-0.498047
7.410000	0.708008	-0.214844
7.415000	0.849609	0.214844
7.420000	0.698242	0.605469
7.425000	0.297852	0.815430
7.430000	-0.244141	0.629883
7.435000	-0.629883	-0.639648
7.440000	-0.195312	-2.270508
7.445000	1.279297	-2.661133
7.450000	3.032227	-1.855469
7.455000	4.248047	-0.419922
7.460000	4.521484	0.971680
7.465000	3.881836	1.826172
7.470000	2.680664	1.943359
7.475000	1.396484	1.450195
7.480000	0.434570	0.678711
7.485000	-0.024414	-0.043945
7.490000	-0.009766	-0.537109
7.495000	0.336914	-0.590820
7.500000	0.722656	-0.278320
7.505000	0.903320	0.195312
7.510000	0.766602	0.625000
7.515000	0.346680	0.864258
7.520000	-0.224609	0.698242
7.525000	-0.654297	-0.595703
7.530000	-0.249023	-2.343750
7.535000	1.279297	-2.832031
7.540000	3.139648	-2.031250
7.545000	4.472656	-0.537109
7.550000	4.829102	0.942383
7.555000	4.208984	1.875000
7.560000	2.978516	2.031250
7.565000	1.630859	1.542969
7.570000	0.605469	0.737305
7.575000	0.102539	-0.019531
7.580000	0.107422	-0.458984
7.585000	0.400391	-0.493164
7.590000	0.722656	-0.200195
7.595000	0.844727	0.229492
7.600000	0.693359	0.615234
7.605000	0.283203	0.815430
7.610000	-0.258789	0.610352
7.615000	-0.629883	-0.693359
7.620000	-0.161133	-2.304688
7.625000	1.337891	-2.656250
7.630000	3.081055	-1.811523
7.635000	4.277344	-0.371094
7.640000	4.521484	1.015625
7.645000	3.852539	1.840820
7.650000	2.636719	1.928711
7.655000	1.362305	1.430664
7.660000	0.410156	0.654297
7.665000	-0.029297	-0.063477
7.670000	0.000000	-0.546875
7.675000	0.346680	-0.585938
7.680000	0.732422	-0.268555
7.685000	0.898438	0.214844
7.690000	0.756836	0.639648
7.695000	0.332031	0.869141
7.700000	-0.249023	0.673828
7.705000	-0.664062	-0.654297
7.710000	-0.214844	-2.387695
7.715000	1.337891	-2.822266
7.720000	3.193359	-1.987305
7.725000	4.501953	-0.483398
7.730000	4.824219	0.986328
7.735000	4.174805	1.889648
7.740000	2.929688	2.021484
7.745000	1.586914	1.518555
7.750000	0.581055	0.708008
7.755000	0.102539	-0.039062
7.760000	0.112305	-0.468750
7.765000	0.415039	-0.488281
7.770000	0.732422	-0.190430
7.775000	0.854492	0.244141
7.780000	0.678711	0.620117
7.785000	0.268555	0.825195
7.790000	-0.283203	0.590820
7.795000	-0.629883	-0.756836
7.800000	-0.126953	-2.338867
7.805000	1.401367	-2.641602
7.810000	3.134766	-1.767578
7.815000	4.301758	-0.317383
7.820000	4.511719	1.054688
7.825000	3.813477	1.855469
7.830000	2.592773	1.923828
7.835000	1.318359	1.406250
7.840000	0.385742	0.629883
7.845000	-0.039062	-0.087891
7.850000	0.009766	-0.551758
7.855000	0.366211	-0.581055
7.860000	0.737305	-0.249023
7.865000	0.903320	0.229492
7.870000	0.742188	0.649414
7.875000	0.307617	0.869141
7.880000	-0.268555	0.649414
7.885000	-0.668945	-0.722656
7.890000	-0.175781	-2.426758
7.895000	1.406250	-2.817383
7.900000	3.251953	-1.943359
7.905000	4.531250	-0.434570
7.910000	4.819336	1.030273
7.915000	4.135742	1.909180
7.920000	2.880859	2.016602
7.925000	1.542969	1.494141
7.930000	0.556641	0.678711
7.935000	0.092773	-0.058594
7.940000	0.126953	-0.473633
7.945000	0.424805	-0.483398
7.950000	0.737305	-0.170898
7.955000	0.849609	0.258789
7.960000	0.673828	0.629883
7.965000	0.249023	0.820312
7.970000	-0.297852	0.561523
7.975000	-0.629883	-0.825195
7.980000	-0.083008	-2.373047
7.985000	1.459961	-2.626953
7.990000	3.188477	-1.723633
7.995000	4.321289	-0.263672
8.000000	4.501953	1.093750
8.005000	3.774414	1.875000
8.010000	2.548828	1.914062
8.015000	1.279297	1.381836
8.020000	0.361328	0.595703
8.025000	-0.043945	-0.112305
8.030000	0.019531	-0.561523
8.035000	0.375977	-0.571289
8.040000	0.751953	-0.239258
8.045000	0.903320	0.249023
8.050000	0.732422	0.659180
8.055000	0.297852	0.874023
8.060000	-0.283203	0.629883
8.065000	-0.668945	-0.786133
8.070000	-0.136719	-2.465820
8.075000	1.469727	-2.802734
8.080000	3.310547	-1.899414
8.085000	4.560547	-0.375977
8.090000	4.814453	1.069336
8.095000	4.101562	1.928711
8.100000	2.836914	2.011719
8.105000	1.508789	1.469727
8.110000	0.532227	0.654297
8.115000	0.087891	-0.083008
8.120000	0.131836	-0.478516
8.125000	0.439453	-0.473633
8.130000	0.747070	-0.166016
8.135000	0.844727	0.273438
8.140000	0.659180	0.639648
8.145000	0.229492	0.830078
8.150000	-0.317383	0.532227
8.155000	-0.629883	-0.878906
8.160000	-0.048828	-2.402344
8.165000	1.518555	-2.612305
8.170000	3.232422	-1.679688
8.175000	4.345703	-0.214844
8.180000	4.492188	1.132812
8.185000	3.745117	1.884766
8.190000	2.504883	1.899414
8.195000	1.245117	1.357422
8.200000	0.341797	0.576172
8.205000	-0.048828	-0.126953
8.210000	0.024414	-0.571289
8.215000	0.395508	-0.566406
8.220000	0.761719	-0.219727
8.225000	0.898438	0.263672
8.230000	0.722656	0.668945
8.235000	0.273438	0.874023
8.240000	-0.307617	0.600586
8.245000	-0.668945	-0.854492
8.250000	-0.092773	-2.500000
8.255000	1.533203	-2.792969
8.260000	3.364258	-1.855469
8.265000	4.584961	-0.322266
8.270000	4.799805	1.113281
8.275000	4.062500	1.938477
8.280000	2.788086	1.997070
8.285000	1.459961	1.445312
8.290000	0.507812	0.625000
8.295000	0.078125	-0.097656
8.300000	0.141602	-0.488281
8.305000	0.449219	-0.473633
8.310000	0.751953	-0.146484
8.315000	0.844727	0.288086
8.320000	0.649414	0.649414
8.325000	0.214844	0.825195
8.330000	-0.332031	0.502930
8.335000	-0.629883	-0.947266
8.340000	-0.004883	-2.436523
8.345000	1.582031	-2.602539
8.350000	3.291016	-1.635742
8.355000	4.365234	-0.161133
8.360000	4.477539	1.171875
8.365000	3.710938	1.894531
8.370000	2.460938	1.894531
8.375000	1.210938	1.333008
8.380000	0.317383	0.546875
8.385000	-0.048828	-0.151367
8.390000	0.034180	-0.576172
8.395000	0.405273	-0.556641
8.400000	0.771484	-0.200195
8.405000	0.898438	0.278320
8.410000	0.708008	0.683594
8.415000	0.253906	0.878906
8.420000	-0.322266	0.571289
8.425000	-0.668945	-0.917969
8.430000	-0.053711	-2.534180
8.435000	1.596680	-2.778320
8.440000	3.422852	-1.806641
8.445000	4.604492	-0.263672
8.450000	4.785156	1.157227
8.455000	4.023438	1.958008
8.460000	2.739258	1.987305
8.465000	1.420898	1.416016
8.470000	0.478516	0.595703
8.475000	0.073242	-0.117188
8.480000	0.141602	-0.493164
8.485000	0.458984	-0.458984
8.490000	0.756836	-0.131836
8.495000	0.844727	0.302734
8.500000	0.639648	0.659180
8.505000	0.195312	0.830078
8.510000	-0.351562	0.473633
8.515000	-0.629883	-1.010742
8.520000	0.039062	-2.465820
8.525000	1.650391	-2.578125
8.530000	3.344727	-1.582031
8.535000	4.389648	-0.107422
8.540000	4.462891	1.210938
8.545000	3.671875	1.904297
8.550000	2.412109	1.879883
8.555000	1.166992	1.303711
8.560000	0.297852	0.522461
8.565000	-0.058594	-0.170898
8.570000	0.048828	-0.585938
8.575000	0.424805	-0.551758
8.580000	0.776367	-0.185547
8.585000	0.898438	0.292969
8.590000	0.698242	0.693359
8.595000	0.234375	0.878906
8.600000	-0.341797	0.541992
8.605000	-0.668945	-0.986328
8.610000	-0.009766	-2.568359
8.615000	1.669922	-2.758789
8.620000	3.481445	-1.752930
8.625000	4.633789	-0.209961
8.630000	4.780273	1.196289
8.635000	3.989258	1.972656
8.640000	2.690430	1.977539
8.645000	1.381836	1.391602
8.650000	0.458984	0.566406
8.655000	0.068359	-0.141602
8.660000	0.156250	-0.498047
8.665000	0.473633	-0.454102
8.670000	0.766602	-0.122070
8.675000	0.839844	0.317383
8.680000	0.625000	0.673828
8.685000	0.180664	0.834961
8.690000	-0.371094	0.444336
8.695000	-0.629883	-1.069336
8.700000	0.083008	-2.490234
8.705000	1.704102	-2.563477
8.710000	3.393555	-1.542969
8.715000	4.404297	-0.058594
8.720000	4.448242	1.240234
8.725000	3.637695	1.918945
8.730000	2.373047	1.870117
8.735000	1.132812	1.279297
8.740000	0.273438	0.493164
8.745000	-0.058594	-0.195312
8.750000	0.058594	-0.590820
8.755000	0.439453	-0.546875
8.760000	0.786133	-0.170898
8.765000	0.893555	0.307617
8.770000	0.688477	0.703125
8.775000	0.219727	0.883789
8.780000	-0.366211	0.507812
8.785000	-0.668945	-1.054688
8.790000	0.029297	-2.597656
8.795000	1.728516	-2.744141
8.800000	3.530273	-1.708984
8.805000	4.658203	-0.161133
8.810000	4.765625	1.230469
8.815000	3.950195	1.982422
8.820000	2.641602	1.967773
8.825000	1.342773	1.367188
8.830000	0.434570	0.541992
8.835000	0.063477	-0.161133
8.840000	0.161133	-0.502930
8.845000	0.483398	-0.444336
8.850000	0.771484	-0.102539
8.855000	0.839844	0.332031
8.860000	0.615234	0.678711
8.865000	0.156250	0.834961
8.870000	-0.390625	0.410156
8.875000	-0.625000	-1.132812
8.880000	0.122070	-2.514648
8.885000	1.767578	-2.543945
8.890000	3.442383	-1.494141
8.895000	4.423828	-0.009766
8.900000	4.433594	1.269531
8.905000	3.603516	1.928711
8.910000	2.329102	1.860352
8.915000	1.098633	1.254883
8.920000	0.258789	0.468750
8.925000	-0.068359	-0.214844
8.930000	0.063477	-0.595703
8.935000	0.454102	-0.532227
8.940000	0.795898	-0.156250
8.945000	0.888672	0.327148
8.950000	0.673828	0.712891
8.955000	0.200195	0.888672
8.960000	-0.380859	0.473633
8.965000	-0.659180	-1.118164
8.970000	0.078125	-2.622070
8.975000	1.791992	-2.724609
8.980000	3.583984	-1.655273
8.985000	4.677734	-0.102539
8.990000	4.746094	1.264648
8.995000	3.911133	1.992188
9.000000	2.592773	1.948242
9.005000	1.298828	1.337891
9.010000	0.415039	0.512695
9.015000	0.063477	-0.175781
9.020000	0.170898	-0.507812
9.025000	0.498047	-0.439453
9.030000	0.776367	-0.087891
9.035000	0.834961	0.346680
9.040000	0.600586	0.688477
9.045000	0.141602	0.830078
9.050000	-0.405273	0.371094
9.055000	-0.620117	-1.201172
9.060000	0.175781	-2.539062
9.065000	1.831055	-2.519531
9.070000	3.491211	-1.445312
9.075000	4.443359	0.043945
9.080000	4.414062	1.308594
9.085000	3.554688	1.938477
9.090000	2.275391	1.840820
9.095000	1.054688	1.230469
9.100000	0.234375	0.439453
9.105000	-0.068359	-0.234375
9.110000	0.078125	-0.600586
9.115000	0.463867	-0.522461
9.120000	0.805664	-0.136719
9.125000	0.893555	0.341797
9.130000	0.664062	0.722656
9.135000	0.180664	0.883789
9.140000	-0.405273	0.439453
9.145000	-0.654297	-1.191406
9.150000	0.126953	-2.656250
9.155000	1.860352	-2.700195
9.160000	3.637695	-1.611328
9.165000	4.697266	-0.043945
9.170000	4.736328	1.303711
9.175000	3.872070	2.006836
9.180000	2.548828	1.938477
9.185000	1.264648	1.308594
9.190000	0.390625	0.478516
9.195000	0.058594	-0.195312
9.200000	0.180664	-0.512695
9.205000	0.507812	-0.434570
9.210000	0.786133	-0.078125
9.215000	0.830078	0.366211
9.220000	0.590820	0.698242
9.225000	0.122070	0.834961
9.230000	-0.419922	0.336914
9.235000	-0.615234	-1.254883
9.240000	0.219727	-2.563477
9.245000	1.889648	-2.504883
9.250000	3.535156	-1.401367
9.255000	4.458008	0.092773
9.260000	4.399414	1.342773
9.265000	3.520508	1.943359
9.270000	2.236328	1.831055
9.275000	1.025391	1.206055
9.280000	0.219727	0.419922
9.285000	-0.068359	-0.253906
9.290000	0.087891	-0.605469
9.295000	0.478516	-0.517578
9.300000	0.810547	-0.122070
9.305000	0.888672	0.356445
9.310000	0.649414	0.732422
9.315000	0.161133	0.888672
9.320000	-0.419922	0.405273
9.325000	-0.649414	-1.245117
9.330000	0.175781	-2.675781
9.335000	1.928711	-2.680664
9.340000	3.691406	-1.562500
9.345000	4.711914	0.000000
9.350000	4.716797	1.342773
9.355000	3.828125	2.016602
9.360000	2.504883	1.928711
9.365000	1.230469	1.284180
9.370000	0.371094	0.454102
9.375000	0.058594	-0.214844
9.380000	0.185547	-0.517578
9.385000	0.517578	-0.419922
9.390000	0.791016	-0.058594
9.395000	0.830078	0.371094
9.400000	0.576172	0.708008
9.405000	0.102539	0.830078
9.410000	-0.439453	0.297852
9.415000	-0.605469	-1.313477
9.420000	0.268555	-2.583008
9.425000	1.953125	-2.480469
9.430000	3.583984	-1.352539
9.435000	4.467773	0.141602
9.440000	4.379883	1.376953
9.445000	3.476562	1.953125
9.450000	2.187500	1.811523
9.455000	0.986328	1.181641
9.460000	0.200195	0.390625
9.465000	-0.068359	-0.273438
9.470000	0.102539	-0.605469
9.475000	0.493164	-0.507812
9.480000	0.820312	-0.102539
9.485000	0.888672	0.375977
9.490000	0.634766	0.742188
9.495000	0.141602	0.883789
9.500000	-0.439453	0.366211
9.505000	-0.639648	-1.313477
9.510000	0.224609	-2.700195
9.515000	1.992188	-2.656250
9.520000	3.735352	-1.508789
9.525000	4.731445	0.053711
9.530000	4.697266	1.376953
9.535000	3.784180	2.021484
9.540000	2.460938	1.909180
9.545000	1.191406	1.254883
9.550000	0.351562	0.429688
9.555000	0.058594	-0.229492
9.560000	0.200195	-0.517578
9.565000	0.532227	-0.410156
9.570000	0.795898	-0.043945
9.575000	0.825195	0.390625
9.580000	0.566406	0.717773
9.585000	0.083008	0.830078
9.590000	-0.454102	0.258789
9.595000	-0.595703	-1.376953
9.600000	0.322266	-2.597656
9.605000	2.021484	-2.451172
9.610000	3.632812	-1.298828
9.615000	4.487305	0.195312
9.620000	4.360352	1.406250
9.625000	3.437500	1.958008
9.630000	2.143555	1.796875
9.635000	0.947266	1.152344
9.640000	0.180664	0.366211
9.645000	-0.068359	-0.292969
9.650000	0.112305	-0.615234
9.655000	0.507812	-0.498047
9.660000	0.830078	-0.092773
9.665000	0.888672	0.390625
9.670000	0.620117	0.751953
9.675000	0.122070	0.883789
9.680000	-0.458984	0.322266
9.685000	-0.629883	-1.376953
9.690000	0.278320	-2.724609
9.695000	2.055664	-2.631836
9.700000	3.784180	-1.459961
9.705000	4.750977	0.107422
9.710000	4.682617	1.416016
9.715000	3.750000	2.031250
9.720000	2.416992	1.894531
9.725000	1.162109	1.235352
9.730000	0.332031	0.400391
9.735000	0.058594	-0.249023
9.740000	0.209961	-0.517578
9.745000	0.541992	-0.405273
9.750000	0.805664	-0.029297
9.755000	0.820312	0.400391
9.760000	0.546875	0.722656
9.765000	0.068359	0.830078
9.770000	-0.473633	0.219727
9.775000	-0.585938	-1.435547
9.780000	0.361328	-2.612305
9.785000	2.075195	-2.426758
9.790000	3.671875	-1.254883
9.795000	4.501953	0.239258
9.800000	4.340820	1.435547
9.805000	3.393555	1.962891
9.810000	2.099609	1.787109
9.815000	0.917969	1.123047
9.820000	0.161133	0.336914
9.825000	-0.068359	-0.307617
9.830000	0.126953	-0.615234
9.835000	0.522461	-0.483398
9.840000	0.834961	-0.078125
9.845000	0.883789	0.405273
9.850000	0.615234	0.756836
9.855000	0.102539	0.883789
9.860000	-0.473633	0.288086
9.865000	-0.625000	-1.440430
9.870000	0.327148	-2.744141
9.875000	2.119141	-2.607422
9.880000	3.828125	-1.411133
9.885000	4.765625	0.156250
9.890000	4.663086	1.445312
9.895000	3.715820	2.036133
9.900000	2.368164	1.879883
9.905000	1.123047	1.206055
9.910000	0.312500	0.375977
9.915000	0.053711	-0.258789
9.920000	0.219727	-0.517578
9.925000	0.556641	-0.395508
9.930000	0.810547	-0.019531
9.935000	0.815430	0.415039
9.940000	0.537109	0.732422
9.945000	0.048828	0.825195
9.950000	-0.488281	0.175781
9.955000	-0.571289	-1.494141
9.960000	0.415039	-2.626953
9.965000	2.138672	-2.402344
9.970000	3.715820	-1.210938
9.975000	4.506836	0.288086
9.980000	4.321289	1.469727
9.985000	3.359375	1.967773
9.990000	2.055664	1.767578
9.995000	0.888672	1.103516
10.000000	0.146484	0.312500
