# Time_s	x	xdot
0.000000	0.419922	0.776367
0.005000	-0.097656	0.756836
0.010000	-0.581055	-0.205078
0.015000	-0.415039	-1.914062
0.020000	0.830078	-2.661133
0.025000	2.568359	-2.114258
0.030000	3.959961	-0.795898
0.035000	4.482422	0.649414
0.040000	4.057617	1.650391
0.045000	2.968750	1.948242
0.050000	1.679688	1.591797
0.055000	0.620117	0.878906
0.060000	0.029297	0.131836
0.065000	-0.058594	-0.454102
0.070000	0.219727	-0.634766
0.075000	0.639648	-0.405273
0.080000	0.898438	0.053711
0.085000	0.859375	0.527344
0.090000	0.512695	0.820312
0.095000	-0.039062	0.849609
0.100000	-0.581055	-0.063477
0.105000	-0.512695	-1.894531
0.110000	0.727539	-2.841797
0.115000	2.587891	-2.392578
0.120000	4.155273	-1.040039
0.125000	4.843750	0.522461
0.130000	4.501953	1.655273
0.135000	3.408203	2.055664
0.140000	2.050781	1.743164
0.145000	0.898438	0.996094
0.150000	0.224609	0.200195
0.155000	0.083008	-0.356445
0.160000	0.307617	-0.517578
0.165000	0.639648	-0.312500
0.170000	0.844727	0.092773
0.175000	0.776367	0.507812
0.180000	0.439453	0.771484
0.185000	-0.078125	0.771484
0.190000	-0.566406	-0.141602
0.195000	-0.444336	-1.855469
0.200000	0.766602	-2.656250
0.205000	2.504883	-2.158203
0.210000	3.916016	-0.854492
0.215000	4.487305	0.595703
0.220000	4.091797	1.625977
0.225000	3.022461	1.953125
0.230000	1.733398	1.621094
0.235000	0.654297	0.913086
0.240000	0.043945	0.161133
0.245000	-0.068359	-0.434570
0.250000	0.209961	-0.634766
0.255000	0.620117	-0.419922
0.260000	0.893555	0.034180
0.265000	0.864258	0.507812
0.270000	0.532227	0.815430
0.275000	-0.019531	0.854492
0.280000	-0.566406	0.000000
0.285000	-0.537109	-1.826172
0.290000	0.659180	-2.827148
0.295000	2.514648	-2.426758
0.300000	4.111328	-1.093750
0.305000	4.838867	0.463867
0.310000	4.531250	1.625977
0.315000	3.461914	2.055664
0.320000	2.104492	1.767578
0.325000	0.932617	1.030273
0.330000	0.244141	0.224609
0.335000	0.083008	-0.336914
0.340000	0.297852	-0.517578
0.345000	0.629883	-0.322266
0.350000	0.844727	0.073242
0.355000	0.781250	0.488281
0.360000	0.458984	0.766602
0.365000	-0.053711	0.776367
0.370000	-0.556641	-0.083008
0.375000	-0.473633	-1.801758
0.380000	0.703125	-2.651367
0.385000	2.436523	-2.192383
0.390000	3.872070	-0.913086
0.395000	4.482422	0.546875
0.400000	4.121094	1.596680
0.405000	3.071289	1.953125
0.410000	1.782227	1.645508
0.415000	0.688477	0.937500
0.420000	0.053711	0.185547
0.425000	-0.068359	-0.419922
0.430000	0.195312	-0.634766
0.435000	0.610352	-0.434570
0.440000	0.888672	0.014648
0.445000	0.874023	0.493164
0.450000	0.546875	0.805664
0.455000	0.004883	0.864258
0.460000	-0.551758	0.053711
0.465000	-0.556641	-1.762695
0.470000	0.600586	-2.822266
0.475000	2.446289	-2.465820
0.480000	4.062500	-1.157227
0.485000	4.824219	0.415039
0.490000	4.560547	1.591797
0.495000	3.505859	2.050781
0.500000	2.153320	1.787109
0.505000	0.966797	1.059570
0.510000	0.253906	0.249023
0.515000	0.078125	-0.327148
0.520000	0.288086	-0.517578
0.525000	0.615234	-0.332031
0.530000	0.834961	0.058594
0.535000	0.791016	0.478516
0.540000	0.468750	0.756836
0.545000	-0.034180	0.786133
0.550000	-0.546875	-0.034180
0.555000	-0.488281	-1.738281
0.560000	0.649414	-2.646484
0.565000	2.377930	-2.231445
0.570000	3.837891	-0.961914
0.575000	4.472656	0.502930
0.580000	4.145508	1.572266
0.585000	3.110352	1.953125
0.590000	1.826172	1.665039
0.595000	0.717773	0.966797
0.600000	0.068359	0.209961
0.605000	-0.073242	-0.405273
0.610000	0.180664	-0.634766
0.615000	0.590820	-0.444336
0.620000	0.883789	0.000000
0.625000	0.878906	0.473633
0.630000	0.561523	0.800781
0.635000	0.024414	0.869141
0.640000	-0.537109	0.102539
0.645000	-0.571289	-1.704102
0.650000	0.546875	-2.812500
0.655000	2.387695	-2.495117
0.660000	4.018555	-1.210938
0.665000	4.814453	0.361328
0.670000	4.580078	1.567383
0.675000	3.554688	2.050781
0.680000	2.197266	1.801758
0.685000	1.000977	1.088867
0.690000	0.268555	0.278320
0.695000	0.078125	-0.312500
0.700000	0.278320	-0.517578
0.705000	0.610352	-0.346680
0.710000	0.834961	0.048828
0.715000	0.800781	0.463867
0.720000	0.488281	0.751953
0.725000	-0.014648	0.795898
0.730000	-0.532227	0.014648
0.735000	-0.512695	-1.684570
0.740000	0.595703	-2.636719
0.745000	2.319336	-2.260742
0.750000	3.798828	-1.010742
0.755000	4.472656	0.449219
0.760000	4.174805	1.547852
0.765000	3.154297	1.948242
0.770000	1.870117	1.679688
0.775000	0.751953	0.996094
0.780000	0.083008	0.234375
0.785000	-0.073242	-0.390625
0.790000	0.166016	-0.634766
0.795000	0.581055	-0.463867
0.800000	0.878906	-0.019531
0.805000	0.883789	0.458984
0.810000	0.581055	0.795898
0.815000	0.043945	0.878906
0.820000	-0.522461	0.151367
0.825000	-0.590820	-1.635742
0.830000	0.483398	-2.792969
0.835000	2.314453	-2.524414
0.840000	3.974609	-1.259766
0.845000	4.809570	0.307617
0.850000	4.604492	1.533203
0.855000	3.598633	2.045898
0.860000	2.246094	1.826172
0.865000	1.035156	1.118164
0.870000	0.292969	0.302734
0.875000	0.073242	-0.297852
0.880000	0.263672	-0.517578
0.885000	0.600586	-0.361328
0.890000	0.830078	0.024414
0.895000	0.805664	0.454102
0.900000	0.498047	0.747070
0.905000	0.004883	0.800781
0.910000	-0.512695	0.063477
0.915000	-0.527344	-1.621094
0.920000	0.537109	-2.626953
0.925000	2.250977	-2.294922
0.930000	3.754883	-1.069336
0.935000	4.462891	0.400391
0.940000	4.199219	1.513672
0.945000	3.208008	1.948242
0.950000	1.914062	1.704102
0.955000	0.791016	1.025391
0.960000	0.097656	0.258789
0.965000	-0.078125	-0.371094
0.970000	0.156250	-0.634766
0.975000	0.566406	-0.473633
0.980000	0.869141	-0.034180
0.985000	0.888672	0.449219
0.990000	0.590820	0.786133
0.995000	0.068359	0.878906
1.000000	-0.502930	0.205078
1.005000	-0.605469	-1.567383
1.010000	0.429688	-2.778320
1.015000	2.246094	-2.558594
1.020000	3.920898	-1.313477
1.025000	4.794922	0.258789
1.030000	4.628906	1.503906
1.035000	3.642578	2.041016
1.040000	2.299805	1.840820
1.045000	1.079102	1.152344
1.050000	0.307617	0.327148
1.055000	0.073242	-0.283203
1.060000	0.253906	-0.517578
1.065000	0.585938	-0.366211
1.070000	0.825195	0.014648
1.075000	0.810547	0.439453
1.080000	0.517578	0.732422
1.085000	0.024414	0.810547
1.090000	-0.502930	0.112305
1.095000	-0.546875	-1.567383
1.100000	0.483398	-2.617188
1.105000	2.192383	-2.329102
1.110000	3.720703	-1.118164
1.115000	4.453125	0.356445
1.120000	4.223633	1.489258
1.125000	3.242188	1.943359
1.130000	1.958008	1.718750
1.135000	0.815430	1.054688
1.140000	0.117188	0.288086
1.145000	-0.078125	-0.351562
1.150000	0.141602	-0.634766
1.155000	0.551758	-0.488281
1.160000	0.859375	-0.053711
1.165000	0.893555	0.429688
1.170000	0.610352	0.776367
1.175000	0.087891	0.888672
1.180000	-0.488281	0.249023
1.185000	-0.620117	-1.503906
1.190000	0.371094	-2.763672
1.195000	2.182617	-2.587891
1.200000	3.876953	-1.362305
1.205000	4.780273	0.205078
1.210000	4.648438	1.469727
1.215000	3.686523	2.036133
1.220000	2.343750	1.860352
1.225000	1.113281	1.176758
1.230000	0.322266	0.356445
1.235000	0.073242	-0.268555
1.240000	0.244141	-0.517578
1.245000	0.576172	-0.375977
1.250000	0.815430	-0.004883
1.255000	0.810547	0.424805
1.260000	0.532227	0.727539
1.265000	0.039062	0.810547
1.270000	-0.483398	0.156250
1.275000	-0.561523	-1.508789
1.280000	0.429688	-2.602539
1.285000	2.133789	-2.353516
1.290000	3.681641	-1.166992
1.295000	4.448242	0.307617
1.300000	4.243164	1.459961
1.305000	3.286133	1.943359
1.310000	2.001953	1.733398
1.315000	0.854492	1.079102
1.320000	0.131836	0.307617
1.325000	-0.083008	-0.332031
1.330000	0.126953	-0.639648
1.335000	0.537109	-0.493164
1.340000	0.859375	-0.073242
1.345000	0.898438	0.415039
1.350000	0.620117	0.766602
1.355000	0.107422	0.888672
1.360000	-0.468750	0.292969
1.365000	-0.625000	-1.435547
1.370000	0.322266	-2.744141
1.375000	2.119141	-2.617188
1.380000	3.828125	-1.416016
1.385000	4.770508	0.151367
1.390000	4.667969	1.435547
1.395000	3.725586	2.026367
1.400000	2.387695	1.875000
1.405000	1.147461	1.206055
1.410000	0.341797	0.380859
1.415000	0.073242	-0.253906
1.420000	0.229492	-0.512695
1.425000	0.566406	-0.385742
1.430000	0.810547	-0.014648
1.435000	0.820312	0.410156
1.440000	0.541992	0.722656
1.445000	0.058594	0.815430
1.450000	-0.473633	0.200195
1.455000	-0.571289	-1.445312
1.460000	0.380859	-2.587891
1.465000	2.070312	-2.377930
1.470000	3.642578	-1.220703
1.475000	4.433594	0.258789
1.480000	4.262695	1.430664
1.485000	3.330078	1.938477
1.490000	2.045898	1.752930
1.495000	0.888672	1.103516
1.500000	0.146484	0.332031
1.505000	-0.083008	-0.317383
1.510000	0.117188	-0.629883
1.515000	0.522461	-0.502930
1.520000	0.849609	-0.087891
1.525000	0.908203	0.395508
1.530000	0.634766	0.756836
1.535000	0.131836	0.888672
1.540000	-0.454102	0.332031
1.545000	-0.634766	-1.367188
1.550000	0.263672	-2.724609
1.555000	2.045898	-2.636719
1.560000	3.779297	-1.469727
1.565000	4.750977	0.097656
1.570000	4.687500	1.396484
1.575000	3.759766	2.021484
1.580000	2.441406	1.889648
1.585000	1.186523	1.230469
1.590000	0.356445	0.410156
1.595000	0.073242	-0.239258
1.600000	0.219727	-0.512695
1.605000	0.546875	-0.395508
1.610000	0.810547	-0.029297
1.615000	0.820312	0.395508
1.620000	0.556641	0.717773
1.625000	0.078125	0.820312
1.630000	-0.454102	0.239258
1.635000	-0.585938	-1.381836
1.640000	0.327148	-2.573242
1.645000	2.011719	-2.412109
1.650000	3.593750	-1.264648
1.655000	4.423828	0.209961
1.660000	4.291992	1.396484
1.665000	3.369141	1.933594
1.670000	2.094727	1.772461
1.675000	0.922852	1.132812
1.680000	0.161133	0.361328
1.685000	-0.078125	-0.297852
1.690000	0.102539	-0.629883
1.695000	0.507812	-0.512695
1.700000	0.844727	-0.102539
1.705000	0.908203	0.380859
1.710000	0.649414	0.751953
1.715000	0.146484	0.888672
1.720000	-0.434570	0.371094
1.725000	-0.639648	-1.298828
1.730000	0.219727	-2.700195
1.735000	1.982422	-2.661133
1.740000	3.730469	-1.518555
1.745000	4.736328	0.043945
1.750000	4.707031	1.367188
1.755000	3.803711	2.011719
1.760000	2.485352	1.904297
1.765000	1.220703	1.259766
1.770000	0.375977	0.434570
1.775000	0.078125	-0.219727
1.780000	0.214844	-0.507812
1.785000	0.541992	-0.410156
1.790000	0.800781	-0.043945
1.795000	0.830078	0.385742
1.800000	0.571289	0.703125
1.805000	0.102539	0.825195
1.810000	-0.439453	0.283203
1.815000	-0.595703	-1.318359
1.820000	0.273438	-2.553711
1.825000	1.948242	-2.431641
1.830000	3.549805	-1.308594
1.835000	4.414062	0.156250
1.840000	4.311523	1.367188
1.845000	3.408203	1.928711
1.850000	2.138672	1.787109
1.855000	0.957031	1.157227
1.860000	0.185547	0.385742
1.865000	-0.078125	-0.278320
1.870000	0.092773	-0.625000
1.875000	0.493164	-0.522461
1.880000	0.834961	-0.122070
1.885000	0.913086	0.366211
1.890000	0.664062	0.742188
1.895000	0.166016	0.888672
1.900000	-0.415039	0.410156
1.905000	-0.654297	-1.235352
1.910000	0.166016	-2.675781
1.915000	1.914062	-2.690430
1.920000	3.681641	-1.572266
1.925000	4.716797	-0.009766
1.930000	4.731445	1.328125
1.935000	3.852539	2.006836
1.940000	2.524414	1.918945
1.945000	1.259766	1.284180
1.950000	0.395508	0.463867
1.955000	0.078125	-0.200195
1.960000	0.209961	-0.502930
1.965000	0.532227	-0.415039
1.970000	0.795898	-0.063477
1.975000	0.830078	0.366211
1.980000	0.585938	0.698242
1.985000	0.117188	0.825195
1.990000	-0.424805	0.322266
1.995000	-0.605469	-1.254883
2.000000	0.229492	-2.534180
2.005000	1.884766	-2.460938
2.010000	3.500977	-1.362305
2.015000	4.394531	0.107422
2.020000	4.331055	1.333008
2.025000	3.452148	1.918945
2.030000	2.187500	1.796875
2.035000	0.991211	1.181641
2.040000	0.200195	0.410156
2.045000	-0.078125	-0.258789
2.050000	0.078125	-0.620117
2.055000	0.478516	-0.532227
2.060000	0.830078	-0.141602
2.065000	0.913086	0.351562
2.070000	0.678711	0.732422
2.075000	0.190430	0.888672
2.080000	-0.395508	0.454102
2.085000	-0.659180	-1.162109
2.090000	0.112305	-2.651367
2.095000	1.845703	-2.709961
2.100000	3.627930	-1.625977
2.105000	4.697266	-0.063477
2.110000	4.741211	1.289062
2.115000	3.891602	1.992188
2.120000	2.578125	1.933594
2.125000	1.298828	1.313477
2.130000	0.419922	0.498047
2.135000	0.078125	-0.185547
2.140000	0.195312	-0.502930
2.145000	0.517578	-0.419922
2.150000	0.786133	-0.078125
2.155000	0.834961	0.351562
2.160000	0.600586	0.688477
2.165000	0.136719	0.830078
2.170000	-0.405273	0.361328
2.175000	-0.615234	-1.196289
2.180000	0.180664	-2.514648
2.185000	1.821289	-2.480469
2.190000	3.452148	-1.411133
2.195000	4.379883	0.053711
2.200000	4.350586	1.298828
2.205000	3.491211	1.909180
2.210000	2.226562	1.816406
2.215000	1.035156	1.210938
2.220000	0.214844	0.434570
2.225000	-0.083008	-0.239258
2.230000	0.068359	-0.615234
2.235000	0.463867	-0.541992
2.240000	0.815430	-0.156250
2.245000	0.922852	0.332031
2.250000	0.693359	0.722656
2.255000	0.209961	0.893555
2.260000	-0.375977	0.488281
2.265000	-0.668945	-1.103516
2.270000	0.063477	-2.622070
2.275000	1.777344	-2.729492
2.280000	3.574219	-1.674805
2.285000	4.672852	-0.122070
2.290000	4.755859	1.250000
2.295000	3.935547	1.977539
2.300000	2.626953	1.943359
2.305000	1.333008	1.342773
2.310000	0.444336	0.522461
2.315000	0.083008	-0.161133
2.320000	0.185547	-0.498047
2.325000	0.502930	-0.434570
2.330000	0.781250	-0.087891
2.335000	0.839844	0.336914
2.340000	0.610352	0.678711
2.345000	0.156250	0.830078
2.350000	-0.390625	0.395508
2.355000	-0.620117	-1.132812
2.360000	0.136719	-2.485352
2.365000	1.757812	-2.500000
2.370000	3.403320	-1.459961
2.375000	4.365234	0.004883
2.380000	4.360352	1.264648
2.385000	3.535156	1.904297
2.390000	2.275391	1.831055
2.395000	1.069336	1.235352
2.400000	0.239258	0.463867
2.405000	-0.078125	-0.214844
2.410000	0.058594	-0.610352
2.415000	0.454102	-0.556641
2.420000	0.810547	-0.175781
2.425000	0.922852	0.317383
2.430000	0.703125	0.712891
2.435000	0.229492	0.888672
2.440000	-0.361328	0.522461
2.445000	-0.668945	-1.030273
2.450000	0.019531	-2.587891
2.455000	1.708984	-2.749023
2.460000	3.515625	-1.723633
2.465000	4.658203	-0.180664
2.470000	4.780273	1.220703
2.475000	3.974609	1.967773
2.480000	2.675781	1.962891
2.485000	1.376953	1.367188
2.490000	0.468750	0.551758
2.495000	0.092773	-0.146484
2.500000	0.175781	-0.493164
2.505000	0.488281	-0.444336
2.510000	0.776367	-0.102539
2.515000	0.844727	0.327148
2.520000	0.620117	0.673828
2.525000	0.175781	0.825195
2.530000	-0.371094	0.434570
2.535000	-0.625000	-1.069336
2.540000	0.083008	-2.460938
2.545000	1.689453	-2.524414
2.550000	3.349609	-1.513672
2.555000	4.345703	-0.048828
2.560000	4.379883	1.225586
2.565000	3.574219	1.894531
2.570000	2.324219	1.840820
2.575000	1.108398	1.264648
2.580000	0.258789	0.488281
2.585000	-0.073242	-0.195312
2.590000	0.048828	-0.600586
2.595000	0.434570	-0.561523
2.600000	0.800781	-0.190430
2.605000	0.927734	0.302734
2.610000	0.717773	0.698242
2.615000	0.249023	0.888672
2.620000	-0.332031	0.556641
2.625000	-0.668945	-0.952148
2.630000	-0.029297	-2.553711
2.635000	1.640625	-2.768555
2.640000	3.457031	-1.777344
2.645000	4.628906	-0.234375
2.650000	4.790039	1.176758
2.655000	4.013672	1.953125
2.660000	2.729492	1.977539
2.665000	1.420898	1.396484
2.670000	0.488281	0.581055
2.675000	0.092773	-0.126953
2.680000	0.170898	-0.483398
2.685000	0.478516	-0.449219
2.690000	0.766602	-0.122070
2.695000	0.849609	0.307617
2.700000	0.634766	0.664062
2.705000	0.195312	0.825195
2.710000	-0.351562	0.468750
2.715000	-0.629883	-1.000977
2.720000	0.039062	-2.436523
2.725000	1.630859	-2.543945
2.730000	3.295898	-1.557617
2.735000	4.331055	-0.097656
2.740000	4.394531	1.196289
2.745000	3.618164	1.879883
2.750000	2.373047	1.855469
2.755000	1.147461	1.289062
2.760000	0.278320	0.517578
2.765000	-0.068359	-0.170898
2.770000	0.034180	-0.595703
2.775000	0.419922	-0.566406
2.780000	0.786133	-0.205078
2.785000	0.922852	0.283203
2.790000	0.727539	0.688477
2.795000	0.268555	0.888672
2.800000	-0.312500	0.590820
2.805000	-0.668945	-0.893555
2.810000	-0.073242	-2.524414
2.815000	1.577148	-2.783203
2.820000	3.403320	-1.821289
2.825000	4.604492	-0.292969
2.830000	4.799805	1.132812
2.835000	4.052734	1.938477
2.840000	2.773438	1.982422
2.845000	1.459961	1.425781
2.850000	0.517578	0.610352
2.855000	0.102539	-0.102539
2.860000	0.156250	-0.478516
2.865000	0.463867	-0.454102
2.870000	0.761719	-0.136719
2.875000	0.849609	0.297852
2.880000	0.644531	0.649414
2.885000	0.209961	0.820312
2.890000	-0.332031	0.498047
2.895000	-0.629883	-0.937500
2.900000	0.000000	-2.407227
2.905000	1.567383	-2.563477
2.910000	3.251953	-1.606445
2.915000	4.311523	-0.151367
2.920000	4.409180	1.157227
2.925000	3.652344	1.870117
2.930000	2.421875	1.865234
2.935000	1.181641	1.313477
2.940000	0.302734	0.546875
2.945000	-0.063477	-0.151367
2.950000	0.024414	-0.590820
2.955000	0.405273	-0.576172
2.960000	0.776367	-0.224609
2.965000	0.927734	0.263672
2.970000	0.742188	0.678711
2.975000	0.292969	0.883789
2.980000	-0.302734	0.620117
2.985000	-0.668945	-0.820312
2.990000	-0.117188	-2.485352
2.995000	1.503906	-2.802734
3.000000	3.344727	-1.875000
3.005000	4.580078	-0.346680
3.010000	4.814453	1.088867
3.015000	4.091797	1.923828
3.020000	2.827148	1.997070
3.025000	1.503906	1.455078
3.030000	0.537109	0.639648
3.035000	0.107422	-0.083008
3.040000	0.151367	-0.473633
3.045000	0.454102	-0.463867
3.050000	0.756836	-0.151367
3.055000	0.849609	0.278320
3.060000	0.659180	0.644531
3.065000	0.229492	0.820312
3.070000	-0.312500	0.532227
3.075000	-0.629883	-0.869141
3.080000	-0.043945	-2.373047
3.085000	1.499023	-2.578125
3.090000	3.193359	-1.655273
3.095000	4.282227	-0.209961
3.100000	4.423828	1.118164
3.105000	3.691406	1.860352
3.110000	2.465820	1.875000
3.115000	1.225586	1.337891
3.120000	0.327148	0.571289
3.125000	-0.058594	-0.126953
3.130000	0.014648	-0.581055
3.135000	0.390625	-0.590820
3.140000	0.766602	-0.239258
3.145000	0.922852	0.249023
3.150000	0.751953	0.668945
3.155000	0.307617	0.878906
3.160000	-0.273438	0.644531
3.165000	-0.668945	-0.751953
3.170000	-0.156250	-2.451172
3.175000	1.435547	-2.817383
3.180000	3.281250	-1.923828
3.185000	4.550781	-0.405273
3.190000	4.819336	1.044922
3.195000	4.130859	1.909180
3.200000	2.875977	2.006836
3.205000	1.547852	1.474609
3.210000	0.566406	0.668945
3.215000	0.107422	-0.063477
3.220000	0.141602	-0.463867
3.225000	0.444336	-0.468750
3.230000	0.747070	-0.161133
3.235000	0.849609	0.263672
3.240000	0.673828	0.629883
3.245000	0.249023	0.820312
3.250000	-0.292969	0.556641
3.255000	-0.629883	-0.805664
3.260000	-0.087891	-2.338867
3.265000	1.435547	-2.597656
3.270000	3.139648	-1.699219
3.275000	4.262695	-0.258789
3.280000	4.433594	1.079102
3.285000	3.730469	1.840820
3.290000	2.509766	1.889648
3.295000	1.259766	1.362305
3.300000	0.351562	0.600586
3.305000	-0.053711	-0.102539
3.310000	0.004883	-0.571289
3.315000	0.375977	-0.590820
3.320000	0.756836	-0.253906
3.325000	0.927734	0.229492
3.330000	0.761719	0.654297
3.335000	0.322266	0.874023
3.340000	-0.253906	0.668945
3.345000	-0.668945	-0.683594
3.350000	-0.195312	-2.412109
3.355000	1.372070	-2.817383
3.360000	3.227539	-1.967773
3.365000	4.516602	-0.458984
3.370000	4.824219	1.000977
3.375000	4.165039	1.889648
3.380000	2.919922	2.016602
3.385000	1.586914	1.503906
3.390000	0.590820	0.693359
3.395000	0.122070	-0.043945
3.400000	0.136719	-0.458984
3.405000	0.429688	-0.478516
3.410000	0.737305	-0.175781
3.415000	0.849609	0.253906
3.420000	0.678711	0.620117
3.425000	0.263672	0.810547
3.430000	-0.278320	0.581055
3.435000	-0.629883	-0.751953
3.440000	-0.126953	-2.309570
3.445000	1.376953	-2.607422
3.450000	3.095703	-1.743164
3.455000	4.238281	-0.307617
3.460000	4.443359	1.044922
3.465000	3.759766	1.831055
3.470000	2.548828	1.899414
3.475000	1.293945	1.386719
3.480000	0.375977	0.620117
3.485000	-0.048828	-0.083008
3.490000	-0.004883	-0.561523
3.495000	0.356445	-0.600586
3.500000	0.747070	-0.268555
3.505000	0.927734	0.214844
3.510000	0.771484	0.644531
3.515000	0.346680	0.869141
3.520000	-0.234375	0.693359
3.525000	-0.664062	-0.620117
3.530000	-0.234375	-2.368164
3.535000	1.308594	-2.832031
3.540000	3.164062	-2.016602
3.545000	4.492188	-0.517578
3.550000	4.838867	0.961914
3.555000	4.204102	1.870117
3.560000	2.973633	2.021484
3.565000	1.635742	1.528320
3.570000	0.620117	0.722656
3.575000	0.126953	-0.019531
3.580000	0.131836	-0.454102
3.585000	0.419922	-0.478516
3.590000	0.732422	-0.190430
3.595000	0.849609	0.234375
3.600000	0.688477	0.615234
3.605000	0.283203	0.810547
3.610000	-0.253906	0.610352
3.615000	-0.629883	-0.683594
3.620000	-0.166016	-2.270508
3.625000	1.313477	-2.617188
3.630000	3.032227	-1.787109
3.635000	4.208984	-0.366211
3.640000	4.453125	0.996094
3.645000	3.793945	1.816406
3.650000	2.597656	1.909180
3.655000	1.337891	1.411133
3.660000	0.395508	0.654297
3.665000	-0.043945	-0.058594
3.670000	-0.009766	-0.551758
3.675000	0.341797	-0.600586
3.680000	0.732422	-0.288086
3.685000	0.927734	0.195312
3.690000	0.781250	0.629883
3.695000	0.366211	0.869141
3.700000	-0.209961	0.717773
3.705000	-0.654297	-0.556641
3.710000	-0.273438	-2.319336
3.715000	1.245117	-2.841797
3.720000	3.105469	-2.060547
3.725000	4.458008	-0.576172
3.730000	4.838867	0.917969
3.735000	4.238281	1.855469
3.740000	3.017578	2.026367
3.745000	1.679688	1.552734
3.750000	0.644531	0.756836
3.755000	0.131836	0.000000
3.760000	0.122070	-0.444336
3.765000	0.405273	-0.488281
3.770000	0.722656	-0.205078
3.775000	0.849609	0.219727
3.780000	0.698242	0.600586
3.785000	0.297852	0.805664
3.790000	-0.239258	0.625000
3.795000	-0.629883	-0.625000
3.800000	-0.200195	-2.236328
3.805000	1.254883	-2.631836
3.810000	2.983398	-1.826172
3.815000	4.184570	-0.419922
3.820000	4.462891	0.957031
3.825000	3.828125	1.796875
3.830000	2.641602	1.914062
3.835000	1.376953	1.435547
3.840000	0.419922	0.678711
3.845000	-0.034180	-0.039062
3.850000	-0.014648	-0.541992
3.855000	0.332031	-0.610352
3.860000	0.727539	-0.302734
3.865000	0.922852	0.180664
3.870000	0.795898	0.620117
3.875000	0.380859	0.859375
3.880000	-0.190430	0.737305
3.885000	-0.649414	-0.493164
3.890000	-0.307617	-2.280273
3.895000	1.186523	-2.607422
3.900000	3.833008	-1.406250
3.905000	4.770508	0.161133
3.910000	4.667969	1.440430
3.915000	3.720703	2.031250
3.920000	2.377930	1.870117
3.925000	1.142578	1.201172
3.930000	0.336914	0.375977
3.935000	0.073242	-0.253906
3.940000	0.234375	-0.517578
3.945000	0.566406	-0.390625
3.950000	0.810547	-0.009766
3.955000	0.815430	0.415039
3.960000	0.541992	0.722656
3.965000	0.053711	0.820312
3.970000	-0.473633	0.195312
3.975000	-0.571289	-1.455078
3.980000	0.390625	-2.587891
3.985000	2.084961	-2.373047
3.990000	3.647461	-1.210938
3.995000	4.438477	0.268555
4.000000	4.262695	1.435547
4.005000	3.320312	1.943359
4.010000	2.036133	1.748047
4.015000	0.883789	1.098633
4.020000	0.146484	0.327148
4.025000	-0.083008	-0.322266
4.030000	0.117188	-0.629883
4.035000	0.527344	-0.502930
4.040000	0.854492	-0.087891
4.045000	0.903320	0.400391
4.050000	0.634766	0.761719
4.055000	0.126953	0.888672
4.060000	-0.454102	0.327148
4.065000	-0.629883	-1.376953
4.070000	0.273438	-2.729492
4.075000	2.060547	-2.636719
4.080000	3.789062	-1.459961
4.085000	4.760742	0.102539
4.090000	4.687500	1.406250
4.095000	3.759766	2.021484
4.100000	2.426758	1.889648
4.105000	1.181641	1.230469
4.110000	0.356445	0.405273
4.115000	0.078125	-0.239258
4.120000	0.224609	-0.512695
4.125000	0.556641	-0.400391
4.130000	0.810547	-0.029297
4.135000	0.825195	0.400391
4.140000	0.556641	0.712891
4.145000	0.078125	0.820312
4.150000	-0.458984	0.234375
4.155000	-0.585938	-1.391602
4.160000	0.332031	-2.573242
4.165000	2.016602	-2.407227
4.170000	3.598633	-1.259766
4.175000	4.423828	0.209961
4.180000	4.287109	1.401367
4.185000	3.364258	1.933594
4.190000	2.089844	1.767578
4.195000	0.917969	1.127930
4.200000	0.161133	0.356445
4.205000	-0.083008	-0.297852
4.210000	0.102539	-0.629883
4.215000	0.507812	-0.517578
4.220000	0.849609	-0.102539
4.225000	0.908203	0.380859
4.230000	0.649414	0.751953
4.235000	0.146484	0.888672
4.240000	-0.439453	0.371094
4.245000	-0.644531	-1.303711
4.250000	0.219727	-2.705078
4.255000	1.992188	-2.661133
4.260000	3.735352	-1.518555
4.265000	4.741211	0.048828
4.270000	4.707031	1.367188
4.275000	3.803711	2.016602
4.280000	2.475586	1.904297
4.285000	1.220703	1.254883
4.290000	0.375977	0.439453
4.295000	0.078125	-0.219727
4.300000	0.214844	-0.507812
4.305000	0.537109	-0.400391
4.310000	0.805664	-0.043945
4.315000	0.825195	0.380859
4.320000	0.571289	0.703125
4.325000	0.092773	0.825195
4.330000	-0.444336	0.278320
4.335000	-0.600586	-1.323242
4.340000	0.278320	-2.553711
4.345000	1.953125	-2.431641
4.350000	3.554688	-1.308594
4.355000	4.409180	0.161133
4.360000	4.306641	1.372070
4.365000	3.408203	1.923828
4.370000	2.133789	1.782227
4.375000	0.952148	1.157227
4.380000	0.180664	0.380859
4.385000	-0.083008	-0.283203
4.390000	0.092773	-0.625000
4.395000	0.493164	-0.522461
4.400000	0.839844	-0.117188
4.405000	0.908203	0.366211
4.410000	0.664062	0.742188
4.415000	0.166016	0.888672
4.420000	-0.415039	0.410156
4.425000	-0.654297	-1.240234
4.430000	0.175781	-2.680664
4.435000	1.923828	-2.685547
4.440000	3.686523	-1.567383
4.445000	4.716797	-0.004883
4.450000	4.721680	1.333008
4.455000	3.847656	2.001953
4.460000	2.519531	1.914062
4.465000	1.254883	1.284180
4.470000	0.395508	0.463867
4.475000	0.078125	-0.205078
4.480000	0.205078	-0.502930
4.485000	0.527344	-0.415039
4.490000	0.791016	-0.058594
4.495000	0.830078	0.371094
4.500000	0.585938	0.698242
4.505000	0.117188	0.825195
4.510000	-0.424805	0.317383
4.515000	-0.605469	-1.264648
4.520000	0.234375	-2.534180
4.525000	1.889648	-2.451172
4.530000	3.510742	-1.357422
4.535000	4.399414	0.112305
4.540000	4.321289	1.337891
4.545000	3.447266	1.918945
4.550000	2.182617	1.796875
4.555000	0.986328	1.181641
4.560000	0.200195	0.410156
4.565000	-0.078125	-0.258789
4.570000	0.083008	-0.615234
4.575000	0.483398	-0.537109
4.580000	0.830078	-0.136719
4.585000	0.917969	0.351562
4.590000	0.678711	0.732422
4.595000	0.185547	0.888672
4.600000	-0.395508	0.449219
4.605000	-0.659180	-1.176758
4.610000	0.122070	-2.656250
4.615000	1.850586	-2.709961
4.620000	3.637695	-1.616211
4.625000	4.702148	-0.058594
4.630000	4.741211	1.293945
4.635000	3.886719	1.997070
4.640000	2.568359	1.933594
4.645000	1.293945	1.308594
4.650000	0.419922	0.493164
4.655000	0.083008	-0.185547
4.660000	0.195312	-0.498047
4.665000	0.522461	-0.419922
4.670000	0.791016	-0.078125
4.675000	0.839844	0.356445
4.680000	0.600586	0.688477
4.685000	0.136719	0.830078
4.690000	-0.405273	0.356445
4.695000	-0.615234	-1.206055
4.700000	0.185547	-2.509766
4.705000	1.826172	-2.485352
4.710000	3.452148	-1.406250
4.715000	4.384766	0.058594
4.720000	4.345703	1.303711
4.725000	3.491211	1.909180
4.730000	2.231445	1.811523
4.735000	1.030273	1.210938
4.740000	0.219727	0.434570
4.745000	-0.083008	-0.239258
4.750000	0.063477	-0.615234
4.755000	0.463867	-0.541992
4.760000	0.815430	-0.156250
4.765000	0.922852	0.332031
4.770000	0.693359	0.717773
4.775000	0.209961	0.883789
4.780000	-0.380859	0.488281
4.785000	-0.668945	-1.098633
4.790000	0.068359	-2.622070
4.795000	1.782227	-2.734375
4.800000	3.574219	-1.674805
4.805000	4.677734	-0.122070
4.810000	4.760742	1.250000
4.815000	3.935547	1.982422
4.820000	2.626953	1.948242
4.825000	1.337891	1.342773
4.830000	0.444336	0.522461
4.835000	0.087891	-0.161133
4.840000	0.185547	-0.498047
4.845000	0.502930	-0.434570
4.850000	0.781250	-0.087891
4.855000	0.839844	0.341797
4.860000	0.610352	0.678711
4.865000	0.156250	0.825195
4.870000	-0.390625	0.395508
4.875000	-0.620117	-1.137695
4.880000	0.136719	-2.490234
4.885000	1.762695	-2.500000
4.890000	3.403320	-1.459961
4.895000	4.360352	0.009766
4.900000	4.365234	1.264648
4.905000	3.535156	1.899414
4.910000	2.275391	1.831055
4.915000	1.069336	1.235352
4.920000	0.244141	0.463867
4.925000	-0.078125	-0.214844
4.930000	0.058594	-0.605469
4.935000	0.454102	-0.551758
4.940000	0.805664	-0.170898
4.945000	0.922852	0.317383
4.950000	0.703125	0.708008
4.955000	0.229492	0.893555
4.960000	-0.356445	0.522461
4.965000	-0.668945	-1.035156
4.970000	0.019531	-2.587891
4.975000	1.708984	-2.749023
4.980000	3.520508	-1.723633
4.985000	4.653320	-0.175781
4.990000	4.775391	1.215820
4.995000	3.969727	1.967773
5.000000	2.675781	1.958008
5.005000	1.372070	1.367188
5.010000	0.463867	0.546875
5.015000	0.087891	-0.146484
5.020000	0.175781	-0.493164
5.025000	0.493164	-0.444336
5.030000	0.771484	-0.107422
5.035000	0.844727	0.327148
5.040000	0.620117	0.673828
5.045000	0.166016	0.825195
5.050000	-0.371094	0.429688
5.055000	-0.625000	-1.074219
5.060000	0.087891	-2.465820
5.065000	1.699219	-2.524414
5.070000	3.359375	-1.503906
5.075000	4.350586	-0.043945
5.080000	4.379883	1.235352
5.085000	3.574219	1.894531
5.090000	2.324219	1.840820
5.095000	1.103516	1.259766
5.100000	0.263672	0.488281
5.105000	-0.073242	-0.195312
5.110000	0.048828	-0.605469
5.115000	0.434570	-0.561523
5.120000	0.800781	-0.185547
5.125000	0.927734	0.302734
5.130000	0.717773	0.698242
5.135000	0.249023	0.888672
5.140000	-0.336914	0.556641
5.145000	-0.668945	-0.966797
5.150000	-0.024414	-2.558594
5.155000	1.645508	-2.768555
5.160000	3.466797	-1.772461
5.165000	4.633789	-0.234375
5.170000	4.785156	1.171875
5.175000	4.013672	1.953125
5.180000	2.719727	1.977539
5.185000	1.416016	1.396484
5.190000	0.488281	0.581055
5.195000	0.092773	-0.131836
5.200000	0.170898	-0.483398
5.205000	0.478516	-0.449219
5.210000	0.771484	-0.122070
5.215000	0.849609	0.307617
5.220000	0.634766	0.659180
5.225000	0.190430	0.825195
5.230000	-0.351562	0.468750
5.235000	-0.629883	-1.005859
5.240000	0.043945	-2.436523
5.245000	1.630859	-2.543945
5.250000	3.300781	-1.557617
5.255000	4.326172	-0.097656
5.260000	4.394531	1.196289
5.265000	3.613281	1.879883
5.270000	2.373047	1.855469
5.275000	1.147461	1.284180
5.280000	0.283203	0.517578
5.285000	-0.068359	-0.170898
5.290000	0.034180	-0.595703
5.295000	0.419922	-0.571289
5.300000	0.786133	-0.205078
5.305000	0.927734	0.283203
5.310000	0.732422	0.688477
5.315000	0.273438	0.883789
5.320000	-0.317383	0.585938
5.325000	-0.668945	-0.893555
5.330000	-0.068359	-2.524414
5.335000	1.577148	-2.783203
5.340000	3.408203	-1.826172
5.345000	4.604492	-0.288086
5.350000	4.799805	1.132812
5.355000	4.052734	1.943359
5.360000	2.773438	1.982422
5.365000	1.459961	1.420898
5.370000	0.517578	0.605469
5.375000	0.102539	-0.107422
5.380000	0.156250	-0.478516
5.385000	0.463867	-0.454102
5.390000	0.761719	-0.136719
5.395000	0.849609	0.292969
5.400000	0.644531	0.649414
5.405000	0.209961	0.825195
5.410000	-0.332031	0.498047
5.415000	-0.629883	-0.942383
5.420000	0.000000	-2.407227
5.425000	1.567383	-2.558594
5.430000	3.247070	-1.606445
5.435000	4.306641	-0.151367
5.440000	4.409180	1.157227
5.445000	3.652344	1.870117
5.450000	2.416992	1.870117
5.455000	1.181641	1.308594
5.460000	0.302734	0.546875
5.465000	-0.063477	-0.151367
5.470000	0.024414	-0.590820
5.475000	0.405273	-0.576172
5.480000	0.781250	-0.224609
5.485000	0.927734	0.268555
5.490000	0.737305	0.678711
5.495000	0.288086	0.883789
5.500000	-0.302734	0.615234
5.505000	-0.668945	-0.825195
5.510000	-0.112305	-2.490234
5.515000	1.508789	-2.797852
5.520000	3.349609	-1.875000
5.525000	4.584961	-0.346680
5.530000	4.814453	1.088867
5.535000	4.091797	1.923828
5.540000	2.822266	1.997070
5.545000	1.499023	1.450195
5.550000	0.537109	0.634766
5.555000	0.107422	-0.087891
5.560000	0.146484	-0.478516
5.565000	0.454102	-0.463867
5.570000	0.756836	-0.151367
5.575000	0.849609	0.283203
5.580000	0.659180	0.644531
5.585000	0.229492	0.820312
5.590000	-0.317383	0.527344
5.595000	-0.629883	-0.874023
5.600000	-0.039062	-2.377930
5.605000	1.508789	-2.578125
5.610000	3.198242	-1.645508
5.615000	4.287109	-0.200195
5.620000	4.423828	1.118164
5.625000	3.691406	1.860352
5.630000	2.460938	1.875000
5.635000	1.220703	1.337891
5.640000	0.327148	0.571289
5.645000	-0.058594	-0.126953
5.650000	0.014648	-0.585938
5.655000	0.385742	-0.585938
5.660000	0.766602	-0.239258
5.665000	0.927734	0.249023
5.670000	0.751953	0.668945
5.675000	0.312500	0.878906
5.680000	-0.273438	0.644531
5.685000	-0.668945	-0.756836
5.690000	-0.156250	-2.451172
5.695000	1.435547	-2.812500
5.700000	3.286133	-1.918945
5.705000	4.550781	-0.405273
5.710000	4.819336	1.049805
5.715000	4.130859	1.909180
5.720000	2.871094	2.006836
5.725000	1.547852	1.479492
5.730000	0.566406	0.668945
5.735000	0.107422	-0.063477
5.740000	0.141602	-0.468750
5.745000	0.444336	-0.473633
5.750000	0.747070	-0.166016
5.755000	0.849609	0.263672
5.760000	0.668945	0.629883
5.765000	0.249023	0.815430
5.770000	-0.292969	0.556641
5.775000	-0.629883	-0.805664
5.780000	-0.087891	-2.338867
5.785000	1.435547	-2.592773
5.790000	3.144531	-1.699219
5.795000	4.262695	-0.258789
5.800000	4.433594	1.074219
5.805000	3.725586	1.845703
5.810000	2.509766	1.889648
5.815000	1.259766	1.367188
5.820000	0.351562	0.605469
5.825000	-0.053711	-0.102539
5.830000	0.000000	-0.571289
5.835000	0.375977	-0.590820
5.840000	0.756836	-0.253906
5.845000	0.927734	0.229492
5.850000	0.766602	0.649414
5.855000	0.332031	0.874023
5.860000	-0.253906	0.668945
5.865000	-0.668945	-0.683594
5.870000	-0.195312	-2.407227
5.875000	1.372070	-2.822266
5.880000	3.222656	-1.972656
5.885000	4.521484	-0.463867
5.890000	4.829102	1.000977
5.895000	4.169922	1.889648
5.900000	2.924805	2.016602
5.905000	1.591797	1.503906
5.910000	0.590820	0.698242
5.915000	0.122070	-0.043945
5.920000	0.131836	-0.458984
5.925000	0.429688	-0.478516
5.930000	0.737305	-0.175781
5.935000	0.849609	0.249023
5.940000	0.678711	0.620117
5.945000	0.268555	0.810547
5.950000	-0.273438	0.581055
5.955000	-0.629883	-0.742188
5.960000	-0.126953	-2.304688
5.965000	1.376953	-2.607422
5.970000	3.085938	-1.743164
5.975000	4.238281	-0.317383
5.980000	4.443359	1.040039
5.985000	3.759766	1.826172
5.990000	2.558594	1.894531
5.995000	1.298828	1.391602
6.000000	0.375977	0.625000
6.005000	-0.048828	-0.083008
6.010000	-0.004883	-0.561523
6.015000	0.361328	-0.600586
6.020000	0.747070	-0.273438
6.025000	0.927734	0.214844
6.030000	0.776367	0.639648
6.035000	0.346680	0.874023
6.040000	-0.234375	0.693359
6.045000	-0.664062	-0.620117
6.050000	-0.234375	-2.368164
6.055000	1.303711	-2.832031
6.060000	3.164062	-2.016602
6.065000	4.492188	-0.517578
6.070000	4.833984	0.952148
6.075000	4.204102	1.870117
6.080000	2.968750	2.021484
6.085000	1.630859	1.528320
6.090000	0.620117	0.727539
6.095000	0.126953	-0.019531
6.100000	0.126953	-0.454102
6.105000	0.419922	-0.478516
6.110000	0.732422	-0.190430
6.115000	0.849609	0.234375
6.120000	0.688477	0.610352
6.125000	0.283203	0.810547
6.130000	-0.258789	0.610352
6.135000	-0.629883	-0.683594
6.140000	-0.166016	-2.270508
6.145000	1.318359	-2.617188
6.150000	3.037109	-1.787109
6.155000	4.213867	-0.366211
6.160000	4.453125	1.000977
6.165000	3.793945	1.816406
6.170000	2.597656	1.904297
6.175000	1.337891	1.411133
6.180000	0.395508	0.649414
6.185000	-0.043945	-0.063477
6.190000	-0.009766	-0.556641
6.195000	0.346680	-0.605469
6.200000	0.737305	-0.288086
6.205000	0.922852	0.200195
6.210000	0.786133	0.629883
6.215000	0.366211	0.869141
6.220000	-0.209961	0.717773
6.225000	-0.654297	-0.561523
6.230000	-0.273438	-2.324219
6.235000	1.240234	-2.841797
6.240000	3.105469	-2.060547
6.245000	4.458008	-0.571289
6.250000	4.843750	0.913086
6.255000	4.238281	1.855469
6.260000	3.017578	2.031250
6.265000	1.674805	1.552734
6.270000	0.644531	0.756836
6.275000	0.136719	0.000000
6.280000	0.122070	-0.444336
6.285000	0.410156	-0.483398
6.290000	0.722656	-0.209961
6.295000	0.849609	0.219727
6.300000	0.698242	0.600586
6.305000	0.302734	0.810547
6.310000	-0.239258	0.634766
6.315000	-0.625000	-0.620117
6.320000	-0.200195	-2.231445
6.325000	1.254883	-2.626953
6.330000	2.978516	-1.835938
6.335000	4.184570	-0.415039
6.340000	4.462891	0.957031
6.345000	3.828125	1.791992
6.350000	2.641602	1.914062
6.355000	1.376953	1.440430
6.360000	0.424805	0.678711
6.365000	-0.034180	-0.034180
6.370000	-0.014648	-0.541992
6.375000	0.332031	-0.610352
6.380000	0.722656	-0.302734
6.385000	0.927734	0.180664
6.390000	0.795898	0.620117
6.395000	0.385742	0.864258
6.400000	-0.190430	0.737305
6.405000	-0.649414	-0.488281
6.410000	-0.307617	-2.280273
6.415000	1.181641	-2.846680
6.420000	3.041992	-2.104492
6.425000	4.428711	-0.629883
6.430000	4.848633	0.869141
6.435000	4.277344	1.831055
6.440000	3.071289	2.036133
6.445000	1.723633	1.577148
6.450000	0.673828	0.786133
6.455000	0.141602	0.024414
6.460000	0.117188	-0.434570
6.465000	0.390625	-0.493164
6.470000	0.708008	-0.219727
6.475000	0.849609	0.200195
6.480000	0.712891	0.590820
6.485000	0.317383	0.805664
6.490000	-0.219727	0.649414
6.495000	-0.620117	-0.556641
6.500000	-0.239258	-2.192383
6.505000	1.201172	-2.631836
6.510000	2.924805	-1.875000
6.515000	4.155273	-0.468750
6.520000	4.467773	0.917969
6.525000	3.867188	1.777344
6.530000	2.690430	1.923828
6.535000	1.425781	1.464844
6.540000	0.454102	0.708008
6.545000	-0.024414	-0.009766
6.550000	-0.029297	-0.532227
6.555000	0.312500	-0.615234
6.560000	0.712891	-0.317383
6.565000	0.922852	0.161133
6.570000	0.805664	0.610352
6.575000	0.405273	0.859375
6.580000	-0.166016	0.761719
6.585000	-0.644531	-0.424805
6.590000	-0.336914	-2.226562
6.595000	1.118164	-2.851562
6.600000	2.978516	-2.143555
6.605000	4.389648	-0.688477
6.610000	4.843750	0.820312
6.615000	4.306641	1.811523
6.620000	3.115234	2.041016
6.625000	1.762695	1.601562
6.630000	0.698242	0.815430
6.635000	0.151367	0.048828
6.640000	0.112305	-0.424805
6.645000	0.380859	-0.498047
6.650000	0.703125	-0.234375
6.655000	0.849609	0.190430
6.660000	0.722656	0.581055
6.665000	0.332031	0.800781
6.670000	-0.195312	0.668945
6.675000	-0.620117	-0.498047
6.680000	-0.268555	-2.153320
6.685000	1.137695	-2.646484
6.690000	2.866211	-1.914062
6.695000	4.125977	-0.522461
6.700000	4.472656	0.874023
6.705000	3.896484	1.757812
6.710000	2.734375	1.928711
6.715000	1.459961	1.484375
6.720000	0.473633	0.737305
6.725000	-0.014648	0.004883
6.730000	-0.034180	-0.522461
6.735000	0.297852	-0.620117
6.740000	0.703125	-0.327148
6.745000	0.917969	0.141602
6.750000	0.815430	0.590820
6.755000	0.419922	0.849609
6.760000	-0.146484	0.776367
6.765000	-0.629883	-0.361328
6.770000	-0.375977	-2.177734
6.775000	1.049805	-2.856445
6.780000	2.915039	-2.187500
6.785000	4.355469	-0.747070
6.790000	4.853516	0.776367
6.795000	4.340820	1.791992
6.800000	3.164062	2.050781
6.805000	1.811523	1.625977
6.810000	0.732422	0.844727
6.815000	0.166016	0.068359
6.820000	0.107422	-0.415039
6.825000	0.371094	-0.498047
6.830000	0.693359	-0.249023
6.835000	0.849609	0.170898
6.840000	0.732422	0.566406
6.845000	0.351562	0.800781
6.850000	-0.175781	0.688477
6.855000	-0.615234	-0.434570
6.860000	-0.302734	-2.109375
6.865000	1.074219	-2.651367
6.870000	2.807617	-1.958008
6.875000	4.096680	-0.581055
6.880000	4.482422	0.830078
6.885000	3.935547	1.738281
6.890000	2.783203	1.938477
6.895000	1.508789	1.508789
6.900000	0.507812	0.761719
6.905000	-0.009766	0.034180
6.910000	-0.039062	-0.507812
6.915000	0.283203	-0.625000
6.920000	0.688477	-0.346680
6.925000	0.917969	0.126953
6.930000	0.825195	0.581055
6.935000	0.439453	0.849609
6.940000	-0.126953	0.791016
6.945000	-0.629883	-0.297852
6.950000	-0.405273	-2.128906
6.955000	0.986328	-2.856445
6.960000	2.846680	-2.236328
6.965000	4.321289	-0.800781
6.970000	4.853516	0.722656
6.975000	4.375000	1.762695
6.980000	3.212891	2.045898
6.985000	1.860352	1.650391
6.990000	0.766602	0.874023
6.995000	0.175781	0.092773
7.000000	0.102539	-0.400391
7.005000	0.356445	-0.502930
7.010000	0.683594	-0.258789
7.015000	0.849609	0.156250
7.020000	0.737305	0.551758
7.025000	0.375977	0.791016
7.030000	-0.161133	0.708008
7.035000	-0.605469	-0.371094
7.040000	-0.332031	-2.060547
7.045000	1.010742	-2.656250
7.050000	2.744141	-2.001953
7.055000	4.062500	-0.634766
7.060000	4.487305	0.786133
7.065000	3.969727	1.718750
7.070000	2.832031	1.943359
7.075000	1.552734	1.533203
7.080000	0.537109	0.795898
7.085000	-0.004883	0.058594
7.090000	-0.048828	-0.493164
7.095000	0.268555	-0.629883
7.100000	0.673828	-0.361328
7.105000	0.913086	0.107422
7.110000	0.834961	0.566406
7.115000	0.458984	0.844727
7.120000	-0.102539	0.810547
7.125000	-0.620117	-0.239258
7.130000	-0.434570	-2.070312
7.135000	0.917969	-2.856445
7.140000	2.783203	-2.270508
7.145000	4.282227	-0.864258
7.150000	4.853516	0.673828
7.155000	4.409180	1.738281
7.160000	3.261719	2.050781
7.165000	1.904297	1.674805
7.170000	0.795898	0.903320
7.175000	0.185547	0.122070
7.180000	0.097656	-0.395508
7.185000	0.341797	-0.507812
7.190000	0.673828	-0.273438
7.195000	0.849609	0.141602
7.200000	0.751953	0.541992
7.205000	0.385742	0.786133
7.210000	-0.136719	0.727539
7.215000	-0.600586	-0.322266
7.220000	-0.361328	-2.011719
7.225000	0.947266	-2.661133
7.230000	2.685547	-2.041016
7.235000	4.028320	-0.683594
7.240000	4.487305	0.742188
7.245000	3.999023	1.699219
7.250000	2.885742	1.943359
7.255000	1.591797	1.552734
7.260000	0.566406	0.820312
7.265000	0.009766	0.078125
7.270000	-0.048828	-0.483398
7.275000	0.258789	-0.634766
7.280000	0.664062	-0.375977
7.285000	0.908203	0.087891
7.290000	0.844727	0.551758
7.295000	0.473633	0.839844
7.300000	-0.083008	0.820312
7.305000	-0.605469	-0.175781
7.310000	-0.463867	-2.011719
7.315000	0.854492	-2.856445
7.320000	2.719727	-2.309570
7.325000	4.243164	-0.917969
7.330000	4.848633	0.625000
7.335000	4.438477	1.713867
7.340000	3.310547	2.055664
7.345000	1.953125	1.699219
7.350000	0.830078	0.937500
7.355000	0.200195	0.141602
7.360000	0.092773	-0.380859
7.365000	0.332031	-0.512695
7.370000	0.664062	-0.288086
7.375000	0.849609	0.122070
7.380000	0.761719	0.532227
7.385000	0.405273	0.781250
7.390000	-0.117188	0.742188
7.395000	-0.590820	-0.258789
7.400000	-0.390625	-1.962891
7.405000	0.888672	-2.661133
7.410000	2.626953	-2.084961
7.415000	3.999023	-0.747070
7.420000	4.487305	0.693359
7.425000	4.028320	1.674805
7.430000	2.924805	1.943359
7.435000	1.640625	1.577148
7.440000	0.595703	0.849609
7.445000	0.019531	0.107422
7.450000	-0.058594	-0.468750
7.455000	0.239258	-0.634766
7.460000	0.649414	-0.395508
7.465000	0.903320	0.068359
7.470000	0.849609	0.537109
7.475000	0.493164	0.830078
7.480000	-0.063477	0.834961
7.485000	-0.595703	-0.117188
7.490000	-0.488281	-1.958008
7.495000	0.791016	-2.851562
7.500000	2.651367	-2.348633
7.505000	4.204102	-0.976562
7.510000	4.848633	0.576172
7.515000	4.467773	1.684570
7.520000	3.359375	2.055664
7.525000	2.001953	1.718750
7.530000	0.864258	0.966797
7.535000	0.209961	0.166016
7.540000	0.087891	-0.371094
7.545000	0.322266	-0.512695
7.550000	0.649414	-0.302734
7.555000	0.849609	0.107422
7.560000	0.766602	0.517578
7.565000	0.419922	0.776367
7.570000	-0.092773	0.756836
7.575000	-0.576172	-0.200195
7.580000	-0.419922	-1.909180
7.585000	0.830078	-2.661133
7.590000	2.563477	-2.114258
7.595000	3.955078	-0.795898
7.600000	4.487305	0.644531
7.605000	4.057617	1.650391
7.610000	2.973633	1.948242
7.615000	1.684570	1.596680
7.620000	0.620117	0.878906
7.625000	0.029297	0.131836
7.630000	-0.058594	-0.454102
7.635000	0.229492	-0.634766
7.640000	0.634766	-0.405273
7.645000	0.893555	0.053711
7.650000	0.859375	0.522461
7.655000	0.512695	0.825195
7.660000	-0.039062	0.844727
7.665000	-0.585938	-0.063477
7.670000	-0.512695	-1.894531
7.675000	0.732422	-2.836914
7.680000	2.587891	-2.387695
7.685000	4.160156	-1.035156
7.690000	4.838867	0.522461
7.695000	4.497070	1.655273
7.700000	3.403320	2.055664
7.705000	2.045898	1.738281
7.710000	0.893555	0.996094
7.715000	0.224609	0.195312
7.720000	0.083008	-0.356445
7.725000	0.312500	-0.512695
7.730000	0.639648	-0.312500
7.735000	0.839844	0.097656
7.740000	0.771484	0.502930
7.745000	0.434570	0.771484
7.750000	-0.078125	0.771484
7.755000	-0.566406	-0.146484
7.760000	-0.439453	-1.865234
7.765000	0.776367	-2.656250
7.770000	2.509766	-2.153320
7.775000	3.920898	-0.849609
7.780000	4.487305	0.605469
7.785000	4.086914	1.625977
7.790000	3.017578	1.953125
7.795000	1.728516	1.621094
7.800000	0.649414	0.908203
7.805000	0.043945	0.156250
7.810000	-0.068359	-0.439453
7.815000	0.214844	-0.634766
7.820000	0.620117	-0.415039
7.825000	0.893555	0.034180
7.830000	0.864258	0.507812
7.835000	0.527344	0.815430
7.840000	-0.019531	0.854492
7.845000	-0.566406	-0.009766
7.850000	-0.532227	-1.835938
7.855000	0.668945	-2.832031
7.860000	2.519531	-2.421875
7.865000	4.116211	-1.088867
7.870000	4.833984	0.473633
7.875000	4.526367	1.630859
7.880000	3.447266	2.055664
7.885000	2.094727	1.762695
7.890000	0.922852	1.025391
7.895000	0.239258	0.219727
7.900000	0.078125	-0.341797
7.905000	0.297852	-0.517578
7.910000	0.629883	-0.322266
7.915000	0.839844	0.078125
7.920000	0.781250	0.493164
7.925000	0.454102	0.766602
7.930000	-0.058594	0.776367
7.935000	-0.556641	-0.092773
7.940000	-0.463867	-1.806641
7.945000	0.712891	-2.651367
7.950000	2.446289	-2.187500
7.955000	3.881836	-0.903320
7.960000	4.482422	0.556641
7.965000	4.116211	1.601562
7.970000	3.061523	1.953125
7.975000	1.772461	1.640625
7.980000	0.683594	0.932617
7.985000	0.058594	0.180664
7.990000	-0.073242	-0.424805
7.995000	0.195312	-0.634766
8.000000	0.610352	-0.434570
8.005000	0.888672	0.019531
8.010000	0.874023	0.493164
8.015000	0.541992	0.810547
8.020000	0.004883	0.859375
8.025000	-0.556641	0.043945
8.030000	-0.556641	-1.772461
8.035000	0.610352	-2.822266
8.040000	2.456055	-2.460938
8.045000	4.072266	-1.147461
8.050000	4.829102	0.419922
8.055000	4.555664	1.601562
8.060000	3.500977	2.055664
8.065000	2.143555	1.782227
8.070000	0.966797	1.054688
8.075000	0.253906	0.249023
8.080000	0.078125	-0.327148
8.085000	0.288086	-0.517578
8.090000	0.620117	-0.332031
8.095000	0.834961	0.058594
8.100000	0.791016	0.478516
8.105000	0.468750	0.756836
8.110000	-0.034180	0.786133
8.115000	-0.541992	-0.039062
8.120000	-0.488281	-1.748047
8.125000	0.654297	-2.641602
8.130000	2.387695	-2.221680
8.135000	3.842773	-0.957031
8.140000	4.477539	0.502930
8.145000	4.145508	1.572266
8.150000	3.110352	1.953125
8.155000	1.821289	1.660156
8.160000	0.712891	0.961914
8.165000	0.068359	0.209961
8.170000	-0.078125	-0.405273
8.175000	0.180664	-0.634766
8.180000	0.600586	-0.444336
8.185000	0.883789	0.000000
8.190000	0.878906	0.478516
8.195000	0.556641	0.800781
8.200000	0.024414	0.864258
8.205000	-0.537109	0.097656
8.210000	-0.571289	-1.708984
8.215000	0.551758	-2.812500
8.220000	2.392578	-2.490234
8.225000	4.023438	-1.201172
8.230000	4.819336	0.366211
8.235000	4.580078	1.567383
8.240000	3.549805	2.050781
8.245000	2.192383	1.801758
8.250000	0.996094	1.088867
8.255000	0.268555	0.273438
8.260000	0.073242	-0.317383
8.265000	0.278320	-0.517578
8.270000	0.610352	-0.346680
8.275000	0.830078	0.048828
8.280000	0.795898	0.463867
8.285000	0.488281	0.751953
8.290000	-0.019531	0.795898
8.295000	-0.527344	0.009766
8.300000	-0.507812	-1.689453
8.305000	0.600586	-2.636719
8.310000	2.329102	-2.255859
8.315000	3.808594	-1.010742
8.320000	4.467773	0.458984
8.325000	4.169922	1.547852
8.330000	3.149414	1.953125
8.335000	1.860352	1.679688
8.340000	0.751953	0.991211
8.345000	0.078125	0.229492
8.350000	-0.078125	-0.390625
8.355000	0.166016	-0.634766
8.360000	0.581055	-0.458984
8.365000	0.883789	-0.014648
8.370000	0.883789	0.463867
8.375000	0.576172	0.795898
8.380000	0.043945	0.878906
8.385000	-0.522461	0.151367
8.390000	-0.590820	-1.640625
8.395000	0.488281	-2.797852
8.400000	2.324219	-2.524414
8.405000	3.974609	-1.254883
8.410000	4.814453	0.312500
8.415000	4.599609	1.538086
8.420000	3.593750	2.045898
8.425000	2.241211	1.821289
8.430000	1.035156	1.113281
8.435000	0.288086	0.297852
8.440000	0.078125	-0.297852
8.445000	0.263672	-0.517578
8.450000	0.600586	-0.356445
8.455000	0.830078	0.029297
8.460000	0.800781	0.454102
8.465000	0.498047	0.747070
8.470000	0.000000	0.800781
8.475000	-0.517578	0.058594
8.480000	-0.527344	-1.630859
8.485000	0.541992	-2.626953
8.490000	2.260742	-2.290039
8.495000	3.759766	-1.064453
8.500000	4.462891	0.405273
8.505000	4.194336	1.518555
8.510000	3.193359	1.948242
8.515000	1.904297	1.699219
8.520000	0.786133	1.020508
8.525000	0.097656	0.258789
8.530000	-0.083008	-0.371094
8.535000	0.151367	-0.634766
8.540000	0.566406	-0.468750
8.545000	0.869141	-0.034180
8.550000	0.888672	0.449219
8.555000	0.595703	0.781250
8.560000	0.063477	0.883789
8.565000	-0.507812	0.200195
8.570000	-0.605469	-1.572266
8.575000	0.434570	-2.783203
8.580000	2.250977	-2.553711
8.585000	3.925781	-1.303711
8.590000	4.799805	0.263672
8.595000	4.624023	1.503906
8.600000	3.642578	2.041016
8.605000	2.290039	1.840820
8.610000	1.074219	1.147461
8.615000	0.302734	0.327148
8.620000	0.078125	-0.283203
8.625000	0.258789	-0.517578
8.630000	0.585938	-0.366211
8.635000	0.825195	0.014648
8.640000	0.810547	0.439453
8.645000	0.512695	0.737305
8.650000	0.019531	0.810547
8.655000	-0.502930	0.112305
8.660000	-0.546875	-1.567383
8.665000	0.483398	-2.617188
8.670000	2.197266	-2.324219
8.675000	3.720703	-1.118164
8.680000	4.458008	0.356445
8.685000	4.223633	1.489258
8.690000	3.242188	1.943359
8.695000	1.958008	1.718750
8.700000	0.820312	1.044922
8.705000	0.117188	0.283203
8.710000	-0.083008	-0.356445
8.715000	0.141602	-0.634766
8.720000	0.551758	-0.483398
8.725000	0.869141	-0.053711
8.730000	0.893555	0.429688
8.735000	0.605469	0.776367
8.740000	0.087891	0.888672
8.745000	-0.488281	0.244141
8.750000	-0.620117	-1.503906
8.755000	0.375977	-2.763672
8.760000	2.187500	-2.583008
8.765000	3.876953	-1.362305
8.770000	4.780273	0.205078
8.775000	4.653320	1.474609
8.780000	3.686523	2.036133
8.785000	2.338867	1.860352
8.790000	1.113281	1.176758
8.795000	0.322266	0.356445
8.800000	0.073242	-0.268555
8.805000	0.244141	-0.517578
8.810000	0.576172	-0.380859
8.815000	0.815430	0.000000
8.820000	0.810547	0.424805
8.825000	0.527344	0.732422
8.830000	0.043945	0.815430
8.835000	-0.488281	0.156250
8.840000	-0.561523	-1.508789
8.845000	0.429688	-2.597656
8.850000	2.133789	-2.348633
8.855000	3.681641	-1.166992
8.860000	4.448242	0.307617
8.865000	4.243164	1.459961
8.870000	3.286133	1.943359
8.875000	2.001953	1.733398
8.880000	0.854492	1.074219
8.885000	0.131836	0.307617
8.890000	-0.083008	-0.332031
8.895000	0.131836	-0.634766
8.900000	0.537109	-0.493164
8.905000	0.854492	-0.073242
8.910000	0.903320	0.415039
8.915000	0.620117	0.771484
8.920000	0.107422	0.888672
8.925000	-0.473633	0.288086
8.930000	-0.625000	-1.435547
8.935000	0.317383	-2.749023
8.940000	2.114258	-2.612305
8.945000	3.828125	-1.416016
8.950000	4.770508	0.151367
8.955000	4.672852	1.435547
8.960000	3.725586	2.026367
8.965000	2.387695	1.875000
8.970000	1.147461	1.206055
8.975000	0.341797	0.380859
8.980000	0.073242	-0.249023
8.985000	0.234375	-0.512695
8.990000	0.566406	-0.385742
8.995000	0.810547	-0.019531
9.000000	0.820312	0.415039
9.005000	0.541992	0.722656
9.010000	0.058594	0.820312
9.015000	-0.468750	0.200195
9.020000	-0.571289	-1.445312
9.025000	0.380859	-2.587891
9.030000	2.070312	-2.377930
9.035000	3.637695	-1.215820
9.040000	4.433594	0.258789
9.045000	4.267578	1.430664
9.050000	3.330078	1.938477
9.055000	2.045898	1.752930
9.060000	0.888672	1.103516
9.065000	0.146484	0.332031
9.070000	-0.083008	-0.317383
9.075000	0.117188	-0.629883
9.080000	0.527344	-0.502930
9.085000	0.849609	-0.087891
9.090000	0.903320	0.395508
9.095000	0.634766	0.761719
9.100000	0.131836	0.888672
9.105000	-0.454102	0.336914
9.110000	-0.634766	-1.367188
9.115000	0.268555	-2.724609
9.120000	2.045898	-2.641602
9.125000	3.774414	-1.469727
9.130000	4.750977	0.097656
9.135000	4.692383	1.396484
9.140000	3.769531	2.021484
9.145000	2.436523	1.889648
9.150000	1.186523	1.230469
9.155000	0.366211	0.410156
9.160000	0.078125	-0.239258
9.165000	0.224609	-0.512695
9.170000	0.551758	-0.400391
9.175000	0.810547	-0.029297
9.180000	0.825195	0.395508
9.185000	0.561523	0.712891
9.190000	0.078125	0.825195
9.195000	-0.458984	0.244141
9.200000	-0.590820	-1.376953
9.205000	0.327148	-2.573242
9.210000	2.006836	-2.407227
9.215000	3.588867	-1.264648
9.220000	4.423828	0.205078
9.225000	4.291992	1.396484
9.230000	3.369141	1.933594
9.235000	2.094727	1.767578
9.240000	0.922852	1.132812
9.245000	0.166016	0.361328
9.250000	-0.083008	-0.292969
9.255000	0.102539	-0.629883
9.260000	0.507812	-0.512695
9.265000	0.844727	-0.102539
9.270000	0.908203	0.380859
9.275000	0.649414	0.751953
9.280000	0.146484	0.888672
9.285000	-0.434570	0.371094
9.290000	-0.644531	-1.298828
9.295000	0.214844	-2.700195
9.300000	1.977539	-2.666016
9.305000	3.730469	-1.523438
9.310000	4.736328	0.039062
9.315000	4.711914	1.362305
9.320000	3.808594	2.016602
9.325000	2.485352	1.904297
9.330000	1.225586	1.259766
9.335000	0.380859	0.439453
9.340000	0.073242	-0.219727
9.345000	0.214844	-0.507812
9.350000	0.537109	-0.405273
9.355000	0.800781	-0.043945
9.360000	0.830078	0.380859
9.365000	0.571289	0.708008
9.370000	0.102539	0.825195
9.375000	-0.439453	0.288086
9.380000	-0.595703	-1.318359
9.385000	0.278320	-2.553711
9.390000	1.943359	-2.436523
9.395000	3.544922	-1.313477
9.400000	4.409180	0.156250
9.405000	4.311523	1.367188
9.410000	3.413086	1.928711
9.415000	2.143555	1.787109
9.420000	0.957031	1.157227
9.425000	0.185547	0.380859
9.430000	-0.083008	-0.278320
9.435000	0.092773	-0.625000
9.440000	0.493164	-0.522461
9.445000	0.834961	-0.122070
9.450000	0.913086	0.371094
9.455000	0.664062	0.742188
9.460000	0.170898	0.888672
9.465000	-0.415039	0.419922
9.470000	-0.654297	-1.235352
9.475000	0.161133	-2.675781
9.480000	1.909180	-2.685547
9.485000	3.676758	-1.572266
9.490000	4.716797	-0.009766
9.495000	4.721680	1.328125
9.500000	3.847656	2.001953
9.505000	2.529297	1.918945
9.510000	1.254883	1.284180
9.515000	0.400391	0.468750
9.520000	0.078125	-0.205078
9.525000	0.205078	-0.507812
9.530000	0.527344	-0.415039
9.535000	0.795898	-0.063477
9.540000	0.834961	0.366211
9.545000	0.585938	0.693359
9.550000	0.117188	0.825195
9.555000	-0.419922	0.322266
9.560000	-0.605469	-1.259766
9.565000	0.229492	-2.529297
9.570000	1.884766	-2.460938
9.575000	3.500977	-1.362305
9.580000	4.394531	0.107422
9.585000	4.331055	1.328125
9.590000	3.452148	1.918945
9.595000	2.182617	1.801758
9.600000	0.996094	1.186523
9.605000	0.200195	0.410156
9.610000	-0.078125	-0.258789
9.615000	0.078125	-0.620117
9.620000	0.478516	-0.532227
9.625000	0.825195	-0.136719
9.630000	0.917969	0.351562
9.635000	0.678711	0.732422
9.640000	0.190430	0.888672
9.645000	-0.395508	0.454102
9.650000	-0.659180	-1.166992
9.655000	0.117188	-2.651367
9.660000	1.845703	-2.714844
9.665000	3.632812	-1.625977
9.670000	4.697266	-0.068359
9.675000	4.741211	1.289062
9.680000	3.891602	1.992188
9.685000	2.578125	1.933594
9.690000	1.298828	1.318359
9.695000	0.424805	0.498047
9.700000	0.083008	-0.180664
9.705000	0.190430	-0.498047
9.710000	0.517578	-0.429688
9.715000	0.791016	-0.073242
9.720000	0.834961	0.356445
9.725000	0.600586	0.683594
9.730000	0.131836	0.830078
9.735000	-0.405273	0.361328
9.740000	-0.615234	-1.196289
9.745000	0.175781	-2.509766
9.750000	1.821289	-2.485352
9.755000	3.447266	-1.416016
9.760000	4.379883	0.048828
9.765000	4.350586	1.298828
9.770000	3.491211	1.909180
9.775000	2.231445	1.816406
9.780000	1.030273	1.215820
9.785000	0.219727	0.439453
9.790000	-0.078125	-0.239258
9.795000	0.068359	-0.615234
9.800000	0.463867	-0.546875
9.805000	0.815430	-0.156250
9.810000	0.917969	0.332031
9.815000	0.688477	0.727539
9.820000	0.214844	0.888672
9.825000	-0.375977	0.493164
9.830000	-0.668945	-1.098633
9.835000	0.063477	-2.617188
9.840000	1.777344	-2.729492
9.845000	3.569336	-1.679688
9.850000	4.677734	-0.122070
9.855000	4.760742	1.250000
9.860000	3.935547	1.982422
9.865000	2.626953	1.948242
9.870000	1.337891	1.342773
9.875000	0.449219	0.522461
9.880000	0.087891	-0.161133
9.885000	0.185547	-0.493164
9.890000	0.502930	-0.434570
9.895000	0.781250	-0.087891
9.900000	0.839844	0.336914
9.905000	0.615234	0.678711
9.910000	0.156250	0.825195
9.915000	-0.385742	0.400391
9.920000	-0.620117	-1.132812
9.925000	0.131836	-2.490234
9.930000	1.752930	-2.504883
9.935000	3.403320	-1.459961
9.940000	4.365234	0.000000
9.945000	4.360352	1.259766
9.950000	3.535156	1.899414
9.955000	2.280273	1.831055
9.960000	1.069336	1.235352
9.965000	0.239258	0.468750
9.970000	-0.073242	-0.214844
9.975000	0.058594	-0.610352
9.980000	0.449219	-0.556641
9.985000	0.805664	-0.175781
9.990000	0.922852	0.312500
9.995000	0.703125	0.708008
10.000000	0.229492	0.888672
