# Time_s	x	xdot
0.000000	1.088867	1.250000
0.005000	0.249023	0.556641
0.010000	-0.126953	-0.136719
0.015000	-0.034180	-0.688477
0.020000	0.405273	-0.737305
0.025000	0.888672	-0.375977
0.030000	1.127930	0.175781
0.035000	1.010742	0.659180
0.040000	0.571289	0.927734
0.045000	-0.043945	0.874023
0.050000	-0.605469	-0.131836
0.055000	-0.488281	-2.001953
0.060000	0.825195	-2.890625
0.065000	2.709961	-2.363281
0.070000	4.262695	-0.976562
0.075000	4.912109	0.571289
0.080000	4.531250	1.669922
0.085000	3.437500	2.026367
0.090000	2.099609	1.699219
0.095000	0.976562	0.957031
0.100000	0.332031	0.185547
0.105000	0.195312	-0.327148
0.110000	0.405273	-0.468750
0.115000	0.703125	-0.268555
0.120000	0.874023	0.117188
0.125000	0.791016	0.502930
0.130000	0.458984	0.747070
0.135000	-0.043945	0.751953
0.140000	-0.522461	-0.058594
0.145000	-0.458984	-1.674805
0.150000	0.634766	-2.485352
0.155000	2.260742	-2.050781
0.160000	3.613281	-0.849609
0.165000	4.169922	0.512695
0.170000	3.828125	1.489258
0.175000	2.846680	1.826172
0.180000	1.640625	1.547852
0.185000	0.615234	0.908203
0.190000	0.004883	0.214844
0.195000	-0.136719	-0.458984
0.200000	0.156250	-0.771484
0.205000	0.659180	-0.595703
0.210000	1.044922	-0.107422
0.215000	0.922852	0.747070
0.220000	0.424805	0.942383
0.225000	-0.200195	0.747070
0.230000	-0.668945	-0.571289
0.235000	-0.268555	-2.368164
0.240000	1.274414	-2.871094
0.245000	3.154297	-2.070312
0.250000	4.521484	-0.581055
0.255000	4.907227	0.903320
0.260000	4.311523	1.831055
0.265000	3.110352	2.001953
0.270000	1.782227	1.538086
0.275000	0.766602	0.756836
0.280000	0.253906	0.024414
0.285000	0.224609	-0.400391
0.290000	0.478516	-0.444336
0.295000	0.766602	-0.180664
0.300000	0.883789	0.219727
0.305000	0.727539	0.576172
0.310000	0.341797	0.771484
0.315000	-0.175781	0.654297
0.320000	-0.590820	-0.429688
0.325000	-0.283203	-1.997070
0.330000	1.025391	-2.480469
0.335000	2.641602	-1.801758
0.340000	3.828125	-0.502930
0.345000	4.165039	0.805664
0.350000	3.642578	1.635742
0.355000	2.553711	1.806641
0.360000	1.357422	1.411133
0.365000	0.424805	0.732422
0.370000	-0.068359	0.043945
0.375000	-0.097656	-0.590820
0.380000	0.278320	-0.771484
0.385000	0.776367	-0.493164
0.390000	1.098633	0.029297
0.395000	1.074219	0.551758
0.400000	0.703125	0.883789
0.405000	0.117188	0.932617
0.410000	-0.498047	0.249023
0.415000	-0.625000	-1.547852
0.420000	0.395508	-2.807617
0.425000	2.226562	-2.602539
0.430000	3.940430	-1.367188
0.435000	4.843750	0.200195
0.440000	4.711914	1.455078
0.445000	3.754883	2.006836
0.450000	2.431641	1.831055
0.455000	1.220703	1.166992
0.460000	0.439453	0.366211
0.465000	0.185547	-0.234375
0.470000	0.327148	-0.468750
0.475000	0.629883	-0.341797
0.480000	0.849609	0.009766
0.485000	0.839844	0.415039
0.490000	0.561523	0.698242
0.495000	0.092773	0.791016
0.500000	-0.424805	0.253906
0.505000	-0.571289	-1.269531
0.510000	0.278320	-2.402344
0.515000	1.850586	-2.260742
0.520000	3.334961	-1.196289
0.525000	4.111328	0.185547
0.530000	3.989258	1.298828
0.535000	3.139648	1.801758
0.540000	1.943359	1.665039
0.545000	0.844727	1.083984
0.550000	0.117188	0.385742
0.555000	-0.146484	-0.302734
0.560000	0.048828	-0.747070
0.565000	0.532227	-0.678711
0.570000	0.971680	-0.244141
0.575000	1.127930	0.307617
0.580000	0.927734	0.747070
0.585000	0.424805	0.942383
0.590000	-0.205078	0.742188
0.595000	-0.668945	-0.576172
0.600000	-0.268555	-2.368164
0.605000	1.269531	-2.875977
0.610000	3.154297	-2.070312
0.615000	4.516602	-0.581055
0.620000	4.902344	0.903320
0.625000	4.306641	1.831055
0.630000	3.100586	1.997070
0.635000	1.782227	1.538086
0.640000	0.761719	0.756836
0.645000	0.253906	0.024414
0.650000	0.219727	-0.400391
0.655000	0.473633	-0.444336
0.660000	0.766602	-0.180664
0.665000	0.878906	0.219727
0.670000	0.732422	0.581055
0.675000	0.341797	0.771484
0.680000	-0.175781	0.654297
0.685000	-0.590820	-0.434570
0.690000	-0.283203	-2.001953
0.695000	1.025391	-2.480469
0.700000	2.646484	-1.801758
0.705000	3.833008	-0.498047
0.710000	4.165039	0.810547
0.715000	3.637695	1.635742
0.720000	2.548828	1.806641
0.725000	1.352539	1.406250
0.730000	0.419922	0.727539
0.735000	-0.073242	0.039062
0.740000	-0.097656	-0.590820
0.745000	0.278320	-0.771484
0.750000	0.776367	-0.493164
0.755000	1.093750	0.029297
0.760000	1.074219	0.556641
0.765000	0.698242	0.883789
0.770000	0.112305	0.932617
0.775000	-0.498047	0.239258
0.780000	-0.620117	-1.552734
0.785000	0.400391	-2.807617
0.790000	2.236328	-2.602539
0.795000	3.940430	-1.362305
0.800000	4.848633	0.205078
0.805000	4.711914	1.455078
0.810000	3.754883	2.006836
0.815000	2.431641	1.826172
0.820000	1.215820	1.162109
0.825000	0.439453	0.366211
0.830000	0.185547	-0.234375
0.835000	0.327148	-0.473633
0.840000	0.629883	-0.341797
0.845000	0.849609	0.009766
0.850000	0.839844	0.415039
0.855000	0.561523	0.698242
0.860000	0.087891	0.791016
0.865000	-0.429688	0.249023
0.870000	-0.566406	-1.274414
0.875000	0.273438	-2.407227
0.880000	1.855469	-2.255859
0.885000	3.339844	-1.191406
0.890000	4.111328	0.190430
0.895000	3.994141	1.303711
0.900000	3.129883	1.806641
0.905000	1.943359	1.660156
0.910000	0.844727	1.083984
0.915000	0.117188	0.380859
0.920000	-0.141602	-0.302734
0.925000	0.053711	-0.747070
0.930000	0.532227	-0.678711
0.935000	0.971680	-0.244141
0.940000	1.132812	0.307617
0.945000	0.927734	0.751953
0.950000	0.424805	0.942383
0.955000	-0.209961	0.742188
0.960000	-0.668945	-0.576172
0.965000	-0.273438	-2.368164
0.970000	1.274414	-2.871094
0.975000	3.154297	-2.070312
0.980000	4.521484	-0.581055
0.985000	4.902344	0.903320
0.990000	4.306641	1.831055
0.995000	3.100586	2.001953
1.000000	1.782227	1.533203
1.005000	0.761719	0.756836
1.010000	0.249023	0.024414
1.015000	0.224609	-0.400391
1.020000	0.478516	-0.444336
1.025000	0.766602	-0.175781
1.030000	0.878906	0.219727
1.035000	0.727539	0.581055
1.040000	0.341797	0.771484
1.045000	-0.175781	0.649414
1.050000	-0.590820	-0.439453
1.055000	-0.278320	-2.006836
1.060000	1.035156	-2.480469
1.065000	2.646484	-1.801758
1.070000	3.833008	-0.498047
1.075000	4.160156	0.810547
1.080000	3.637695	1.635742
1.085000	2.548828	1.806641
1.090000	1.352539	1.406250
1.095000	0.419922	0.727539
1.100000	-0.068359	0.039062
1.105000	-0.097656	-0.585938
1.110000	0.278320	-0.766602
1.115000	0.776367	-0.493164
1.120000	1.093750	0.034180
1.125000	1.069336	0.556641
1.130000	0.698242	0.883789
1.135000	0.112305	0.932617
1.140000	-0.498047	0.234375
1.145000	-0.625000	-1.557617
1.150000	0.405273	-2.807617
1.155000	2.241211	-2.597656
1.160000	3.945312	-1.352539
1.165000	4.843750	0.209961
1.170000	4.711914	1.459961
1.175000	3.745117	2.006836
1.180000	2.421875	1.826172
1.185000	1.215820	1.162109
1.190000	0.439453	0.366211
1.195000	0.180664	-0.239258
1.200000	0.332031	-0.468750
1.205000	0.629883	-0.341797
1.210000	0.849609	0.019531
1.215000	0.834961	0.415039
1.220000	0.556641	0.703125
1.225000	0.083008	0.791016
1.230000	-0.434570	0.249023
1.235000	-0.561523	-1.289062
1.240000	0.288086	-2.412109
1.245000	1.860352	-2.250977
1.250000	3.339844	-1.186523
1.255000	4.116211	0.200195
1.260000	3.989258	1.308594
1.265000	3.129883	1.801758
1.270000	1.933594	1.660156
1.275000	0.834961	1.079102
1.280000	0.112305	0.375977
1.285000	-0.146484	-0.307617
1.290000	0.053711	-0.747070
1.295000	0.537109	-0.673828
1.300000	0.976562	-0.239258
1.305000	1.132812	0.307617
1.310000	0.922852	0.747070
1.315000	0.424805	0.942383
1.320000	-0.205078	0.742188
1.325000	-0.668945	-0.590820
1.330000	-0.263672	-2.373047
1.335000	1.284180	-2.871094
1.340000	3.168945	-2.065430
1.345000	4.521484	-0.571289
1.350000	4.902344	0.908203
1.355000	4.301758	1.835938
1.360000	3.100586	1.997070
1.365000	1.772461	1.528320
1.370000	0.756836	0.751953
1.375000	0.253906	0.019531
1.380000	0.224609	-0.400391
1.385000	0.483398	-0.444336
1.390000	0.766602	-0.175781
1.395000	0.878906	0.224609
1.400000	0.727539	0.581055
1.405000	0.336914	0.771484
1.410000	-0.180664	0.649414
1.415000	-0.590820	-0.444336
1.420000	-0.278320	-2.006836
1.425000	1.035156	-2.480469
1.430000	2.656250	-1.796875
1.435000	3.837891	-0.493164
1.440000	4.160156	0.815430
1.445000	3.632812	1.640625
1.450000	2.543945	1.806641
1.455000	1.347656	1.401367
1.460000	0.415039	0.722656
1.465000	-0.073242	0.034180
1.470000	-0.097656	-0.590820
1.475000	0.278320	-0.766602
1.480000	0.781250	-0.488281
1.485000	1.093750	0.039062
1.490000	1.074219	0.556641
1.495000	0.698242	0.883789
1.500000	0.112305	0.932617
1.505000	-0.498047	0.239258
1.510000	-0.620117	-1.557617
1.515000	0.410156	-2.807617
1.520000	2.241211	-2.597656
1.525000	3.950195	-1.352539
1.530000	4.848633	0.209961
1.535000	4.711914	1.459961
1.540000	3.745117	2.011719
1.545000	2.426758	1.826172
1.550000	1.215820	1.157227
1.555000	0.434570	0.366211
1.560000	0.185547	-0.234375
1.565000	0.327148	-0.468750
1.570000	0.634766	-0.336914
1.575000	0.849609	0.014648
1.580000	0.834961	0.415039
1.585000	0.556641	0.703125
1.590000	0.087891	0.791016
1.595000	-0.429688	0.244141
1.600000	-0.561523	-1.284180
1.605000	0.288086	-2.412109
1.610000	1.860352	-2.255859
1.615000	3.344727	-1.186523
1.620000	4.116211	0.200195
1.625000	3.989258	1.303711
1.630000	3.129883	1.806641
1.635000	1.933594	1.660156
1.640000	0.839844	1.079102
1.645000	0.112305	0.375977
1.650000	-0.146484	-0.307617
1.655000	0.053711	-0.751953
1.660000	0.537109	-0.673828
1.665000	0.971680	-0.239258
1.670000	1.127930	0.312500
1.675000	0.922852	0.751953
1.680000	0.419922	0.942383
1.685000	-0.209961	0.737305
1.690000	-0.668945	-0.595703
1.695000	-0.263672	-2.373047
1.700000	1.284180	-2.871094
1.705000	3.168945	-2.060547
1.710000	4.526367	-0.566406
1.715000	4.897461	0.913086
1.720000	4.301758	1.835938
1.725000	3.095703	1.997070
1.730000	1.772461	1.528320
1.735000	0.756836	0.751953
1.740000	0.249023	0.019531
1.745000	0.224609	-0.405273
1.750000	0.478516	-0.444336
1.755000	0.766602	-0.175781
1.760000	0.878906	0.224609
1.765000	0.727539	0.581055
1.770000	0.336914	0.771484
1.775000	-0.180664	0.649414
1.780000	-0.590820	-0.449219
1.785000	-0.273438	-2.011719
1.790000	1.040039	-2.480469
1.795000	2.661133	-1.791992
1.800000	3.837891	-0.488281
1.805000	4.165039	0.820312
1.810000	3.627930	1.645508
1.815000	2.539062	1.801758
1.820000	1.342773	1.401367
1.825000	0.415039	0.722656
1.830000	-0.073242	0.029297
1.835000	-0.097656	-0.595703
1.840000	0.283203	-0.771484
1.845000	0.776367	-0.488281
1.850000	1.098633	0.039062
1.855000	1.069336	0.561523
1.860000	0.698242	0.878906
1.865000	0.112305	0.932617
1.870000	-0.502930	0.229492
1.875000	-0.620117	-1.567383
1.880000	0.410156	-2.812500
1.885000	2.250977	-2.597656
1.890000	3.950195	-1.347656
1.895000	4.848633	0.219727
1.900000	4.707031	1.464844
1.905000	3.745117	2.011719
1.910000	2.416992	1.826172
1.915000	1.210938	1.152344
1.920000	0.434570	0.356445
1.925000	0.185547	-0.239258
1.930000	0.332031	-0.473633
1.935000	0.634766	-0.336914
1.940000	0.849609	0.019531
1.945000	0.834961	0.415039
1.950000	0.551758	0.703125
1.955000	0.083008	0.786133
1.960000	-0.429688	0.244141
1.965000	-0.566406	-1.289062
1.970000	0.288086	-2.412109
1.975000	1.865234	-2.250977
1.980000	3.344727	-1.176758
1.985000	4.116211	0.200195
1.990000	3.984375	1.308594
1.995000	3.125000	1.806641
2.000000	1.933594	1.660156
2.005000	0.830078	1.079102
2.010000	0.107422	0.375977
2.015000	-0.146484	-0.312500
2.020000	0.053711	-0.747070
2.025000	0.537109	-0.673828
2.030000	0.976562	-0.239258
2.035000	1.132812	0.312500
2.040000	0.922852	0.751953
2.045000	0.419922	0.942383
2.050000	-0.209961	0.742188
2.055000	-0.668945	-0.590820
2.060000	-0.258789	-2.377930
2.065000	1.284180	-2.871094
2.070000	3.173828	-2.060547
2.075000	4.531250	-0.566406
2.080000	4.902344	0.913086
2.085000	4.301758	1.835938
2.090000	3.095703	2.001953
2.095000	1.767578	1.528320
2.100000	0.756836	0.751953
2.105000	0.249023	0.019531
2.110000	0.224609	-0.400391
2.115000	0.478516	-0.444336
2.120000	0.766602	-0.175781
2.125000	0.878906	0.224609
2.130000	0.727539	0.581055
2.135000	0.336914	0.771484
2.140000	-0.180664	0.649414
2.145000	-0.590820	-0.449219
2.150000	-0.273438	-2.011719
2.155000	1.040039	-2.480469
2.160000	2.661133	-1.791992
2.165000	3.837891	-0.483398
2.170000	4.160156	0.820312
2.175000	3.627930	1.640625
2.180000	2.534180	1.806641
2.185000	1.347656	1.401367
2.190000	0.415039	0.722656
2.195000	-0.073242	0.034180
2.200000	-0.097656	-0.590820
2.205000	0.278320	-0.771484
2.210000	0.781250	-0.488281
2.215000	1.093750	0.039062
2.220000	1.069336	0.556641
2.225000	0.693359	0.883789
2.230000	0.107422	0.932617
2.235000	-0.498047	0.229492
2.240000	-0.620117	-1.572266
2.245000	0.415039	-2.812500
2.250000	2.255859	-2.592773
2.255000	3.955078	-1.347656
2.260000	4.848633	0.219727
2.265000	4.707031	1.464844
2.270000	3.740234	2.011719
2.275000	2.416992	1.826172
2.280000	1.210938	1.157227
2.285000	0.429688	0.356445
2.290000	0.185547	-0.239258
2.295000	0.332031	-0.468750
2.300000	0.634766	-0.336914
2.305000	0.849609	0.019531
2.310000	0.834961	0.419922
2.315000	0.556641	0.698242
2.320000	0.083008	0.791016
2.325000	-0.429688	0.239258
2.330000	-0.561523	-1.293945
2.335000	0.292969	-2.416992
2.340000	1.870117	-2.250977
2.345000	3.349609	-1.176758
2.350000	4.121094	0.209961
2.355000	3.984375	1.308594
2.360000	3.120117	1.806641
2.365000	1.928711	1.660156
2.370000	0.830078	1.079102
2.375000	0.107422	0.375977
2.380000	-0.141602	-0.312500
2.385000	0.053711	-0.751953
2.390000	0.541992	-0.673828
2.395000	0.976562	-0.239258
2.400000	1.127930	0.312500
2.405000	0.922852	0.751953
2.410000	0.415039	0.942383
2.415000	-0.214844	0.737305
2.420000	-0.668945	-0.600586
2.425000	-0.253906	-2.382812
2.430000	1.293945	-2.871094
2.435000	3.173828	-2.055664
2.440000	4.526367	-0.556641
2.445000	4.902344	0.917969
2.450000	4.296875	1.840820
2.455000	3.085938	1.997070
2.460000	1.767578	1.523438
2.465000	0.751953	0.747070
2.470000	0.249023	0.019531
2.475000	0.224609	-0.405273
2.480000	0.478516	-0.439453
2.485000	0.766602	-0.175781
2.490000	0.878906	0.224609
2.495000	0.727539	0.585938
2.500000	0.332031	0.771484
2.505000	-0.180664	0.649414
2.510000	-0.590820	-0.454102
2.515000	-0.268555	-2.016602
2.520000	1.049805	-2.480469
2.525000	2.666016	-1.787109
2.530000	3.842773	-0.483398
2.535000	4.160156	0.825195
2.540000	3.627930	1.645508
2.545000	2.534180	1.801758
2.550000	1.342773	1.396484
2.555000	0.410156	0.717773
2.560000	-0.073242	0.029297
2.565000	-0.092773	-0.595703
2.570000	0.283203	-0.766602
2.575000	0.781250	-0.483398
2.580000	1.093750	0.039062
2.585000	1.064453	0.556641
2.590000	0.688477	0.883789
2.595000	0.102539	0.927734
2.600000	-0.502930	0.219727
2.605000	-0.620117	-1.582031
2.610000	0.424805	-2.812500
2.615000	2.270508	-2.583008
2.620000	3.964844	-1.333008
2.625000	4.853516	0.234375
2.630000	4.697266	1.474609
2.635000	3.730469	2.011719
2.640000	2.402344	1.821289
2.645000	1.201172	1.147461
2.650000	0.429688	0.351562
2.655000	0.185547	-0.244141
2.660000	0.332031	-0.473633
2.665000	0.634766	-0.336914
2.670000	0.849609	0.024414
2.675000	0.834961	0.424805
2.680000	0.546875	0.703125
2.685000	0.073242	0.791016
2.690000	-0.434570	0.229492
2.695000	-0.561523	-1.308594
2.700000	0.302734	-2.421875
2.705000	1.884766	-2.246094
2.710000	3.359375	-1.166992
2.715000	4.121094	0.219727
2.720000	3.979492	1.318359
2.725000	3.110352	1.811523
2.730000	1.914062	1.655273
2.735000	0.825195	1.069336
2.740000	0.102539	0.371094
2.745000	-0.146484	-0.312500
2.750000	0.058594	-0.747070
2.755000	0.546875	-0.668945
2.760000	0.981445	-0.234375
2.765000	1.127930	0.322266
2.770000	0.917969	0.756836
2.775000	0.415039	0.947266
2.780000	-0.219727	0.732422
2.785000	-0.668945	-0.615234
2.790000	-0.244141	-2.392578
2.795000	1.308594	-2.866211
2.800000	3.193359	-2.045898
2.805000	4.541016	-0.546875
2.810000	4.902344	0.932617
2.815000	4.291992	1.840820
2.820000	3.076172	1.997070
2.825000	1.757812	1.518555
2.830000	0.747070	0.742188
2.835000	0.249023	0.014648
2.840000	0.229492	-0.405273
2.845000	0.488281	-0.439453
2.850000	0.766602	-0.170898
2.855000	0.878906	0.229492
2.860000	0.722656	0.585938
2.865000	0.327148	0.776367
2.870000	-0.185547	0.644531
2.875000	-0.590820	-0.468750
2.880000	-0.263672	-2.026367
2.885000	1.059570	-2.475586
2.890000	2.680664	-1.777344
2.895000	3.847656	-0.473633
2.900000	4.160156	0.834961
2.905000	3.618164	1.650391
2.910000	2.524414	1.801758
2.915000	1.333008	1.396484
2.920000	0.405273	0.712891
2.925000	-0.078125	0.024414
2.930000	-0.092773	-0.595703
2.935000	0.288086	-0.766602
2.940000	0.786133	-0.483398
2.945000	1.098633	0.043945
2.950000	1.069336	0.566406
2.955000	0.688477	0.888672
2.960000	0.102539	0.927734
2.965000	-0.507812	0.214844
2.970000	-0.615234	-1.591797
2.975000	0.429688	-2.817383
2.980000	2.275391	-2.587891
2.985000	3.974609	-1.328125
2.990000	4.853516	0.239258
2.995000	4.697266	1.474609
3.000000	3.725586	2.016602
3.005000	2.397461	1.821289
3.010000	1.196289	1.147461
3.015000	0.429688	0.351562
3.020000	0.185547	-0.244141
3.025000	0.336914	-0.473633
3.030000	0.639648	-0.332031
3.035000	0.854492	0.024414
3.040000	0.834961	0.419922
3.045000	0.551758	0.703125
3.050000	0.078125	0.791016
3.055000	-0.439453	0.229492
3.060000	-0.561523	-1.313477
3.065000	0.307617	-2.416992
3.070000	1.889648	-2.246094
3.075000	3.364258	-1.166992
3.080000	4.121094	0.219727
3.085000	3.979492	1.318359
3.090000	3.110352	1.811523
3.095000	1.914062	1.650391
3.100000	0.820312	1.069336
3.105000	0.107422	0.366211
3.110000	-0.146484	-0.317383
3.115000	0.063477	-0.751953
3.120000	0.546875	-0.668945
3.125000	0.981445	-0.234375
3.130000	1.127930	0.317383
3.135000	0.917969	0.756836
3.140000	0.415039	0.947266
3.145000	-0.219727	0.727539
3.150000	-0.668945	-0.620117
3.155000	-0.244141	-2.397461
3.160000	1.313477	-2.866211
3.165000	3.198242	-2.041016
3.170000	4.541016	-0.537109
3.175000	4.902344	0.932617
3.180000	4.287109	1.845703
3.185000	3.076172	1.997070
3.190000	1.752930	1.518555
3.195000	0.747070	0.737305
3.200000	0.244141	0.009766
3.205000	0.224609	-0.405273
3.210000	0.488281	-0.444336
3.215000	0.771484	-0.170898
3.220000	0.878906	0.229492
3.225000	0.722656	0.590820
3.230000	0.332031	0.776367
3.235000	-0.185547	0.639648
3.240000	-0.595703	-0.473633
3.245000	-0.258789	-2.031250
3.250000	1.064453	-2.480469
3.255000	2.685547	-1.777344
3.260000	3.852539	-0.468750
3.265000	4.160156	0.834961
3.270000	3.618164	1.655273
3.275000	2.519531	1.801758
3.280000	1.328125	1.391602
3.285000	0.405273	0.708008
3.290000	-0.078125	0.024414
3.295000	-0.097656	-0.600586
3.300000	0.288086	-0.766602
3.305000	0.791016	-0.483398
3.310000	1.103516	0.043945
3.315000	1.069336	0.566406
3.320000	0.688477	0.888672
3.325000	0.097656	0.927734
3.330000	-0.507812	0.209961
3.335000	-0.615234	-1.596680
3.340000	0.439453	-2.822266
3.345000	2.280273	-2.583008
3.350000	3.974609	-1.328125
3.355000	4.853516	0.239258
3.360000	4.697266	1.479492
3.365000	3.725586	2.016602
3.370000	2.397461	1.821289
3.375000	1.191406	1.142578
3.380000	0.429688	0.346680
3.385000	0.185547	-0.244141
3.390000	0.336914	-0.473633
3.395000	0.639648	-0.332031
3.400000	0.854492	0.024414
3.405000	0.830078	0.424805
3.410000	0.546875	0.703125
3.415000	0.078125	0.791016
3.420000	-0.439453	0.224609
3.425000	-0.561523	-1.313477
3.430000	0.312500	-2.421875
3.435000	1.894531	-2.241211
3.440000	3.369141	-1.162109
3.445000	4.125977	0.224609
3.450000	3.979492	1.323242
3.455000	3.110352	1.806641
3.460000	1.914062	1.650391
3.465000	0.820312	1.069336
3.470000	0.102539	0.366211
3.475000	-0.146484	-0.322266
3.480000	0.058594	-0.747070
3.485000	0.541992	-0.668945
3.490000	0.981445	-0.229492
3.495000	1.127930	0.322266
3.500000	0.913086	0.756836
3.505000	0.405273	0.947266
3.510000	-0.224609	0.722656
3.515000	-0.668945	-0.629883
3.520000	-0.234375	-2.402344
3.525000	1.328125	-2.861328
3.530000	3.208008	-2.031250
3.535000	4.545898	-0.532227
3.540000	4.897461	0.937500
3.545000	4.282227	1.845703
3.550000	3.061523	1.992188
3.555000	1.738281	1.513672
3.560000	0.742188	0.732422
3.565000	0.244141	0.009766
3.570000	0.224609	-0.405273
3.575000	0.483398	-0.439453
3.580000	0.771484	-0.170898
3.585000	0.878906	0.229492
3.590000	0.717773	0.590820
3.595000	0.322266	0.776367
3.600000	-0.195312	0.634766
3.605000	-0.595703	-0.488281
3.610000	-0.253906	-2.036133
3.615000	1.079102	-2.475586
3.620000	2.695312	-1.767578
3.625000	3.852539	-0.454102
3.630000	4.155273	0.844727
3.635000	3.608398	1.655273
3.640000	2.509766	1.801758
3.645000	1.323242	1.386719
3.650000	0.400391	0.703125
3.655000	-0.078125	0.014648
3.660000	-0.092773	-0.605469
3.665000	0.292969	-0.766602
3.670000	0.791016	-0.478516
3.675000	1.103516	0.053711
3.680000	1.064453	0.571289
3.685000	0.683594	0.888672
3.690000	0.097656	0.932617
3.695000	-0.512695	0.205078
3.700000	-0.610352	-1.611328
3.705000	0.449219	-2.822266
3.710000	2.294922	-2.578125
3.715000	3.989258	-1.313477
3.720000	4.858398	0.249023
3.725000	4.697266	1.484375
3.730000	3.720703	2.016602
3.735000	2.387695	1.811523
3.740000	1.186523	1.137695
3.745000	0.424805	0.341797
3.750000	0.185547	-0.249023
3.755000	0.336914	-0.473633
3.760000	0.644531	-0.332031
3.765000	0.854492	0.024414
3.770000	0.834961	0.424805
3.775000	0.546875	0.708008
3.780000	0.073242	0.791016
3.785000	-0.439453	0.219727
3.790000	-0.561523	-1.323242
3.795000	0.312500	-2.421875
3.800000	1.899414	-2.236328
3.805000	3.369141	-1.152344
3.810000	4.121094	0.229492
3.815000	3.974609	1.323242
3.820000	3.105469	1.811523
3.825000	1.904297	1.645508
3.830000	0.810547	1.064453
3.835000	0.102539	0.361328
3.840000	-0.146484	-0.322266
3.845000	0.063477	-0.751953
3.850000	0.546875	-0.668945
3.855000	0.981445	-0.229492
3.860000	1.127930	0.322266
3.865000	0.913086	0.756836
3.870000	0.410156	0.947266
3.875000	-0.224609	0.722656
3.880000	-0.668945	-0.634766
3.885000	-0.239258	-2.407227
3.890000	1.328125	-2.866211
3.895000	3.208008	-2.031250
3.900000	4.545898	-0.527344
3.905000	4.897461	0.942383
3.910000	4.277344	1.845703
3.915000	3.061523	1.997070
3.920000	1.743164	1.513672
3.925000	0.742188	0.732422
3.930000	0.244141	0.004883
3.935000	0.224609	-0.410156
3.940000	0.488281	-0.439453
3.945000	0.771484	-0.166016
3.950000	0.878906	0.234375
3.955000	0.722656	0.590820
3.960000	0.327148	0.776367
3.965000	-0.195312	0.634766
3.970000	-0.595703	-0.488281
3.975000	-0.253906	-2.036133
3.980000	1.079102	-2.475586
3.985000	2.700195	-1.767578
3.990000	3.857422	-0.454102
3.995000	4.160156	0.844727
4.000000	3.608398	1.655273
4.005000	2.509766	1.796875
4.010000	1.318359	1.391602
4.015000	0.395508	0.708008
4.020000	-0.078125	0.019531
4.025000	-0.087891	-0.600586
4.030000	0.292969	-0.766602
4.035000	0.791016	-0.478516
4.040000	1.103516	0.048828
4.045000	1.064453	0.566406
4.050000	0.683594	0.888672
4.055000	0.092773	0.927734
4.060000	-0.512695	0.195312
4.065000	-0.610352	-1.616211
4.070000	0.454102	-2.817383
4.075000	2.299805	-2.573242
4.080000	3.989258	-1.308594
4.085000	4.858398	0.258789
4.090000	4.682617	1.489258
4.095000	3.710938	2.016602
4.100000	2.382812	1.811523
4.105000	1.181641	1.132812
4.110000	0.419922	0.341797
4.115000	0.185547	-0.253906
4.120000	0.336914	-0.473633
4.125000	0.639648	-0.332031
4.130000	0.854492	0.024414
4.135000	0.834961	0.424805
4.140000	0.546875	0.708008
4.145000	0.068359	0.786133
4.150000	-0.439453	0.214844
4.155000	-0.556641	-1.333008
4.160000	0.327148	-2.421875
4.165000	1.904297	-2.231445
4.170000	3.374023	-1.142578
4.175000	4.125977	0.239258
4.180000	3.969727	1.328125
4.185000	3.095703	1.811523
4.190000	1.899414	1.645508
4.195000	0.805664	1.059570
4.200000	0.097656	0.361328
4.205000	-0.146484	-0.322266
4.210000	0.063477	-0.751953
4.215000	0.551758	-0.668945
4.220000	0.986328	-0.229492
4.225000	1.132812	0.327148
4.230000	0.913086	0.756836
4.235000	0.405273	0.947266
4.240000	-0.229492	0.722656
4.245000	-0.673828	-0.639648
4.250000	-0.229492	-2.412109
4.255000	1.333008	-2.861328
4.260000	3.212891	-2.026367
4.265000	4.550781	-0.522461
4.270000	4.897461	0.947266
4.275000	4.272461	1.850586
4.280000	3.056641	1.992188
4.285000	1.738281	1.513672
4.290000	0.732422	0.727539
4.295000	0.239258	0.004883
4.300000	0.229492	-0.405273
4.305000	0.488281	-0.439453
4.310000	0.771484	-0.166016
4.315000	0.878906	0.234375
4.320000	0.717773	0.590820
4.325000	0.322266	0.776367
4.330000	-0.195312	0.634766
4.335000	-0.590820	-0.488281
4.340000	-0.249023	-2.041016
4.345000	1.083984	-2.475586
4.350000	2.700195	-1.762695
4.355000	3.862305	-0.449219
4.360000	4.155273	0.849609
4.365000	3.608398	1.655273
4.370000	2.509766	1.796875
4.375000	1.318359	1.391602
4.380000	0.400391	0.703125
4.385000	-0.078125	0.014648
4.390000	-0.092773	-0.605469
4.395000	0.297852	-0.766602
4.400000	0.791016	-0.478516
4.405000	1.103516	0.053711
4.410000	1.064453	0.571289
4.415000	0.683594	0.888672
4.420000	0.092773	0.927734
4.425000	-0.512695	0.195312
4.430000	-0.615234	-1.616211
4.435000	0.454102	-2.822266
4.440000	2.299805	-2.573242
4.445000	3.989258	-1.308594
4.450000	4.858398	0.258789
4.455000	4.687500	1.489258
4.460000	3.710938	2.016602
4.465000	2.382812	1.811523
4.470000	1.181641	1.137695
4.475000	0.419922	0.341797
4.480000	0.185547	-0.249023
4.485000	0.336914	-0.473633
4.490000	0.639648	-0.332031
4.495000	0.854492	0.024414
4.500000	0.830078	0.424805
4.505000	0.541992	0.708008
4.510000	0.068359	0.791016
4.515000	-0.444336	0.209961
4.520000	-0.556641	-1.333008
4.525000	0.327148	-2.426758
4.530000	1.914062	-2.231445
4.535000	3.378906	-1.147461
4.540000	4.125977	0.239258
4.545000	3.969727	1.333008
4.550000	3.095703	1.811523
4.555000	1.899414	1.645508
4.560000	0.810547	1.059570
4.565000	0.097656	0.356445
4.570000	-0.146484	-0.327148
4.575000	0.063477	-0.747070
4.580000	0.551758	-0.664062
4.585000	0.986328	-0.224609
4.590000	1.127930	0.327148
4.595000	0.908203	0.761719
4.600000	0.405273	0.947266
4.605000	-0.229492	0.717773
4.610000	-0.668945	-0.649414
4.615000	-0.229492	-2.416992
4.620000	1.342773	-2.856445
4.625000	3.222656	-2.021484
4.630000	4.555664	-0.517578
4.635000	4.897461	0.952148
4.640000	4.267578	1.855469
4.645000	3.051758	1.992188
4.650000	1.733398	1.503906
4.655000	0.732422	0.727539
4.660000	0.239258	0.000000
4.665000	0.229492	-0.410156
4.670000	0.488281	-0.439453
4.675000	0.771484	-0.166016
4.680000	0.878906	0.234375
4.685000	0.717773	0.590820
4.690000	0.322266	0.781250
4.695000	-0.200195	0.629883
4.700000	-0.595703	-0.502930
4.705000	-0.244141	-2.050781
4.710000	1.093750	-2.475586
4.715000	2.709961	-1.752930
4.720000	3.867188	-0.444336
4.725000	4.155273	0.854492
4.730000	3.598633	1.660156
4.735000	2.504883	1.796875
4.740000	1.308594	1.386719
4.745000	0.385742	0.698242
4.750000	-0.083008	0.009766
4.755000	-0.087891	-0.605469
4.760000	0.297852	-0.766602
4.765000	0.795898	-0.473633
4.770000	1.103516	0.053711
4.775000	1.064453	0.576172
4.780000	0.678711	0.888672
4.785000	0.087891	0.927734
4.790000	-0.512695	0.190430
4.795000	-0.610352	-1.625977
4.800000	0.463867	-2.827148
4.805000	2.314453	-2.568359
4.810000	3.999023	-1.298828
4.815000	4.858398	0.268555
4.820000	4.687500	1.494141
4.825000	3.706055	2.016602
4.830000	2.373047	1.811523
4.835000	1.176758	1.127930
4.840000	0.419922	0.336914
4.845000	0.185547	-0.253906
4.850000	0.336914	-0.468750
4.855000	0.639648	-0.327148
4.860000	0.854492	0.029297
4.865000	0.830078	0.429688
4.870000	0.541992	0.708008
4.875000	0.068359	0.786133
4.880000	-0.444336	0.205078
4.885000	-0.556641	-1.342773
4.890000	0.332031	-2.426758
4.895000	1.918945	-2.226562
4.900000	3.383789	-1.137695
4.905000	4.125977	0.249023
4.910000	3.969727	1.337891
4.915000	3.090820	1.811523
4.920000	1.894531	1.645508
4.925000	0.800781	1.054688
4.930000	0.097656	0.351562
4.935000	-0.146484	-0.332031
4.940000	0.063477	-0.751953
4.945000	0.556641	-0.668945
4.950000	0.986328	-0.219727
4.955000	1.127930	0.327148
4.960000	0.903320	0.761719
4.965000	0.400391	0.947266
4.970000	-0.234375	0.712891
4.975000	-0.668945	-0.654297
4.980000	-0.224609	-2.416992
4.985000	1.352539	-2.856445
4.990000	3.227539	-2.016602
4.995000	4.555664	-0.512695
5.000000	4.902344	0.957031
5.005000	4.267578	1.855469
5.010000	3.046875	1.987305
5.015000	1.733398	1.503906
5.020000	0.727539	0.722656
5.025000	0.244141	0.000000
5.030000	0.229492	-0.415039
5.035000	0.493164	-0.434570
5.040000	0.776367	-0.166016
5.045000	0.878906	0.239258
5.050000	0.717773	0.595703
5.055000	0.322266	0.781250
5.060000	-0.200195	0.629883
5.065000	-0.595703	-0.502930
5.070000	-0.244141	-2.045898
5.075000	1.093750	-2.475586
5.080000	2.709961	-1.757812
5.085000	3.862305	-0.444336
5.090000	4.155273	0.854492
5.095000	3.598633	1.660156
5.100000	2.500000	1.796875
5.105000	1.308594	1.386719
5.110000	0.390625	0.698242
5.115000	-0.083008	0.014648
5.120000	-0.087891	-0.610352
5.125000	0.302734	-0.766602
5.130000	0.800781	-0.473633
5.135000	1.108398	0.053711
5.140000	1.069336	0.571289
5.145000	0.683594	0.888672
5.150000	0.092773	0.927734
5.155000	-0.512695	0.195312
5.160000	-0.610352	-1.616211
5.165000	0.458984	-2.822266
5.170000	2.309570	-2.573242
5.175000	3.994141	-1.303711
5.180000	4.858398	0.258789
5.185000	4.692383	1.489258
5.190000	3.715820	2.016602
5.195000	2.377930	1.811523
5.200000	1.181641	1.132812
5.205000	0.419922	0.336914
5.210000	0.185547	-0.253906
5.215000	0.336914	-0.473633
5.220000	0.644531	-0.327148
5.225000	0.854492	0.029297
5.230000	0.834961	0.424805
5.235000	0.546875	0.708008
5.240000	0.068359	0.786133
5.245000	-0.439453	0.214844
5.250000	-0.556641	-1.328125
5.255000	0.322266	-2.426758
5.260000	1.909180	-2.231445
5.265000	3.378906	-1.147461
5.270000	4.121094	0.239258
5.275000	3.969727	1.333008
5.280000	3.100586	1.811523
5.285000	1.904297	1.650391
5.290000	0.810547	1.059570
5.295000	0.102539	0.361328
5.300000	-0.141602	-0.327148
5.305000	0.063477	-0.751953
5.310000	0.551758	-0.668945
5.315000	0.986328	-0.224609
5.320000	1.132812	0.322266
5.325000	0.913086	0.761719
5.330000	0.405273	0.947266
5.335000	-0.224609	0.722656
5.340000	-0.668945	-0.634766
5.345000	-0.234375	-2.407227
5.350000	1.333008	-2.861328
5.355000	3.212891	-2.026367
5.360000	4.550781	-0.527344
5.365000	4.897461	0.942383
5.370000	4.282227	1.850586
5.375000	3.061523	1.992188
5.380000	1.743164	1.513672
5.385000	0.742188	0.732422
5.390000	0.244141	0.004883
5.395000	0.224609	-0.410156
5.400000	0.488281	-0.444336
5.405000	0.771484	-0.170898
5.410000	0.878906	0.234375
5.415000	0.722656	0.590820
5.420000	0.327148	0.781250
5.425000	-0.190430	0.639648
5.430000	-0.590820	-0.483398
5.435000	-0.253906	-2.036133
5.440000	1.079102	-2.475586
5.445000	2.695312	-1.767578
5.450000	3.857422	-0.458984
5.455000	4.160156	0.844727
5.460000	3.608398	1.655273
5.465000	2.514648	1.796875
5.470000	1.323242	1.386719
5.475000	0.400391	0.703125
5.480000	-0.078125	0.019531
5.485000	-0.092773	-0.605469
5.490000	0.292969	-0.766602
5.495000	0.791016	-0.478516
5.500000	1.103516	0.048828
5.505000	1.064453	0.571289
5.510000	0.688477	0.888672
5.515000	0.097656	0.927734
5.520000	-0.512695	0.205078
5.525000	-0.610352	-1.611328
5.530000	0.449219	-2.822266
5.535000	2.294922	-2.573242
5.540000	3.989258	-1.313477
5.545000	4.858398	0.253906
5.550000	4.692383	1.484375
5.555000	3.715820	2.011719
5.560000	2.382812	1.816406
5.565000	1.186523	1.137695
5.570000	0.424805	0.341797
5.575000	0.185547	-0.249023
5.580000	0.336914	-0.473633
5.585000	0.639648	-0.332031
5.590000	0.854492	0.029297
5.595000	0.834961	0.424805
5.600000	0.546875	0.703125
5.605000	0.068359	0.786133
5.610000	-0.439453	0.214844
5.615000	-0.556641	-1.328125
5.620000	0.322266	-2.421875
5.625000	1.904297	-2.236328
5.630000	3.374023	-1.147461
5.635000	4.125977	0.234375
5.640000	3.969727	1.328125
5.645000	3.100586	1.806641
5.650000	1.904297	1.645508
5.655000	0.810547	1.064453
5.660000	0.097656	0.361328
5.665000	-0.146484	-0.322266
5.670000	0.063477	-0.751953
5.675000	0.546875	-0.664062
5.680000	0.981445	-0.224609
5.685000	1.127930	0.327148
5.690000	0.913086	0.761719
5.695000	0.405273	0.947266
5.700000	-0.224609	0.717773
5.705000	-0.668945	-0.639648
5.710000	-0.229492	-2.412109
5.715000	1.337891	-2.861328
5.720000	3.217773	-2.026367
5.725000	4.550781	-0.522461
5.730000	4.897461	0.947266
5.735000	4.272461	1.850586
5.740000	3.056641	1.992188
5.745000	1.738281	1.508789
5.750000	0.737305	0.727539
5.755000	0.244141	0.004883
5.760000	0.224609	-0.405273
5.765000	0.488281	-0.439453
5.770000	0.771484	-0.166016
5.775000	0.878906	0.234375
5.780000	0.722656	0.590820
5.785000	0.322266	0.781250
5.790000	-0.195312	0.634766
5.795000	-0.595703	-0.493164
5.800000	-0.249023	-2.041016
5.805000	1.088867	-2.475586
5.810000	2.705078	-1.762695
5.815000	3.862305	-0.449219
5.820000	4.160156	0.854492
5.825000	3.603516	1.660156
5.830000	2.504883	1.796875
5.835000	1.318359	1.386719
5.840000	0.395508	0.703125
5.845000	-0.083008	0.009766
5.850000	-0.087891	-0.605469
5.855000	0.292969	-0.766602
5.860000	0.791016	-0.473633
5.865000	1.103516	0.053711
5.870000	1.064453	0.571289
5.875000	0.683594	0.888672
5.880000	0.092773	0.927734
5.885000	-0.512695	0.190430
5.890000	-0.610352	-1.621094
5.895000	0.458984	-2.822266
5.900000	2.304688	-2.568359
5.905000	3.994141	-1.308594
5.910000	4.858398	0.263672
5.915000	4.687500	1.489258
5.920000	3.710938	2.016602
5.925000	2.377930	1.811523
5.930000	1.181641	1.132812
5.935000	0.419922	0.336914
5.940000	0.180664	-0.253906
5.945000	0.336914	-0.468750
5.950000	0.644531	-0.327148
5.955000	0.854492	0.024414
5.960000	0.834961	0.429688
5.965000	0.546875	0.708008
5.970000	0.068359	0.786133
5.975000	-0.444336	0.209961
5.980000	-0.551758	-1.333008
5.985000	0.327148	-2.421875
5.990000	1.914062	-2.231445
5.995000	3.374023	-1.142578
6.000000	4.125977	0.239258
6.005000	3.969727	1.333008
6.010000	3.095703	1.811523
6.015000	1.894531	1.650391
6.020000	0.810547	1.064453
6.025000	0.097656	0.356445
6.030000	-0.146484	-0.327148
6.035000	0.068359	-0.751953
6.040000	0.556641	-0.664062
6.045000	0.986328	-0.224609
6.050000	1.132812	0.327148
6.055000	0.913086	0.761719
6.060000	0.410156	0.947266
6.065000	-0.224609	0.722656
6.070000	-0.673828	-0.644531
6.075000	-0.229492	-2.412109
6.080000	1.342773	-2.861328
6.085000	3.222656	-2.021484
6.090000	4.555664	-0.522461
6.095000	4.897461	0.947266
6.100000	4.272461	1.855469
6.105000	3.061523	1.992188
6.110000	1.738281	1.508789
6.115000	0.737305	0.727539
6.120000	0.244141	0.004883
6.125000	0.224609	-0.405273
6.130000	0.488281	-0.439453
6.135000	0.771484	-0.166016
6.140000	0.878906	0.234375
6.145000	0.717773	0.590820
6.150000	0.322266	0.776367
6.155000	-0.195312	0.634766
6.160000	-0.595703	-0.493164
6.165000	-0.249023	-2.041016
6.170000	1.088867	-2.475586
6.175000	2.705078	-1.757812
6.180000	3.862305	-0.449219
6.185000	4.155273	0.849609
6.190000	3.608398	1.655273
6.195000	2.504883	1.796875
6.200000	1.313477	1.381836
6.205000	0.395508	0.703125
6.210000	-0.083008	0.014648
6.215000	-0.087891	-0.605469
6.220000	0.297852	-0.766602
6.225000	0.791016	-0.478516
6.230000	1.103516	0.053711
6.235000	1.059570	0.571289
6.240000	0.683594	0.888672
6.245000	0.092773	0.927734
6.250000	-0.512695	0.195312
6.255000	-0.610352	-1.625977
6.260000	0.458984	-2.822266
6.265000	2.304688	-2.573242
6.270000	3.989258	-1.303711
6.275000	4.858398	0.263672
6.280000	4.687500	1.489258
6.285000	3.710938	2.016602
6.290000	2.377930	1.816406
6.295000	1.181641	1.132812
6.300000	0.419922	0.336914
6.305000	0.185547	-0.249023
6.310000	0.336914	-0.468750
6.315000	0.644531	-0.327148
6.320000	0.854492	0.029297
6.325000	0.830078	0.429688
6.330000	0.541992	0.708008
6.335000	0.068359	0.786133
6.340000	-0.444336	0.209961
6.345000	-0.556641	-1.337891
6.350000	0.327148	-2.426758
6.355000	1.914062	-2.231445
6.360000	3.383789	-1.142578
6.365000	4.130859	0.244141
6.370000	3.969727	1.333008
6.375000	3.095703	1.811523
6.380000	1.894531	1.650391
6.385000	0.805664	1.054688
6.390000	0.097656	0.356445
6.395000	-0.146484	-0.327148
6.400000	0.063477	-0.751953
6.405000	0.556641	-0.668945
6.410000	0.986328	-0.224609
6.415000	1.127930	0.327148
6.420000	0.913086	0.761719
6.425000	0.400391	0.947266
6.430000	-0.229492	0.717773
6.435000	-0.668945	-0.649414
6.440000	-0.229492	-2.416992
6.445000	1.342773	-2.861328
6.450000	3.227539	-2.021484
6.455000	4.555664	-0.512695
6.460000	4.897461	0.952148
6.465000	4.272461	1.855469
6.470000	3.051758	1.992188
6.475000	1.733398	1.508789
6.480000	0.732422	0.727539
6.485000	0.239258	0.000000
6.490000	0.224609	-0.410156
6.495000	0.488281	-0.439453
6.500000	0.771484	-0.166016
6.505000	0.878906	0.234375
6.510000	0.717773	0.590820
6.515000	0.322266	0.781250
6.520000	-0.195312	0.629883
6.525000	-0.595703	-0.498047
6.530000	-0.249023	-2.045898
6.535000	1.088867	-2.475586
6.540000	2.705078	-1.757812
6.545000	3.867188	-0.444336
6.550000	4.155273	0.854492
6.555000	3.603516	1.660156
6.560000	2.500000	1.796875
6.565000	1.313477	1.381836
6.570000	0.390625	0.698242
6.575000	-0.083008	0.009766
6.580000	-0.087891	-0.605469
6.585000	0.297852	-0.766602
6.590000	0.795898	-0.473633
6.595000	1.103516	0.053711
6.600000	1.059570	0.571289
6.605000	0.683594	0.888672
6.610000	0.087891	0.927734
6.615000	-0.517578	0.190430
6.620000	-0.610352	-1.625977
6.625000	0.463867	-2.822266
6.630000	2.314453	-2.568359
6.635000	3.999023	-1.298828
6.640000	4.863281	0.268555
6.645000	4.687500	1.494141
6.650000	3.706055	2.016602
6.655000	2.377930	1.811523
6.660000	1.181641	1.127930
6.665000	0.419922	0.336914
6.670000	0.185547	-0.253906
6.675000	0.336914	-0.473633
6.680000	0.644531	-0.327148
6.685000	0.854492	0.029297
6.690000	0.830078	0.429688
6.695000	0.541992	0.708008
6.700000	0.068359	0.786133
6.705000	-0.444336	0.209961
6.710000	-0.556641	-1.342773
6.715000	0.332031	-2.426758
6.720000	1.918945	-2.231445
6.725000	3.383789	-1.137695
6.730000	4.125977	0.244141
6.735000	3.969727	1.337891
6.740000	3.090820	1.811523
6.745000	1.894531	1.645508
6.750000	0.805664	1.054688
6.755000	0.092773	0.356445
6.760000	-0.146484	-0.327148
6.765000	0.068359	-0.751953
6.770000	0.551758	-0.664062
6.775000	0.986328	-0.224609
6.780000	1.127930	0.327148
6.785000	0.913086	0.761719
6.790000	0.400391	0.947266
6.795000	-0.229492	0.717773
6.800000	-0.668945	-0.654297
6.805000	-0.224609	-2.416992
6.810000	1.347656	-2.856445
6.815000	3.227539	-2.016602
6.820000	4.560547	-0.512695
6.825000	4.897461	0.952148
6.830000	4.272461	1.855469
6.835000	3.051758	1.992188
6.840000	1.733398	1.508789
6.845000	0.732422	0.722656
6.850000	0.244141	0.000000
6.855000	0.229492	-0.410156
6.860000	0.493164	-0.439453
6.865000	0.771484	-0.166016
6.870000	0.878906	0.234375
6.875000	0.717773	0.590820
6.880000	0.322266	0.781250
6.885000	-0.200195	0.629883
6.890000	-0.595703	-0.502930
6.895000	-0.244141	-2.050781
6.900000	1.098633	-2.475586
6.905000	2.709961	-1.752930
6.910000	3.867188	-0.439453
6.915000	4.155273	0.854492
6.920000	3.598633	1.660156
6.925000	2.500000	1.801758
6.930000	1.308594	1.381836
6.935000	0.390625	0.698242
6.940000	-0.083008	0.009766
6.945000	-0.087891	-0.605469
6.950000	0.297852	-0.766602
6.955000	0.795898	-0.473633
6.960000	1.103516	0.058594
6.965000	1.064453	0.576172
6.970000	0.678711	0.893555
6.975000	0.087891	0.927734
6.980000	-0.517578	0.185547
6.985000	-0.610352	-1.630859
6.990000	0.468750	-2.822266
6.995000	2.319336	-2.568359
7.000000	4.003906	-1.293945
7.005000	4.863281	0.268555
7.010000	4.687500	1.499023
7.015000	3.706055	2.016602
7.020000	2.368164	1.806641
7.025000	1.176758	1.127930
7.030000	0.415039	0.332031
7.035000	0.185547	-0.253906
7.040000	0.341797	-0.473633
7.045000	0.644531	-0.332031
7.050000	0.854492	0.029297
7.055000	0.830078	0.429688
7.060000	0.541992	0.708008
7.065000	0.063477	0.786133
7.070000	-0.444336	0.200195
7.075000	-0.551758	-1.347656
7.080000	0.336914	-2.426758
7.085000	1.923828	-2.226562
7.090000	3.388672	-1.132812
7.095000	4.130859	0.249023
7.100000	3.964844	1.337891
7.105000	3.085938	1.816406
7.110000	1.889648	1.640625
7.115000	0.800781	1.054688
7.120000	0.092773	0.351562
7.125000	-0.141602	-0.332031
7.130000	0.068359	-0.751953
7.135000	0.556641	-0.664062
7.140000	0.991211	-0.219727
7.145000	1.127930	0.332031
7.150000	0.908203	0.761719
7.155000	0.395508	0.947266
7.160000	-0.234375	0.712891
7.165000	-0.673828	-0.664062
7.170000	-0.219727	-2.426758
7.175000	1.362305	-2.856445
7.180000	3.237305	-2.011719
7.185000	4.560547	-0.507812
7.190000	4.897461	0.961914
7.195000	4.262695	1.855469
7.200000	3.041992	1.992188
7.205000	1.728516	1.503906
7.210000	0.727539	0.722656
7.215000	0.239258	0.000000
7.220000	0.229492	-0.415039
7.225000	0.493164	-0.439453
7.230000	0.771484	-0.161133
7.235000	0.878906	0.234375
7.240000	0.717773	0.595703
7.245000	0.317383	0.781250
7.250000	-0.200195	0.629883
7.255000	-0.595703	-0.507812
7.260000	-0.239258	-2.055664
7.265000	1.103516	-2.470703
7.270000	2.719727	-1.752930
7.275000	3.867188	-0.434570
7.280000	4.155273	0.859375
7.285000	3.593750	1.660156
7.290000	2.495117	1.801758
7.295000	1.303711	1.381836
7.300000	0.385742	0.698242
7.305000	-0.083008	0.004883
7.310000	-0.087891	-0.605469
7.315000	0.297852	-0.766602
7.320000	0.795898	-0.473633
7.325000	1.108398	0.058594
7.330000	1.064453	0.576172
7.335000	0.678711	0.888672
7.340000	0.083008	0.927734
7.345000	-0.517578	0.180664
7.350000	-0.605469	-1.635742
7.355000	0.473633	-2.827148
7.360000	2.329102	-2.563477
7.365000	4.003906	-1.289062
7.370000	4.863281	0.273438
7.375000	4.682617	1.499023
7.380000	3.701172	2.021484
7.385000	2.368164	1.806641
7.390000	1.171875	1.127930
7.395000	0.419922	0.332031
7.400000	0.185547	-0.253906
7.405000	0.341797	-0.473633
7.410000	0.644531	-0.327148
7.415000	0.854492	0.034180
7.420000	0.830078	0.429688
7.425000	0.541992	0.708008
7.430000	0.063477	0.786133
7.435000	-0.444336	0.195312
7.440000	-0.551758	-1.352539
7.445000	0.341797	-2.431641
7.450000	1.933594	-2.221680
7.455000	3.393555	-1.132812
7.460000	4.130859	0.253906
7.465000	3.964844	1.342773
7.470000	3.085938	1.811523
7.475000	1.884766	1.640625
7.480000	0.795898	1.049805
7.485000	0.092773	0.351562
7.490000	-0.146484	-0.332031
7.495000	0.068359	-0.751953
7.500000	0.556641	-0.664062
7.505000	0.991211	-0.219727
7.510000	1.127930	0.332031
7.515000	0.908203	0.766602
7.520000	0.390625	0.947266
7.525000	-0.239258	0.708008
7.530000	-0.673828	-0.668945
7.535000	-0.219727	-2.426758
7.540000	1.367188	-2.856445
7.545000	3.242188	-2.006836
7.550000	4.565430	-0.498047
7.555000	4.897461	0.966797
7.560000	4.262695	1.860352
7.565000	3.037109	1.987305
7.570000	1.718750	1.499023
7.575000	0.722656	0.717773
7.580000	0.234375	-0.004883
7.585000	0.229492	-0.415039
7.590000	0.493164	-0.439453
7.595000	0.771484	-0.161133
7.600000	0.878906	0.239258
7.605000	0.712891	0.595703
7.610000	0.312500	0.781250
7.615000	-0.205078	0.625000
7.620000	-0.595703	-0.517578
7.625000	-0.239258	-2.060547
7.630000	1.108398	-2.470703
7.635000	2.724609	-1.743164
7.640000	3.872070	-0.424805
7.645000	4.155273	0.869141
7.650000	3.593750	1.665039
7.655000	2.490234	1.796875
7.660000	1.298828	1.376953
7.665000	0.380859	0.688477
7.670000	-0.087891	0.004883
7.675000	-0.087891	-0.610352
7.680000	0.302734	-0.761719
7.685000	0.800781	-0.473633
7.690000	1.103516	0.058594
7.695000	1.064453	0.576172
7.700000	0.678711	0.893555
7.705000	0.083008	0.927734
7.710000	-0.517578	0.175781
7.715000	-0.605469	-1.650391
7.720000	0.478516	-2.832031
7.725000	2.333984	-2.563477
7.730000	4.013672	-1.284180
7.735000	4.863281	0.283203
7.740000	4.682617	1.503906
7.745000	3.696289	2.016602
7.750000	2.363281	1.806641
7.755000	1.166992	1.118164
7.760000	0.410156	0.327148
7.765000	0.185547	-0.253906
7.770000	0.341797	-0.473633
7.775000	0.649414	-0.322266
7.780000	0.854492	0.034180
7.785000	0.830078	0.429688
7.790000	0.541992	0.708008
7.795000	0.063477	0.781250
7.800000	-0.444336	0.195312
7.805000	-0.551758	-1.357422
7.810000	0.346680	-2.431641
7.815000	1.933594	-2.221680
7.820000	3.398438	-1.123047
7.825000	4.130859	0.258789
7.830000	3.964844	1.342773
7.835000	3.081055	1.816406
7.840000	1.884766	1.640625
7.845000	0.791016	1.049805
7.850000	0.092773	0.346680
7.855000	-0.141602	-0.336914
7.860000	0.068359	-0.751953
7.865000	0.561523	-0.659180
7.870000	0.991211	-0.214844
7.875000	1.127930	0.332031
7.880000	0.903320	0.766602
7.885000	0.395508	0.947266
7.890000	-0.239258	0.708008
7.895000	-0.673828	-0.673828
7.900000	-0.214844	-2.426758
7.905000	1.367188	-2.861328
7.910000	3.247070	-2.006836
7.915000	4.565430	-0.493164
7.920000	4.897461	0.966797
7.925000	4.262695	1.860352
7.930000	3.037109	1.987305
7.935000	1.718750	1.499023
7.940000	0.722656	0.717773
7.945000	0.239258	-0.004883
7.950000	0.229492	-0.410156
7.955000	0.493164	-0.439453
7.960000	0.776367	-0.161133
7.965000	0.878906	0.239258
7.970000	0.712891	0.595703
7.975000	0.317383	0.781250
7.980000	-0.205078	0.625000
7.985000	-0.595703	-0.517578
7.990000	-0.234375	-2.060547
7.995000	1.113281	-2.475586
8.000000	2.724609	-1.743164
8.005000	3.872070	-0.429688
8.010000	4.155273	0.869141
8.015000	3.588867	1.665039
8.020000	2.490234	1.791992
8.025000	1.298828	1.376953
8.030000	0.385742	0.693359
8.035000	-0.083008	0.004883
8.040000	-0.087891	-0.610352
8.045000	0.302734	-0.761719
8.050000	0.800781	-0.468750
8.055000	1.103516	0.058594
8.060000	1.059570	0.576172
8.065000	0.673828	0.893555
8.070000	0.078125	0.927734
8.075000	-0.522461	0.166016
8.080000	-0.605469	-1.650391
8.085000	0.483398	-2.827148
8.090000	2.338867	-2.553711
8.095000	4.013672	-1.279297
8.100000	4.863281	0.288086
8.105000	4.672852	1.508789
8.110000	3.686523	2.021484
8.115000	2.358398	1.801758
8.120000	1.162109	1.118164
8.125000	0.415039	0.327148
8.130000	0.190430	-0.258789
8.135000	0.346680	-0.473633
8.140000	0.649414	-0.322266
8.145000	0.854492	0.039062
8.150000	0.830078	0.434570
8.155000	0.537109	0.712891
8.160000	0.058594	0.786133
8.165000	-0.449219	0.190430
8.170000	-0.546875	-1.367188
8.175000	0.351562	-2.431641
8.180000	1.943359	-2.216797
8.185000	3.403320	-1.113281
8.190000	4.135742	0.263672
8.195000	3.959961	1.347656
8.200000	3.071289	1.811523
8.205000	1.875000	1.635742
8.210000	0.786133	1.044922
8.215000	0.087891	0.346680
8.220000	-0.141602	-0.341797
8.225000	0.073242	-0.751953
8.230000	0.566406	-0.659180
8.235000	0.991211	-0.214844
8.240000	1.127930	0.336914
8.245000	0.898438	0.761719
8.250000	0.390625	0.947266
8.255000	-0.239258	0.703125
8.260000	-0.673828	-0.683594
8.265000	-0.209961	-2.436523
8.270000	1.376953	-2.856445
8.275000	3.251953	-2.001953
8.280000	4.570312	-0.488281
8.285000	4.897461	0.971680
8.290000	4.252930	1.860352
8.295000	3.027344	1.987305
8.300000	1.713867	1.494141
8.305000	0.717773	0.708008
8.310000	0.239258	-0.009766
8.315000	0.229492	-0.415039
8.320000	0.493164	-0.439453
8.325000	0.776367	-0.161133
8.330000	0.878906	0.239258
8.335000	0.712891	0.595703
8.340000	0.312500	0.776367
8.345000	-0.205078	0.625000
8.350000	-0.595703	-0.522461
8.355000	-0.229492	-2.065430
8.360000	1.118164	-2.470703
8.365000	2.734375	-1.738281
8.370000	3.876953	-0.415039
8.375000	4.155273	0.869141
8.380000	3.588867	1.660156
8.385000	2.480469	1.791992
8.390000	1.293945	1.372070
8.395000	0.380859	0.688477
8.400000	-0.087891	0.000000
8.405000	-0.087891	-0.615234
8.410000	0.302734	-0.761719
8.415000	0.805664	-0.468750
8.420000	1.108398	0.063477
8.425000	1.059570	0.576172
8.430000	0.673828	0.888672
8.435000	0.073242	0.927734
8.440000	-0.527344	0.166016
8.445000	-0.600586	-1.660156
8.450000	0.488281	-2.827148
8.455000	2.343750	-2.553711
8.460000	4.013672	-1.274414
8.465000	4.863281	0.288086
8.470000	4.677734	1.508789
8.475000	3.686523	2.021484
8.480000	2.353516	1.801758
8.485000	1.166992	1.118164
8.490000	0.410156	0.327148
8.495000	0.180664	-0.258789
8.500000	0.341797	-0.473633
8.505000	0.649414	-0.327148
8.510000	0.854492	0.034180
8.515000	0.830078	0.434570
8.520000	0.537109	0.712891
8.525000	0.058594	0.781250
8.530000	-0.454102	0.185547
8.535000	-0.546875	-1.367188
8.540000	0.351562	-2.431641
8.545000	1.943359	-2.216797
8.550000	3.398438	-1.118164
8.555000	4.130859	0.263672
8.560000	3.955078	1.347656
8.565000	3.076172	1.811523
8.570000	1.870117	1.635742
8.575000	0.791016	1.044922
8.580000	0.087891	0.341797
8.585000	-0.146484	-0.341797
8.590000	0.073242	-0.751953
8.595000	0.561523	-0.659180
8.600000	0.991211	-0.214844
8.605000	1.127930	0.336914
8.610000	0.903320	0.766602
8.615000	0.385742	0.947266
8.620000	-0.239258	0.703125
8.625000	-0.673828	-0.683594
8.630000	-0.205078	-2.441406
8.635000	1.381836	-2.856445
8.640000	3.256836	-1.992188
8.645000	4.570312	-0.483398
8.650000	4.892578	0.976562
8.655000	4.252930	1.865234
8.660000	3.022461	1.987305
8.665000	1.708984	1.489258
8.670000	0.717773	0.712891
8.675000	0.234375	-0.009766
8.680000	0.229492	-0.415039
8.685000	0.493164	-0.434570
8.690000	0.776367	-0.161133
8.695000	0.878906	0.249023
8.700000	0.708008	0.595703
8.705000	0.312500	0.781250
8.710000	-0.209961	0.620117
8.715000	-0.595703	-0.532227
8.720000	-0.229492	-2.070312
8.725000	1.127930	-2.470703
8.730000	2.739258	-1.733398
8.735000	3.876953	-0.415039
8.740000	4.155273	0.874023
8.745000	3.583984	1.669922
8.750000	2.480469	1.791992
8.755000	1.289062	1.372070
8.760000	0.375977	0.688477
8.765000	-0.087891	-0.004883
8.770000	-0.083008	-0.615234
8.775000	0.307617	-0.766602
8.780000	0.805664	-0.463867
8.785000	1.108398	0.068359
8.790000	1.054688	0.581055
8.795000	0.673828	0.893555
8.800000	0.073242	0.927734
8.805000	-0.522461	0.161133
8.810000	-0.600586	-1.665039
8.815000	0.498047	-2.832031
8.820000	2.348633	-2.548828
8.825000	4.023438	-1.274414
8.830000	4.868164	0.297852
8.835000	4.672852	1.508789
8.840000	3.686523	2.021484
8.845000	2.348633	1.796875
8.850000	1.157227	1.113281
8.855000	0.410156	0.322266
8.860000	0.185547	-0.258789
8.865000	0.346680	-0.473633
8.870000	0.649414	-0.322266
8.875000	0.854492	0.039062
8.880000	0.825195	0.434570
8.885000	0.537109	0.712891
8.890000	0.058594	0.781250
8.895000	-0.454102	0.185547
8.900000	-0.551758	-1.372070
8.905000	0.356445	-2.431641
8.910000	1.948242	-2.216797
8.915000	3.408203	-1.113281
8.920000	4.135742	0.268555
8.925000	3.955078	1.347656
8.930000	3.071289	1.816406
8.935000	1.875000	1.635742
8.940000	0.786133	1.044922
8.945000	0.087891	0.341797
8.950000	-0.141602	-0.341797
8.955000	0.073242	-0.751953
8.960000	0.566406	-0.659180
8.965000	0.996094	-0.209961
8.970000	1.127930	0.336914
8.975000	0.903320	0.766602
8.980000	0.390625	0.947266
8.985000	-0.239258	0.703125
8.990000	-0.673828	-0.688477
8.995000	-0.205078	-2.441406
9.000000	1.381836	-2.856445
9.005000	3.256836	-1.992188
9.010000	4.575195	-0.483398
9.015000	4.892578	0.976562
9.020000	4.248047	1.865234
9.025000	3.022461	1.987305
9.030000	1.708984	1.494141
9.035000	0.717773	0.708008
9.040000	0.234375	-0.009766
9.045000	0.229492	-0.415039
9.050000	0.493164	-0.439453
9.055000	0.776367	-0.161133
9.060000	0.874023	0.244141
9.065000	0.708008	0.595703
9.070000	0.307617	0.776367
9.075000	-0.209961	0.620117
9.080000	-0.595703	-0.532227
9.085000	-0.229492	-2.065430
9.090000	1.123047	-2.470703
9.095000	2.739258	-1.733398
9.100000	3.876953	-0.415039
9.105000	4.155273	0.874023
9.110000	3.583984	1.669922
9.115000	2.480469	1.791992
9.120000	1.289062	1.372070
9.125000	0.375977	0.688477
9.130000	-0.087891	0.000000
9.135000	-0.087891	-0.615234
9.140000	0.307617	-0.766602
9.145000	0.800781	-0.463867
9.150000	1.108398	0.063477
9.155000	1.059570	0.585938
9.160000	0.668945	0.893555
9.165000	0.073242	0.927734
9.170000	-0.522461	0.151367
9.175000	-0.600586	-1.669922
9.180000	0.498047	-2.832031
9.185000	2.358398	-2.548828
9.190000	4.028320	-1.264648
9.195000	4.863281	0.297852
9.200000	4.672852	1.513672
9.205000	3.676758	2.021484
9.210000	2.343750	1.796875
9.215000	1.152344	1.113281
9.220000	0.410156	0.322266
9.225000	0.185547	-0.258789
9.230000	0.341797	-0.473633
9.235000	0.649414	-0.322266
9.240000	0.854492	0.039062
9.245000	0.830078	0.439453
9.250000	0.532227	0.712891
9.255000	0.058594	0.781250
9.260000	-0.454102	0.180664
9.265000	-0.546875	-1.381836
9.270000	0.366211	-2.436523
9.275000	1.953125	-2.211914
9.280000	3.417969	-1.103516
9.285000	4.135742	0.278320
9.290000	3.955078	1.352539
9.295000	3.061523	1.811523
9.300000	1.865234	1.635742
9.305000	0.781250	1.040039
9.310000	0.087891	0.341797
9.315000	-0.146484	-0.346680
9.320000	0.073242	-0.751953
9.325000	0.566406	-0.659180
9.330000	0.996094	-0.209961
9.335000	1.127930	0.341797
9.340000	0.898438	0.771484
9.345000	0.385742	0.947266
9.350000	-0.249023	0.698242
9.355000	-0.673828	-0.698242
9.360000	-0.200195	-2.446289
9.365000	1.391602	-2.851562
9.370000	3.271484	-1.987305
9.375000	4.580078	-0.473633
9.380000	4.897461	0.981445
9.385000	4.248047	1.865234
9.390000	3.017578	1.982422
9.395000	1.704102	1.489258
9.400000	0.712891	0.708008
9.405000	0.234375	-0.009766
9.410000	0.229492	-0.415039
9.415000	0.498047	-0.434570
9.420000	0.776367	-0.156250
9.425000	0.878906	0.244141
9.430000	0.712891	0.600586
9.435000	0.307617	0.781250
9.440000	-0.209961	0.620117
9.445000	-0.600586	-0.537109
9.450000	-0.224609	-2.070312
9.455000	1.132812	-2.465820
9.460000	2.744141	-1.728516
9.465000	3.881836	-0.405273
9.470000	4.155273	0.878906
9.475000	3.579102	1.669922
9.480000	2.475586	1.796875
9.485000	1.284180	1.367188
9.490000	0.375977	0.683594
9.495000	-0.087891	-0.004883
9.500000	-0.087891	-0.620117
9.505000	0.307617	-0.761719
9.510000	0.805664	-0.463867
9.515000	1.108398	0.068359
9.520000	1.059570	0.581055
9.525000	0.673828	0.893555
9.530000	0.073242	0.927734
9.535000	-0.527344	0.156250
9.540000	-0.600586	-1.674805
9.545000	0.502930	-2.836914
9.550000	2.358398	-2.548828
9.555000	4.028320	-1.264648
9.560000	4.868164	0.297852
9.565000	4.672852	1.513672
9.570000	3.676758	2.021484
9.575000	2.343750	1.796875
9.580000	1.157227	1.113281
9.585000	0.410156	0.317383
9.590000	0.185547	-0.263672
9.595000	0.346680	-0.473633
9.600000	0.649414	-0.322266
9.605000	0.859375	0.039062
9.610000	0.825195	0.439453
9.615000	0.537109	0.717773
9.620000	0.058594	0.781250
9.625000	-0.454102	0.180664
9.630000	-0.546875	-1.381836
9.635000	0.361328	-2.436523
9.640000	1.958008	-2.211914
9.645000	3.413086	-1.108398
9.650000	4.135742	0.273438
9.655000	3.950195	1.352539
9.660000	3.066406	1.811523
9.665000	1.865234	1.635742
9.670000	0.781250	1.040039
9.675000	0.087891	0.341797
9.680000	-0.146484	-0.341797
9.685000	0.073242	-0.756836
9.690000	0.566406	-0.654297
9.695000	0.991211	-0.209961
9.700000	1.127930	0.336914
9.705000	0.898438	0.766602
9.710000	0.380859	0.947266
9.715000	-0.244141	0.698242
9.720000	-0.673828	-0.698242
9.725000	-0.195312	-2.446289
9.730000	1.391602	-2.851562
9.735000	3.266602	-1.987305
9.740000	4.575195	-0.473633
9.745000	4.892578	0.986328
9.750000	4.243164	1.865234
9.755000	3.012695	1.982422
9.760000	1.699219	1.489258
9.765000	0.712891	0.703125
9.770000	0.234375	-0.009766
9.775000	0.229492	-0.415039
9.780000	0.498047	-0.439453
9.785000	0.776367	-0.156250
9.790000	0.878906	0.249023
9.795000	0.703125	0.600586
9.800000	0.307617	0.781250
9.805000	-0.209961	0.620117
9.810000	-0.595703	-0.541992
9.815000	-0.224609	-2.075195
9.820000	1.132812	-2.470703
9.825000	2.749023	-1.723633
9.830000	3.881836	-0.405273
9.835000	4.155273	0.883789
9.840000	3.579102	1.669922
9.845000	2.470703	1.791992
9.850000	1.284180	1.372070
9.855000	0.375977	0.683594
9.860000	-0.083008	-0.009766
9.865000	-0.087891	-0.620117
9.870000	0.307617	-0.761719
9.875000	0.800781	-0.463867
9.880000	1.108398	0.068359
9.885000	1.059570	0.585938
9.890000	0.668945	0.893555
9.895000	0.073242	0.922852
9.900000	-0.527344	0.156250
9.905000	-0.595703	-1.674805
9.910000	0.507812	-2.836914
9.915000	2.363281	-2.543945
9.920000	4.033203	-1.259766
9.925000	4.868164	0.302734
9.930000	4.667969	1.518555
9.935000	3.671875	2.021484
9.940000	2.338867	1.796875
9.945000	1.147461	1.108398
9.950000	0.410156	0.317383
9.955000	0.185547	-0.263672
9.960000	0.346680	-0.473633
9.965000	0.649414	-0.322266
9.970000	0.859375	0.043945
9.975000	0.830078	0.439453
9.980000	0.532227	0.717773
9.985000	0.053711	0.781250
9.990000	-0.454102	0.175781
9.995000	-0.546875	-1.386719
10.000000	0.366211	-2.436523
