# Time_s	x	xdot
0.000000	0.659180	0.805664
0.005000	0.126953	0.913086
0.010000	-0.468750	0.307617
0.015000	-0.634766	-1.464844
0.020000	0.332031	-2.832031
0.025000	2.182617	-2.719727
0.030000	3.964844	-1.489258
0.035000	4.956055	0.156250
0.040000	4.848633	1.523438
0.045000	3.842773	2.163086
0.050000	2.431641	2.001953
0.055000	1.103516	1.264648
0.060000	0.253906	0.366211
0.065000	-0.004883	-0.336914
0.070000	0.214844	-0.629883
0.075000	0.620117	-0.483398
0.080000	0.927734	-0.053711
0.085000	0.961914	0.439453
0.090000	0.668945	0.795898
0.095000	0.141602	0.913086
0.100000	-0.458984	0.336914
0.105000	-0.644531	-1.411133
0.110000	0.288086	-2.817383
0.115000	2.133789	-2.744141
0.120000	3.935547	-1.533203
0.125000	4.946289	0.112305
0.130000	4.873047	1.494141
0.135000	3.886719	2.158203
0.140000	2.465820	2.016602
0.145000	1.132812	1.293945
0.150000	0.263672	0.385742
0.155000	-0.009766	-0.327148
0.160000	0.205078	-0.625000
0.165000	0.610352	-0.493164
0.170000	0.927734	-0.068359
0.175000	0.966797	0.424805
0.180000	0.683594	0.786133
0.185000	0.156250	0.917969
0.190000	-0.444336	0.371094
0.195000	-0.649414	-1.357422
0.200000	0.249023	-2.802734
0.205000	2.080078	-2.763672
0.210000	3.886719	-1.577148
0.215000	4.931641	0.063477
0.220000	4.897461	1.464844
0.225000	3.920898	2.153320
0.230000	2.504883	2.026367
0.235000	1.171875	1.313477
0.240000	0.283203	0.410156
0.245000	-0.004883	-0.312500
0.250000	0.195312	-0.625000
0.255000	0.600586	-0.502930
0.260000	0.927734	-0.083008
0.265000	0.971680	0.410156
0.270000	0.698242	0.781250
0.275000	0.175781	0.917969
0.280000	-0.424805	0.410156
0.285000	-0.659180	-1.298828
0.290000	0.200195	-2.778320
0.295000	2.021484	-2.788086
0.300000	3.842773	-1.621094
0.305000	4.921875	0.014648
0.310000	4.907227	1.430664
0.315000	3.959961	2.143555
0.320000	2.543945	2.041016
0.325000	1.201172	1.342773
0.330000	0.297852	0.439453
0.335000	0.000000	-0.292969
0.340000	0.180664	-0.625000
0.345000	0.585938	-0.512695
0.350000	0.917969	-0.097656
0.355000	0.976562	0.395508
0.360000	0.708008	0.771484
0.365000	0.195312	0.922852
0.370000	-0.410156	0.444336
0.375000	-0.668945	-1.245117
0.380000	0.156250	-2.753906
0.385000	1.958008	-2.802734
0.390000	3.798828	-1.669922
0.395000	4.907227	-0.029297
0.400000	4.926758	1.401367
0.405000	3.999023	2.138672
0.410000	2.587891	2.055664
0.415000	1.235352	1.367188
0.420000	0.317383	0.468750
0.425000	0.000000	-0.278320
0.430000	0.170898	-0.620117
0.435000	0.571289	-0.522461
0.440000	0.908203	-0.112305
0.445000	0.976562	0.380859
0.450000	0.722656	0.766602
0.455000	0.209961	0.917969
0.460000	-0.395508	0.468750
0.465000	-0.668945	-1.191406
0.470000	0.122070	-2.734375
0.475000	1.904297	-2.822266
0.480000	3.759766	-1.708984
0.485000	4.887695	-0.073242
0.490000	4.941406	1.372070
0.495000	4.038086	2.124023
0.500000	2.631836	2.065430
0.505000	1.264648	1.391602
0.510000	0.332031	0.488281
0.515000	0.000000	-0.263672
0.520000	0.161133	-0.620117
0.525000	0.561523	-0.522461
0.530000	0.903320	-0.122070
0.535000	0.986328	0.371094
0.540000	0.732422	0.761719
0.545000	0.229492	0.917969
0.550000	-0.375977	0.502930
0.555000	-0.673828	-1.127930
0.560000	0.073242	-2.709961
0.565000	1.845703	-2.836914
0.570000	3.710938	-1.757812
0.575000	4.868164	-0.126953
0.580000	4.951172	1.337891
0.585000	4.072266	2.119141
0.590000	2.680664	2.080078
0.595000	1.298828	1.420898
0.600000	0.356445	0.517578
0.605000	0.000000	-0.244141
0.610000	0.151367	-0.615234
0.615000	0.546875	-0.537109
0.620000	0.893555	-0.136719
0.625000	0.986328	0.356445
0.630000	0.742188	0.747070
0.635000	0.244141	0.917969
0.640000	-0.361328	0.532227
0.645000	-0.678711	-1.069336
0.650000	0.039062	-2.680664
0.655000	1.787109	-2.861328
0.660000	3.666992	-1.796875
0.665000	4.853516	-0.170898
0.670000	4.970703	1.293945
0.675000	4.106445	2.104492
0.680000	2.719727	2.094727
0.685000	1.333008	1.440430
0.690000	0.375977	0.541992
0.695000	0.004883	-0.229492
0.700000	0.141602	-0.610352
0.705000	0.537109	-0.546875
0.710000	0.883789	-0.156250
0.715000	0.986328	0.341797
0.720000	0.756836	0.742188
0.725000	0.263672	0.917969
0.730000	-0.346680	0.556641
0.735000	-0.678711	-1.015625
0.740000	0.000000	-2.656250
0.745000	1.733398	-2.871094
0.750000	3.618164	-1.845703
0.755000	4.829102	-0.224609
0.760000	4.975586	1.264648
0.765000	4.145508	2.094727
0.770000	2.763672	2.104492
0.775000	1.372070	1.469727
0.780000	0.395508	0.566406
0.785000	0.009766	-0.209961
0.790000	0.136719	-0.600586
0.795000	0.527344	-0.551758
0.800000	0.878906	-0.170898
0.805000	0.991211	0.327148
0.810000	0.766602	0.732422
0.815000	0.283203	0.917969
0.820000	-0.327148	0.585938
0.825000	-0.678711	-0.952148
0.830000	-0.043945	-2.626953
0.835000	1.669922	-2.885742
0.840000	3.564453	-1.879883
0.845000	4.809570	-0.273438
0.850000	4.985352	1.225586
0.855000	4.179688	2.080078
0.860000	2.812500	2.114258
0.865000	1.411133	1.494141
0.870000	0.419922	0.595703
0.875000	0.009766	-0.190430
0.880000	0.126953	-0.595703
0.885000	0.512695	-0.556641
0.890000	0.874023	-0.180664
0.895000	0.991211	0.312500
0.900000	0.781250	0.722656
0.905000	0.297852	0.913086
0.910000	-0.307617	0.615234
0.915000	-0.678711	-0.883789
0.920000	-0.083008	-2.587891
0.925000	1.606445	-2.890625
0.930000	3.510742	-1.928711
0.935000	4.780273	-0.327148
0.940000	4.990234	1.186523
0.945000	4.213867	2.060547
0.950000	2.851562	2.124023
0.955000	1.450195	1.518555
0.960000	0.439453	0.625000
0.965000	0.014648	-0.170898
0.970000	0.117188	-0.595703
0.975000	0.502930	-0.561523
0.980000	0.864258	-0.195312
0.985000	0.996094	0.297852
0.990000	0.791016	0.712891
0.995000	0.312500	0.903320
1.000000	-0.288086	0.639648
1.005000	-0.678711	-0.825195
1.010000	-0.122070	-2.553711
1.015000	1.547852	-2.910156
1.020000	3.457031	-1.972656
1.025000	4.755859	-0.380859
1.030000	5.000000	1.147461
1.035000	4.248047	2.050781
1.040000	2.895508	2.133789
1.045000	1.484375	1.542969
1.050000	0.468750	0.649414
1.055000	0.019531	-0.151367
1.060000	0.107422	-0.585938
1.065000	0.483398	-0.571289
1.070000	0.854492	-0.209961
1.075000	0.991211	0.283203
1.080000	0.800781	0.703125
1.085000	0.332031	0.908203
1.090000	-0.273438	0.664062
1.095000	-0.673828	-0.766602
1.100000	-0.151367	-2.519531
1.105000	1.489258	-2.919922
1.110000	3.408203	-2.011719
1.115000	4.731445	-0.424805
1.120000	5.009766	1.113281
1.125000	4.282227	2.036133
1.130000	2.944336	2.138672
1.135000	1.523438	1.567383
1.140000	0.483398	0.678711
1.145000	0.019531	-0.131836
1.150000	0.102539	-0.581055
1.155000	0.473633	-0.581055
1.160000	0.849609	-0.224609
1.165000	0.991211	0.268555
1.170000	0.810547	0.693359
1.175000	0.346680	0.908203
1.180000	-0.258789	0.688477
1.185000	-0.668945	-0.712891
1.190000	-0.190430	-2.485352
1.195000	1.430664	-2.929688
1.200000	3.359375	-2.050781
1.205000	4.707031	-0.473633
1.210000	5.014648	1.074219
1.215000	4.316406	2.016602
1.220000	2.983398	2.148438
1.225000	1.562500	1.591797
1.230000	0.507812	0.703125
1.235000	0.024414	-0.112305
1.240000	0.092773	-0.571289
1.245000	0.458984	-0.585938
1.250000	0.839844	-0.239258
1.255000	0.996094	0.253906
1.260000	0.820312	0.683594
1.265000	0.366211	0.903320
1.270000	-0.239258	0.708008
1.275000	-0.668945	-0.654297
1.280000	-0.219727	-2.451172
1.285000	1.376953	-2.939453
1.290000	3.305664	-2.089844
1.295000	4.677734	-0.527344
1.300000	5.024414	1.030273
1.305000	4.345703	2.006836
1.310000	3.027344	2.158203
1.315000	1.601562	1.616211
1.320000	0.532227	0.727539
1.325000	0.034180	-0.092773
1.330000	0.083008	-0.566406
1.335000	0.454102	-0.590820
1.340000	0.834961	-0.253906
1.345000	0.991211	0.239258
1.350000	0.830078	0.673828
1.355000	0.375977	0.903320
1.360000	-0.219727	0.727539
1.365000	-0.668945	-0.600586
1.370000	-0.253906	-2.412109
1.375000	1.318359	-2.944336
1.380000	3.251953	-2.133789
1.385000	4.653320	-0.576172
1.390000	5.029297	0.996094
1.395000	4.375000	1.982422
1.400000	3.071289	2.163086
1.405000	1.640625	1.635742
1.410000	0.556641	0.756836
1.415000	0.039062	-0.073242
1.420000	0.073242	-0.556641
1.425000	0.434570	-0.595703
1.430000	0.820312	-0.268555
1.435000	0.991211	0.224609
1.440000	0.839844	0.659180
1.445000	0.395508	0.893555
1.450000	-0.200195	0.742188
1.455000	-0.664062	-0.546875
1.460000	-0.288086	-2.377930
1.465000	1.264648	-2.949219
1.470000	3.203125	-2.167969
1.475000	4.624023	-0.625000
1.480000	5.034180	0.952148
1.485000	4.409180	1.967773
1.490000	3.115234	2.172852
1.495000	1.679688	1.660156
1.500000	0.576172	0.786133
1.505000	0.048828	-0.053711
1.510000	0.068359	-0.551758
1.515000	0.424805	-0.600586
1.520000	0.810547	-0.278320
1.525000	0.996094	0.209961
1.530000	0.849609	0.649414
1.535000	0.410156	0.888672
1.540000	-0.180664	0.761719
1.545000	-0.654297	-0.483398
1.550000	-0.317383	-2.338867
1.555000	1.210938	-2.954102
1.560000	3.144531	-2.207031
1.565000	4.594727	-0.673828
1.570000	5.039062	0.908203
1.575000	4.438477	1.948242
1.580000	3.159180	2.177734
1.585000	1.718750	1.684570
1.590000	0.605469	0.810547
1.595000	0.053711	-0.034180
1.600000	0.063477	-0.541992
1.605000	0.410156	-0.605469
1.610000	0.800781	-0.292969
1.615000	0.991211	0.195312
1.620000	0.854492	0.639648
1.625000	0.429688	0.888672
1.630000	-0.161133	0.776367
1.635000	-0.654297	-0.434570
1.640000	-0.346680	-2.290039
1.645000	1.157227	-2.954102
1.650000	3.090820	-2.241211
1.655000	4.570312	-0.722656
1.660000	5.039062	0.869141
1.665000	4.472656	1.928711
1.670000	3.198242	2.177734
1.675000	1.757812	1.704102
1.680000	0.625000	0.839844
1.685000	0.063477	-0.009766
1.690000	0.058594	-0.532227
1.695000	0.395508	-0.610352
1.700000	0.791016	-0.307617
1.705000	0.986328	0.175781
1.710000	0.864258	0.629883
1.715000	0.439453	0.883789
1.720000	-0.146484	0.791016
1.725000	-0.639648	-0.380859
1.730000	-0.371094	-2.250977
1.735000	1.098633	-2.958984
1.740000	3.032227	-2.280273
1.745000	4.531250	-0.771484
1.750000	5.043945	0.830078
1.755000	4.497070	1.909180
1.760000	3.242188	2.182617
1.765000	1.801758	1.723633
1.770000	0.654297	0.869141
1.775000	0.068359	0.009766
1.780000	0.053711	-0.522461
1.785000	0.385742	-0.615234
1.790000	0.786133	-0.317383
1.795000	0.986328	0.170898
1.800000	0.874023	0.620117
1.805000	0.458984	0.883789
1.810000	-0.126953	0.805664
1.815000	-0.634766	-0.322266
1.820000	-0.395508	-2.207031
1.825000	1.044922	-2.963867
1.830000	2.983398	-2.314453
1.835000	4.506836	-0.825195
1.840000	5.043945	0.786133
1.845000	4.531250	1.889648
1.850000	3.286133	2.187500
1.855000	1.840820	1.748047
1.860000	0.678711	0.893555
1.865000	0.078125	0.034180
1.870000	0.043945	-0.512695
1.875000	0.371094	-0.615234
1.880000	0.771484	-0.327148
1.885000	0.986328	0.151367
1.890000	0.883789	0.610352
1.895000	0.478516	0.874023
1.900000	-0.107422	0.820312
1.905000	-0.629883	-0.273438
1.910000	-0.419922	-2.163086
1.915000	0.986328	-2.958984
1.920000	2.924805	-2.348633
1.925000	4.467773	-0.874023
1.930000	5.039062	0.742188
1.935000	4.555664	1.870117
1.940000	3.330078	2.187500
1.945000	1.879883	1.772461
1.950000	0.708008	0.922852
1.955000	0.087891	0.053711
1.960000	0.039062	-0.502930
1.965000	0.361328	-0.620117
1.970000	0.766602	-0.341797
1.975000	0.986328	0.136719
1.980000	0.888672	0.600586
1.985000	0.488281	0.869141
1.990000	-0.092773	0.834961
1.995000	-0.620117	-0.219727
2.000000	-0.444336	-2.114258
2.005000	0.937500	-2.958984
2.010000	2.866211	-2.382812
2.015000	4.438477	-0.922852
2.020000	5.043945	0.698242
2.025000	4.584961	1.840820
2.030000	3.369141	2.192383
2.035000	1.918945	1.787109
2.040000	0.737305	0.947266
2.045000	0.102539	0.078125
2.050000	0.034180	-0.493164
2.055000	0.346680	-0.625000
2.060000	0.751953	-0.356445
2.065000	0.986328	0.122070
2.070000	0.898438	0.585938
2.075000	0.502930	0.864258
2.080000	-0.078125	0.844727
2.085000	-0.615234	-0.170898
2.090000	-0.468750	-2.065430
2.095000	0.883789	-2.954102
2.100000	2.812500	-2.416992
2.105000	4.399414	-0.971680
2.110000	5.034180	0.654297
2.115000	4.614258	1.821289
2.120000	3.413086	2.192383
2.125000	1.962891	1.811523
2.130000	0.761719	0.976562
2.135000	0.107422	0.102539
2.140000	0.029297	-0.483398
2.145000	0.336914	-0.625000
2.150000	0.742188	-0.366211
2.155000	0.981445	0.107422
2.160000	0.903320	0.576172
2.165000	0.522461	0.859375
2.170000	-0.053711	0.854492
2.175000	-0.600586	-0.122070
2.180000	-0.493164	-2.016602
2.185000	0.830078	-2.949219
2.190000	2.758789	-2.446289
2.195000	4.365234	-1.020508
2.200000	5.034180	0.615234
2.205000	4.638672	1.796875
2.210000	3.452148	2.197266
2.215000	2.006836	1.831055
2.220000	0.795898	1.000977
2.225000	0.117188	0.122070
2.230000	0.024414	-0.473633
2.235000	0.322266	-0.629883
2.240000	0.732422	-0.380859
2.245000	0.971680	0.092773
2.250000	0.913086	0.566406
2.255000	0.537109	0.859375
2.260000	-0.039062	0.864258
2.265000	-0.590820	-0.078125
2.270000	-0.512695	-1.967773
2.275000	0.771484	-2.939453
2.280000	2.700195	-2.485352
2.285000	4.331055	-1.069336
2.290000	5.034180	0.571289
2.295000	4.663086	1.772461
2.300000	3.496094	2.197266
2.305000	2.045898	1.850586
2.310000	0.820312	1.030273
2.315000	0.126953	0.146484
2.320000	0.019531	-0.463867
2.325000	0.312500	-0.629883
2.330000	0.722656	-0.390625
2.335000	0.971680	0.078125
2.340000	0.922852	0.546875
2.345000	0.551758	0.849609
2.350000	-0.014648	0.874023
2.355000	-0.576172	-0.029297
2.360000	-0.532227	-1.909180
2.365000	0.722656	-2.939453
2.370000	2.641602	-2.509766
2.375000	4.296875	-1.118164
2.380000	5.024414	0.527344
2.385000	4.682617	1.748047
2.390000	3.540039	2.197266
2.395000	2.089844	1.870117
2.400000	0.854492	1.059570
2.405000	0.141602	0.170898
2.410000	0.014648	-0.449219
2.415000	0.302734	-0.634766
2.420000	0.708008	-0.400391
2.425000	0.966797	0.058594
2.430000	0.927734	0.537109
2.435000	0.566406	0.849609
2.440000	0.000000	0.878906
2.445000	-0.566406	0.019531
2.450000	-0.546875	-1.860352
2.455000	0.668945	-2.929688
2.460000	2.583008	-2.539062
2.465000	4.257812	-1.166992
2.470000	5.019531	0.478516
2.475000	4.711914	1.723633
2.480000	3.579102	2.192383
2.485000	2.128906	1.889648
2.490000	0.878906	1.083984
2.495000	0.151367	0.190430
2.500000	0.014648	-0.439453
2.505000	0.292969	-0.634766
2.510000	0.698242	-0.410156
2.515000	0.966797	0.048828
2.520000	0.927734	0.527344
2.525000	0.581055	0.844727
2.530000	0.014648	0.888672
2.535000	-0.556641	0.058594
2.540000	-0.561523	-1.811523
2.545000	0.620117	-2.919922
2.550000	2.524414	-2.568359
2.555000	4.218750	-1.215820
2.560000	5.014648	0.434570
2.565000	4.736328	1.694336
2.570000	3.618164	2.192383
2.575000	2.172852	1.904297
2.580000	0.908203	1.113281
2.585000	0.161133	0.214844
2.590000	0.009766	-0.424805
2.595000	0.278320	-0.634766
2.600000	0.688477	-0.424805
2.605000	0.961914	0.029297
2.610000	0.932617	0.512695
2.615000	0.595703	0.834961
2.620000	0.034180	0.893555
2.625000	-0.541992	0.107422
2.630000	-0.585938	-1.752930
2.635000	0.571289	-2.905273
2.640000	2.475586	-2.597656
2.645000	4.179688	-1.259766
2.650000	5.009766	0.385742
2.655000	4.755859	1.665039
2.660000	3.662109	2.187500
2.665000	2.211914	1.918945
2.670000	0.942383	1.137695
2.675000	0.180664	0.239258
2.680000	0.004883	-0.410156
2.685000	0.268555	-0.634766
2.690000	0.678711	-0.434570
2.695000	0.957031	0.014648
2.700000	0.937500	0.502930
2.705000	0.605469	0.830078
2.710000	0.053711	0.898438
2.715000	-0.527344	0.146484
2.720000	-0.595703	-1.699219
2.725000	0.522461	-2.900391
2.730000	2.416992	-2.626953
2.735000	4.135742	-1.303711
2.740000	4.995117	0.341797
2.745000	4.775391	1.640625
2.750000	3.701172	2.182617
2.755000	2.255859	1.938477
2.760000	0.976562	1.166992
2.765000	0.195312	0.268555
2.770000	0.000000	-0.395508
2.775000	0.258789	-0.634766
2.780000	0.664062	-0.444336
2.785000	0.952148	0.000000
2.790000	0.947266	0.488281
2.795000	0.620117	0.825195
2.800000	0.068359	0.908203
2.805000	-0.512695	0.190430
2.810000	-0.610352	-1.640625
2.815000	0.468750	-2.880859
2.820000	2.363281	-2.651367
2.825000	4.096680	-1.357422
2.830000	4.985352	0.292969
2.835000	4.804688	1.611328
2.840000	3.735352	2.177734
2.845000	2.299805	1.948242
2.850000	1.005859	1.191406
2.855000	0.205078	0.288086
2.860000	0.000000	-0.385742
2.865000	0.244141	-0.634766
2.870000	0.654297	-0.458984
2.875000	0.952148	-0.009766
2.880000	0.952148	0.473633
2.885000	0.634766	0.810547
2.890000	0.092773	0.908203
2.895000	-0.502930	0.234375
2.900000	-0.620117	-1.582031
2.905000	0.419922	-2.866211
2.910000	2.299805	-2.675781
2.915000	4.052734	-1.396484
2.920000	4.980469	0.244141
2.925000	4.819336	1.582031
2.930000	3.774414	2.177734
2.935000	2.343750	1.967773
2.940000	1.035156	1.215820
2.945000	0.224609	0.312500
2.950000	0.000000	-0.371094
2.955000	0.234375	-0.634766
2.960000	0.644531	-0.463867
2.965000	0.942383	-0.029297
2.970000	0.957031	0.458984
2.975000	0.649414	0.805664
2.980000	0.107422	0.908203
2.985000	-0.488281	0.268555
2.990000	-0.625000	-1.523438
2.995000	0.375977	-2.851562
3.000000	2.241211	-2.700195
3.005000	4.013672	-1.445312
3.010000	4.970703	0.200195
3.015000	4.838867	1.547852
3.020000	3.813477	2.172852
3.025000	2.382812	1.982422
3.030000	1.074219	1.245117
3.035000	0.239258	0.341797
3.040000	0.000000	-0.356445
3.045000	0.224609	-0.634766
3.050000	0.629883	-0.473633
3.055000	0.937500	-0.043945
3.060000	0.961914	0.449219
3.065000	0.659180	0.800781
3.070000	0.126953	0.913086
3.075000	-0.468750	0.307617
3.080000	-0.634766	-1.459961
3.085000	0.327148	-2.832031
3.090000	2.187500	-2.724609
3.095000	3.969727	-1.489258
3.100000	4.960938	0.156250
3.105000	4.858398	1.518555
3.110000	3.852539	2.167969
3.115000	2.426758	2.001953
3.120000	1.108398	1.264648
3.125000	0.253906	0.361328
3.130000	0.000000	-0.336914
3.135000	0.214844	-0.629883
3.140000	0.620117	-0.488281
3.145000	0.927734	-0.058594
3.150000	0.966797	0.434570
3.155000	0.668945	0.795898
3.160000	0.141602	0.917969
3.165000	-0.458984	0.346680
3.170000	-0.644531	-1.406250
3.175000	0.283203	-2.812500
3.180000	2.124023	-2.749023
3.185000	3.920898	-1.538086
3.190000	4.941406	0.107422
3.195000	4.877930	1.489258
3.200000	3.886719	2.158203
3.205000	2.470703	2.016602
3.210000	1.142578	1.293945
3.215000	0.268555	0.390625
3.220000	-0.004883	-0.322266
3.225000	0.200195	-0.625000
3.230000	0.605469	-0.493164
3.235000	0.922852	-0.068359
3.240000	0.961914	0.424805
3.245000	0.683594	0.786133
3.250000	0.156250	0.917969
3.255000	-0.439453	0.380859
3.260000	-0.649414	-1.342773
3.265000	0.234375	-2.797852
3.270000	2.065430	-2.768555
3.275000	3.876953	-1.582031
3.280000	4.931641	0.058594
3.285000	4.887695	1.459961
3.290000	3.930664	2.153320
3.295000	2.514648	2.031250
3.300000	1.176758	1.318359
3.305000	0.288086	0.419922
3.310000	-0.004883	-0.307617
3.315000	0.190430	-0.625000
3.320000	0.595703	-0.502930
3.325000	0.927734	-0.087891
3.330000	0.971680	0.405273
3.335000	0.693359	0.776367
3.340000	0.175781	0.917969
3.345000	-0.429688	0.415039
3.350000	-0.664062	-1.284180
3.355000	0.195312	-2.773438
3.360000	2.006836	-2.788086
3.365000	3.833008	-1.630859
3.370000	4.912109	0.009766
3.375000	4.907227	1.425781
3.380000	3.969727	2.138672
3.385000	2.553711	2.045898
3.390000	1.206055	1.347656
3.395000	0.302734	0.439453
3.400000	0.000000	-0.288086
3.405000	0.180664	-0.625000
3.410000	0.581055	-0.512695
3.415000	0.913086	-0.097656
3.420000	0.976562	0.390625
3.425000	0.712891	0.771484
3.430000	0.195312	0.917969
3.435000	-0.410156	0.449219
3.440000	-0.668945	-1.230469
3.445000	0.151367	-2.749023
3.450000	1.948242	-2.807617
3.455000	3.789062	-1.674805
3.460000	4.892578	-0.039062
3.465000	4.926758	1.391602
3.470000	4.003906	2.133789
3.475000	2.597656	2.055664
3.480000	1.245117	1.376953
3.485000	0.322266	0.468750
3.490000	0.000000	-0.278320
3.495000	0.170898	-0.620117
3.500000	0.571289	-0.527344
3.505000	0.908203	-0.117188
3.510000	0.976562	0.380859
3.515000	0.722656	0.766602
3.520000	0.214844	0.917969
3.525000	-0.390625	0.478516
3.530000	-0.668945	-1.176758
3.535000	0.107422	-2.724609
3.540000	1.889648	-2.827148
3.545000	3.745117	-1.723633
3.550000	4.882812	-0.083008
3.555000	4.941406	1.357422
3.560000	4.038086	2.124023
3.565000	2.636719	2.070312
3.570000	1.269531	1.401367
3.575000	0.341797	0.493164
3.580000	0.000000	-0.258789
3.585000	0.161133	-0.615234
3.590000	0.556641	-0.527344
3.595000	0.903320	-0.131836
3.600000	0.976562	0.366211
3.605000	0.737305	0.756836
3.610000	0.229492	0.917969
3.615000	-0.375977	0.507812
3.620000	-0.673828	-1.113281
3.625000	0.068359	-2.695312
3.630000	1.831055	-2.841797
3.635000	3.696289	-1.767578
3.640000	4.858398	-0.136719
3.645000	4.951172	1.323242
3.650000	4.077148	2.109375
3.655000	2.685547	2.084961
3.660000	1.303711	1.425781
3.665000	0.356445	0.522461
3.670000	0.000000	-0.239258
3.675000	0.151367	-0.610352
3.680000	0.541992	-0.537109
3.685000	0.893555	-0.141602
3.690000	0.986328	0.351562
3.695000	0.747070	0.747070
3.700000	0.249023	0.917969
3.705000	-0.356445	0.537109
3.710000	-0.678711	-1.054688
3.715000	0.024414	-2.670898
3.720000	1.772461	-2.856445
3.725000	3.652344	-1.811523
3.730000	4.838867	-0.185547
3.735000	4.965820	1.289062
3.740000	4.111328	2.099609
3.745000	2.729492	2.094727
3.750000	1.342773	1.450195
3.755000	0.375977	0.551758
3.760000	0.004883	-0.219727
3.765000	0.141602	-0.605469
3.770000	0.537109	-0.546875
3.775000	0.888672	-0.156250
3.780000	0.986328	0.336914
3.785000	0.756836	0.737305
3.790000	0.263672	0.913086
3.795000	-0.336914	0.566406
3.800000	-0.678711	-0.996094
3.805000	-0.014648	-2.641602
3.810000	1.713867	-2.871094
3.815000	3.603516	-1.850586
3.820000	4.824219	-0.234375
3.825000	4.975586	1.254883
3.830000	4.150391	2.089844
3.835000	2.773438	2.104492
3.840000	1.376953	1.474609
3.845000	0.400391	0.571289
3.850000	0.004883	-0.205078
3.855000	0.136719	-0.600586
3.860000	0.517578	-0.551758
3.865000	0.878906	-0.170898
3.870000	0.986328	0.322266
3.875000	0.771484	0.727539
3.880000	0.283203	0.913086
3.885000	-0.322266	0.595703
3.890000	-0.678711	-0.937500
3.895000	-0.048828	-2.612305
3.900000	1.650391	-2.890625
3.905000	3.554688	-1.894531
3.910000	4.794922	-0.288086
3.915000	4.980469	1.215820
3.920000	4.184570	2.080078
3.925000	2.817383	2.114258
3.930000	1.416016	1.499023
3.935000	0.424805	0.600586
3.940000	0.014648	-0.185547
3.945000	0.122070	-0.595703
3.950000	0.507812	-0.561523
3.955000	0.874023	-0.190430
3.960000	0.986328	0.307617
3.965000	0.781250	0.717773
3.970000	0.297852	0.908203
3.975000	-0.302734	0.615234
3.980000	-0.678711	-0.878906
3.985000	-0.087891	-2.583008
3.990000	1.596680	-2.900391
3.995000	3.500977	-1.933594
4.000000	4.775391	-0.336914
4.005000	4.990234	1.181641
4.010000	4.218750	2.060547
4.015000	2.861328	2.124023
4.020000	1.455078	1.523438
4.025000	0.444336	0.625000
4.030000	0.014648	-0.166016
4.035000	0.112305	-0.595703
4.040000	0.493164	-0.566406
4.045000	0.859375	-0.200195
4.050000	0.991211	0.297852
4.055000	0.786133	0.708008
4.060000	0.312500	0.908203
4.065000	-0.288086	0.644531
4.070000	-0.678711	-0.820312
4.075000	-0.126953	-2.553711
4.080000	1.542969	-2.910156
4.085000	3.452148	-1.972656
4.090000	4.750977	-0.385742
4.095000	5.000000	1.142578
4.100000	4.252930	2.045898
4.105000	2.905273	2.133789
4.110000	1.494141	1.547852
4.115000	0.463867	0.654297
4.120000	0.014648	-0.151367
4.125000	0.102539	-0.585938
4.130000	0.483398	-0.571289
4.135000	0.854492	-0.214844
4.140000	0.991211	0.283203
4.145000	0.800781	0.698242
4.150000	0.332031	0.908203
4.155000	-0.268555	0.664062
4.160000	-0.678711	-0.761719
4.165000	-0.161133	-2.519531
4.170000	1.484375	-2.919922
4.175000	3.403320	-2.016602
4.180000	4.726562	-0.434570
4.185000	5.009766	1.108398
4.190000	4.287109	2.031250
4.195000	2.949219	2.143555
4.200000	1.528320	1.572266
4.205000	0.488281	0.678711
4.210000	0.024414	-0.126953
4.215000	0.097656	-0.576172
4.220000	0.473633	-0.576172
4.225000	0.849609	-0.229492
4.230000	0.991211	0.268555
4.235000	0.810547	0.693359
4.240000	0.346680	0.903320
4.245000	-0.253906	0.683594
4.250000	-0.668945	-0.703125
4.255000	-0.190430	-2.480469
4.260000	1.420898	-2.934570
4.265000	3.349609	-2.060547
4.270000	4.702148	-0.483398
4.275000	5.019531	1.069336
4.280000	4.321289	2.011719
4.285000	2.988281	2.148438
4.290000	1.562500	1.591797
4.295000	0.512695	0.708008
4.300000	0.029297	-0.112305
4.305000	0.087891	-0.571289
4.310000	0.458984	-0.585938
4.315000	0.839844	-0.239258
4.320000	0.991211	0.253906
4.325000	0.820312	0.678711
4.330000	0.366211	0.903320
4.335000	-0.234375	0.708008
4.340000	-0.668945	-0.644531
4.345000	-0.224609	-2.451172
4.350000	1.367188	-2.939453
4.355000	3.300781	-2.094727
4.360000	4.677734	-0.527344
4.365000	5.024414	1.030273
4.370000	4.355469	2.001953
4.375000	3.037109	2.158203
4.380000	1.606445	1.616211
4.385000	0.537109	0.732422
4.390000	0.034180	-0.092773
4.395000	0.083008	-0.566406
4.400000	0.449219	-0.590820
4.405000	0.830078	-0.253906
4.410000	0.991211	0.239258
4.415000	0.830078	0.668945
4.420000	0.380859	0.898438
4.425000	-0.214844	0.727539
4.430000	-0.668945	-0.590820
4.435000	-0.258789	-2.412109
4.440000	1.313477	-2.949219
4.445000	3.242188	-2.138672
4.450000	4.648438	-0.581055
4.455000	5.034180	0.986328
4.460000	4.375000	1.982422
4.465000	3.076172	2.167969
4.470000	1.645508	1.640625
4.475000	0.561523	0.761719
4.480000	0.039062	-0.068359
4.485000	0.073242	-0.556641
4.490000	0.434570	-0.595703
4.495000	0.820312	-0.268555
4.500000	0.991211	0.224609
4.505000	0.839844	0.659180
4.510000	0.395508	0.888672
4.515000	-0.195312	0.747070
4.520000	-0.659180	-0.532227
4.525000	-0.288086	-2.368164
4.530000	1.254883	-2.949219
4.535000	3.193359	-2.177734
4.540000	4.619141	-0.629883
4.545000	5.039062	0.952148
4.550000	4.414062	1.962891
4.555000	3.120117	2.172852
4.560000	1.684570	1.660156
4.565000	0.581055	0.786133
4.570000	0.043945	-0.048828
4.575000	0.068359	-0.551758
4.580000	0.419922	-0.600586
4.585000	0.805664	-0.278320
4.590000	0.996094	0.209961
4.595000	0.849609	0.649414
4.600000	0.415039	0.888672
4.605000	-0.175781	0.761719
4.610000	-0.654297	-0.478516
4.615000	-0.317383	-2.329102
4.620000	1.206055	-2.954102
4.625000	3.139648	-2.211914
4.630000	4.594727	-0.678711
4.635000	5.034180	0.908203
4.640000	4.443359	1.948242
4.645000	3.164062	2.172852
4.650000	1.723633	1.689453
4.655000	0.610352	0.815430
4.660000	0.053711	-0.029297
4.665000	0.063477	-0.541992
4.670000	0.410156	-0.605469
4.675000	0.805664	-0.292969
4.680000	0.991211	0.195312
4.685000	0.854492	0.639648
4.690000	0.429688	0.888672
4.695000	-0.161133	0.781250
4.700000	-0.649414	-0.424805
4.705000	-0.346680	-2.285156
4.710000	1.147461	-2.958984
4.715000	3.081055	-2.250977
4.720000	4.560547	-0.727539
4.725000	5.039062	0.864258
4.730000	4.477539	1.923828
4.735000	3.208008	2.177734
4.740000	1.767578	1.708984
4.745000	0.634766	0.844727
4.750000	0.058594	-0.009766
4.755000	0.053711	-0.527344
4.760000	0.395508	-0.610352
4.765000	0.791016	-0.307617
4.770000	0.986328	0.180664
4.775000	0.869141	0.625000
4.780000	0.449219	0.883789
4.785000	-0.141602	0.795898
4.790000	-0.634766	-0.371094
4.795000	-0.371094	-2.246094
4.800000	1.093750	-2.958984
4.805000	3.027344	-2.285156
4.810000	4.526367	-0.781250
4.815000	5.039062	0.825195
4.820000	4.506836	1.904297
4.825000	3.251953	2.182617
4.830000	1.806641	1.728516
4.835000	0.659180	0.869141
4.840000	0.068359	0.014648
4.845000	0.048828	-0.522461
4.850000	0.385742	-0.615234
4.855000	0.781250	-0.317383
4.860000	0.986328	0.166016
4.865000	0.878906	0.620117
4.870000	0.463867	0.878906
4.875000	-0.126953	0.810547
4.880000	-0.634766	-0.317383
4.885000	-0.400391	-2.197266
4.890000	1.035156	-2.958984
4.895000	2.973633	-2.319336
4.900000	4.501953	-0.830078
4.905000	5.039062	0.786133
4.910000	4.531250	1.884766
4.915000	3.291016	2.187500
4.920000	1.845703	1.748047
4.925000	0.683594	0.898438
4.930000	0.078125	0.034180
4.935000	0.043945	-0.512695
4.940000	0.375977	-0.615234
4.945000	0.771484	-0.332031
4.950000	0.986328	0.146484
4.955000	0.883789	0.610352
4.960000	0.478516	0.874023
4.965000	-0.102539	0.825195
4.970000	-0.625000	-0.268555
4.975000	-0.424805	-2.153320
4.980000	0.981445	-2.958984
4.985000	2.915039	-2.358398
4.990000	4.462891	-0.883789
4.995000	5.043945	0.737305
5.000000	4.560547	1.865234
5.005000	3.334961	2.187500
5.010000	1.884766	1.772461
5.015000	0.712891	0.927734
5.020000	0.087891	0.058594
5.025000	0.034180	-0.502930
5.030000	0.361328	-0.620117
5.035000	0.761719	-0.341797
5.040000	0.986328	0.131836
5.045000	0.888672	0.595703
5.050000	0.493164	0.869141
5.055000	-0.083008	0.834961
5.060000	-0.620117	-0.214844
5.065000	-0.449219	-2.109375
5.070000	0.927734	-2.958984
5.075000	2.856445	-2.387695
5.080000	4.428711	-0.927734
5.085000	5.043945	0.693359
5.090000	4.589844	1.840820
5.095000	3.378906	2.192383
5.100000	1.923828	1.787109
5.105000	0.742188	0.952148
5.110000	0.102539	0.078125
5.115000	0.034180	-0.488281
5.120000	0.346680	-0.620117
5.125000	0.751953	-0.356445
5.130000	0.981445	0.122070
5.135000	0.898438	0.585938
5.140000	0.507812	0.864258
5.145000	-0.068359	0.844727
5.150000	-0.615234	-0.166016
5.155000	-0.473633	-2.060547
5.160000	0.878906	-2.954102
5.165000	2.807617	-2.421875
5.170000	4.399414	-0.976562
5.175000	5.039062	0.659180
5.180000	4.614258	1.816406
5.185000	3.417969	2.197266
5.190000	1.967773	1.811523
5.195000	0.766602	0.976562
5.200000	0.112305	0.107422
5.205000	0.029297	-0.483398
5.210000	0.332031	-0.629883
5.215000	0.742188	-0.371094
5.220000	0.976562	0.102539
5.225000	0.903320	0.576172
5.230000	0.527344	0.859375
5.235000	-0.053711	0.859375
5.240000	-0.600586	-0.117188
5.245000	-0.493164	-2.006836
5.250000	0.820312	-2.949219
5.255000	2.749023	-2.451172
5.260000	4.360352	-1.030273
5.265000	5.034180	0.610352
5.270000	4.643555	1.796875
5.275000	3.461914	2.192383
5.280000	2.006836	1.831055
5.285000	0.795898	1.005859
5.290000	0.117188	0.126953
5.295000	0.024414	-0.473633
5.300000	0.322266	-0.629883
5.305000	0.732422	-0.380859
5.310000	0.976562	0.092773
5.315000	0.908203	0.566406
5.320000	0.537109	0.859375
5.325000	-0.034180	0.864258
5.330000	-0.590820	-0.068359
5.335000	-0.517578	-1.958008
5.340000	0.771484	-2.944336
5.345000	2.690430	-2.485352
5.350000	4.321289	-1.074219
5.355000	5.029297	0.561523
5.360000	4.667969	1.767578
5.365000	3.500977	2.192383
5.370000	2.050781	1.850586
5.375000	0.825195	1.035156
5.380000	0.131836	0.151367
5.385000	0.024414	-0.458984
5.390000	0.312500	-0.629883
5.395000	0.717773	-0.390625
5.400000	0.971680	0.073242
5.405000	0.922852	0.546875
5.410000	0.556641	0.849609
5.415000	-0.014648	0.874023
5.420000	-0.576172	-0.024414
5.425000	-0.532227	-1.909180
5.430000	0.717773	-2.939453
5.435000	2.636719	-2.514648
5.440000	4.287109	-1.123047
5.445000	5.029297	0.522461
5.450000	4.687500	1.748047
5.455000	3.544922	2.192383
5.460000	2.094727	1.870117
5.465000	0.854492	1.064453
5.470000	0.141602	0.175781
5.475000	0.014648	-0.444336
5.480000	0.302734	-0.634766
5.485000	0.703125	-0.405273
5.490000	0.966797	0.063477
5.495000	0.927734	0.537109
5.500000	0.566406	0.849609
5.505000	0.000000	0.883789
5.510000	-0.566406	0.024414
5.515000	-0.551758	-1.850586
5.520000	0.664062	-2.929688
5.525000	2.578125	-2.543945
5.530000	4.248047	-1.176758
5.535000	5.019531	0.473633
5.540000	4.711914	1.718750
5.545000	3.583984	2.192383
5.550000	2.133789	1.889648
5.555000	0.888672	1.088867
5.560000	0.156250	0.200195
5.565000	0.014648	-0.434570
5.570000	0.288086	-0.634766
5.575000	0.693359	-0.415039
5.580000	0.966797	0.043945
5.585000	0.927734	0.527344
5.590000	0.585938	0.839844
5.595000	0.019531	0.888672
5.600000	-0.556641	0.068359
5.605000	-0.566406	-1.796875
5.610000	0.615234	-2.919922
5.615000	2.519531	-2.573242
5.620000	4.208984	-1.220703
5.625000	5.014648	0.429688
5.630000	4.736328	1.694336
5.635000	3.623047	2.192383
5.640000	2.177734	1.904297
5.645000	0.917969	1.113281
5.650000	0.166016	0.219727
5.655000	0.004883	-0.419922
5.660000	0.278320	-0.634766
5.665000	0.688477	-0.424805
5.670000	0.957031	0.029297
5.675000	0.932617	0.512695
5.680000	0.595703	0.834961
5.685000	0.039062	0.893555
5.690000	-0.541992	0.112305
5.695000	-0.581055	-1.748047
5.700000	0.561523	-2.905273
5.705000	2.465820	-2.602539
5.710000	4.174805	-1.264648
5.715000	5.009766	0.380859
5.720000	4.760742	1.665039
5.725000	3.666992	2.187500
5.730000	2.221680	1.923828
5.735000	0.947266	1.147461
5.740000	0.180664	0.244141
5.745000	0.009766	-0.410156
5.750000	0.263672	-0.634766
5.755000	0.673828	-0.434570
5.760000	0.957031	0.014648
5.765000	0.942383	0.498047
5.770000	0.610352	0.830078
5.775000	0.058594	0.898438
5.780000	-0.527344	0.156250
5.785000	-0.600586	-1.684570
5.790000	0.512695	-2.895508
5.795000	2.407227	-2.626953
5.800000	4.130859	-1.308594
5.805000	4.995117	0.336914
5.810000	4.780273	1.635742
5.815000	3.706055	2.182617
5.820000	2.260742	1.938477
5.825000	0.976562	1.166992
5.830000	0.190430	0.268555
5.835000	0.000000	-0.400391
5.840000	0.253906	-0.634766
5.845000	0.659180	-0.444336
5.850000	0.952148	-0.004883
5.855000	0.947266	0.488281
5.860000	0.620117	0.820312
5.865000	0.073242	0.908203
5.870000	-0.512695	0.195312
5.875000	-0.610352	-1.630859
5.880000	0.468750	-2.880859
5.885000	2.353516	-2.651367
5.890000	4.091797	-1.357422
5.895000	4.985352	0.288086
5.900000	4.799805	1.606445
5.905000	3.745117	2.177734
5.910000	2.309570	1.958008
5.915000	1.010742	1.196289
5.920000	0.214844	0.292969
5.925000	0.000000	-0.380859
5.930000	0.244141	-0.634766
5.935000	0.649414	-0.458984
5.940000	0.947266	-0.014648
5.945000	0.957031	0.473633
5.950000	0.634766	0.810547
5.955000	0.092773	0.908203
5.960000	-0.498047	0.239258
5.965000	-0.620117	-1.572266
5.970000	0.415039	-2.866211
5.975000	2.294922	-2.680664
5.980000	4.052734	-1.406250
5.985000	4.975586	0.244141
5.990000	4.824219	1.577148
5.995000	3.774414	2.177734
6.000000	2.348633	1.972656
6.005000	1.044922	1.225586
6.010000	0.224609	0.317383
6.015000	0.000000	-0.366211
6.020000	0.229492	-0.634766
6.025000	0.639648	-0.468750
6.030000	0.942383	-0.024414
6.035000	0.957031	0.458984
6.040000	0.649414	0.810547
6.045000	0.107422	0.908203
6.050000	-0.483398	0.273438
6.055000	-0.629883	-1.513672
6.060000	0.366211	-2.846680
6.065000	2.236328	-2.705078
6.070000	4.003906	-1.450195
6.075000	4.970703	0.195312
6.080000	4.843750	1.547852
6.085000	3.813477	2.177734
6.090000	2.392578	1.987305
6.095000	1.074219	1.250000
6.100000	0.239258	0.346680
6.105000	0.000000	-0.351562
6.110000	0.219727	-0.634766
6.115000	0.625000	-0.478516
6.120000	0.937500	-0.039062
6.125000	0.961914	0.449219
6.130000	0.659180	0.800781
6.135000	0.126953	0.913086
6.140000	-0.473633	0.312500
6.145000	-0.634766	-1.459961
6.150000	0.322266	-2.827148
6.155000	2.177734	-2.729492
6.160000	3.964844	-1.499023
6.165000	4.956055	0.146484
6.170000	4.863281	1.518555
6.175000	3.857422	2.167969
6.180000	2.436523	2.001953
6.185000	1.108398	1.269531
6.190000	0.253906	0.371094
6.195000	-0.004883	-0.336914
6.200000	0.214844	-0.634766
6.205000	0.615234	-0.488281
6.210000	0.932617	-0.058594
6.215000	0.966797	0.434570
6.220000	0.668945	0.795898
6.225000	0.146484	0.917969
6.230000	-0.454102	0.351562
6.235000	-0.644531	-1.401367
6.240000	0.278320	-2.812500
6.245000	2.119141	-2.749023
6.250000	3.920898	-1.542969
6.255000	4.941406	0.097656
6.260000	4.882812	1.489258
6.265000	3.896484	2.158203
6.270000	2.475586	2.021484
6.275000	1.142578	1.298828
6.280000	0.273438	0.395508
6.285000	0.000000	-0.322266
6.290000	0.200195	-0.625000
6.295000	0.605469	-0.493164
6.300000	0.927734	-0.073242
6.305000	0.966797	0.419922
6.310000	0.688477	0.786133
6.315000	0.161133	0.917969
6.320000	-0.439453	0.385742
6.325000	-0.654297	-1.337891
6.330000	0.234375	-2.788086
6.335000	2.060547	-2.773438
6.340000	3.872070	-1.591797
6.345000	4.921875	0.048828
6.350000	4.897461	1.455078
6.355000	3.935547	2.148438
6.360000	2.514648	2.026367
6.365000	1.176758	1.323242
6.370000	0.292969	0.419922
6.375000	-0.004883	-0.307617
6.380000	0.190430	-0.625000
6.385000	0.590820	-0.502930
6.390000	0.922852	-0.087891
6.395000	0.966797	0.410156
6.400000	0.698242	0.776367
6.405000	0.180664	0.917969
6.410000	-0.419922	0.419922
6.415000	-0.659180	-1.279297
6.420000	0.190430	-2.773438
6.425000	1.997070	-2.788086
6.430000	3.828125	-1.635742
6.435000	4.912109	0.000000
6.440000	4.907227	1.420898
6.445000	3.969727	2.143555
6.450000	2.558594	2.045898
6.455000	1.215820	1.352539
6.460000	0.307617	0.444336
6.465000	0.000000	-0.288086
6.470000	0.180664	-0.625000
6.475000	0.585938	-0.512695
6.480000	0.917969	-0.102539
6.485000	0.971680	0.390625
6.490000	0.712891	0.771484
6.495000	0.200195	0.917969
6.500000	-0.405273	0.449219
6.505000	-0.668945	-1.230469
6.510000	0.146484	-2.744141
6.515000	1.943359	-2.807617
6.520000	3.784180	-1.679688
6.525000	4.892578	-0.043945
6.530000	4.926758	1.391602
6.535000	4.008789	2.133789
6.540000	2.602539	2.055664
6.545000	1.245117	1.376953
6.550000	0.327148	0.468750
6.555000	-0.004883	-0.273438
6.560000	0.170898	-0.620117
6.565000	0.571289	-0.522461
6.570000	0.908203	-0.117188
6.575000	0.981445	0.375977
6.580000	0.722656	0.761719
6.585000	0.214844	0.917969
6.590000	-0.390625	0.483398
6.595000	-0.668945	-1.166992
6.600000	0.097656	-2.724609
6.605000	1.884766	-2.827148
6.610000	3.740234	-1.723633
6.615000	4.877930	-0.092773
6.620000	4.941406	1.352539
6.625000	4.042969	2.119141
6.630000	2.646484	2.070312
6.635000	1.269531	1.401367
6.640000	0.346680	0.498047
6.645000	0.000000	-0.253906
6.650000	0.156250	-0.615234
6.655000	0.551758	-0.527344
6.660000	0.898438	-0.131836
6.665000	0.986328	0.366211
6.670000	0.737305	0.751953
6.675000	0.234375	0.917969
6.680000	-0.375977	0.512695
6.685000	-0.673828	-1.108398
6.690000	0.063477	-2.695312
6.695000	1.826172	-2.846680
6.700000	3.696289	-1.767578
6.705000	4.858398	-0.141602
6.710000	4.951172	1.318359
6.715000	4.082031	2.109375
6.720000	2.685547	2.084961
6.725000	1.308594	1.425781
6.730000	0.361328	0.527344
6.735000	0.000000	-0.239258
6.740000	0.151367	-0.610352
6.745000	0.541992	-0.537109
6.750000	0.893555	-0.146484
6.755000	0.986328	0.351562
6.760000	0.747070	0.747070
6.765000	0.249023	0.913086
6.770000	-0.356445	0.541992
6.775000	-0.673828	-1.049805
6.780000	0.024414	-2.670898
6.785000	1.772461	-2.856445
6.790000	3.652344	-1.811523
6.795000	4.838867	-0.185547
6.800000	4.965820	1.289062
6.805000	4.116211	2.099609
6.810000	2.734375	2.094727
6.815000	1.347656	1.450195
6.820000	0.380859	0.551758
6.825000	0.004883	-0.219727
6.830000	0.141602	-0.605469
6.835000	0.532227	-0.546875
6.840000	0.888672	-0.161133
6.845000	0.986328	0.336914
6.850000	0.761719	0.737305
6.855000	0.263672	0.917969
6.860000	-0.332031	0.566406
6.865000	-0.678711	-0.986328
6.870000	-0.019531	-2.641602
6.875000	1.708984	-2.871094
6.880000	3.598633	-1.855469
6.885000	4.819336	-0.239258
6.890000	4.975586	1.250000
6.895000	4.150391	2.089844
6.900000	2.778320	2.104492
6.905000	1.381836	1.474609
6.910000	0.400391	0.576172
6.915000	0.009766	-0.205078
6.920000	0.136719	-0.600586
6.925000	0.522461	-0.551758
6.930000	0.878906	-0.175781
6.935000	0.986328	0.322266
6.940000	0.771484	0.732422
6.945000	0.283203	0.913086
6.950000	-0.317383	0.595703
6.955000	-0.673828	-0.932617
6.960000	-0.053711	-2.612305
6.965000	1.650391	-2.885742
6.970000	3.549805	-1.894531
6.975000	4.794922	-0.288086
6.980000	4.985352	1.215820
6.985000	4.189453	2.075195
6.990000	2.817383	2.114258
6.995000	1.420898	1.499023
7.000000	0.424805	0.600586
7.005000	0.009766	-0.185547
7.010000	0.126953	-0.595703
7.015000	0.507812	-0.561523
7.020000	0.869141	-0.185547
7.025000	0.986328	0.307617
7.030000	0.781250	0.722656
7.035000	0.297852	0.908203
7.040000	-0.307617	0.620117
7.045000	-0.678711	-0.878906
7.050000	-0.087891	-2.583008
7.055000	1.596680	-2.895508
7.060000	3.500977	-1.938477
7.065000	4.775391	-0.332031
7.070000	4.995117	1.176758
7.075000	4.223633	2.060547
7.080000	2.861328	2.124023
7.085000	1.455078	1.523438
7.090000	0.444336	0.629883
7.095000	0.014648	-0.166016
7.100000	0.117188	-0.595703
7.105000	0.493164	-0.566406
7.110000	0.864258	-0.200195
7.115000	0.991211	0.297852
7.120000	0.791016	0.708008
7.125000	0.312500	0.908203
7.130000	-0.288086	0.639648
7.135000	-0.678711	-0.815430
7.140000	-0.126953	-2.548828
7.145000	1.538086	-2.910156
7.150000	3.447266	-1.977539
7.155000	4.750977	-0.385742
7.160000	5.000000	1.142578
7.165000	4.257812	2.050781
7.170000	2.905273	2.133789
7.175000	1.489258	1.552734
7.180000	0.463867	0.654297
7.185000	0.019531	-0.151367
7.190000	0.107422	-0.585938
7.195000	0.483398	-0.571289
7.200000	0.854492	-0.214844
7.205000	0.991211	0.283203
7.210000	0.800781	0.698242
7.215000	0.332031	0.908203
7.220000	-0.268555	0.664062
7.225000	-0.673828	-0.756836
7.230000	-0.161133	-2.514648
7.235000	1.479492	-2.924805
7.240000	3.398438	-2.016602
7.245000	4.726562	-0.434570
7.250000	5.009766	1.103516
7.255000	4.291992	2.026367
7.260000	2.954102	2.143555
7.265000	1.533203	1.572266
7.270000	0.488281	0.683594
7.275000	0.024414	-0.126953
7.280000	0.097656	-0.581055
7.285000	0.468750	-0.581055
7.290000	0.849609	-0.229492
7.295000	0.996094	0.263672
7.300000	0.810547	0.688477
7.305000	0.351562	0.903320
7.310000	-0.249023	0.688477
7.315000	-0.673828	-0.698242
7.320000	-0.190430	-2.480469
7.325000	1.425781	-2.929688
7.330000	3.349609	-2.055664
7.335000	4.702148	-0.483398
7.340000	5.019531	1.069336
7.345000	4.326172	2.016602
7.350000	2.993164	2.148438
7.355000	1.567383	1.596680
7.360000	0.512695	0.708008
7.365000	0.029297	-0.107422
7.370000	0.092773	-0.571289
7.375000	0.458984	-0.585938
7.380000	0.839844	-0.239258
7.385000	0.996094	0.253906
7.390000	0.820312	0.678711
7.395000	0.371094	0.903320
7.400000	-0.234375	0.708008
7.405000	-0.668945	-0.644531
7.410000	-0.229492	-2.446289
7.415000	1.367188	-2.939453
7.420000	3.295898	-2.099609
7.425000	4.677734	-0.537109
7.430000	5.024414	1.025391
7.435000	4.350586	1.997070
7.440000	3.037109	2.158203
7.445000	1.606445	1.616211
7.450000	0.537109	0.732422
7.455000	0.034180	-0.092773
7.460000	0.078125	-0.561523
7.465000	0.449219	-0.590820
7.470000	0.825195	-0.258789
7.475000	0.996094	0.234375
7.480000	0.830078	0.668945
7.485000	0.380859	0.898438
7.490000	-0.214844	0.732422
7.495000	-0.668945	-0.590820
7.500000	-0.263672	-2.407227
7.505000	1.308594	-2.944336
7.510000	3.242188	-2.138672
7.515000	4.648438	-0.585938
7.520000	5.029297	0.986328
7.525000	4.384766	1.982422
7.530000	3.081055	2.167969
7.535000	1.645508	1.640625
7.540000	0.561523	0.761719
7.545000	0.043945	-0.068359
7.550000	0.073242	-0.556641
7.555000	0.434570	-0.595703
7.560000	0.820312	-0.268555
7.565000	0.996094	0.219727
7.570000	0.844727	0.659180
7.575000	0.395508	0.893555
7.580000	-0.195312	0.747070
7.585000	-0.664062	-0.532227
7.590000	-0.288086	-2.368164
7.595000	1.254883	-2.949219
7.600000	3.188477	-2.177734
7.605000	4.624023	-0.634766
7.610000	5.034180	0.942383
7.615000	4.414062	1.962891
7.620000	3.120117	2.177734
7.625000	1.684570	1.665039
7.630000	0.585938	0.786133
7.635000	0.048828	-0.048828
7.640000	0.068359	-0.551758
7.645000	0.419922	-0.600586
7.650000	0.810547	-0.283203
7.655000	0.991211	0.209961
7.660000	0.849609	0.649414
7.665000	0.415039	0.888672
7.670000	-0.175781	0.766602
7.675000	-0.654297	-0.478516
7.680000	-0.322266	-2.329102
7.685000	1.201172	-2.954102
7.690000	3.134766	-2.211914
7.695000	4.589844	-0.683594
7.700000	5.034180	0.903320
7.705000	4.448242	1.943359
7.710000	3.164062	2.177734
7.715000	1.728516	1.684570
7.720000	0.610352	0.820312
7.725000	0.058594	-0.024414
7.730000	0.063477	-0.537109
7.735000	0.410156	-0.605469
7.740000	0.800781	-0.292969
7.745000	0.991211	0.190430
7.750000	0.854492	0.634766
7.755000	0.434570	0.888672
7.760000	-0.161133	0.781250
7.765000	-0.649414	-0.424805
7.770000	-0.346680	-2.285156
7.775000	1.147461	-2.954102
7.780000	3.085938	-2.250977
7.785000	4.560547	-0.732422
7.790000	5.039062	0.864258
7.795000	4.472656	1.928711
7.800000	3.208008	2.182617
7.805000	1.767578	1.708984
7.810000	0.634766	0.844727
7.815000	0.063477	-0.004883
7.820000	0.053711	-0.532227
7.825000	0.390625	-0.610352
7.830000	0.791016	-0.307617
7.835000	0.991211	0.175781
7.840000	0.864258	0.625000
7.845000	0.449219	0.888672
7.850000	-0.141602	0.791016
7.855000	-0.639648	-0.366211
7.860000	-0.375977	-2.246094
7.865000	1.093750	-2.958984
7.870000	3.027344	-2.285156
7.875000	4.531250	-0.781250
7.880000	5.043945	0.820312
7.885000	4.506836	1.904297
7.890000	3.251953	2.182617
7.895000	1.806641	1.733398
7.900000	0.659180	0.869141
7.905000	0.068359	0.014648
7.910000	0.048828	-0.522461
7.915000	0.385742	-0.610352
7.920000	0.776367	-0.317383
7.925000	0.986328	0.161133
7.930000	0.874023	0.620117
7.935000	0.463867	0.883789
7.940000	-0.122070	0.810547
7.945000	-0.629883	-0.312500
7.950000	-0.400391	-2.197266
7.955000	1.035156	-2.958984
7.960000	2.968750	-2.324219
7.965000	4.497070	-0.830078
7.970000	5.039062	0.776367
7.975000	4.531250	1.884766
7.980000	3.291016	2.187500
7.985000	1.845703	1.748047
7.990000	0.688477	0.903320
7.995000	0.078125	0.039062
8.000000	0.043945	-0.512695
8.005000	0.371094	-0.620117
8.010000	0.771484	-0.332031
8.015000	0.986328	0.146484
8.020000	0.883789	0.610352
8.025000	0.473633	0.878906
8.030000	-0.102539	0.825195
8.035000	-0.625000	-0.268555
8.040000	-0.424805	-2.153320
8.045000	0.981445	-2.958984
8.050000	2.915039	-2.353516
8.055000	4.462891	-0.883789
8.060000	5.043945	0.737305
8.065000	4.565430	1.860352
8.070000	3.334961	2.192383
8.075000	1.884766	1.772461
8.080000	0.712891	0.927734
8.085000	0.087891	0.058594
8.090000	0.034180	-0.507812
8.095000	0.361328	-0.620117
8.100000	0.761719	-0.341797
8.105000	0.981445	0.136719
8.110000	0.888672	0.595703
8.115000	0.493164	0.874023
8.120000	-0.087891	0.839844
8.125000	-0.620117	-0.214844
8.130000	-0.449219	-2.104492
8.135000	0.927734	-2.954102
8.140000	2.861328	-2.387695
8.145000	4.433594	-0.932617
8.150000	5.043945	0.693359
8.155000	4.594727	1.840820
8.160000	3.378906	2.192383
8.165000	1.928711	1.791992
8.170000	0.742188	0.952148
8.175000	0.097656	0.078125
8.180000	0.034180	-0.493164
8.185000	0.351562	-0.625000
8.190000	0.756836	-0.356445
8.195000	0.986328	0.117188
8.200000	0.903320	0.585938
8.205000	0.512695	0.869141
8.210000	-0.068359	0.844727
8.215000	-0.610352	-0.161133
8.220000	-0.473633	-2.055664
8.225000	0.874023	-2.954102
8.230000	2.802734	-2.421875
8.235000	4.394531	-0.981445
8.240000	5.039062	0.649414
8.245000	4.619141	1.816406
8.250000	3.417969	2.192383
8.255000	1.967773	1.811523
8.260000	0.771484	0.981445
8.265000	0.107422	0.107422
8.270000	0.024414	-0.483398
8.275000	0.336914	-0.620117
8.280000	0.737305	-0.371094
8.285000	0.976562	0.107422
8.290000	0.908203	0.571289
8.295000	0.527344	0.859375
8.300000	-0.053711	0.854492
8.305000	-0.600586	-0.117188
8.310000	-0.493164	-2.006836
8.315000	0.815430	-2.949219
8.320000	2.744141	-2.456055
8.325000	4.360352	-1.030273
8.330000	5.039062	0.605469
8.335000	4.643555	1.791992
8.340000	3.461914	2.192383
8.345000	2.011719	1.835938
8.350000	0.795898	1.010742
8.355000	0.117188	0.126953
8.360000	0.024414	-0.473633
8.365000	0.327148	-0.629883
8.370000	0.732422	-0.380859
8.375000	0.976562	0.087891
8.380000	0.917969	0.561523
8.385000	0.537109	0.854492
8.390000	-0.029297	0.864258
8.395000	-0.585938	-0.063477
8.400000	-0.512695	-1.953125
8.405000	0.766602	-2.944336
8.410000	2.690430	-2.485352
8.415000	4.326172	-1.074219
8.420000	5.034180	0.561523
8.425000	4.667969	1.772461
8.430000	3.500977	2.197266
8.435000	2.055664	1.855469
8.440000	0.830078	1.035156
8.445000	0.131836	0.151367
8.450000	0.019531	-0.458984
8.455000	0.307617	-0.629883
8.460000	0.717773	-0.390625
8.465000	0.971680	0.073242
8.470000	0.922852	0.546875
8.475000	0.551758	0.849609
8.480000	-0.014648	0.874023
8.485000	-0.576172	-0.019531
8.490000	-0.532227	-1.899414
8.495000	0.712891	-2.934570
8.500000	2.631836	-2.514648
8.505000	4.287109	-1.127930
8.510000	5.029297	0.522461
8.515000	4.692383	1.748047
8.520000	3.544922	2.192383
8.525000	2.094727	1.870117
8.530000	0.859375	1.064453
8.535000	0.141602	0.170898
8.540000	0.014648	-0.449219
8.545000	0.302734	-0.629883
8.550000	0.708008	-0.400391
8.555000	0.966797	0.058594
8.560000	0.927734	0.537109
8.565000	0.566406	0.849609
8.570000	0.000000	0.883789
8.575000	-0.566406	0.029297
8.580000	-0.551758	-1.850586
8.585000	0.659180	-2.929688
8.590000	2.578125	-2.548828
8.595000	4.252930	-1.176758
8.600000	5.019531	0.473633
8.605000	4.711914	1.718750
8.610000	3.583984	2.192383
8.615000	2.138672	1.889648
8.620000	0.888672	1.088867
8.625000	0.151367	0.200195
8.630000	0.009766	-0.434570
8.635000	0.292969	-0.629883
8.640000	0.698242	-0.410156
8.645000	0.966797	0.043945
8.650000	0.932617	0.522461
8.655000	0.581055	0.844727
8.660000	0.019531	0.888672
8.665000	-0.551758	0.068359
8.670000	-0.566406	-1.801758
8.675000	0.615234	-2.915039
8.680000	2.514648	-2.583008
8.685000	4.208984	-1.220703
8.690000	5.014648	0.424805
8.695000	4.736328	1.689453
8.700000	3.627930	2.192383
8.705000	2.177734	1.904297
8.710000	0.917969	1.118164
8.715000	0.166016	0.224609
8.720000	0.009766	-0.419922
8.725000	0.273438	-0.634766
8.730000	0.688477	-0.424805
8.735000	0.961914	0.029297
8.740000	0.937500	0.512695
8.745000	0.600586	0.834961
8.750000	0.039062	0.893555
8.755000	-0.541992	0.112305
8.760000	-0.581055	-1.738281
8.765000	0.561523	-2.905273
8.770000	2.460938	-2.607422
8.775000	4.169922	-1.264648
8.780000	5.004883	0.375977
8.785000	4.760742	1.665039
8.790000	3.666992	2.187500
8.795000	2.221680	1.923828
8.800000	0.947266	1.142578
8.805000	0.180664	0.249023
8.810000	0.004883	-0.405273
8.815000	0.263672	-0.634766
8.820000	0.673828	-0.439453
8.825000	0.952148	0.014648
8.830000	0.942383	0.498047
8.835000	0.615234	0.830078
8.840000	0.053711	0.898438
8.845000	-0.527344	0.156250
8.850000	-0.595703	-1.689453
8.855000	0.512695	-2.890625
8.860000	2.412109	-2.626953
8.865000	4.130859	-1.308594
8.870000	5.000000	0.336914
8.875000	4.785156	1.635742
8.880000	3.706055	2.182617
8.885000	2.265625	1.943359
8.890000	0.976562	1.166992
8.895000	0.195312	0.268555
8.900000	0.000000	-0.395508
8.905000	0.253906	-0.634766
8.910000	0.664062	-0.444336
8.915000	0.952148	0.000000
8.920000	0.952148	0.483398
8.925000	0.620117	0.820312
8.930000	0.073242	0.903320
8.935000	-0.512695	0.195312
8.940000	-0.610352	-1.630859
8.945000	0.463867	-2.880859
8.950000	2.353516	-2.651367
8.955000	4.091797	-1.357422
8.960000	4.985352	0.288086
8.965000	4.809570	1.606445
8.970000	3.740234	2.177734
8.975000	2.309570	1.958008
8.980000	1.010742	1.196289
8.985000	0.209961	0.292969
8.990000	0.004883	-0.380859
8.995000	0.244141	-0.634766
9.000000	0.654297	-0.454102
9.005000	0.947266	-0.014648
9.010000	0.957031	0.473633
9.015000	0.634766	0.815430
9.020000	0.092773	0.908203
9.025000	-0.498047	0.239258
9.030000	-0.625000	-1.572266
9.035000	0.415039	-2.866211
9.040000	2.294922	-2.680664
9.045000	4.052734	-1.406250
9.050000	4.980469	0.244141
9.055000	4.824219	1.582031
9.060000	3.779297	2.177734
9.065000	2.348633	1.977539
9.070000	1.044922	1.220703
9.075000	0.224609	0.322266
9.080000	0.000000	-0.366211
9.085000	0.234375	-0.634766
9.090000	0.639648	-0.463867
9.095000	0.942383	-0.024414
9.100000	0.957031	0.458984
9.105000	0.649414	0.810547
9.110000	0.107422	0.908203
9.115000	-0.478516	0.278320
9.120000	-0.629883	-1.513672
9.125000	0.371094	-2.851562
9.130000	2.231445	-2.705078
9.135000	4.003906	-1.455078
9.140000	4.970703	0.195312
9.145000	4.843750	1.547852
9.150000	3.818359	2.172852
9.155000	2.392578	1.987305
9.160000	1.074219	1.245117
9.165000	0.239258	0.346680
9.170000	0.000000	-0.351562
9.175000	0.219727	-0.634766
9.180000	0.629883	-0.478516
9.185000	0.942383	-0.043945
9.190000	0.961914	0.449219
9.195000	0.659180	0.800781
9.200000	0.126953	0.913086
9.205000	-0.463867	0.312500
9.210000	-0.634766	-1.455078
9.215000	0.322266	-2.827148
9.220000	2.177734	-2.729492
9.225000	3.964844	-1.499023
9.230000	4.956055	0.146484
9.235000	4.858398	1.518555
9.240000	3.857422	2.167969
9.245000	2.436523	2.006836
9.250000	1.108398	1.269531
9.255000	0.258789	0.371094
9.260000	0.000000	-0.336914
9.265000	0.214844	-0.629883
9.270000	0.615234	-0.488281
9.275000	0.932617	-0.053711
9.280000	0.966797	0.434570
9.285000	0.678711	0.795898
9.290000	0.146484	0.917969
9.295000	-0.454102	0.346680
9.300000	-0.644531	-1.396484
9.305000	0.278320	-2.812500
9.310000	2.119141	-2.753906
9.315000	3.920898	-1.542969
9.320000	4.946289	0.102539
9.325000	4.877930	1.489258
9.330000	3.891602	2.158203
9.335000	2.475586	2.016602
9.340000	1.142578	1.298828
9.345000	0.273438	0.395508
9.350000	0.000000	-0.322266
9.355000	0.200195	-0.625000
9.360000	0.605469	-0.498047
9.365000	0.927734	-0.073242
9.370000	0.966797	0.419922
9.375000	0.688477	0.786133
9.380000	0.161133	0.917969
9.385000	-0.439453	0.380859
9.390000	-0.654297	-1.337891
9.395000	0.234375	-2.797852
9.400000	2.060547	-2.768555
9.405000	3.872070	-1.586914
9.410000	4.931641	0.053711
9.415000	4.897461	1.455078
9.420000	3.935547	2.148438
9.425000	2.514648	2.031250
9.430000	1.176758	1.323242
9.435000	0.288086	0.419922
9.440000	-0.004883	-0.302734
9.445000	0.190430	-0.625000
9.450000	0.595703	-0.507812
9.455000	0.922852	-0.087891
9.460000	0.971680	0.405273
9.465000	0.703125	0.781250
9.470000	0.180664	0.917969
9.475000	-0.419922	0.419922
9.480000	-0.659180	-1.279297
9.485000	0.190430	-2.773438
9.490000	1.997070	-2.797852
9.495000	3.823242	-1.640625
9.500000	4.912109	0.004883
9.505000	4.907227	1.420898
9.510000	3.974609	2.143555
9.515000	2.558594	2.045898
9.520000	1.215820	1.352539
9.525000	0.302734	0.449219
9.530000	-0.004883	-0.288086
9.535000	0.180664	-0.620117
9.540000	0.581055	-0.517578
9.545000	0.917969	-0.102539
9.550000	0.976562	0.390625
9.555000	0.712891	0.771484
9.560000	0.200195	0.917969
9.565000	-0.405273	0.449219
9.570000	-0.668945	-1.225586
9.575000	0.141602	-2.749023
9.580000	1.938477	-2.807617
9.585000	3.779297	-1.679688
9.590000	4.897461	-0.043945
9.595000	4.931641	1.386719
9.600000	4.008789	2.133789
9.605000	2.607422	2.060547
9.610000	1.245117	1.376953
9.615000	0.327148	0.473633
9.620000	0.000000	-0.273438
9.625000	0.166016	-0.620117
9.630000	0.571289	-0.522461
9.635000	0.908203	-0.117188
9.640000	0.981445	0.380859
9.645000	0.727539	0.761719
9.650000	0.214844	0.917969
9.655000	-0.385742	0.483398
9.660000	-0.668945	-1.166992
9.665000	0.102539	-2.724609
9.670000	1.884766	-2.827148
9.675000	3.735352	-1.723633
9.680000	4.877930	-0.097656
9.685000	4.941406	1.352539
9.690000	4.047852	2.124023
9.695000	2.646484	2.070312
9.700000	1.274414	1.401367
9.705000	0.346680	0.498047
9.710000	0.000000	-0.253906
9.715000	0.161133	-0.610352
9.720000	0.556641	-0.532227
9.725000	0.903320	-0.131836
9.730000	0.981445	0.366211
9.735000	0.737305	0.756836
9.740000	0.234375	0.917969
9.745000	-0.371094	0.512695
9.750000	-0.673828	-1.108398
9.755000	0.063477	-2.695312
9.760000	1.826172	-2.841797
9.765000	3.691406	-1.772461
9.770000	4.858398	-0.141602
9.775000	4.951172	1.318359
9.780000	4.082031	2.109375
9.785000	2.690430	2.089844
9.790000	1.308594	1.425781
9.795000	0.361328	0.527344
9.800000	0.000000	-0.239258
9.805000	0.151367	-0.610352
9.810000	0.541992	-0.537109
9.815000	0.893555	-0.146484
9.820000	0.986328	0.351562
9.825000	0.747070	0.742188
9.830000	0.249023	0.917969
9.835000	-0.356445	0.546875
9.840000	-0.678711	-1.044922
9.845000	0.024414	-2.666016
9.850000	1.762695	-2.856445
9.855000	3.642578	-1.816406
9.860000	4.838867	-0.195312
9.865000	4.970703	1.284180
9.870000	4.121094	2.094727
9.875000	2.734375	2.094727
9.880000	1.347656	1.455078
9.885000	0.380859	0.551758
9.890000	0.009766	-0.219727
9.895000	0.141602	-0.605469
9.900000	0.532227	-0.546875
9.905000	0.883789	-0.156250
9.910000	0.986328	0.336914
9.915000	0.761719	0.737305
9.920000	0.268555	0.917969
9.925000	-0.336914	0.571289
9.930000	-0.678711	-0.986328
9.935000	-0.014648	-2.641602
9.940000	1.708984	-2.875977
9.945000	3.598633	-1.855469
9.950000	4.819336	-0.239258
9.955000	4.975586	1.250000
9.960000	4.155273	2.089844
9.965000	2.778320	2.104492
9.970000	1.381836	1.474609
9.975000	0.400391	0.576172
9.980000	0.009766	-0.205078
9.985000	0.131836	-0.600586
9.990000	0.517578	-0.556641
9.995000	0.878906	-0.170898
10.000000	0.991211	0.322266
