# Time_s	x	xdot
0.000000	0.903320	-0.234375
0.005000	1.054688	0.273438
0.010000	0.864258	0.703125
0.015000	0.390625	0.927734
0.020000	-0.224609	0.727539
0.025000	-0.673828	-0.620117
0.030000	-0.244141	-2.456055
0.035000	1.357422	-2.988281
0.040000	3.320312	-2.158203
0.045000	4.731445	-0.576172
0.050000	5.107422	1.020508
0.055000	4.443359	2.021484
0.060000	3.105469	2.192383
0.065000	1.655273	1.655273
0.070000	0.551758	0.751953
0.075000	0.043945	-0.092773
0.080000	0.092773	-0.590820
0.085000	0.468750	-0.620117
0.090000	0.869141	-0.278320
0.095000	1.049805	0.229492
0.100000	0.898438	0.678711
0.105000	0.444336	0.917969
0.110000	-0.166016	0.786133
0.115000	-0.654297	-0.454102
0.120000	-0.336914	-2.338867
0.125000	1.191406	-2.998047
0.130000	3.149414	-2.270508
0.135000	4.648438	-0.727539
0.140000	5.122070	0.898438
0.145000	4.536133	1.962891
0.150000	3.242188	2.211914
0.155000	1.772461	1.723633
0.160000	0.629883	0.839844
0.165000	0.063477	-0.029297
0.170000	0.073242	-0.561523
0.175000	0.434570	-0.634766
0.180000	0.839844	-0.322266
0.185000	1.044922	0.180664
0.190000	0.927734	0.639648
0.195000	0.493164	0.908203
0.200000	-0.107422	0.834961
0.205000	-0.629883	-0.292969
0.210000	-0.419922	-2.202148
0.215000	1.020508	-3.002930
0.220000	2.988281	-2.377930
0.225000	4.545898	-0.878906
0.230000	5.126953	0.766602
0.235000	4.619141	1.904297
0.240000	3.374023	2.226562
0.245000	1.899414	1.787109
0.250000	0.712891	0.922852
0.255000	0.087891	0.039062
0.260000	0.053711	-0.532227
0.265000	0.390625	-0.639648
0.270000	0.810547	-0.356445
0.275000	1.044922	0.136719
0.280000	0.947266	0.610352
0.285000	0.541992	0.888672
0.290000	-0.053711	0.869141
0.295000	-0.605469	-0.136719
0.300000	-0.488281	-2.055664
0.305000	0.859375	-2.993164
0.310000	2.812500	-2.485352
0.315000	4.443359	-1.030273
0.320000	5.117188	0.629883
0.325000	4.702148	1.831055
0.330000	3.505859	2.231445
0.335000	2.021484	1.855469
0.340000	0.795898	1.005859
0.345000	0.122070	0.107422
0.350000	0.034180	-0.498047
0.355000	0.351562	-0.654297
0.360000	0.776367	-0.400391
0.365000	1.040039	0.087891
0.370000	0.966797	0.576172
0.375000	0.585938	0.874023
0.380000	0.000000	0.893555
0.385000	-0.571289	0.004883
0.390000	-0.546875	-1.899414
0.395000	0.698242	-2.973633
0.400000	2.646484	-2.573242
0.405000	4.331055	-1.176758
0.410000	5.102539	0.498047
0.415000	4.785156	1.762695
0.420000	3.627930	2.231445
0.425000	2.153320	1.914062
0.430000	0.883789	1.088867
0.435000	0.151367	0.180664
0.440000	0.024414	-0.463867
0.445000	0.317383	-0.654297
0.450000	0.747070	-0.429688
0.455000	1.025391	0.043945
0.460000	0.996094	0.537109
0.465000	0.629883	0.859375
0.470000	0.058594	0.913086
0.475000	-0.537109	0.141602
0.480000	-0.595703	-1.728516
0.485000	0.546875	-2.944336
0.490000	2.465820	-2.656250
0.495000	4.208984	-1.313477
0.500000	5.083008	0.356445
0.505000	4.848633	1.674805
0.510000	3.745117	2.221680
0.515000	2.285156	1.962891
0.520000	0.981445	1.176758
0.525000	0.195312	0.253906
0.530000	0.014648	-0.424805
0.535000	0.283203	-0.659180
0.540000	0.712891	-0.463867
0.545000	1.010742	-0.004883
0.550000	1.005859	0.498047
0.555000	0.678711	0.844727
0.560000	0.112305	0.927734
0.565000	-0.488281	0.263672
0.570000	-0.629883	-1.557617
0.575000	0.395508	-2.895508
0.580000	2.285156	-2.739258
0.585000	4.082031	-1.459961
0.590000	5.043945	0.209961
0.595000	4.912109	1.582031
0.600000	3.867188	2.211914
0.605000	2.416992	2.016602
0.610000	1.079102	1.254883
0.615000	0.234375	0.332031
0.620000	0.009766	-0.380859
0.625000	0.244141	-0.659180
0.630000	0.673828	-0.498047
0.635000	0.996094	-0.048828
0.640000	1.020508	0.454102
0.645000	0.717773	0.820312
0.650000	0.166016	0.932617
0.655000	-0.444336	0.375977
0.660000	-0.654297	-1.381836
0.665000	0.258789	-2.836914
0.670000	2.119141	-2.802734
0.675000	3.950195	-1.601562
0.680000	5.004883	0.063477
0.685000	4.970703	1.489258
0.690000	3.984375	2.187500
0.695000	2.539062	2.060547
0.700000	1.181641	1.333008
0.705000	0.288086	0.405273
0.710000	0.004883	-0.332031
0.715000	0.214844	-0.654297
0.720000	0.634766	-0.527344
0.725000	0.981445	-0.092773
0.730000	1.035156	0.415039
0.735000	0.756836	0.795898
0.740000	0.224609	0.932617
0.745000	-0.395508	0.478516
0.750000	-0.673828	-1.201172
0.755000	0.122070	-2.768555
0.760000	1.928711	-2.866211
0.765000	3.808594	-1.743164
0.770000	4.960938	-0.078125
0.775000	5.009766	1.386719
0.780000	4.101562	2.158203
0.785000	2.670898	2.104492
0.790000	1.279297	1.411133
0.795000	0.346680	0.493164
0.800000	0.009766	-0.278320
0.805000	0.180664	-0.634766
0.810000	0.600586	-0.551758
0.815000	0.957031	-0.136719
0.820000	1.044922	0.375977
0.825000	0.791016	0.771484
0.830000	0.278320	0.932617
0.835000	-0.341797	0.571289
0.840000	-0.683594	-1.020508
0.845000	0.000000	-2.685547
0.850000	1.752930	-2.910156
0.855000	3.671875	-1.875000
0.860000	4.902344	-0.229492
0.865000	5.048828	1.279297
0.870000	4.208984	2.128906
0.875000	2.807617	2.133789
0.880000	1.391602	1.489258
0.885000	0.400391	0.571289
0.890000	0.014648	-0.224609
0.895000	0.151367	-0.634766
0.900000	0.561523	-0.576172
0.905000	0.932617	-0.180664
0.910000	1.044922	0.327148
0.915000	0.825195	0.747070
0.920000	0.327148	0.927734
0.925000	-0.292969	0.649414
0.930000	-0.688477	-0.849609
0.935000	-0.107422	-2.597656
0.940000	1.577148	-2.949219
0.945000	3.520508	-2.001953
0.950000	4.829102	-0.380859
0.955000	5.083008	1.166992
0.960000	4.316406	2.084961
0.965000	2.939453	2.167969
0.970000	1.503906	1.562500
0.975000	0.463867	0.649414
0.980000	0.024414	-0.170898
0.985000	0.126953	-0.615234
0.990000	0.522461	-0.595703
0.995000	0.908203	-0.224609
1.000000	1.054688	0.283203
1.005000	0.859375	0.717773
1.010000	0.380859	0.927734
1.015000	-0.234375	0.717773
1.020000	-0.673828	-0.664062
1.025000	-0.224609	-2.490234
1.030000	1.401367	-2.978516
1.035000	3.359375	-2.124023
1.040000	4.755859	-0.532227
1.045000	5.107422	1.049805
1.050000	4.414062	2.036133
1.055000	3.076172	2.192383
1.060000	1.621094	1.640625
1.065000	0.537109	0.737305
1.070000	0.039062	-0.112305
1.075000	0.097656	-0.595703
1.080000	0.483398	-0.615234
1.085000	0.888672	-0.268555
1.090000	1.049805	0.239258
1.095000	0.888672	0.688477
1.100000	0.429688	0.922852
1.105000	-0.180664	0.776367
1.110000	-0.664062	-0.498047
1.115000	-0.312500	-2.368164
1.120000	1.230469	-2.998047
1.125000	3.193359	-2.241211
1.130000	4.672852	-0.683594
1.135000	5.117188	0.927734
1.140000	4.511719	1.977539
1.145000	3.203125	2.207031
1.150000	1.743164	1.704102
1.155000	0.610352	0.815430
1.160000	0.058594	-0.043945
1.165000	0.073242	-0.566406
1.170000	0.444336	-0.634766
1.175000	0.849609	-0.312500
1.180000	1.049805	0.195312
1.185000	0.922852	0.649414
1.190000	0.478516	0.908203
1.195000	-0.126953	0.820312
1.200000	-0.634766	-0.332031
1.205000	-0.395508	-2.241211
1.210000	1.064453	-3.002930
1.215000	3.027344	-2.353516
1.220000	4.575195	-0.839844
1.225000	5.126953	0.795898
1.230000	4.599609	1.923828
1.235000	3.334961	2.221680
1.240000	1.865234	1.772461
1.245000	0.688477	0.903320
1.250000	0.083008	0.019531
1.255000	0.058594	-0.541992
1.260000	0.405273	-0.639648
1.265000	0.820312	-0.346680
1.270000	1.044922	0.146484
1.275000	0.942383	0.620117
1.280000	0.532227	0.893555
1.285000	-0.068359	0.859375
1.290000	-0.615234	-0.175781
1.295000	-0.473633	-2.094727
1.300000	0.898438	-2.998047
1.305000	2.856445	-2.456055
1.310000	4.472656	-0.986328
1.315000	5.117188	0.668945
1.320000	4.682617	1.850586
1.325000	3.466797	2.231445
1.330000	1.992188	1.840820
1.335000	0.776367	0.981445
1.340000	0.107422	0.087891
1.345000	0.039062	-0.507812
1.350000	0.366211	-0.654297
1.355000	0.786133	-0.385742
1.360000	1.040039	0.102539
1.365000	0.961914	0.585938
1.370000	0.576172	0.883789
1.375000	-0.014648	0.888672
1.380000	-0.585938	-0.029297
1.385000	-0.532227	-1.943359
1.390000	0.732422	-2.978516
1.395000	2.680664	-2.548828
1.400000	4.360352	-1.137695
1.405000	5.107422	0.532227
1.410000	4.765625	1.777344
1.415000	3.593750	2.236328
1.420000	2.119141	1.894531
1.425000	0.864258	1.069336
1.430000	0.146484	0.156250
1.435000	0.019531	-0.473633
1.440000	0.327148	-0.654297
1.445000	0.751953	-0.419922
1.450000	1.025391	0.053711
1.455000	0.986328	0.546875
1.460000	0.615234	0.864258
1.465000	0.043945	0.913086
1.470000	-0.551758	0.107422
1.475000	-0.585938	-1.777344
1.480000	0.581055	-2.949219
1.485000	2.509766	-2.641602
1.490000	4.243164	-1.279297
1.495000	5.087891	0.390625
1.500000	4.833984	1.694336
1.505000	3.715820	2.221680
1.510000	2.246094	1.948242
1.515000	0.952148	1.152344
1.520000	0.180664	0.234375
1.525000	0.019531	-0.434570
1.530000	0.292969	-0.659180
1.535000	0.722656	-0.458984
1.540000	1.010742	0.004883
1.545000	1.000977	0.507812
1.550000	0.664062	0.849609
1.555000	0.102539	0.927734
1.560000	-0.502930	0.234375
1.565000	-0.625000	-1.601562
1.570000	0.434570	-2.910156
1.575000	2.338867	-2.719727
1.580000	4.116211	-1.420898
1.585000	5.053711	0.253906
1.590000	4.897461	1.606445
1.595000	3.833008	2.211914
1.600000	2.377930	1.997070
1.605000	1.054688	1.235352
1.610000	0.229492	0.312500
1.615000	0.009766	-0.390625
1.620000	0.258789	-0.654297
1.625000	0.683594	-0.488281
1.630000	0.996094	-0.034180
1.635000	1.015625	0.463867
1.640000	0.703125	0.825195
1.645000	0.151367	0.932617
1.650000	-0.458984	0.351562
1.655000	-0.649414	-1.425781
1.660000	0.292969	-2.856445
1.665000	2.163086	-2.792969
1.670000	3.989258	-1.562500
1.675000	5.019531	0.102539
1.680000	4.956055	1.518555
1.685000	3.955078	2.192383
1.690000	2.504883	2.050781
1.695000	1.157227	1.313477
1.700000	0.273438	0.390625
1.705000	0.004883	-0.341797
1.710000	0.224609	-0.654297
1.715000	0.644531	-0.517578
1.720000	0.981445	-0.083008
1.725000	1.035156	0.424805
1.730000	0.742188	0.800781
1.735000	0.209961	0.932617
1.740000	-0.405273	0.454102
1.745000	-0.668945	-1.245117
1.750000	0.151367	-2.792969
1.755000	1.977539	-2.851562
1.760000	3.842773	-1.704102
1.765000	4.975586	-0.043945
1.770000	5.000000	1.416016
1.775000	4.067383	2.172852
1.780000	2.636719	2.089844
1.785000	1.254883	1.391602
1.790000	0.327148	0.468750
1.795000	0.009766	-0.297852
1.800000	0.190430	-0.639648
1.805000	0.610352	-0.546875
1.810000	0.961914	-0.126953
1.815000	1.044922	0.380859
1.820000	0.781250	0.776367
1.825000	0.263672	0.932617
1.830000	-0.356445	0.546875
1.835000	-0.678711	-1.074219
1.840000	0.029297	-2.709961
1.845000	1.801758	-2.900391
1.850000	3.706055	-1.840820
1.855000	4.916992	-0.195312
1.860000	5.043945	1.308594
1.865000	4.179688	2.138672
1.870000	2.773438	2.128906
1.875000	1.362305	1.469727
1.880000	0.385742	0.546875
1.885000	0.014648	-0.239258
1.890000	0.161133	-0.634766
1.895000	0.571289	-0.566406
1.900000	0.942383	-0.170898
1.905000	1.044922	0.336914
1.910000	0.820312	0.751953
1.915000	0.317383	0.927734
1.920000	-0.302734	0.629883
1.925000	-0.688477	-0.893555
1.930000	-0.083008	-2.617188
1.935000	1.621094	-2.944336
1.940000	3.554688	-1.967773
1.945000	4.853516	-0.341797
1.950000	5.073242	1.201172
1.955000	4.291992	2.099609
1.960000	2.905273	2.158203
1.965000	1.479492	1.547852
1.970000	0.449219	0.629883
1.975000	0.014648	-0.185547
1.980000	0.136719	-0.620117
1.985000	0.532227	-0.590820
1.990000	0.917969	-0.214844
1.995000	1.049805	0.292969
2.000000	0.849609	0.727539
2.005000	0.366211	0.927734
2.010000	-0.249023	0.698242
2.015000	-0.678711	-0.712891
2.020000	-0.195312	-2.514648
2.025000	1.445312	-2.973633
2.030000	3.398438	-2.089844
2.035000	4.775391	-0.493164
2.040000	5.097656	1.083984
2.045000	4.389648	2.050781
2.050000	3.037109	2.182617
2.055000	1.591797	1.616211
2.060000	0.517578	0.708008
2.065000	0.034180	-0.126953
2.070000	0.102539	-0.600586
2.075000	0.493164	-0.610352
2.080000	0.888672	-0.258789
2.085000	1.054688	0.249023
2.090000	0.883789	0.693359
2.095000	0.419922	0.922852
2.100000	-0.195312	0.756836
2.105000	-0.664062	-0.537109
2.110000	-0.288086	-2.407227
2.115000	1.274414	-2.993164
2.120000	3.237305	-2.211914
2.125000	4.692383	-0.644531
2.130000	5.112305	0.961914
2.135000	4.487305	1.997070
2.140000	3.168945	2.207031
2.145000	1.713867	1.689453
2.150000	0.590820	0.795898
2.155000	0.053711	-0.063477
2.160000	0.083008	-0.576172
2.165000	0.454102	-0.629883
2.170000	0.854492	-0.297852
2.175000	1.049805	0.209961
2.180000	0.913086	0.659180
2.185000	0.468750	0.908203
2.190000	-0.141602	0.805664
2.195000	-0.649414	-0.375977
2.200000	-0.380859	-2.275391
2.205000	1.108398	-3.002930
2.210000	3.076172	-2.324219
2.215000	4.599609	-0.795898
2.220000	5.122070	0.839844
2.225000	4.580078	1.938477
2.230000	3.300781	2.221680
2.235000	1.835938	1.757812
2.240000	0.668945	0.878906
2.245000	0.073242	0.004883
2.250000	0.063477	-0.546875
2.255000	0.415039	-0.634766
2.260000	0.830078	-0.336914
2.265000	1.044922	0.161133
2.270000	0.932617	0.625000
2.275000	0.517578	0.898438
2.280000	-0.083008	0.849609
2.285000	-0.625000	-0.219727
2.290000	-0.449219	-2.133789
2.295000	0.942383	-3.002930
2.300000	2.910156	-2.426758
2.305000	4.501953	-0.952148
2.310000	5.122070	0.698242
2.315000	4.667969	1.870117
2.320000	3.432617	2.231445
2.325000	1.953125	1.821289
2.330000	0.751953	0.961914
2.335000	0.102539	0.068359
2.340000	0.043945	-0.517578
2.345000	0.375977	-0.649414
2.350000	0.795898	-0.375977
2.355000	1.044922	0.117188
2.360000	0.957031	0.590820
2.365000	0.561523	0.888672
2.370000	-0.019531	0.883789
2.375000	-0.595703	-0.068359
2.380000	-0.517578	-1.982422
2.385000	0.781250	-2.988281
2.390000	2.734375	-2.524414
2.395000	4.394531	-1.103516
2.400000	5.117188	0.566406
2.405000	4.746094	1.801758
2.410000	3.559570	2.231445
2.415000	2.089844	1.879883
2.420000	0.839844	1.049805
2.425000	0.136719	0.141602
2.430000	0.029297	-0.483398
2.435000	0.336914	-0.654297
2.440000	0.761719	-0.410156
2.445000	1.030273	0.063477
2.450000	0.981445	0.556641
2.455000	0.610352	0.869141
2.460000	0.024414	0.908203
2.465000	-0.556641	0.073242
2.470000	-0.571289	-1.821289
2.475000	0.625000	-2.958984
2.480000	2.553711	-2.617188
2.485000	4.277344	-1.240234
2.490000	5.097656	0.434570
2.495000	4.819336	1.723633
2.500000	3.691406	2.226562
2.505000	2.216797	1.933594
2.510000	0.932617	1.132812
2.515000	0.170898	0.214844
2.520000	0.014648	-0.444336
2.525000	0.302734	-0.659180
2.530000	0.732422	-0.449219
2.535000	1.015625	0.024414
2.540000	0.996094	0.517578
2.545000	0.649414	0.849609
2.550000	0.083008	0.927734
2.555000	-0.517578	0.205078
2.560000	-0.615234	-1.650391
2.565000	0.468750	-2.919922
2.570000	2.382812	-2.700195
2.575000	4.150391	-1.386719
2.580000	5.063477	0.288086
2.585000	4.887695	1.635742
2.590000	3.803711	2.211914
2.595000	2.348633	1.992188
2.600000	1.030273	1.215820
2.605000	0.214844	0.288086
2.610000	0.009766	-0.400391
2.615000	0.263672	-0.659180
2.620000	0.693359	-0.478516
2.625000	1.005859	-0.019531
2.630000	1.015625	0.478516
2.635000	0.693359	0.830078
2.640000	0.141602	0.932617
2.645000	-0.468750	0.317383
2.650000	-0.644531	-1.469727
2.655000	0.322266	-2.871094
2.660000	2.207031	-2.773438
2.665000	4.023438	-1.533203
2.670000	5.029297	0.141602
2.675000	4.941406	1.538086
2.680000	3.925781	2.197266
2.685000	2.475586	2.036133
2.690000	1.127930	1.289062
2.695000	0.263672	0.366211
2.700000	0.004883	-0.361328
2.705000	0.229492	-0.654297
2.710000	0.654297	-0.512695
2.715000	0.986328	-0.073242
2.720000	1.025391	0.439453
2.725000	0.737305	0.805664
2.730000	0.195312	0.932617
2.735000	-0.419922	0.424805
2.740000	-0.668945	-1.289062
2.745000	0.190430	-2.807617
2.750000	2.031250	-2.836914
2.755000	3.886719	-1.665039
2.760000	4.990234	0.000000
2.765000	4.990234	1.440430
2.770000	4.042969	2.177734
2.775000	2.602539	2.084961
2.780000	1.230469	1.372070
2.785000	0.312500	0.444336
2.790000	0.004883	-0.312500
2.795000	0.200195	-0.644531
2.800000	0.615234	-0.541992
2.805000	0.966797	-0.117188
2.810000	1.044922	0.395508
2.815000	0.771484	0.786133
2.820000	0.249023	0.932617
2.825000	-0.371094	0.522461
2.830000	-0.678711	-1.118164
2.835000	0.058594	-2.734375
2.840000	1.850586	-2.890625
2.845000	3.740234	-1.806641
2.850000	4.936523	-0.151367
2.855000	5.029297	1.337891
2.860000	4.150391	2.143555
2.865000	2.739258	2.124023
2.870000	1.337891	1.450195
2.875000	0.371094	0.527344
2.880000	0.009766	-0.258789
2.885000	0.166016	-0.639648
2.890000	0.581055	-0.561523
2.895000	0.942383	-0.161133
2.900000	1.044922	0.351562
2.905000	0.805664	0.756836
2.910000	0.302734	0.932617
2.915000	-0.317383	0.605469
2.920000	-0.683594	-0.937500
2.925000	-0.053711	-2.646484
2.930000	1.665039	-2.934570
2.935000	3.593750	-1.933594
2.940000	4.868164	-0.302734
2.945000	5.063477	1.230469
2.950000	4.262695	2.104492
2.955000	2.871094	2.153320
2.960000	1.445312	1.528320
2.965000	0.434570	0.610352
2.970000	0.019531	-0.200195
2.975000	0.136719	-0.625000
2.980000	0.537109	-0.590820
2.985000	0.922852	-0.205078
2.990000	1.049805	0.302734
2.995000	0.844727	0.732422
3.000000	0.356445	0.927734
3.005000	-0.263672	0.678711
3.010000	-0.678711	-0.756836
3.015000	-0.166016	-2.543945
3.020000	1.494141	-2.968750
3.025000	3.442383	-2.060547
3.030000	4.799805	-0.454102
3.035000	5.092773	1.113281
3.040000	4.365234	2.065430
3.045000	3.002930	2.182617
3.050000	1.562500	1.601562
3.055000	0.498047	0.693359
3.060000	0.029297	-0.141602
3.065000	0.112305	-0.605469
3.070000	0.502930	-0.605469
3.075000	0.893555	-0.244141
3.080000	1.054688	0.263672
3.085000	0.874023	0.698242
3.090000	0.405273	0.927734
3.095000	-0.209961	0.742188
3.100000	-0.668945	-0.585938
3.105000	-0.263672	-2.431641
3.110000	1.318359	-2.993164
3.115000	3.286133	-2.177734
3.120000	4.716797	-0.610352
3.125000	5.117188	0.991211
3.130000	4.462891	2.011719
3.135000	3.134766	2.202148
3.140000	1.679688	1.669922
3.145000	0.571289	0.776367
3.150000	0.048828	-0.078125
3.155000	0.087891	-0.581055
3.160000	0.463867	-0.625000
3.165000	0.864258	-0.288086
3.170000	1.049805	0.219727
3.175000	0.903320	0.668945
3.180000	0.458984	0.913086
3.185000	-0.151367	0.795898
3.190000	-0.654297	-0.424805
3.195000	-0.351562	-2.309570
3.200000	1.152344	-3.002930
3.205000	3.115234	-2.294922
3.210000	4.624023	-0.756836
3.215000	5.122070	0.864258
3.220000	4.560547	1.953125
3.225000	3.271484	2.211914
3.230000	1.806641	1.743164
3.235000	0.649414	0.859375
3.240000	0.068359	-0.014648
3.245000	0.063477	-0.556641
3.250000	0.424805	-0.639648
3.255000	0.839844	-0.327148
3.260000	1.044922	0.170898
3.265000	0.927734	0.634766
3.270000	0.502930	0.903320
3.275000	-0.097656	0.839844
3.280000	-0.629883	-0.253906
3.285000	-0.439453	-2.172852
3.290000	0.986328	-3.002930
3.295000	2.954102	-2.402344
3.300000	4.531250	-0.913086
3.305000	5.126953	0.732422
3.310000	4.643555	1.889648
3.315000	3.403320	2.226562
3.320000	1.923828	1.806641
3.325000	0.727539	0.942383
3.330000	0.097656	0.053711
3.335000	0.048828	-0.527344
3.340000	0.385742	-0.644531
3.345000	0.805664	-0.371094
3.350000	1.044922	0.126953
3.355000	0.952148	0.605469
3.360000	0.551758	0.888672
3.365000	-0.039062	0.874023
3.370000	-0.600586	-0.102539
3.375000	-0.502930	-2.021484
3.380000	0.825195	-2.993164
3.385000	2.773438	-2.504883
3.390000	4.418945	-1.059570
3.395000	5.117188	0.600586
3.400000	4.726562	1.816406
3.405000	3.525391	2.236328
3.410000	2.055664	1.865234
3.415000	0.815430	1.025391
3.420000	0.126953	0.126953
3.425000	0.029297	-0.493164
3.430000	0.346680	-0.654297
3.435000	0.771484	-0.400391
3.440000	1.035156	0.078125
3.445000	0.976562	0.566406
3.450000	0.600586	0.874023
3.455000	0.014648	0.898438
3.460000	-0.566406	0.034180
3.465000	-0.556641	-1.870117
3.470000	0.664062	-2.968750
3.475000	2.597656	-2.592773
3.480000	4.306641	-1.206055
3.485000	5.097656	0.463867
3.490000	4.799805	1.738281
3.495000	3.657227	2.231445
3.500000	2.182617	1.928711
3.505000	0.903320	1.113281
3.510000	0.161133	0.195312
3.515000	0.019531	-0.454102
3.520000	0.312500	-0.659180
3.525000	0.737305	-0.439453
3.530000	1.020508	0.034180
3.535000	0.996094	0.532227
3.540000	0.639648	0.859375
3.545000	0.073242	0.922852
3.550000	-0.527344	0.170898
3.555000	-0.605469	-1.694336
3.560000	0.512695	-2.934570
3.565000	2.431641	-2.680664
3.570000	4.189453	-1.347656
3.575000	5.078125	0.322266
3.580000	4.863281	1.655273
3.585000	3.774414	2.221680
3.590000	2.309570	1.977539
3.595000	1.000977	1.191406
3.600000	0.205078	0.268555
3.605000	0.014648	-0.415039
3.610000	0.273438	-0.654297
3.615000	0.698242	-0.478516
3.620000	1.010742	-0.014648
3.625000	1.010742	0.488281
3.630000	0.678711	0.839844
3.635000	0.126953	0.927734
3.640000	-0.483398	0.292969
3.645000	-0.629883	-1.518555
3.650000	0.361328	-2.885742
3.655000	2.250977	-2.753906
3.660000	4.052734	-1.494141
3.665000	5.039062	0.180664
3.670000	4.926758	1.562500
3.675000	3.891602	2.207031
3.680000	2.441406	2.026367
3.685000	1.103516	1.269531
3.690000	0.249023	0.351562
3.695000	0.004883	-0.371094
3.700000	0.239258	-0.659180
3.705000	0.664062	-0.502930
3.710000	0.991211	-0.058594
3.715000	1.020508	0.449219
3.720000	0.727539	0.810547
3.725000	0.180664	0.932617
3.730000	-0.434570	0.400391
3.735000	-0.664062	-1.337891
3.740000	0.229492	-2.822266
3.745000	2.075195	-2.822266
3.750000	3.920898	-1.635742
3.755000	4.995117	0.034180
3.760000	4.975586	1.464844
3.765000	4.008789	2.182617
3.770000	2.568359	2.070312
3.775000	1.206055	1.347656
3.780000	0.302734	0.424805
3.785000	0.004883	-0.322266
3.790000	0.209961	-0.649414
3.795000	0.625000	-0.532227
3.800000	0.971680	-0.102539
3.805000	1.035156	0.405273
3.810000	0.761719	0.795898
3.815000	0.229492	0.937500
3.820000	-0.380859	0.502930
3.825000	-0.683594	-1.166992
3.830000	0.097656	-2.753906
3.835000	1.894531	-2.875977
3.840000	3.779297	-1.767578
3.845000	4.951172	-0.112305
3.850000	5.019531	1.367188
3.855000	4.130859	2.153320
3.860000	2.705078	2.109375
3.865000	1.308594	1.425781
3.870000	0.351562	0.507812
3.875000	0.014648	-0.273438
3.880000	0.175781	-0.634766
3.885000	0.590820	-0.561523
3.890000	0.947266	-0.151367
3.895000	1.044922	0.361328
3.900000	0.800781	0.766602
3.905000	0.288086	0.932617
3.910000	-0.332031	0.590820
3.915000	-0.683594	-0.981445
3.920000	-0.024414	-2.666016
3.925000	1.713867	-2.924805
3.930000	3.637695	-1.899414
3.935000	4.887695	-0.263672
3.940000	5.058594	1.254883
3.945000	4.233398	2.114258
3.950000	2.836914	2.148438
3.955000	1.420898	1.503906
3.960000	0.415039	0.585938
3.965000	0.014648	-0.214844
3.970000	0.146484	-0.629883
3.975000	0.551758	-0.581055
3.980000	0.922852	-0.190430
3.985000	1.049805	0.317383
3.990000	0.834961	0.742188
3.995000	0.336914	0.927734
4.000000	-0.278320	0.659180
4.005000	-0.678711	-0.805664
4.010000	-0.136719	-2.573242
4.015000	1.538086	-2.958984
4.020000	3.481445	-2.026367
4.025000	4.814453	-0.415039
4.030000	5.087891	1.147461
4.035000	4.340820	2.075195
4.040000	2.973633	2.177734
4.045000	1.533203	1.582031
4.050000	0.478516	0.668945
4.055000	0.029297	-0.151367
4.060000	0.117188	-0.610352
4.065000	0.507812	-0.600586
4.070000	0.903320	-0.234375
4.075000	1.049805	0.273438
4.080000	0.864258	0.712891
4.085000	0.390625	0.927734
4.090000	-0.224609	0.727539
4.095000	-0.668945	-0.629883
4.100000	-0.239258	-2.460938
4.105000	1.362305	-2.983398
4.110000	3.330078	-2.153320
4.115000	4.736328	-0.566406
4.120000	5.112305	1.020508
4.125000	4.438477	2.026367
4.130000	3.105469	2.197266
4.135000	1.650391	1.650391
4.140000	0.551758	0.751953
4.145000	0.043945	-0.097656
4.150000	0.097656	-0.590820
4.155000	0.473633	-0.620117
4.160000	0.874023	-0.278320
4.165000	1.049805	0.229492
4.170000	0.898438	0.673828
4.175000	0.444336	0.917969
4.180000	-0.166016	0.786133
4.185000	-0.654297	-0.458984
4.190000	-0.332031	-2.343750
4.195000	1.196289	-2.998047
4.200000	3.159180	-2.265625
4.205000	4.653320	-0.717773
4.210000	5.122070	0.898438
4.215000	4.526367	1.967773
4.220000	3.237305	2.216797
4.225000	1.772461	1.728516
4.230000	0.629883	0.834961
4.235000	0.058594	-0.029297
4.240000	0.073242	-0.561523
4.245000	0.434570	-0.634766
4.250000	0.844727	-0.317383
4.255000	1.044922	0.185547
4.260000	0.927734	0.649414
4.265000	0.493164	0.903320
4.270000	-0.112305	0.830078
4.275000	-0.629883	-0.292969
4.280000	-0.419922	-2.207031
4.285000	1.030273	-3.002930
4.290000	2.993164	-2.377930
4.295000	4.550781	-0.869141
4.300000	5.126953	0.771484
4.305000	4.624023	1.904297
4.310000	3.364258	2.221680
4.315000	1.889648	1.791992
4.320000	0.708008	0.922852
4.325000	0.087891	0.039062
4.330000	0.053711	-0.537109
4.335000	0.390625	-0.639648
4.340000	0.810547	-0.361328
4.345000	1.044922	0.136719
4.350000	0.947266	0.610352
4.355000	0.541992	0.893555
4.360000	-0.058594	0.864258
4.365000	-0.615234	-0.146484
4.370000	-0.483398	-2.060547
4.375000	0.864258	-2.993164
4.380000	2.822266	-2.475586
4.385000	4.448242	-1.025391
4.390000	5.117188	0.634766
4.395000	4.707031	1.840820
4.400000	3.496094	2.236328
4.405000	2.021484	1.855469
4.410000	0.795898	1.005859
4.415000	0.122070	0.097656
4.420000	0.034180	-0.498047
4.425000	0.361328	-0.649414
4.430000	0.781250	-0.395508
4.435000	1.035156	0.092773
4.440000	0.966797	0.571289
4.445000	0.585938	0.878906
4.450000	0.000000	0.893555
4.455000	-0.576172	0.000000
4.460000	-0.546875	-1.904297
4.465000	0.703125	-2.978516
4.470000	2.646484	-2.573242
4.475000	4.340820	-1.171875
4.480000	5.107422	0.502930
4.485000	4.780273	1.757812
4.490000	3.623047	2.231445
4.495000	2.148438	1.904297
4.500000	0.883789	1.088867
4.505000	0.151367	0.175781
4.510000	0.024414	-0.463867
4.515000	0.317383	-0.659180
4.520000	0.742188	-0.434570
4.525000	1.020508	0.043945
4.530000	0.991211	0.537109
4.535000	0.629883	0.859375
4.540000	0.058594	0.913086
4.545000	-0.537109	0.136719
4.550000	-0.595703	-1.738281
4.555000	0.546875	-2.944336
4.560000	2.470703	-2.656250
4.565000	4.218750	-1.308594
4.570000	5.083008	0.361328
4.575000	4.848633	1.679688
4.580000	3.745117	2.221680
4.585000	2.275391	1.962891
4.590000	0.976562	1.171875
4.595000	0.190430	0.253906
4.600000	0.014648	-0.424805
4.605000	0.283203	-0.654297
4.610000	0.712891	-0.463867
4.615000	1.010742	-0.004883
4.620000	1.005859	0.498047
4.625000	0.673828	0.844727
4.630000	0.112305	0.927734
4.635000	-0.488281	0.263672
4.640000	-0.629883	-1.562500
4.645000	0.405273	-2.900391
4.650000	2.299805	-2.734375
4.655000	4.091797	-1.455078
4.660000	5.048828	0.219727
4.665000	4.912109	1.586914
4.670000	3.862305	2.207031
4.675000	2.412109	2.011719
4.680000	1.074219	1.250000
4.685000	0.239258	0.327148
4.690000	0.004883	-0.380859
4.695000	0.249023	-0.654297
4.700000	0.678711	-0.488281
4.705000	0.996094	-0.043945
4.710000	1.020508	0.458984
4.715000	0.712891	0.820312
4.720000	0.166016	0.932617
4.725000	-0.449219	0.375977
4.730000	-0.654297	-1.386719
4.735000	0.258789	-2.841797
4.740000	2.124023	-2.802734
4.745000	3.955078	-1.596680
4.750000	5.009766	0.068359
4.755000	4.970703	1.494141
4.760000	3.984375	2.187500
4.765000	2.534180	2.060547
4.770000	1.181641	1.333008
4.775000	0.288086	0.405273
4.780000	0.004883	-0.332031
4.785000	0.214844	-0.649414
4.790000	0.639648	-0.522461
4.795000	0.976562	-0.092773
4.800000	1.035156	0.419922
4.805000	0.751953	0.800781
4.810000	0.224609	0.942383
4.815000	-0.400391	0.478516
4.820000	-0.673828	-1.210938
4.825000	0.126953	-2.773438
4.830000	1.938477	-2.861328
4.835000	3.813477	-1.733398
4.840000	4.965820	-0.068359
4.845000	5.009766	1.391602
4.850000	4.091797	2.167969
4.855000	2.670898	2.099609
4.860000	1.279297	1.411133
4.865000	0.336914	0.483398
4.870000	0.009766	-0.283203
4.875000	0.180664	-0.639648
4.880000	0.600586	-0.556641
4.885000	0.957031	-0.136719
4.890000	1.044922	0.375977
4.895000	0.791016	0.771484
4.900000	0.273438	0.937500
4.905000	-0.346680	0.566406
4.910000	-0.683594	-1.030273
4.915000	0.004883	-2.690430
4.920000	1.762695	-2.910156
4.925000	3.676758	-1.865234
4.930000	4.907227	-0.224609
4.935000	5.048828	1.284180
4.940000	4.208984	2.128906
4.945000	2.802734	2.138672
4.950000	1.391602	1.489258
4.955000	0.400391	0.566406
4.960000	0.014648	-0.229492
4.965000	0.151367	-0.634766
4.970000	0.561523	-0.576172
4.975000	0.932617	-0.180664
4.980000	1.044922	0.327148
4.985000	0.830078	0.751953
4.990000	0.327148	0.927734
4.995000	-0.292969	0.644531
5.000000	-0.683594	-0.844727
5.005000	-0.107422	-2.592773
5.010000	1.582031	-2.949219
5.015000	3.525391	-1.997070
5.020000	4.833984	-0.375977
5.025000	5.083008	1.176758
5.030000	4.311523	2.089844
5.035000	2.939453	2.167969
5.040000	1.503906	1.562500
5.045000	0.468750	0.644531
5.050000	0.019531	-0.170898
5.055000	0.126953	-0.620117
5.060000	0.522461	-0.595703
5.065000	0.908203	-0.224609
5.070000	1.049805	0.288086
5.075000	0.859375	0.717773
5.080000	0.375977	0.927734
5.085000	-0.239258	0.712891
5.090000	-0.678711	-0.673828
5.095000	-0.214844	-2.495117
5.100000	1.406250	-2.978516
5.105000	3.369141	-2.119141
5.110000	4.760742	-0.527344
5.115000	5.107422	1.054688
5.120000	4.414062	2.041016
5.125000	3.071289	2.192383
5.130000	1.621094	1.635742
5.135000	0.532227	0.737305
5.140000	0.039062	-0.112305
5.145000	0.102539	-0.595703
5.150000	0.483398	-0.615234
5.155000	0.883789	-0.263672
5.160000	1.049805	0.239258
5.165000	0.888672	0.688477
5.170000	0.429688	0.922852
5.175000	-0.180664	0.771484
5.180000	-0.664062	-0.502930
5.185000	-0.307617	-2.373047
5.190000	1.235352	-2.993164
5.195000	3.203125	-2.241211
5.200000	4.677734	-0.678711
5.205000	5.122070	0.932617
5.210000	4.511719	1.987305
5.215000	3.198242	2.211914
5.220000	1.743164	1.704102
5.225000	0.610352	0.815430
5.230000	0.058594	-0.048828
5.235000	0.078125	-0.571289
5.240000	0.444336	-0.634766
5.245000	0.854492	-0.307617
5.250000	1.049805	0.195312
5.255000	0.922852	0.649414
5.260000	0.478516	0.908203
5.265000	-0.126953	0.820312
5.270000	-0.639648	-0.336914
5.275000	-0.395508	-2.246094
5.280000	1.074219	-3.002930
5.285000	3.037109	-2.348633
5.290000	4.580078	-0.830078
5.295000	5.126953	0.800781
5.300000	4.604492	1.923828
5.305000	3.334961	2.221680
5.310000	1.865234	1.772461
5.315000	0.683594	0.898438
5.320000	0.083008	0.014648
5.325000	0.058594	-0.541992
5.330000	0.405273	-0.639648
5.335000	0.825195	-0.346680
5.340000	1.044922	0.146484
5.345000	0.937500	0.620117
5.350000	0.527344	0.893555
5.355000	-0.068359	0.859375
5.360000	-0.620117	-0.180664
5.365000	-0.468750	-2.099609
5.370000	0.908203	-2.993164
5.375000	2.866211	-2.451172
5.380000	4.477539	-0.986328
5.385000	5.122070	0.673828
5.390000	4.682617	1.855469
5.395000	3.457031	2.231445
5.400000	1.987305	1.835938
5.405000	0.771484	0.981445
5.410000	0.112305	0.087891
5.415000	0.039062	-0.512695
5.420000	0.366211	-0.649414
5.425000	0.791016	-0.380859
5.430000	1.040039	0.102539
5.435000	0.961914	0.585938
5.440000	0.576172	0.883789
5.445000	-0.014648	0.888672
5.450000	-0.585938	-0.034180
5.455000	-0.532227	-1.943359
5.460000	0.742188	-2.978516
5.465000	2.695312	-2.548828
5.470000	4.365234	-1.132812
5.475000	5.112305	0.537109
5.480000	4.760742	1.782227
5.485000	3.588867	2.231445
5.490000	2.119141	1.894531
5.495000	0.859375	1.069336
5.500000	0.141602	0.156250
5.505000	0.024414	-0.473633
5.510000	0.332031	-0.654297
5.515000	0.756836	-0.419922
5.520000	1.030273	0.053711
5.525000	0.986328	0.546875
5.530000	0.615234	0.864258
5.535000	0.039062	0.913086
5.540000	-0.546875	0.102539
5.545000	-0.585938	-1.782227
5.550000	0.585938	-2.949219
5.555000	2.514648	-2.636719
5.560000	4.252930	-1.274414
5.565000	5.087891	0.395508
5.570000	4.833984	1.694336
5.575000	3.715820	2.226562
5.580000	2.246094	1.948242
5.585000	0.952148	1.147461
5.590000	0.180664	0.229492
5.595000	0.014648	-0.434570
5.600000	0.292969	-0.659180
5.605000	0.722656	-0.458984
5.610000	1.010742	0.009766
5.615000	1.000977	0.512695
5.620000	0.664062	0.849609
5.625000	0.097656	0.927734
5.630000	-0.502930	0.229492
5.635000	-0.625000	-1.611328
5.640000	0.439453	-2.910156
5.645000	2.343750	-2.714844
5.650000	4.125977	-1.416016
5.655000	5.053711	0.253906
5.660000	4.897461	1.616211
5.665000	3.833008	2.216797
5.670000	2.377930	2.001953
5.675000	1.049805	1.235352
5.680000	0.224609	0.307617
5.685000	0.009766	-0.390625
5.690000	0.258789	-0.659180
5.695000	0.683594	-0.483398
5.700000	1.000977	-0.034180
5.705000	1.015625	0.468750
5.710000	0.703125	0.825195
5.715000	0.151367	0.932617
5.720000	-0.458984	0.341797
5.725000	-0.644531	-1.435547
5.730000	0.297852	-2.856445
5.735000	2.167969	-2.788086
5.740000	3.989258	-1.557617
5.745000	5.024414	0.112305
5.750000	4.956055	1.518555
5.755000	3.950195	2.192383
5.760000	2.504883	2.050781
5.765000	1.152344	1.308594
5.770000	0.273438	0.385742
5.775000	0.004883	-0.346680
5.780000	0.224609	-0.654297
5.785000	0.649414	-0.517578
5.790000	0.986328	-0.078125
5.795000	1.030273	0.429688
5.800000	0.742188	0.800781
5.805000	0.205078	0.937500
5.810000	-0.410156	0.449219
5.815000	-0.668945	-1.254883
5.820000	0.161133	-2.788086
5.825000	1.987305	-2.846680
5.830000	3.852539	-1.694336
5.835000	4.975586	-0.039062
5.840000	5.000000	1.416016
5.845000	4.072266	2.167969
5.850000	2.631836	2.089844
5.855000	1.254883	1.391602
5.860000	0.322266	0.463867
5.865000	0.004883	-0.302734
5.870000	0.195312	-0.644531
5.875000	0.610352	-0.541992
5.880000	0.961914	-0.122070
5.885000	1.040039	0.385742
5.890000	0.781250	0.776367
5.895000	0.263672	0.937500
5.900000	-0.356445	0.546875
5.905000	-0.683594	-1.074219
5.910000	0.034180	-2.714844
5.915000	1.811523	-2.900391
5.920000	3.715820	-1.835938
5.925000	4.921875	-0.185547
5.930000	5.039062	1.308594
5.935000	4.179688	2.138672
5.940000	2.768555	2.128906
5.945000	1.362305	1.469727
5.950000	0.385742	0.546875
5.955000	0.009766	-0.244141
5.960000	0.161133	-0.634766
5.965000	0.571289	-0.566406
5.970000	0.937500	-0.170898
5.975000	1.044922	0.341797
5.980000	0.815430	0.756836
5.985000	0.317383	0.932617
5.990000	-0.307617	0.625000
5.995000	-0.688477	-0.893555
6.000000	-0.083008	-2.622070
6.005000	1.630859	-2.944336
6.010000	3.564453	-1.962891
6.015000	4.853516	-0.336914
6.020000	5.073242	1.206055
6.025000	4.287109	2.104492
6.030000	2.905273	2.163086
6.035000	1.474609	1.542969
6.040000	0.444336	0.625000
6.045000	0.019531	-0.185547
6.050000	0.131836	-0.620117
6.055000	0.532227	-0.595703
6.060000	0.917969	-0.214844
6.065000	1.049805	0.302734
6.070000	0.849609	0.727539
6.075000	0.366211	0.927734
6.080000	-0.253906	0.698242
6.085000	-0.678711	-0.712891
6.090000	-0.190430	-2.519531
6.095000	1.455078	-2.973633
6.100000	3.403320	-2.084961
6.105000	4.775391	-0.488281
6.110000	5.097656	1.083984
6.115000	4.389648	2.050781
6.120000	3.037109	2.182617
6.125000	1.591797	1.616211
6.130000	0.517578	0.712891
6.135000	0.034180	-0.126953
6.140000	0.107422	-0.600586
6.145000	0.493164	-0.610352
6.150000	0.888672	-0.258789
6.155000	1.049805	0.253906
6.160000	0.883789	0.693359
6.165000	0.415039	0.922852
6.170000	-0.195312	0.761719
6.175000	-0.668945	-0.546875
6.180000	-0.288086	-2.407227
6.185000	1.279297	-2.993164
6.190000	3.247070	-2.207031
6.195000	4.692383	-0.639648
6.200000	5.117188	0.966797
6.205000	4.482422	1.997070
6.210000	3.168945	2.207031
6.215000	1.708984	1.689453
6.220000	0.595703	0.791016
6.225000	0.053711	-0.058594
6.230000	0.078125	-0.576172
6.235000	0.454102	-0.625000
6.240000	0.859375	-0.292969
6.245000	1.049805	0.209961
6.250000	0.908203	0.664062
6.255000	0.468750	0.908203
6.260000	-0.136719	0.805664
6.265000	-0.649414	-0.375977
6.270000	-0.375977	-2.275391
6.275000	1.113281	-3.002930
6.280000	3.076172	-2.319336
6.285000	4.604492	-0.791016
6.290000	5.126953	0.834961
6.295000	4.570312	1.938477
6.300000	3.300781	2.221680
6.305000	1.835938	1.752930
6.310000	0.668945	0.874023
6.315000	0.073242	0.000000
6.320000	0.063477	-0.546875
6.325000	0.415039	-0.634766
6.330000	0.830078	-0.336914
6.335000	1.044922	0.161133
6.340000	0.932617	0.629883
6.345000	0.517578	0.898438
6.350000	-0.083008	0.849609
6.355000	-0.625000	-0.219727
6.360000	-0.454102	-2.138672
6.365000	0.942383	-2.998047
6.370000	2.910156	-2.426758
6.375000	4.497070	-0.947266
6.380000	5.122070	0.708008
6.385000	4.663086	1.875000
6.390000	3.432617	2.231445
6.395000	1.953125	1.821289
6.400000	0.751953	0.961914
6.405000	0.107422	0.068359
6.410000	0.043945	-0.517578
6.415000	0.375977	-0.644531
6.420000	0.795898	-0.375977
6.425000	1.044922	0.112305
6.430000	0.961914	0.595703
6.435000	0.561523	0.883789
6.440000	-0.029297	0.883789
6.445000	-0.595703	-0.073242
6.450000	-0.517578	-1.987305
6.455000	0.786133	-2.988281
6.460000	2.734375	-2.519531
6.465000	4.394531	-1.093750
6.470000	5.117188	0.571289
6.475000	4.741211	1.801758
6.480000	3.564453	2.236328
6.485000	2.084961	1.884766
6.490000	0.834961	1.049805
6.495000	0.136719	0.136719
6.500000	0.029297	-0.483398
6.505000	0.341797	-0.659180
6.510000	0.766602	-0.410156
6.515000	1.030273	0.068359
6.520000	0.981445	0.561523
6.525000	0.605469	0.869141
6.530000	0.024414	0.908203
6.535000	-0.556641	0.068359
6.540000	-0.571289	-1.826172
6.545000	0.625000	-2.958984
6.550000	2.558594	-2.617188
6.555000	4.282227	-1.240234
6.560000	5.092773	0.429688
6.565000	4.814453	1.718750
6.570000	3.686523	2.226562
6.575000	2.211914	1.933594
6.580000	0.927734	1.132812
6.585000	0.175781	0.214844
6.590000	0.019531	-0.444336
6.595000	0.302734	-0.659180
6.600000	0.727539	-0.444336
6.605000	1.020508	0.024414
6.610000	0.996094	0.517578
6.615000	0.649414	0.849609
6.620000	0.083008	0.927734
6.625000	-0.517578	0.200195
6.630000	-0.615234	-1.650391
6.635000	0.473633	-2.924805
6.640000	2.387695	-2.695312
6.645000	4.155273	-1.381836
6.650000	5.063477	0.288086
6.655000	4.887695	1.630859
6.660000	3.798828	2.216797
6.665000	2.343750	1.987305
6.670000	1.025391	1.215820
6.675000	0.214844	0.288086
6.680000	0.009766	-0.405273
6.685000	0.268555	-0.659180
6.690000	0.688477	-0.483398
6.695000	1.000977	-0.019531
6.700000	1.015625	0.483398
6.705000	0.693359	0.830078
6.710000	0.136719	0.927734
6.715000	-0.468750	0.317383
6.720000	-0.639648	-1.479492
6.725000	0.332031	-2.875977
6.730000	2.211914	-2.768555
6.735000	4.028320	-1.523438
6.740000	5.029297	0.146484
6.745000	4.941406	1.542969
6.750000	3.925781	2.197266
6.755000	2.475586	2.036133
6.760000	1.127930	1.289062
6.765000	0.263672	0.366211
6.770000	0.004883	-0.356445
6.775000	0.234375	-0.654297
6.780000	0.654297	-0.507812
6.785000	0.991211	-0.068359
6.790000	1.030273	0.439453
6.795000	0.732422	0.805664
6.800000	0.195312	0.937500
6.805000	-0.424805	0.429688
6.810000	-0.668945	-1.293945
6.815000	0.195312	-2.807617
6.820000	2.031250	-2.832031
6.825000	3.886719	-1.665039
6.830000	4.985352	0.000000
6.835000	4.985352	1.445312
6.840000	4.038086	2.172852
6.845000	2.597656	2.075195
6.850000	1.230469	1.367188
6.855000	0.312500	0.444336
6.860000	0.004883	-0.312500
6.865000	0.200195	-0.644531
6.870000	0.620117	-0.537109
6.875000	0.966797	-0.112305
6.880000	1.040039	0.395508
6.885000	0.771484	0.786133
6.890000	0.249023	0.937500
6.895000	-0.371094	0.522461
6.900000	-0.683594	-1.123047
6.905000	0.063477	-2.734375
6.910000	1.855469	-2.890625
6.915000	3.745117	-1.801758
6.920000	4.936523	-0.151367
6.925000	5.029297	1.337891
6.930000	4.150391	2.143555
6.935000	2.734375	2.119141
6.940000	1.333008	1.450195
6.945000	0.371094	0.522461
6.950000	0.009766	-0.253906
6.955000	0.166016	-0.639648
6.960000	0.581055	-0.561523
6.965000	0.947266	-0.156250
6.970000	1.044922	0.351562
6.975000	0.805664	0.761719
6.980000	0.302734	0.932617
6.985000	-0.317383	0.605469
6.990000	-0.683594	-0.942383
6.995000	-0.053711	-2.651367
7.000000	1.669922	-2.934570
7.005000	3.603516	-1.933594
7.010000	4.873047	-0.297852
7.015000	5.063477	1.235352
7.020000	4.257812	2.109375
7.025000	2.866211	2.153320
7.030000	1.445312	1.528320
7.035000	0.429688	0.610352
7.040000	0.019531	-0.205078
7.045000	0.136719	-0.625000
7.050000	0.541992	-0.590820
7.055000	0.922852	-0.205078
7.060000	1.049805	0.312500
7.065000	0.839844	0.732422
7.070000	0.356445	0.927734
7.075000	-0.268555	0.678711
7.080000	-0.683594	-0.761719
7.085000	-0.166016	-2.543945
7.090000	1.499023	-2.968750
7.095000	3.447266	-2.055664
7.100000	4.799805	-0.449219
7.105000	5.092773	1.113281
7.110000	4.360352	2.065430
7.115000	3.002930	2.182617
7.120000	1.557617	1.596680
7.125000	0.498047	0.688477
7.130000	0.029297	-0.141602
7.135000	0.112305	-0.605469
7.140000	0.502930	-0.605469
7.145000	0.893555	-0.249023
7.150000	1.054688	0.263672
7.155000	0.874023	0.703125
7.160000	0.405273	0.927734
7.165000	-0.209961	0.742188
7.170000	-0.668945	-0.590820
7.175000	-0.263672	-2.436523
7.180000	1.323242	-2.988281
7.185000	3.281250	-2.177734
7.190000	4.716797	-0.605469
7.195000	5.112305	0.991211
7.200000	4.462891	2.011719
7.205000	3.134766	2.202148
7.210000	1.679688	1.669922
7.215000	0.571289	0.776367
7.220000	0.043945	-0.078125
7.225000	0.087891	-0.581055
7.230000	0.463867	-0.625000
7.235000	0.869141	-0.283203
7.240000	1.049805	0.219727
7.245000	0.903320	0.668945
7.250000	0.454102	0.917969
7.255000	-0.156250	0.795898
7.260000	-0.649414	-0.424805
7.265000	-0.351562	-2.314453
7.270000	1.157227	-3.007812
7.275000	3.120117	-2.290039
7.280000	4.628906	-0.751953
7.285000	5.122070	0.874023
7.290000	4.555664	1.953125
7.295000	3.266602	2.216797
7.300000	1.801758	1.738281
7.305000	0.644531	0.859375
7.310000	0.068359	-0.014648
7.315000	0.068359	-0.556641
7.320000	0.424805	-0.634766
7.325000	0.839844	-0.327148
7.330000	1.044922	0.175781
7.335000	0.932617	0.634766
7.340000	0.502930	0.903320
7.345000	-0.097656	0.839844
7.350000	-0.629883	-0.258789
7.355000	-0.434570	-2.177734
7.360000	0.986328	-2.998047
7.365000	2.949219	-2.402344
7.370000	4.531250	-0.908203
7.375000	5.126953	0.737305
7.380000	4.643555	1.884766
7.385000	3.398438	2.231445
7.390000	1.923828	1.801758
7.395000	0.727539	0.937500
7.400000	0.097656	0.048828
7.405000	0.048828	-0.527344
7.410000	0.385742	-0.644531
7.415000	0.805664	-0.366211
7.420000	1.044922	0.126953
7.425000	0.957031	0.605469
7.430000	0.551758	0.888672
7.435000	-0.043945	0.878906
7.440000	-0.605469	-0.107422
7.445000	-0.502930	-2.021484
7.450000	0.825195	-2.993164
7.455000	2.773438	-2.500000
7.460000	4.418945	-1.059570
7.465000	5.112305	0.605469
7.470000	4.721680	1.821289
7.475000	3.525391	2.231445
7.480000	2.050781	1.870117
7.485000	0.820312	1.025391
7.490000	0.126953	0.122070
7.495000	0.029297	-0.493164
7.500000	0.346680	-0.654297
7.505000	0.771484	-0.400391
7.510000	1.035156	0.078125
7.515000	0.976562	0.566406
7.520000	0.600586	0.878906
7.525000	0.014648	0.903320
7.530000	-0.566406	0.029297
7.535000	-0.556641	-1.865234
7.540000	0.664062	-2.968750
7.545000	2.602539	-2.592773
7.550000	4.306641	-1.206055
7.555000	5.102539	0.468750
7.560000	4.794922	1.738281
7.565000	3.652344	2.231445
7.570000	2.177734	1.918945
7.575000	0.903320	1.108398
7.580000	0.161133	0.190430
7.585000	0.019531	-0.458984
7.590000	0.312500	-0.659180
7.595000	0.737305	-0.439453
7.600000	1.020508	0.034180
7.605000	0.996094	0.527344
7.610000	0.639648	0.854492
7.615000	0.068359	0.922852
7.620000	-0.527344	0.166016
7.625000	-0.600586	-1.694336
7.630000	0.512695	-2.934570
7.635000	2.431641	-2.675781
7.640000	4.184570	-1.347656
7.645000	5.073242	0.327148
7.650000	4.868164	1.655273
7.655000	3.764648	2.216797
7.660000	2.309570	1.972656
7.665000	1.000977	1.191406
7.670000	0.200195	0.268555
7.675000	0.009766	-0.415039
7.680000	0.273438	-0.659180
7.685000	0.698242	-0.473633
7.690000	1.005859	-0.009766
7.695000	1.010742	0.488281
7.700000	0.683594	0.839844
7.705000	0.122070	0.927734
7.710000	-0.483398	0.288086
7.715000	-0.629883	-1.523438
7.720000	0.366211	-2.885742
7.725000	2.250977	-2.753906
7.730000	4.062500	-1.489258
7.735000	5.039062	0.185547
7.740000	4.926758	1.567383
7.745000	3.896484	2.207031
7.750000	2.441406	2.021484
7.755000	1.098633	1.269531
7.760000	0.249023	0.341797
7.765000	0.009766	-0.371094
7.770000	0.239258	-0.654297
7.775000	0.668945	-0.502930
7.780000	0.991211	-0.058594
7.785000	1.020508	0.449219
7.790000	0.722656	0.810547
7.795000	0.180664	0.937500
7.800000	-0.434570	0.400391
7.805000	-0.659180	-1.342773
7.810000	0.229492	-2.827148
7.815000	2.075195	-2.817383
7.820000	3.920898	-1.630859
7.825000	5.000000	0.039062
7.830000	4.975586	1.469727
7.835000	4.003906	2.182617
7.840000	2.573242	2.065430
7.845000	1.206055	1.347656
7.850000	0.297852	0.424805
7.855000	0.009766	-0.322266
7.860000	0.209961	-0.649414
7.865000	0.629883	-0.532227
7.870000	0.971680	-0.102539
7.875000	1.035156	0.405273
7.880000	0.761719	0.791016
7.885000	0.234375	0.937500
7.890000	-0.385742	0.498047
7.895000	-0.673828	-1.166992
7.900000	0.097656	-2.753906
7.905000	1.899414	-2.875977
7.910000	3.779297	-1.767578
7.915000	4.951172	-0.112305
7.920000	5.014648	1.362305
7.925000	4.116211	2.153320
7.930000	2.700195	2.104492
7.935000	1.303711	1.430664
7.940000	0.356445	0.507812
7.945000	0.004883	-0.268555
7.950000	0.175781	-0.634766
7.955000	0.585938	-0.556641
7.960000	0.952148	-0.146484
7.965000	1.044922	0.366211
7.970000	0.800781	0.766602
7.975000	0.288086	0.932617
7.980000	-0.332031	0.585938
7.985000	-0.683594	-0.986328
7.990000	-0.024414	-2.670898
7.995000	1.718750	-2.919922
8.000000	3.637695	-1.899414
8.005000	4.892578	-0.263672
8.010000	5.053711	1.254883
8.015000	4.228516	2.114258
8.020000	2.832031	2.143555
8.025000	1.416016	1.503906
8.030000	0.415039	0.585938
8.035000	0.014648	-0.214844
8.040000	0.146484	-0.629883
8.045000	0.551758	-0.581055
8.050000	0.927734	-0.195312
8.055000	1.044922	0.317383
8.060000	0.834961	0.742188
8.065000	0.336914	0.927734
8.070000	-0.278320	0.664062
8.075000	-0.683594	-0.810547
8.080000	-0.136719	-2.573242
8.085000	1.542969	-2.963867
8.090000	3.486328	-2.021484
8.095000	4.819336	-0.410156
8.100000	5.087891	1.142578
8.105000	4.335938	2.075195
8.110000	2.968750	2.172852
8.115000	1.528320	1.577148
8.120000	0.478516	0.668945
8.125000	0.029297	-0.161133
8.130000	0.117188	-0.610352
8.135000	0.507812	-0.605469
8.140000	0.903320	-0.234375
8.145000	1.054688	0.278320
8.150000	0.864258	0.708008
8.155000	0.395508	0.927734
8.160000	-0.224609	0.732422
8.165000	-0.668945	-0.629883
8.170000	-0.239258	-2.465820
8.175000	1.362305	-2.983398
8.180000	3.320312	-2.148438
8.185000	4.736328	-0.566406
8.190000	5.107422	1.020508
8.195000	4.433594	2.026367
8.200000	3.100586	2.197266
8.205000	1.650391	1.650391
8.210000	0.551758	0.751953
8.215000	0.043945	-0.092773
8.220000	0.092773	-0.590820
8.225000	0.473633	-0.620117
8.230000	0.874023	-0.278320
8.235000	1.049805	0.229492
8.240000	0.893555	0.678711
8.245000	0.444336	0.917969
8.250000	-0.166016	0.786133
8.255000	-0.659180	-0.463867
8.260000	-0.327148	-2.338867
8.265000	1.196289	-2.998047
8.270000	3.159180	-2.260742
8.275000	4.648438	-0.717773
8.280000	5.122070	0.903320
8.285000	4.526367	1.967773
8.290000	3.232422	2.211914
8.295000	1.772461	1.718750
8.300000	0.625000	0.834961
8.305000	0.058594	-0.029297
8.310000	0.073242	-0.561523
8.315000	0.434570	-0.634766
8.320000	0.844727	-0.312500
8.325000	1.044922	0.180664
8.330000	0.922852	0.644531
8.335000	0.493164	0.908203
8.340000	-0.112305	0.830078
8.345000	-0.634766	-0.297852
8.350000	-0.415039	-2.207031
8.355000	1.035156	-3.002930
8.360000	2.993164	-2.368164
8.365000	4.555664	-0.864258
8.370000	5.126953	0.771484
8.375000	4.619141	1.904297
8.380000	3.364258	2.221680
8.385000	1.894531	1.787109
8.390000	0.703125	0.917969
8.395000	0.087891	0.029297
8.400000	0.053711	-0.537109
8.405000	0.395508	-0.639648
8.410000	0.815430	-0.356445
8.415000	1.044922	0.136719
8.420000	0.947266	0.610352
8.425000	0.541992	0.893555
8.430000	-0.053711	0.864258
8.435000	-0.615234	-0.146484
8.440000	-0.483398	-2.060547
8.445000	0.864258	-2.993164
8.450000	2.817383	-2.475586
8.455000	4.448242	-1.015625
8.460000	5.117188	0.639648
8.465000	4.702148	1.840820
8.470000	3.491211	2.231445
8.475000	2.021484	1.850586
8.480000	0.791016	1.005859
8.485000	0.117188	0.102539
8.490000	0.029297	-0.502930
8.495000	0.356445	-0.654297
8.500000	0.776367	-0.395508
8.505000	1.035156	0.092773
8.510000	0.966797	0.576172
8.515000	0.585938	0.878906
8.520000	-0.004883	0.893555
8.525000	-0.576172	-0.004883
8.530000	-0.546875	-1.909180
8.535000	0.703125	-2.973633
8.540000	2.646484	-2.568359
8.545000	4.340820	-1.166992
8.550000	5.102539	0.507812
8.555000	4.775391	1.762695
8.560000	3.618164	2.231445
8.565000	2.148438	1.909180
8.570000	0.883789	1.083984
8.575000	0.151367	0.175781
8.580000	0.019531	-0.468750
8.585000	0.322266	-0.654297
8.590000	0.747070	-0.429688
8.595000	1.025391	0.048828
8.600000	0.991211	0.537109
8.605000	0.629883	0.859375
8.610000	0.053711	0.913086
8.615000	-0.537109	0.136719
8.620000	-0.590820	-1.738281
8.625000	0.556641	-2.944336
8.630000	2.480469	-2.656250
8.635000	4.218750	-1.308594
8.640000	5.083008	0.361328
8.645000	4.843750	1.679688
8.650000	3.740234	2.216797
8.655000	2.275391	1.958008
8.660000	0.971680	1.166992
8.665000	0.190430	0.253906
8.670000	0.014648	-0.424805
8.675000	0.283203	-0.659180
8.680000	0.712891	-0.463867
8.685000	1.010742	0.000000
8.690000	1.010742	0.498047
8.695000	0.668945	0.839844
8.700000	0.112305	0.927734
8.705000	-0.493164	0.258789
8.710000	-0.629883	-1.567383
8.715000	0.400391	-2.900391
8.720000	2.299805	-2.734375
8.725000	4.086914	-1.450195
8.730000	5.043945	0.219727
8.735000	4.907227	1.586914
8.740000	3.857422	2.211914
8.745000	2.407227	2.011719
8.750000	1.074219	1.250000
8.755000	0.234375	0.327148
8.760000	0.009766	-0.380859
8.765000	0.249023	-0.654297
8.770000	0.678711	-0.493164
8.775000	0.996094	-0.043945
8.780000	1.020508	0.458984
8.785000	0.712891	0.820312
8.790000	0.161133	0.932617
8.795000	-0.449219	0.371094
8.800000	-0.654297	-1.386719
8.805000	0.263672	-2.836914
8.810000	2.119141	-2.802734
8.815000	3.959961	-1.591797
8.820000	5.004883	0.078125
8.825000	4.970703	1.489258
8.830000	3.979492	2.187500
8.835000	2.529297	2.055664
8.840000	1.176758	1.328125
8.845000	0.283203	0.405273
8.850000	0.004883	-0.332031
8.855000	0.214844	-0.654297
8.860000	0.634766	-0.522461
8.865000	0.981445	-0.087891
8.870000	1.030273	0.419922
8.875000	0.751953	0.795898
8.880000	0.219727	0.937500
8.885000	-0.400391	0.473633
8.890000	-0.673828	-1.210938
8.895000	0.131836	-2.773438
8.900000	1.943359	-2.861328
8.905000	3.813477	-1.733398
8.910000	4.965820	-0.073242
8.915000	5.004883	1.391602
8.920000	4.091797	2.163086
8.925000	2.666016	2.099609
8.930000	1.279297	1.411133
8.935000	0.341797	0.483398
8.940000	0.009766	-0.288086
8.945000	0.185547	-0.639648
8.950000	0.600586	-0.551758
8.955000	0.957031	-0.136719
8.960000	1.044922	0.371094
8.965000	0.791016	0.771484
8.970000	0.278320	0.937500
8.975000	-0.346680	0.566406
8.980000	-0.683594	-1.030273
8.985000	0.004883	-2.690430
8.990000	1.762695	-2.910156
8.995000	3.671875	-1.865234
9.000000	4.902344	-0.224609
9.005000	5.043945	1.279297
9.010000	4.204102	2.128906
9.015000	2.797852	2.133789
9.020000	1.386719	1.489258
9.025000	0.400391	0.566406
9.030000	0.014648	-0.229492
9.035000	0.151367	-0.629883
9.040000	0.561523	-0.576172
9.045000	0.932617	-0.180664
9.050000	1.044922	0.327148
9.055000	0.820312	0.747070
9.060000	0.322266	0.927734
9.065000	-0.297852	0.639648
9.070000	-0.688477	-0.854492
9.075000	-0.107422	-2.597656
9.080000	1.586914	-2.949219
9.085000	3.520508	-1.997070
9.090000	4.833984	-0.375977
9.095000	5.083008	1.171875
9.100000	4.311523	2.084961
9.105000	2.939453	2.167969
9.110000	1.503906	1.562500
9.115000	0.463867	0.644531
9.120000	0.024414	-0.170898
9.125000	0.126953	-0.610352
9.130000	0.522461	-0.595703
9.135000	0.908203	-0.224609
9.140000	1.049805	0.288086
9.145000	0.854492	0.717773
9.150000	0.375977	0.927734
9.155000	-0.234375	0.712891
9.160000	-0.678711	-0.678711
9.165000	-0.214844	-2.495117
9.170000	1.411133	-2.973633
9.175000	3.369141	-2.114258
9.180000	4.760742	-0.527344
9.185000	5.102539	1.054688
9.190000	4.409180	2.041016
9.195000	3.066406	2.187500
9.200000	1.616211	1.635742
9.205000	0.532227	0.727539
9.210000	0.039062	-0.112305
9.215000	0.102539	-0.595703
9.220000	0.483398	-0.615234
9.225000	0.878906	-0.268555
9.230000	1.054688	0.244141
9.235000	0.888672	0.688477
9.240000	0.429688	0.922852
9.245000	-0.180664	0.771484
9.250000	-0.664062	-0.498047
9.255000	-0.307617	-2.373047
9.260000	1.240234	-2.993164
9.265000	3.203125	-2.236328
9.270000	4.672852	-0.678711
9.275000	5.117188	0.937500
9.280000	4.506836	1.982422
9.285000	3.198242	2.211914
9.290000	1.738281	1.704102
9.295000	0.610352	0.815430
9.300000	0.058594	-0.048828
9.305000	0.073242	-0.571289
9.310000	0.449219	-0.629883
9.315000	0.854492	-0.307617
9.320000	1.044922	0.200195
9.325000	0.917969	0.654297
9.330000	0.478516	0.913086
9.335000	-0.126953	0.820312
9.340000	-0.639648	-0.341797
9.345000	-0.395508	-2.241211
9.350000	1.074219	-3.007812
9.355000	3.037109	-2.343750
9.360000	4.580078	-0.830078
9.365000	5.122070	0.805664
9.370000	4.599609	1.923828
9.375000	3.330078	2.221680
9.380000	1.860352	1.772461
9.385000	0.683594	0.898438
9.390000	0.078125	0.014648
9.395000	0.053711	-0.541992
9.400000	0.405273	-0.639648
9.405000	0.820312	-0.346680
9.410000	1.044922	0.146484
9.415000	0.937500	0.620117
9.420000	0.527344	0.893555
9.425000	-0.073242	0.854492
9.430000	-0.620117	-0.185547
9.435000	-0.463867	-2.104492
9.440000	0.908203	-2.998047
9.445000	2.866211	-2.446289
9.450000	4.477539	-0.981445
9.455000	5.122070	0.673828
9.460000	4.682617	1.855469
9.465000	3.461914	2.231445
9.470000	1.982422	1.831055
9.475000	0.766602	0.981445
9.480000	0.107422	0.083008
9.485000	0.043945	-0.512695
9.490000	0.366211	-0.649414
9.495000	0.791016	-0.385742
9.500000	1.040039	0.107422
9.505000	0.961914	0.585938
9.510000	0.576172	0.883789
9.515000	-0.009766	0.888672
9.520000	-0.585938	-0.039062
9.525000	-0.532227	-1.948242
9.530000	0.742188	-2.978516
9.535000	2.690430	-2.543945
9.540000	4.365234	-1.127930
9.545000	5.107422	0.541992
9.550000	4.755859	1.782227
9.555000	3.583984	2.231445
9.560000	2.114258	1.894531
9.565000	0.859375	1.069336
9.570000	0.141602	0.156250
9.575000	0.024414	-0.473633
9.580000	0.327148	-0.654297
9.585000	0.756836	-0.415039
9.590000	1.030273	0.058594
9.595000	0.986328	0.546875
9.600000	0.620117	0.864258
9.605000	0.039062	0.913086
9.610000	-0.546875	0.102539
9.615000	-0.581055	-1.787109
9.620000	0.590820	-2.954102
9.625000	2.519531	-2.636719
9.630000	4.252930	-1.269531
9.635000	5.087891	0.400391
9.640000	4.833984	1.704102
9.645000	3.710938	2.226562
9.650000	2.241211	1.948242
9.655000	0.952148	1.147461
9.660000	0.180664	0.229492
9.665000	0.014648	-0.434570
9.670000	0.292969	-0.654297
9.675000	0.717773	-0.454102
9.680000	1.020508	0.009766
9.685000	1.000977	0.507812
9.690000	0.664062	0.854492
9.695000	0.097656	0.932617
9.700000	-0.507812	0.229492
9.705000	-0.620117	-1.611328
9.710000	0.439453	-2.910156
9.715000	2.348633	-2.719727
9.720000	4.125977	-1.416016
9.725000	5.058594	0.253906
9.730000	4.892578	1.611328
9.735000	3.828125	2.211914
9.740000	2.373047	2.001953
9.745000	1.049805	1.225586
9.750000	0.224609	0.307617
9.755000	0.009766	-0.395508
9.760000	0.258789	-0.654297
9.765000	0.683594	-0.483398
9.770000	1.000977	-0.039062
9.775000	1.015625	0.468750
9.780000	0.703125	0.825195
9.785000	0.151367	0.932617
9.790000	-0.458984	0.341797
9.795000	-0.644531	-1.435547
9.800000	0.297852	-2.856445
9.805000	2.163086	-2.783203
9.810000	3.989258	-1.557617
9.815000	5.019531	0.112305
9.820000	4.951172	1.513672
9.825000	3.945312	2.192383
9.830000	2.500000	2.050781
9.835000	1.152344	1.308594
9.840000	0.273438	0.385742
9.845000	0.004883	-0.346680
9.850000	0.224609	-0.654297
9.855000	0.649414	-0.517578
9.860000	0.986328	-0.078125
9.865000	1.030273	0.429688
9.870000	0.742188	0.805664
9.875000	0.205078	0.937500
9.880000	-0.415039	0.449219
9.885000	-0.668945	-1.254883
9.890000	0.161133	-2.788086
9.895000	1.987305	-2.846680
9.900000	3.852539	-1.699219
9.905000	4.975586	-0.039062
9.910000	4.995117	1.416016
9.915000	4.062500	2.172852
9.920000	2.631836	2.089844
9.925000	1.250000	1.386719
9.930000	0.322266	0.463867
9.935000	0.004883	-0.297852
9.940000	0.190430	-0.644531
9.945000	0.610352	-0.541992
9.950000	0.961914	-0.126953
9.955000	1.040039	0.380859
9.960000	0.776367	0.776367
9.965000	0.263672	0.932617
9.970000	-0.356445	0.541992
9.975000	-0.678711	-1.079102
9.980000	0.039062	-2.714844
9.985000	1.806641	-2.900391
9.990000	3.710938	-1.835938
9.995000	4.921875	-0.180664
10.000000	5.039062	1.313477
