# Time_s	x	xdot
0.000000	2.773438	2.138672
0.005000	1.357422	1.474609
0.010000	0.380859	0.541992
0.015000	0.014648	-0.258789
0.020000	0.175781	-0.649414
0.025000	0.595703	-0.581055
0.030000	0.966797	-0.175781
0.035000	1.083984	0.346680
0.040000	0.849609	0.761719
0.045000	0.332031	0.942383
0.050000	-0.288086	0.654297
0.055000	-0.683594	-0.839844
0.060000	-0.117188	-2.597656
0.065000	1.582031	-2.968750
0.070000	3.530273	-2.016602
0.075000	4.853516	-0.390625
0.080000	5.107422	1.171875
0.085000	4.335938	2.094727
0.090000	2.958984	2.177734
0.095000	1.518555	1.572266
0.100000	0.473633	0.654297
0.105000	0.029297	-0.175781
0.110000	0.136719	-0.629883
0.115000	0.537109	-0.605469
0.120000	0.932617	-0.239258
0.125000	1.083984	0.283203
0.130000	0.898438	0.722656
0.135000	0.415039	0.932617
0.140000	-0.209961	0.747070
0.145000	-0.673828	-0.600586
0.150000	-0.258789	-2.446289
0.155000	1.333008	-2.998047
0.160000	3.300781	-2.187500
0.165000	4.741211	-0.605469
0.170000	5.131836	1.000977
0.175000	4.477539	2.026367
0.180000	3.144531	2.211914
0.185000	1.684570	1.674805
0.190000	0.571289	0.766602
0.195000	0.048828	-0.092773
0.200000	0.102539	-0.600586
0.205000	0.483398	-0.634766
0.210000	0.893555	-0.297852
0.215000	1.083984	0.219727
0.220000	0.932617	0.678711
0.225000	0.483398	0.922852
0.230000	-0.131836	0.820312
0.235000	-0.639648	-0.361328
0.240000	-0.380859	-2.270508
0.245000	1.103516	-3.012695
0.250000	3.076172	-2.343750
0.255000	4.609375	-0.815430
0.260000	5.146484	0.825195
0.265000	4.609375	1.943359
0.270000	3.330078	2.236328
0.275000	1.850586	1.772461
0.280000	0.678711	0.888672
0.285000	0.078125	0.000000
0.290000	0.068359	-0.561523
0.295000	0.424805	-0.654297
0.300000	0.849609	-0.351562
0.305000	1.083984	0.151367
0.310000	0.966797	0.625000
0.315000	0.551758	0.908203
0.320000	-0.048828	0.874023
0.325000	-0.610352	-0.141602
0.330000	-0.488281	-2.070312
0.335000	0.869141	-3.007812
0.340000	2.836914	-2.485352
0.345000	4.467773	-1.025391
0.350000	5.141602	0.644531
0.355000	4.726562	1.850586
0.360000	3.510742	2.241211
0.365000	2.026367	1.860352
0.370000	0.795898	1.005859
0.375000	0.126953	0.097656
0.380000	0.043945	-0.517578
0.385000	0.375977	-0.668945
0.390000	0.805664	-0.400391
0.395000	1.069336	0.092773
0.400000	1.005859	0.581055
0.405000	0.615234	0.888672
0.410000	0.024414	0.913086
0.415000	-0.561523	0.058594
0.420000	-0.566406	-1.845703
0.425000	0.644531	-2.973633
0.430000	2.587891	-2.612305
0.435000	4.306641	-1.230469
0.440000	5.117188	0.449219
0.445000	4.833984	1.733398
0.450000	3.691406	2.241211
0.455000	2.211914	1.938477
0.460000	0.922852	1.123047
0.465000	0.170898	0.200195
0.470000	0.029297	-0.463867
0.475000	0.317383	-0.673828
0.480000	0.761719	-0.454102
0.485000	1.049805	0.024414
0.490000	1.030273	0.527344
0.495000	0.678711	0.859375
0.500000	0.107422	0.932617
0.505000	-0.498047	0.239258
0.510000	-0.620117	-1.606445
0.515000	0.439453	-2.915039
0.520000	2.343750	-2.729492
0.525000	4.135742	-1.430664
0.530000	5.078125	0.249023
0.535000	4.921875	1.611328
0.540000	3.857422	2.221680
0.545000	2.392578	2.011719
0.550000	1.059570	1.240234
0.555000	0.229492	0.307617
0.560000	0.019531	-0.400391
0.565000	0.268555	-0.678711
0.570000	0.703125	-0.498047
0.575000	1.030273	-0.043945
0.580000	1.049805	0.468750
0.585000	0.737305	0.830078
0.590000	0.185547	0.947266
0.595000	-0.434570	0.395508
0.600000	-0.659180	-1.357422
0.605000	0.239258	-2.841797
0.610000	2.099609	-2.822266
0.615000	3.950195	-1.625977
0.620000	5.024414	0.043945
0.625000	4.990234	1.479492
0.630000	4.018555	2.197266
0.635000	2.573242	2.080078
0.640000	1.206055	1.347656
0.645000	0.297852	0.415039
0.650000	0.014648	-0.336914
0.655000	0.224609	-0.659180
0.660000	0.649414	-0.546875
0.665000	1.000977	-0.107422
0.670000	1.069336	0.415039
0.675000	0.791016	0.800781
0.680000	0.263672	0.947266
0.685000	-0.366211	0.532227
0.690000	-0.683594	-1.108398
0.695000	0.058594	-2.734375
0.700000	1.845703	-2.905273
0.705000	3.745117	-1.821289
0.710000	4.951172	-0.166016
0.715000	5.053711	1.333008
0.720000	4.179688	2.158203
0.725000	2.758789	2.133789
0.730000	1.347656	1.459961
0.735000	0.375977	0.527344
0.740000	0.014648	-0.263672
0.745000	0.175781	-0.649414
0.750000	0.605469	-0.576172
0.755000	0.971680	-0.166016
0.760000	1.083984	0.346680
0.765000	0.844727	0.761719
0.770000	0.332031	0.942383
0.775000	-0.292969	0.644531
0.780000	-0.683594	-0.859375
0.785000	-0.102539	-2.607422
0.790000	1.596680	-2.958984
0.795000	3.544922	-2.001953
0.800000	4.858398	-0.375977
0.805000	5.102539	1.181641
0.810000	4.331055	2.099609
0.815000	2.949219	2.172852
0.820000	1.503906	1.567383
0.825000	0.463867	0.639648
0.830000	0.029297	-0.185547
0.835000	0.136719	-0.629883
0.840000	0.541992	-0.605469
0.845000	0.937500	-0.229492
0.850000	1.083984	0.288086
0.855000	0.888672	0.727539
0.860000	0.405273	0.927734
0.865000	-0.214844	0.737305
0.870000	-0.673828	-0.615234
0.875000	-0.249023	-2.460938
0.880000	1.352539	-2.998047
0.885000	3.320312	-2.167969
0.890000	4.750977	-0.585938
0.895000	5.131836	1.015625
0.900000	4.467773	2.026367
0.905000	3.129883	2.211914
0.910000	1.669922	1.665039
0.915000	0.561523	0.761719
0.920000	0.048828	-0.097656
0.925000	0.102539	-0.595703
0.930000	0.488281	-0.634766
0.935000	0.898438	-0.288086
0.940000	1.083984	0.224609
0.945000	0.927734	0.683594
0.950000	0.478516	0.922852
0.955000	-0.136719	0.810547
0.960000	-0.644531	-0.375977
0.965000	-0.375977	-2.280273
0.970000	1.118164	-3.017578
0.975000	3.090820	-2.329102
0.980000	4.624023	-0.800781
0.985000	5.146484	0.844727
0.990000	4.599609	1.948242
0.995000	3.315430	2.231445
1.000000	1.840820	1.762695
1.005000	0.668945	0.874023
1.010000	0.078125	-0.004883
1.015000	0.068359	-0.561523
1.020000	0.434570	-0.654297
1.025000	0.854492	-0.341797
1.030000	1.079102	0.156250
1.035000	0.966797	0.634766
1.040000	0.546875	0.908203
1.045000	-0.058594	0.869141
1.050000	-0.615234	-0.161133
1.055000	-0.478516	-2.089844
1.060000	0.893555	-3.007812
1.065000	2.856445	-2.480469
1.070000	4.482422	-1.010742
1.075000	5.146484	0.654297
1.080000	4.716797	1.855469
1.085000	3.496094	2.246094
1.090000	2.011719	1.855469
1.095000	0.786133	0.996094
1.100000	0.117188	0.087891
1.105000	0.043945	-0.517578
1.110000	0.380859	-0.664062
1.115000	0.810547	-0.400391
1.120000	1.069336	0.092773
1.125000	1.000977	0.581055
1.130000	0.615234	0.883789
1.135000	0.019531	0.908203
1.140000	-0.566406	0.034180
1.145000	-0.556641	-1.865234
1.150000	0.664062	-2.978516
1.155000	2.607422	-2.607422
1.160000	4.326172	-1.220703
1.165000	5.122070	0.463867
1.170000	4.824219	1.743164
1.175000	3.676758	2.236328
1.180000	2.197266	1.933594
1.185000	0.913086	1.113281
1.190000	0.166016	0.190430
1.195000	0.029297	-0.468750
1.200000	0.322266	-0.673828
1.205000	0.761719	-0.449219
1.210000	1.049805	0.029297
1.215000	1.030273	0.532227
1.220000	0.673828	0.864258
1.225000	0.097656	0.927734
1.230000	-0.507812	0.224609
1.235000	-0.620117	-1.625977
1.240000	0.454102	-2.924805
1.245000	2.368164	-2.724609
1.250000	4.150391	-1.416016
1.255000	5.087891	0.263672
1.260000	4.916992	1.625977
1.265000	3.837891	2.226562
1.270000	2.382812	2.006836
1.275000	1.044922	1.230469
1.280000	0.224609	0.302734
1.285000	0.019531	-0.405273
1.290000	0.273438	-0.673828
1.295000	0.712891	-0.493164
1.300000	1.035156	-0.034180
1.305000	1.049805	0.473633
1.310000	0.732422	0.834961
1.315000	0.175781	0.942383
1.320000	-0.444336	0.380859
1.325000	-0.654297	-1.381836
1.330000	0.253906	-2.851562
1.335000	2.119141	-2.822266
1.340000	3.969727	-1.611328
1.345000	5.029297	0.063477
1.350000	4.990234	1.494141
1.355000	4.008789	2.202148
1.360000	2.553711	2.075195
1.365000	1.191406	1.337891
1.370000	0.292969	0.410156
1.375000	0.009766	-0.341797
1.380000	0.224609	-0.664062
1.385000	0.659180	-0.541992
1.390000	1.005859	-0.102539
1.395000	1.064453	0.415039
1.400000	0.791016	0.800781
1.405000	0.253906	0.947266
1.410000	-0.371094	0.522461
1.415000	-0.678711	-1.132812
1.420000	0.073242	-2.744141
1.425000	1.870117	-2.895508
1.430000	3.764648	-1.806641
1.435000	4.960938	-0.146484
1.440000	5.053711	1.347656
1.445000	4.165039	2.158203
1.450000	2.744141	2.133789
1.455000	1.333008	1.450195
1.460000	0.371094	0.522461
1.465000	0.014648	-0.268555
1.470000	0.175781	-0.649414
1.475000	0.605469	-0.576172
1.480000	0.971680	-0.161133
1.485000	1.079102	0.356445
1.490000	0.844727	0.766602
1.495000	0.327148	0.942383
1.500000	-0.297852	0.634766
1.505000	-0.688477	-0.878906
1.510000	-0.092773	-2.622070
1.515000	1.616211	-2.958984
1.520000	3.559570	-1.987305
1.525000	4.868164	-0.356445
1.530000	5.102539	1.196289
1.535000	4.316406	2.099609
1.540000	2.934570	2.177734
1.545000	1.489258	1.557617
1.550000	0.463867	0.634766
1.555000	0.024414	-0.190430
1.560000	0.141602	-0.629883
1.565000	0.546875	-0.605469
1.570000	0.937500	-0.229492
1.575000	1.083984	0.292969
1.580000	0.883789	0.727539
1.585000	0.400391	0.932617
1.590000	-0.224609	0.732422
1.595000	-0.673828	-0.634766
1.600000	-0.239258	-2.470703
1.605000	1.376953	-2.998047
1.610000	3.339844	-2.158203
1.615000	4.760742	-0.571289
1.620000	5.131836	1.030273
1.625000	4.458008	2.036133
1.630000	3.115234	2.207031
1.635000	1.655273	1.660156
1.640000	0.556641	0.747070
1.645000	0.048828	-0.102539
1.650000	0.102539	-0.605469
1.655000	0.493164	-0.634766
1.660000	0.903320	-0.283203
1.665000	1.083984	0.224609
1.670000	0.927734	0.688477
1.675000	0.468750	0.922852
1.680000	-0.141602	0.805664
1.685000	-0.649414	-0.400391
1.690000	-0.366211	-2.299805
1.695000	1.142578	-3.017578
1.700000	3.110352	-2.314453
1.705000	4.638672	-0.776367
1.710000	5.146484	0.859375
1.715000	4.589844	1.953125
1.720000	3.305664	2.231445
1.725000	1.826172	1.757812
1.730000	0.664062	0.869141
1.735000	0.073242	-0.014648
1.740000	0.073242	-0.561523
1.745000	0.439453	-0.649414
1.750000	0.859375	-0.336914
1.755000	1.083984	0.166016
1.760000	0.966797	0.634766
1.765000	0.541992	0.908203
1.770000	-0.063477	0.869141
1.775000	-0.615234	-0.175781
1.780000	-0.473633	-2.099609
1.785000	0.908203	-3.007812
1.790000	2.875977	-2.460938
1.795000	4.492188	-0.991211
1.800000	5.146484	0.668945
1.805000	4.707031	1.860352
1.810000	3.481445	2.241211
1.815000	2.001953	1.845703
1.820000	0.781250	0.986328
1.825000	0.112305	0.083008
1.830000	0.043945	-0.522461
1.835000	0.380859	-0.668945
1.840000	0.815430	-0.400391
1.845000	1.069336	0.097656
1.850000	1.000977	0.585938
1.855000	0.605469	0.888672
1.860000	0.014648	0.903320
1.865000	-0.566406	0.024414
1.870000	-0.551758	-1.889648
1.875000	0.683594	-2.978516
1.880000	2.626953	-2.597656
1.885000	4.335938	-1.201172
1.890000	5.126953	0.483398
1.895000	4.814453	1.757812
1.900000	3.662109	2.241211
1.905000	2.182617	1.928711
1.910000	0.903320	1.103516
1.915000	0.161133	0.185547
1.920000	0.029297	-0.468750
1.925000	0.327148	-0.673828
1.930000	0.766602	-0.444336
1.935000	1.049805	0.034180
1.940000	1.025391	0.537109
1.945000	0.668945	0.864258
1.950000	0.092773	0.927734
1.955000	-0.512695	0.209961
1.960000	-0.615234	-1.645508
1.965000	0.468750	-2.929688
1.970000	2.387695	-2.709961
1.975000	4.165039	-1.396484
1.980000	5.087891	0.278320
1.985000	4.907227	1.635742
1.990000	3.828125	2.226562
1.995000	2.363281	1.997070
2.000000	1.035156	1.220703
2.005000	0.224609	0.288086
2.010000	0.019531	-0.415039
2.015000	0.278320	-0.673828
2.020000	0.712891	-0.488281
2.025000	1.035156	-0.029297
2.030000	1.044922	0.473633
2.035000	0.727539	0.839844
2.040000	0.170898	0.942383
2.045000	-0.444336	0.371094
2.050000	-0.659180	-1.396484
2.055000	0.268555	-2.856445
2.060000	2.138672	-2.812500
2.065000	3.979492	-1.596680
2.070000	5.034180	0.078125
2.075000	4.985352	1.503906
2.080000	3.994141	2.202148
2.085000	2.539062	2.065430
2.090000	1.181641	1.333008
2.095000	0.288086	0.400391
2.100000	0.009766	-0.346680
2.105000	0.229492	-0.668945
2.110000	0.659180	-0.537109
2.115000	1.005859	-0.097656
2.120000	1.064453	0.415039
2.125000	0.781250	0.805664
2.130000	0.244141	0.947266
2.135000	-0.375977	0.512695
2.140000	-0.678711	-1.152344
2.145000	0.087891	-2.753906
2.150000	1.889648	-2.890625
2.155000	3.784180	-1.787109
2.160000	4.965820	-0.126953
2.165000	5.048828	1.362305
2.170000	4.150391	2.167969
2.175000	2.729492	2.124023
2.180000	1.323242	1.445312
2.185000	0.361328	0.507812
2.190000	0.019531	-0.278320
2.195000	0.185547	-0.654297
2.200000	0.610352	-0.576172
2.205000	0.981445	-0.161133
2.210000	1.083984	0.361328
2.215000	0.834961	0.766602
2.220000	0.322266	0.942383
2.225000	-0.302734	0.629883
2.230000	-0.683594	-0.898438
2.235000	-0.078125	-2.631836
2.240000	1.635742	-2.954102
2.245000	3.579102	-1.972656
2.250000	4.877930	-0.336914
2.255000	5.097656	1.206055
2.260000	4.306641	2.109375
2.265000	2.915039	2.172852
2.270000	1.479492	1.552734
2.275000	0.449219	0.625000
2.280000	0.024414	-0.195312
2.285000	0.141602	-0.634766
2.290000	0.551758	-0.605469
2.295000	0.942383	-0.219727
2.300000	1.083984	0.297852
2.305000	0.883789	0.732422
2.310000	0.395508	0.932617
2.315000	-0.229492	0.727539
2.320000	-0.673828	-0.654297
2.325000	-0.224609	-2.480469
2.330000	1.391602	-2.993164
2.335000	3.359375	-2.148438
2.340000	4.765625	-0.551758
2.345000	5.131836	1.044922
2.350000	4.448242	2.041016
2.355000	3.100586	2.211914
2.360000	1.645508	1.650391
2.365000	0.546875	0.742188
2.370000	0.048828	-0.112305
2.375000	0.107422	-0.605469
2.380000	0.493164	-0.629883
2.385000	0.903320	-0.278320
2.390000	1.083984	0.234375
2.395000	0.927734	0.683594
2.400000	0.463867	0.922852
2.405000	-0.151367	0.805664
2.410000	-0.649414	-0.419922
2.415000	-0.351562	-2.314453
2.420000	1.157227	-3.012695
2.425000	3.129883	-2.304688
2.430000	4.643555	-0.766602
2.435000	5.146484	0.869141
2.440000	4.580078	1.958008
2.445000	3.286133	2.231445
2.450000	1.816406	1.748047
2.455000	0.654297	0.859375
2.460000	0.073242	-0.024414
2.465000	0.073242	-0.566406
2.470000	0.439453	-0.654297
2.475000	0.864258	-0.336914
2.480000	1.083984	0.170898
2.485000	0.966797	0.639648
2.490000	0.537109	0.913086
2.495000	-0.068359	0.859375
2.500000	-0.620117	-0.195312
2.505000	-0.463867	-2.119141
2.510000	0.922852	-3.012695
2.515000	2.890625	-2.456055
2.520000	4.506836	-0.976562
2.525000	5.146484	0.683594
2.530000	4.697266	1.865234
2.535000	3.466797	2.246094
2.540000	1.987305	1.840820
2.545000	0.771484	0.981445
2.550000	0.112305	0.073242
2.555000	0.048828	-0.527344
2.560000	0.385742	-0.664062
2.565000	0.815430	-0.390625
2.570000	1.069336	0.107422
2.575000	0.996094	0.595703
2.580000	0.605469	0.888672
2.585000	0.004883	0.903320
2.590000	-0.576172	0.004883
2.595000	-0.551758	-1.899414
2.600000	0.698242	-2.983398
2.605000	2.646484	-2.587891
2.610000	4.350586	-1.186523
2.615000	5.126953	0.493164
2.620000	4.804688	1.767578
2.625000	3.647461	2.246094
2.630000	2.163086	1.918945
2.635000	0.893555	1.093750
2.640000	0.156250	0.175781
2.645000	0.029297	-0.473633
2.650000	0.332031	-0.673828
2.655000	0.766602	-0.444336
2.660000	1.054688	0.039062
2.665000	1.025391	0.541992
2.670000	0.668945	0.869141
2.675000	0.083008	0.927734
2.680000	-0.517578	0.195312
2.685000	-0.610352	-1.669922
2.690000	0.488281	-2.934570
2.695000	2.407227	-2.705078
2.700000	4.179688	-1.381836
2.705000	5.092773	0.297852
2.710000	4.902344	1.640625
2.715000	3.813477	2.231445
2.720000	2.343750	1.997070
2.725000	1.020508	1.215820
2.730000	0.214844	0.283203
2.735000	0.014648	-0.415039
2.740000	0.278320	-0.673828
2.745000	0.717773	-0.483398
2.750000	1.040039	-0.024414
2.755000	1.044922	0.483398
2.760000	0.727539	0.839844
2.765000	0.161133	0.937500
2.770000	-0.454102	0.356445
2.775000	-0.649414	-1.420898
2.780000	0.288086	-2.861328
2.785000	2.158203	-2.802734
2.790000	3.994141	-1.577148
2.795000	5.039062	0.097656
2.800000	4.980469	1.513672
2.805000	3.979492	2.202148
2.810000	2.524414	2.060547
2.815000	1.166992	1.318359
2.820000	0.283203	0.390625
2.825000	0.009766	-0.351562
2.830000	0.229492	-0.668945
2.835000	0.664062	-0.532227
2.840000	1.010742	-0.087891
2.845000	1.064453	0.424805
2.850000	0.781250	0.805664
2.855000	0.239258	0.942383
2.860000	-0.380859	0.498047
2.865000	-0.678711	-1.176758
2.870000	0.102539	-2.763672
2.875000	1.904297	-2.885742
2.880000	3.798828	-1.772461
2.885000	4.975586	-0.112305
2.890000	5.043945	1.372070
2.895000	4.140625	2.167969
2.900000	2.714844	2.124023
2.905000	1.308594	1.435547
2.910000	0.356445	0.502930
2.915000	0.014648	-0.283203
2.920000	0.185547	-0.649414
2.925000	0.610352	-0.566406
2.930000	0.981445	-0.156250
2.935000	1.079102	0.361328
2.940000	0.834961	0.776367
2.945000	0.317383	0.942383
2.950000	-0.307617	0.620117
2.955000	-0.683594	-0.917969
2.960000	-0.063477	-2.641602
2.965000	1.660156	-2.949219
2.970000	3.593750	-1.953125
2.975000	4.882812	-0.322266
2.980000	5.092773	1.220703
2.985000	4.291992	2.114258
2.990000	2.900391	2.167969
2.995000	1.464844	1.538086
3.000000	0.444336	0.615234
3.005000	0.024414	-0.205078
3.010000	0.146484	-0.634766
3.015000	0.556641	-0.600586
3.020000	0.947266	-0.214844
3.025000	1.083984	0.297852
3.030000	0.878906	0.737305
3.035000	0.385742	0.932617
3.040000	-0.234375	0.717773
3.045000	-0.678711	-0.673828
3.050000	-0.214844	-2.495117
3.055000	1.411133	-2.993164
3.060000	3.374023	-2.133789
3.065000	4.775391	-0.537109
3.070000	5.126953	1.054688
3.075000	4.433594	2.050781
3.080000	3.085938	2.202148
3.085000	1.630859	1.645508
3.090000	0.537109	0.732422
3.095000	0.039062	-0.117188
3.100000	0.107422	-0.605469
3.105000	0.502930	-0.629883
3.110000	0.908203	-0.278320
3.115000	1.079102	0.234375
3.120000	0.922852	0.688477
3.125000	0.458984	0.927734
3.130000	-0.156250	0.800781
3.135000	-0.659180	-0.434570
3.140000	-0.341797	-2.324219
3.145000	1.176758	-3.012695
3.150000	3.144531	-2.294922
3.155000	4.658203	-0.747070
3.160000	5.146484	0.883789
3.165000	4.565430	1.967773
3.170000	3.271484	2.231445
3.175000	1.796875	1.738281
3.180000	0.644531	0.844727
3.185000	0.068359	-0.029297
3.190000	0.078125	-0.571289
3.195000	0.444336	-0.644531
3.200000	0.864258	-0.332031
3.205000	1.083984	0.170898
3.210000	0.961914	0.644531
3.215000	0.532227	0.913086
3.220000	-0.078125	0.854492
3.225000	-0.625000	-0.214844
3.230000	-0.454102	-2.138672
3.235000	0.942383	-3.012695
3.240000	2.915039	-2.446289
3.245000	4.516602	-0.961914
3.250000	5.146484	0.703125
3.255000	4.692383	1.879883
3.260000	3.452148	2.241211
3.265000	1.972656	1.831055
3.270000	0.756836	0.966797
3.275000	0.102539	0.063477
3.280000	0.053711	-0.532227
3.285000	0.390625	-0.664062
3.290000	0.820312	-0.390625
3.295000	1.074219	0.107422
3.300000	0.996094	0.595703
3.305000	0.595703	0.888672
3.310000	0.000000	0.898438
3.315000	-0.576172	-0.004883
3.320000	-0.541992	-1.918945
3.325000	0.717773	-2.983398
3.330000	2.666016	-2.578125
3.335000	4.360352	-1.171875
3.340000	5.122070	0.507812
3.345000	4.799805	1.767578
3.350000	3.632812	2.246094
3.355000	2.148438	1.914062
3.360000	0.883789	1.088867
3.365000	0.151367	0.166016
3.370000	0.029297	-0.478516
3.375000	0.336914	-0.668945
3.380000	0.771484	-0.439453
3.385000	1.059570	0.043945
3.390000	1.025391	0.541992
3.395000	0.664062	0.869141
3.400000	0.078125	0.927734
3.405000	-0.522461	0.180664
3.410000	-0.610352	-1.689453
3.415000	0.502930	-2.939453
3.420000	2.426758	-2.695312
3.425000	4.194336	-1.367188
3.430000	5.097656	0.317383
3.435000	4.892578	1.655273
3.440000	3.798828	2.231445
3.445000	2.333984	1.987305
3.450000	1.015625	1.206055
3.455000	0.209961	0.273438
3.460000	0.019531	-0.424805
3.465000	0.288086	-0.673828
3.470000	0.722656	-0.488281
3.475000	1.040039	-0.019531
3.480000	1.044922	0.488281
3.485000	0.717773	0.844727
3.490000	0.156250	0.937500
3.495000	-0.458984	0.341797
3.500000	-0.644531	-1.440430
3.505000	0.302734	-2.866211
3.510000	2.177734	-2.797852
3.515000	4.008789	-1.567383
3.520000	5.039062	0.112305
3.525000	4.975586	1.528320
3.530000	3.969727	2.207031
3.535000	2.509766	2.055664
3.540000	1.157227	1.313477
3.545000	0.273438	0.375977
3.550000	0.009766	-0.361328
3.555000	0.239258	-0.668945
3.560000	0.668945	-0.527344
3.565000	1.010742	-0.083008
3.570000	1.064453	0.424805
3.575000	0.776367	0.810547
3.580000	0.229492	0.942383
3.585000	-0.385742	0.488281
3.590000	-0.673828	-1.191406
3.595000	0.117188	-2.778320
3.600000	1.923828	-2.880859
3.605000	3.813477	-1.757812
3.610000	4.975586	-0.097656
3.615000	5.039062	1.381836
3.620000	4.125977	2.167969
3.625000	2.700195	2.119141
3.630000	1.298828	1.425781
3.635000	0.351562	0.493164
3.640000	0.014648	-0.288086
3.645000	0.190430	-0.654297
3.650000	0.615234	-0.566406
3.655000	0.981445	-0.151367
3.660000	1.079102	0.375977
3.665000	0.830078	0.776367
3.670000	0.312500	0.937500
3.675000	-0.317383	0.610352
3.680000	-0.688477	-0.937500
3.685000	-0.053711	-2.651367
3.690000	1.679688	-2.944336
3.695000	3.613281	-1.943359
3.700000	4.892578	-0.307617
3.705000	5.087891	1.235352
3.710000	4.282227	2.114258
3.715000	2.885742	2.163086
3.720000	1.455078	1.533203
3.725000	0.434570	0.610352
3.730000	0.019531	-0.205078
3.735000	0.146484	-0.634766
3.740000	0.561523	-0.600586
3.745000	0.947266	-0.209961
3.750000	1.083984	0.307617
3.755000	0.874023	0.737305
3.760000	0.385742	0.932617
3.765000	-0.234375	0.712891
3.770000	-0.673828	-0.693359
3.775000	-0.205078	-2.514648
3.780000	1.430664	-2.988281
3.785000	3.393555	-2.119141
3.790000	4.790039	-0.517578
3.795000	5.122070	1.074219
3.800000	4.423828	2.050781
3.805000	3.071289	2.197266
3.810000	1.616211	1.635742
3.815000	0.532227	0.717773
3.820000	0.039062	-0.126953
3.825000	0.112305	-0.610352
3.830000	0.507812	-0.625000
3.835000	0.917969	-0.268555
3.840000	1.083984	0.244141
3.845000	0.922852	0.693359
3.850000	0.454102	0.927734
3.855000	-0.161133	0.791016
3.860000	-0.654297	-0.454102
3.865000	-0.336914	-2.343750
3.870000	1.191406	-3.012695
3.875000	3.164062	-2.280273
3.880000	4.663086	-0.727539
3.885000	5.146484	0.898438
3.890000	4.560547	1.977539
3.895000	3.256836	2.221680
3.900000	1.787109	1.733398
3.905000	0.634766	0.839844
3.910000	0.063477	-0.034180
3.915000	0.083008	-0.571289
3.920000	0.449219	-0.644531
3.925000	0.869141	-0.327148
3.930000	1.083984	0.180664
3.935000	0.957031	0.649414
3.940000	0.522461	0.913086
3.945000	-0.083008	0.849609
3.950000	-0.625000	-0.229492
3.955000	-0.449219	-2.153320
3.960000	0.961914	-3.012695
3.965000	2.929688	-2.431641
3.970000	4.526367	-0.937500
3.975000	5.146484	0.717773
3.980000	4.677734	1.884766
3.985000	3.442383	2.241211
3.990000	1.958008	1.826172
3.995000	0.751953	0.957031
4.000000	0.102539	0.058594
4.005000	0.053711	-0.537109
4.010000	0.395508	-0.664062
4.015000	0.820312	-0.385742
4.020000	1.074219	0.112305
4.025000	0.991211	0.605469
4.030000	0.590820	0.893555
4.035000	-0.004883	0.898438
4.040000	-0.581055	-0.024414
4.045000	-0.537109	-1.938477
4.050000	0.737305	-2.988281
4.055000	2.690430	-2.563477
4.060000	4.375000	-1.152344
4.065000	5.131836	0.527344
4.070000	4.790039	1.782227
4.075000	3.618164	2.241211
4.080000	2.138672	1.909180
4.085000	0.874023	1.074219
4.090000	0.151367	0.156250
4.095000	0.034180	-0.483398
4.100000	0.336914	-0.673828
4.105000	0.771484	-0.434570
4.110000	1.059570	0.048828
4.115000	1.020508	0.546875
4.120000	0.649414	0.874023
4.125000	0.073242	0.922852
4.130000	-0.527344	0.166016
4.135000	-0.600586	-1.708984
4.140000	0.522461	-2.944336
4.145000	2.446289	-2.685547
4.150000	4.204102	-1.352539
4.155000	5.097656	0.327148
4.160000	4.887695	1.665039
4.165000	3.784180	2.236328
4.170000	2.319336	1.982422
4.175000	1.005859	1.191406
4.180000	0.209961	0.263672
4.185000	0.019531	-0.429688
4.190000	0.288086	-0.673828
4.195000	0.727539	-0.478516
4.200000	1.035156	-0.019531
4.205000	1.044922	0.493164
4.210000	0.717773	0.844727
4.215000	0.151367	0.937500
4.220000	-0.468750	0.327148
4.225000	-0.644531	-1.464844
4.230000	0.322266	-2.875977
4.235000	2.197266	-2.788086
4.240000	4.028320	-1.547852
4.245000	5.048828	0.131836
4.250000	4.970703	1.538086
4.255000	3.955078	2.207031
4.260000	2.500000	2.050781
4.265000	1.142578	1.303711
4.270000	0.268555	0.371094
4.275000	0.009766	-0.361328
4.280000	0.239258	-0.668945
4.285000	0.673828	-0.522461
4.290000	1.010742	-0.078125
4.295000	1.064453	0.434570
4.300000	0.771484	0.815430
4.305000	0.229492	0.947266
4.310000	-0.395508	0.478516
4.315000	-0.673828	-1.215820
4.320000	0.126953	-2.783203
4.325000	1.948242	-2.875977
4.330000	3.833008	-1.748047
4.335000	4.980469	-0.078125
4.340000	5.034180	1.396484
4.345000	4.111328	2.172852
4.350000	2.685547	2.109375
4.355000	1.279297	1.411133
4.360000	0.346680	0.483398
4.365000	0.009766	-0.297852
4.370000	0.200195	-0.654297
4.375000	0.620117	-0.561523
4.380000	0.986328	-0.141602
4.385000	1.079102	0.375977
4.390000	0.825195	0.776367
4.395000	0.302734	0.942383
4.400000	-0.322266	0.600586
4.405000	-0.683594	-0.961914
4.410000	-0.039062	-2.661133
4.415000	1.699219	-2.939453
4.420000	3.627930	-1.928711
4.425000	4.897461	-0.288086
4.430000	5.087891	1.245117
4.435000	4.267578	2.124023
4.440000	2.866211	2.163086
4.445000	1.440430	1.523438
4.450000	0.434570	0.595703
4.455000	0.019531	-0.214844
4.460000	0.151367	-0.634766
4.465000	0.566406	-0.595703
4.470000	0.947266	-0.205078
4.475000	1.079102	0.312500
4.480000	0.874023	0.742188
4.485000	0.380859	0.937500
4.490000	-0.249023	0.703125
4.495000	-0.678711	-0.712891
4.500000	-0.190430	-2.524414
4.505000	1.455078	-2.983398
4.510000	3.417969	-2.104492
4.515000	4.799805	-0.498047
4.520000	5.122070	1.079102
4.525000	4.409180	2.060547
4.530000	3.056641	2.197266
4.535000	1.601562	1.625977
4.540000	0.522461	0.712891
4.545000	0.039062	-0.131836
4.550000	0.112305	-0.615234
4.555000	0.507812	-0.625000
4.560000	0.917969	-0.268555
4.565000	1.083984	0.249023
4.570000	0.917969	0.693359
4.575000	0.449219	0.927734
4.580000	-0.166016	0.786133
4.585000	-0.659180	-0.473633
4.590000	-0.327148	-2.353516
4.595000	1.220703	-3.007812
4.600000	3.183594	-2.270508
4.605000	4.682617	-0.712891
4.610000	5.141602	0.913086
4.615000	4.545898	1.987305
4.620000	3.237305	2.226562
4.625000	1.772461	1.723633
4.630000	0.625000	0.830078
4.635000	0.068359	-0.043945
4.640000	0.083008	-0.576172
4.645000	0.454102	-0.639648
4.650000	0.874023	-0.322266
4.655000	1.083984	0.185547
4.660000	0.952148	0.649414
4.665000	0.522461	0.917969
4.670000	-0.087891	0.849609
4.675000	-0.629883	-0.249023
4.680000	-0.439453	-2.167969
4.685000	0.981445	-3.012695
4.690000	2.954102	-2.421875
4.695000	4.536133	-0.927734
4.700000	5.146484	0.732422
4.705000	4.672852	1.889648
4.710000	3.422852	2.236328
4.715000	1.943359	1.816406
4.720000	0.737305	0.947266
4.725000	0.102539	0.048828
4.730000	0.053711	-0.537109
4.735000	0.400391	-0.659180
4.740000	0.830078	-0.380859
4.745000	1.079102	0.122070
4.750000	0.991211	0.605469
4.755000	0.585938	0.893555
4.760000	-0.009766	0.893555
4.765000	-0.585938	-0.039062
4.770000	-0.532227	-1.958008
4.775000	0.756836	-2.993164
4.780000	2.709961	-2.558594
4.785000	4.389648	-1.132812
4.790000	5.131836	0.541992
4.795000	4.780273	1.791992
4.800000	3.603516	2.246094
4.805000	2.124023	1.894531
4.810000	0.859375	1.064453
4.815000	0.146484	0.151367
4.820000	0.029297	-0.488281
4.825000	0.341797	-0.678711
4.830000	0.781250	-0.429688
4.835000	1.059570	0.053711
4.840000	1.015625	0.551758
4.845000	0.649414	0.874023
4.850000	0.063477	0.922852
4.855000	-0.532227	0.151367
4.860000	-0.600586	-1.728516
4.865000	0.541992	-2.949219
4.870000	2.465820	-2.675781
4.875000	4.223633	-1.333008
4.880000	5.107422	0.346680
4.885000	4.882812	1.674805
4.890000	3.769531	2.231445
4.895000	2.304688	1.977539
4.900000	0.991211	1.181641
4.905000	0.200195	0.253906
4.910000	0.019531	-0.434570
4.915000	0.297852	-0.673828
4.920000	0.732422	-0.478516
4.925000	1.044922	-0.009766
4.930000	1.044922	0.493164
4.935000	0.712891	0.849609
4.940000	0.146484	0.937500
4.945000	-0.468750	0.317383
4.950000	-0.639648	-1.479492
4.955000	0.332031	-2.880859
4.960000	2.216797	-2.783203
4.965000	4.042969	-1.533203
4.970000	5.048828	0.146484
4.975000	4.965820	1.547852
4.980000	3.940430	2.216797
4.985000	2.485352	2.045898
4.990000	1.127930	1.293945
4.995000	0.268555	0.361328
5.000000	0.009766	-0.371094
5.005000	0.244141	-0.673828
5.010000	0.678711	-0.522461
5.015000	1.015625	-0.073242
5.020000	1.059570	0.439453
5.025000	0.761719	0.820312
5.030000	0.224609	0.942383
5.035000	-0.405273	0.463867
5.040000	-0.673828	-1.235352
5.045000	0.146484	-2.792969
5.050000	1.972656	-2.866211
5.055000	3.847656	-1.728516
5.060000	4.985352	-0.058594
5.065000	5.029297	1.411133
5.070000	4.101562	2.177734
5.075000	2.666016	2.104492
5.080000	1.274414	1.401367
5.085000	0.336914	0.473633
5.090000	0.009766	-0.297852
5.095000	0.195312	-0.654297
5.100000	0.620117	-0.561523
5.105000	0.986328	-0.136719
5.110000	1.079102	0.380859
5.115000	0.820312	0.781250
5.120000	0.297852	0.942383
5.125000	-0.327148	0.590820
5.130000	-0.688477	-0.981445
5.135000	-0.029297	-2.675781
5.140000	1.718750	-2.934570
5.145000	3.647461	-1.909180
5.150000	4.907227	-0.268555
5.155000	5.083008	1.254883
5.160000	4.257812	2.128906
5.165000	2.851562	2.158203
5.170000	1.425781	1.513672
5.175000	0.424805	0.595703
5.180000	0.014648	-0.224609
5.185000	0.156250	-0.639648
5.190000	0.571289	-0.595703
5.195000	0.957031	-0.200195
5.200000	1.079102	0.317383
5.205000	0.869141	0.742188
5.210000	0.371094	0.937500
5.215000	-0.249023	0.693359
5.220000	-0.678711	-0.727539
5.225000	-0.180664	-2.534180
5.230000	1.464844	-2.983398
5.235000	3.427734	-2.089844
5.240000	4.799805	-0.483398
5.245000	5.117188	1.098633
5.250000	4.399414	2.065430
5.255000	3.041992	2.192383
5.260000	1.586914	1.621094
5.265000	0.517578	0.703125
5.270000	0.034180	-0.141602
5.275000	0.122070	-0.615234
5.280000	0.517578	-0.620117
5.285000	0.917969	-0.258789
5.290000	1.083984	0.258789
5.295000	0.917969	0.698242
5.300000	0.444336	0.922852
5.305000	-0.175781	0.776367
5.310000	-0.664062	-0.493164
5.315000	-0.312500	-2.373047
5.320000	1.235352	-3.012695
5.325000	3.203125	-2.255859
5.330000	4.682617	-0.693359
5.335000	5.141602	0.922852
5.340000	4.536133	1.987305
5.345000	3.227539	2.221680
5.350000	1.757812	1.718750
5.355000	0.615234	0.820312
5.360000	0.063477	-0.053711
5.365000	0.087891	-0.581055
5.370000	0.463867	-0.639648
5.375000	0.883789	-0.317383
5.380000	1.083984	0.190430
5.385000	0.952148	0.649414
5.390000	0.517578	0.917969
5.395000	-0.097656	0.844727
5.400000	-0.629883	-0.263672
5.405000	-0.429688	-2.187500
5.410000	1.000977	-3.012695
5.415000	2.968750	-2.407227
5.420000	4.555664	-0.908203
5.425000	5.146484	0.747070
5.430000	4.658203	1.904297
5.435000	3.408203	2.236328
5.440000	1.928711	1.806641
5.445000	0.727539	0.937500
5.450000	0.102539	0.039062
5.455000	0.058594	-0.541992
5.460000	0.400391	-0.659180
5.465000	0.834961	-0.375977
5.470000	1.074219	0.126953
5.475000	0.991211	0.610352
5.480000	0.581055	0.898438
5.485000	-0.019531	0.888672
5.490000	-0.590820	-0.058594
5.495000	-0.527344	-1.972656
5.500000	0.771484	-2.993164
5.505000	2.729492	-2.543945
5.510000	4.399414	-1.118164
5.515000	5.136719	0.561523
5.520000	4.770508	1.801758
5.525000	3.588867	2.246094
5.530000	2.109375	1.894531
5.535000	0.849609	1.059570
5.540000	0.141602	0.141602
5.545000	0.034180	-0.493164
5.550000	0.346680	-0.673828
5.555000	0.786133	-0.424805
5.560000	1.059570	0.058594
5.565000	1.015625	0.556641
5.570000	0.644531	0.878906
5.575000	0.058594	0.922852
5.580000	-0.541992	0.131836
5.585000	-0.590820	-1.748047
5.590000	0.561523	-2.954102
5.595000	2.485352	-2.666016
5.600000	4.233398	-1.318359
5.605000	5.107422	0.366211
5.610000	4.873047	1.689453
5.615000	3.759766	2.231445
5.620000	2.290039	1.972656
5.625000	0.981445	1.171875
5.630000	0.195312	0.244141
5.635000	0.019531	-0.439453
5.640000	0.297852	-0.673828
5.645000	0.737305	-0.473633
5.650000	1.044922	-0.004883
5.655000	1.044922	0.502930
5.660000	0.703125	0.849609
5.665000	0.136719	0.937500
5.670000	-0.473633	0.302734
5.675000	-0.634766	-1.494141
5.680000	0.346680	-2.885742
5.685000	2.241211	-2.773438
5.690000	4.057617	-1.518555
5.695000	5.053711	0.161133
5.700000	4.960938	1.562500
5.705000	3.925781	2.207031
5.710000	2.470703	2.041016
5.715000	1.118164	1.284180
5.720000	0.258789	0.356445
5.725000	0.014648	-0.371094
5.730000	0.249023	-0.673828
5.735000	0.678711	-0.517578
5.740000	1.020508	-0.068359
5.745000	1.059570	0.444336
5.750000	0.761719	0.820312
5.755000	0.214844	0.942383
5.760000	-0.410156	0.454102
5.765000	-0.668945	-1.250000
5.770000	0.161133	-2.797852
5.775000	1.987305	-2.861328
5.780000	3.862305	-1.713867
5.785000	4.990234	-0.043945
5.790000	5.024414	1.420898
5.795000	4.086914	2.177734
5.800000	2.651367	2.099609
5.805000	1.264648	1.396484
5.810000	0.327148	0.463867
5.815000	0.004883	-0.307617
5.820000	0.205078	-0.654297
5.825000	0.625000	-0.561523
5.830000	0.991211	-0.131836
5.835000	1.079102	0.380859
5.840000	0.820312	0.781250
5.845000	0.292969	0.942383
5.850000	-0.332031	0.585938
5.855000	-0.683594	-1.000977
5.860000	-0.014648	-2.680664
5.865000	1.743164	-2.929688
5.870000	3.671875	-1.899414
5.875000	4.916992	-0.253906
5.880000	5.083008	1.269531
5.885000	4.248047	2.133789
5.890000	2.836914	2.153320
5.895000	1.411133	1.508789
5.900000	0.415039	0.581055
5.905000	0.019531	-0.229492
5.910000	0.161133	-0.634766
5.915000	0.576172	-0.590820
5.920000	0.957031	-0.195312
5.925000	1.083984	0.327148
5.930000	0.864258	0.747070
5.935000	0.366211	0.937500
5.940000	-0.258789	0.688477
5.945000	-0.683594	-0.751953
5.950000	-0.170898	-2.548828
5.955000	1.489258	-2.978516
5.960000	3.452148	-2.075195
5.965000	4.814453	-0.463867
5.970000	5.117188	1.108398
5.975000	4.384766	2.065430
5.980000	3.027344	2.192383
5.985000	1.572266	1.611328
5.990000	0.507812	0.698242
5.995000	0.034180	-0.146484
6.000000	0.122070	-0.620117
6.005000	0.517578	-0.620117
6.010000	0.922852	-0.253906
6.015000	1.083984	0.263672
6.020000	0.913086	0.703125
6.025000	0.434570	0.927734
6.030000	-0.180664	0.776367
6.035000	-0.664062	-0.512695
6.040000	-0.302734	-2.387695
6.045000	1.250000	-3.012695
6.050000	3.217773	-2.241211
6.055000	4.697266	-0.678711
6.060000	5.141602	0.942383
6.065000	4.526367	1.992188
6.070000	3.208008	2.216797
6.075000	1.743164	1.708984
6.080000	0.610352	0.810547
6.085000	0.058594	-0.058594
6.090000	0.087891	-0.581055
6.095000	0.458984	-0.634766
6.100000	0.883789	-0.317383
6.105000	1.083984	0.195312
6.110000	0.947266	0.659180
6.115000	0.507812	0.917969
6.120000	-0.102539	0.839844
6.125000	-0.634766	-0.288086
6.130000	-0.419922	-2.202148
6.135000	1.020508	-3.012695
6.140000	2.988281	-2.397461
6.145000	4.560547	-0.888672
6.150000	5.146484	0.761719
6.155000	4.648438	1.909180
6.160000	3.398438	2.236328
6.165000	1.909180	1.801758
6.170000	0.717773	0.927734
6.175000	0.097656	0.034180
6.180000	0.058594	-0.546875
6.185000	0.410156	-0.659180
6.190000	0.844727	-0.366211
6.195000	1.079102	0.131836
6.200000	0.986328	0.610352
6.205000	0.571289	0.898438
6.210000	-0.024414	0.888672
6.215000	-0.595703	-0.073242
6.220000	-0.512695	-1.992188
6.225000	0.791016	-2.998047
6.230000	2.744141	-2.534180
6.235000	4.414062	-1.098633
6.240000	5.131836	0.576172
6.245000	4.760742	1.806641
6.250000	3.574219	2.241211
6.255000	2.089844	1.889648
6.260000	0.839844	1.044922
6.265000	0.136719	0.131836
6.270000	0.034180	-0.493164
6.275000	0.356445	-0.668945
6.280000	0.786133	-0.419922
6.285000	1.064453	0.063477
6.290000	1.015625	0.561523
6.295000	0.639648	0.878906
6.300000	0.053711	0.917969
6.305000	-0.541992	0.122070
6.310000	-0.585938	-1.762695
6.315000	0.571289	-2.958984
6.320000	2.504883	-2.656250
6.325000	4.252930	-1.298828
6.330000	5.107422	0.375977
6.335000	4.863281	1.694336
6.340000	3.745117	2.236328
6.345000	2.270508	1.967773
6.350000	0.971680	1.162109
6.355000	0.190430	0.234375
6.360000	0.019531	-0.449219
6.365000	0.302734	-0.678711
6.370000	0.737305	-0.473633
6.375000	1.044922	0.000000
6.380000	1.040039	0.507812
6.385000	0.698242	0.849609
6.390000	0.131836	0.937500
6.395000	-0.478516	0.292969
6.400000	-0.634766	-1.523438
6.405000	0.366211	-2.895508
6.410000	2.260742	-2.768555
6.415000	4.072266	-1.499023
6.420000	5.058594	0.180664
6.425000	4.951172	1.567383
6.430000	3.911133	2.216797
6.435000	2.456055	2.036133
6.440000	1.108398	1.274414
6.445000	0.249023	0.341797
6.450000	0.014648	-0.380859
6.455000	0.258789	-0.673828
6.460000	0.688477	-0.517578
6.465000	1.020508	-0.063477
6.470000	1.059570	0.449219
6.475000	0.756836	0.820312
6.480000	0.209961	0.942383
6.485000	-0.410156	0.444336
6.490000	-0.668945	-1.269531
6.495000	0.170898	-2.802734
6.500000	2.006836	-2.856445
6.505000	3.876953	-1.694336
6.510000	4.995117	-0.024414
6.515000	5.014648	1.430664
6.520000	4.072266	2.177734
6.525000	2.636719	2.094727
6.530000	1.250000	1.386719
6.535000	0.327148	0.454102
6.540000	0.009766	-0.307617
6.545000	0.205078	-0.659180
6.550000	0.629883	-0.556641
6.555000	0.996094	-0.126953
6.560000	1.074219	0.385742
6.565000	0.805664	0.786133
6.570000	0.288086	0.942383
6.575000	-0.336914	0.576172
6.580000	-0.683594	-1.025391
6.585000	0.000000	-2.695312
6.590000	1.757812	-2.924805
6.595000	3.686523	-1.884766
6.600000	4.926758	-0.239258
6.605000	5.073242	1.284180
6.610000	4.233398	2.138672
6.615000	2.822266	2.148438
6.620000	1.401367	1.499023
6.625000	0.405273	0.566406
6.630000	0.019531	-0.234375
6.635000	0.166016	-0.639648
6.640000	0.581055	-0.590820
6.645000	0.961914	-0.190430
6.650000	1.083984	0.327148
6.655000	0.859375	0.751953
6.660000	0.361328	0.937500
6.665000	-0.268555	0.678711
6.670000	-0.673828	-0.771484
6.675000	-0.156250	-2.558594
6.680000	1.513672	-2.973633
6.685000	3.466797	-2.060547
6.690000	4.819336	-0.444336
6.695000	5.117188	1.127930
6.700000	4.375000	2.075195
6.705000	3.007812	2.187500
6.710000	1.557617	1.601562
6.715000	0.498047	0.683594
6.720000	0.034180	-0.156250
6.725000	0.126953	-0.620117
6.730000	0.527344	-0.620117
6.735000	0.927734	-0.253906
6.740000	1.083984	0.263672
6.745000	0.903320	0.708008
6.750000	0.434570	0.927734
6.755000	-0.185547	0.766602
6.760000	-0.668945	-0.532227
6.765000	-0.292969	-2.402344
6.770000	1.274414	-3.007812
6.775000	3.242188	-2.226562
6.780000	4.707031	-0.659180
6.785000	5.136719	0.952148
6.790000	4.511719	2.006836
6.795000	3.193359	2.216797
6.800000	1.728516	1.699219
6.805000	0.600586	0.800781
6.810000	0.058594	-0.063477
6.815000	0.092773	-0.585938
6.820000	0.468750	-0.639648
6.825000	0.883789	-0.312500
6.830000	1.083984	0.205078
6.835000	0.942383	0.664062
6.840000	0.502930	0.917969
6.845000	-0.107422	0.834961
6.850000	-0.634766	-0.302734
6.855000	-0.410156	-2.221680
6.860000	1.040039	-3.012695
6.865000	3.012695	-2.382812
6.870000	4.575195	-0.874023
6.875000	5.146484	0.781250
6.880000	4.643555	1.918945
6.885000	3.378906	2.231445
6.890000	1.899414	1.796875
6.895000	0.708008	0.917969
6.900000	0.087891	0.024414
6.905000	0.063477	-0.546875
6.910000	0.415039	-0.654297
6.915000	0.844727	-0.361328
6.920000	1.079102	0.136719
6.925000	0.981445	0.615234
6.930000	0.566406	0.903320
6.935000	-0.034180	0.883789
6.940000	-0.600586	-0.092773
6.945000	-0.507812	-2.011719
6.950000	0.810547	-2.998047
6.955000	2.773438	-2.524414
6.960000	4.428711	-1.083984
6.965000	5.136719	0.590820
6.970000	4.755859	1.816406
6.975000	3.554688	2.246094
6.980000	2.075195	1.879883
6.985000	0.830078	1.035156
6.990000	0.131836	0.122070
6.995000	0.039062	-0.502930
7.000000	0.361328	-0.673828
7.005000	0.795898	-0.415039
7.010000	1.064453	0.068359
7.015000	1.010742	0.566406
7.020000	0.634766	0.878906
7.025000	0.048828	0.922852
7.030000	-0.546875	0.107422
7.035000	-0.581055	-1.787109
7.040000	0.590820	-2.963867
7.045000	2.524414	-2.646484
7.050000	4.262695	-1.279297
7.055000	5.112305	0.395508
7.060000	4.858398	1.708984
7.065000	3.735352	2.236328
7.070000	2.255859	1.958008
7.075000	0.957031	1.152344
7.080000	0.185547	0.229492
7.085000	0.024414	-0.449219
7.090000	0.302734	-0.673828
7.095000	0.737305	-0.463867
7.100000	1.040039	0.004883
7.105000	1.035156	0.512695
7.110000	0.693359	0.854492
7.115000	0.126953	0.932617
7.120000	-0.483398	0.278320
7.125000	-0.629883	-1.542969
7.130000	0.385742	-2.905273
7.135000	2.280273	-2.758789
7.140000	4.086914	-1.484375
7.145000	5.063477	0.200195
7.150000	4.946289	1.582031
7.155000	3.896484	2.216797
7.160000	2.436523	2.031250
7.165000	1.098633	1.259766
7.170000	0.249023	0.332031
7.175000	0.009766	-0.385742
7.180000	0.258789	-0.673828
7.185000	0.688477	-0.512695
7.190000	1.020508	-0.058594
7.195000	1.054688	0.454102
7.200000	0.756836	0.825195
7.205000	0.200195	0.942383
7.210000	-0.419922	0.434570
7.215000	-0.668945	-1.293945
7.220000	0.190430	-2.817383
7.225000	2.036133	-2.846680
7.230000	3.901367	-1.679688
7.235000	5.004883	-0.004883
7.240000	5.009766	1.445312
7.245000	4.057617	2.182617
7.250000	2.622070	2.089844
7.255000	1.235352	1.376953
7.260000	0.317383	0.444336
7.265000	0.009766	-0.317383
7.270000	0.214844	-0.664062
7.275000	0.639648	-0.551758
7.280000	0.991211	-0.117188
7.285000	1.074219	0.400391
7.290000	0.805664	0.786133
7.295000	0.273438	0.942383
7.300000	-0.346680	0.561523
7.305000	-0.683594	-1.044922
7.310000	0.014648	-2.709961
7.315000	1.782227	-2.919922
7.320000	3.706055	-1.865234
7.325000	4.931641	-0.219727
7.330000	5.073242	1.293945
7.335000	4.218750	2.138672
7.340000	2.807617	2.143555
7.345000	1.381836	1.489258
7.350000	0.395508	0.556641
7.355000	0.019531	-0.244141
7.360000	0.166016	-0.644531
7.365000	0.585938	-0.590820
7.370000	0.966797	-0.185547
7.375000	1.083984	0.332031
7.380000	0.854492	0.751953
7.385000	0.351562	0.937500
7.390000	-0.273438	0.673828
7.395000	-0.683594	-0.795898
7.400000	-0.141602	-2.573242
7.405000	1.533203	-2.973633
7.410000	3.491211	-2.050781
7.415000	4.833984	-0.424805
7.420000	5.112305	1.142578
7.425000	4.365234	2.084961
7.430000	2.993164	2.182617
7.435000	1.547852	1.591797
7.440000	0.483398	0.673828
7.445000	0.029297	-0.161133
7.450000	0.126953	-0.625000
7.455000	0.532227	-0.620117
7.460000	0.927734	-0.244141
7.465000	1.083984	0.273438
7.470000	0.903320	0.712891
7.475000	0.424805	0.927734
7.480000	-0.195312	0.761719
7.485000	-0.668945	-0.556641
7.490000	-0.283203	-2.416992
7.495000	1.289062	-3.007812
7.500000	3.261719	-2.211914
7.505000	4.716797	-0.639648
7.510000	5.136719	0.971680
7.515000	4.501953	2.011719
7.520000	3.178711	2.216797
7.525000	1.708984	1.694336
7.530000	0.590820	0.791016
7.535000	0.058594	-0.078125
7.540000	0.092773	-0.590820
7.545000	0.473633	-0.634766
7.550000	0.883789	-0.307617
7.555000	1.083984	0.209961
7.560000	0.942383	0.668945
7.565000	0.498047	0.922852
7.570000	-0.112305	0.825195
7.575000	-0.634766	-0.322266
7.580000	-0.405273	-2.236328
7.585000	1.059570	-3.012695
7.590000	3.032227	-2.373047
7.595000	4.589844	-0.854492
7.600000	5.146484	0.791016
7.605000	4.628906	1.923828
7.610000	3.364258	2.236328
7.615000	1.884766	1.782227
7.620000	0.698242	0.908203
7.625000	0.087891	0.019531
7.630000	0.063477	-0.551758
7.635000	0.419922	-0.654297
7.640000	0.844727	-0.356445
7.645000	1.079102	0.141602
7.650000	0.976562	0.620117
7.655000	0.566406	0.903320
7.660000	-0.039062	0.883789
7.665000	-0.600586	-0.102539
7.670000	-0.498047	-2.031250
7.675000	0.830078	-3.002930
7.680000	2.792969	-2.509766
7.685000	4.443359	-1.059570
7.690000	5.141602	0.610352
7.695000	4.746094	1.831055
7.700000	3.540039	2.246094
7.705000	2.060547	1.875000
7.710000	0.820312	1.025391
7.715000	0.126953	0.112305
7.720000	0.043945	-0.507812
7.725000	0.366211	-0.668945
7.730000	0.800781	-0.410156
7.735000	1.064453	0.078125
7.740000	1.010742	0.571289
7.745000	0.625000	0.883789
7.750000	0.039062	0.917969
7.755000	-0.551758	0.087891
7.760000	-0.581055	-1.806641
7.765000	0.610352	-2.968750
7.770000	2.548828	-2.636719
7.775000	4.287109	-1.264648
7.780000	5.117188	0.415039
7.785000	4.843750	1.713867
7.790000	3.715820	2.241211
7.795000	2.236328	1.948242
7.800000	0.947266	1.142578
7.805000	0.175781	0.214844
7.810000	0.024414	-0.454102
7.815000	0.312500	-0.673828
7.820000	0.751953	-0.463867
7.825000	1.049805	0.009766
7.830000	1.040039	0.517578
7.835000	0.688477	0.854492
7.840000	0.117188	0.932617
7.845000	-0.493164	0.263672
7.850000	-0.625000	-1.567383
7.855000	0.405273	-2.905273
7.860000	2.304688	-2.749023
7.865000	4.101562	-1.464844
7.870000	5.073242	0.214844
7.875000	4.936523	1.591797
7.880000	3.886719	2.216797
7.885000	2.421875	2.021484
7.890000	1.083984	1.254883
7.895000	0.239258	0.322266
7.900000	0.014648	-0.395508
7.905000	0.263672	-0.678711
7.910000	0.698242	-0.507812
7.915000	1.025391	-0.053711
7.920000	1.054688	0.458984
7.925000	0.747070	0.825195
7.930000	0.195312	0.942383
7.935000	-0.424805	0.419922
7.940000	-0.664062	-1.318359
7.945000	0.205078	-2.822266
7.950000	2.055664	-2.836914
7.955000	3.911133	-1.660156
7.960000	5.014648	0.009766
7.965000	5.004883	1.455078
7.970000	4.042969	2.187500
7.975000	2.602539	2.089844
7.980000	1.225586	1.367188
7.985000	0.312500	0.439453
7.990000	0.009766	-0.322266
7.995000	0.214844	-0.659180
8.000000	0.639648	-0.546875
8.005000	1.000977	-0.117188
8.010000	1.074219	0.400391
8.015000	0.800781	0.791016
8.020000	0.273438	0.947266
8.025000	-0.351562	0.551758
8.030000	-0.683594	-1.069336
8.035000	0.029297	-2.714844
8.040000	1.806641	-2.915039
8.045000	3.720703	-1.855469
8.050000	4.941406	-0.200195
8.055000	5.063477	1.308594
8.060000	4.204102	2.148438
8.065000	2.792969	2.143555
8.070000	1.372070	1.479492
8.075000	0.390625	0.546875
8.080000	0.019531	-0.253906
8.085000	0.170898	-0.644531
8.090000	0.595703	-0.581055
8.095000	0.966797	-0.175781
8.100000	1.083984	0.336914
8.105000	0.849609	0.761719
8.110000	0.346680	0.937500
8.115000	-0.278320	0.664062
8.120000	-0.683594	-0.815430
8.125000	-0.131836	-2.583008
8.130000	1.552734	-2.968750
8.135000	3.505859	-2.031250
8.140000	4.843750	-0.410156
8.145000	5.112305	1.152344
8.150000	4.350586	2.089844
8.155000	2.978516	2.182617
8.160000	1.533203	1.582031
8.165000	0.478516	0.659180
8.170000	0.024414	-0.170898
8.175000	0.131836	-0.625000
8.180000	0.532227	-0.610352
8.185000	0.932617	-0.239258
8.190000	1.083984	0.278320
8.195000	0.898438	0.712891
8.200000	0.419922	0.927734
8.205000	-0.200195	0.756836
8.210000	-0.668945	-0.576172
8.215000	-0.273438	-2.431641
8.220000	1.313477	-3.002930
8.225000	3.281250	-2.197266
8.230000	4.726562	-0.620117
8.235000	5.136719	0.991211
8.240000	4.492188	2.016602
8.245000	3.159180	2.216797
8.250000	1.699219	1.684570
8.255000	0.585938	0.781250
8.260000	0.048828	-0.083008
8.265000	0.097656	-0.595703
8.270000	0.478516	-0.634766
8.275000	0.888672	-0.297852
8.280000	1.079102	0.214844
8.285000	0.937500	0.673828
8.290000	0.483398	0.922852
8.295000	-0.122070	0.825195
8.300000	-0.634766	-0.341797
8.305000	-0.395508	-2.250977
8.310000	1.079102	-3.012695
8.315000	3.051758	-2.353516
8.320000	4.604492	-0.834961
8.325000	5.146484	0.810547
8.330000	4.619141	1.928711
8.335000	3.349609	2.236328
8.340000	1.870117	1.777344
8.345000	0.688477	0.898438
8.350000	0.083008	0.004883
8.355000	0.063477	-0.551758
8.360000	0.424805	-0.654297
8.365000	0.849609	-0.356445
8.370000	1.083984	0.146484
8.375000	0.976562	0.620117
8.380000	0.556641	0.903320
8.385000	-0.043945	0.878906
8.390000	-0.605469	-0.122070
8.395000	-0.493164	-2.050781
8.400000	0.849609	-3.002930
8.405000	2.812500	-2.495117
8.410000	4.453125	-1.044922
8.415000	5.141602	0.620117
8.420000	4.731445	1.835938
8.425000	3.525391	2.241211
8.430000	2.045898	1.865234
8.435000	0.805664	1.015625
8.440000	0.126953	0.107422
8.445000	0.043945	-0.507812
8.450000	0.371094	-0.668945
8.455000	0.800781	-0.405273
8.460000	1.069336	0.083008
8.465000	1.005859	0.571289
8.470000	0.620117	0.883789
8.475000	0.034180	0.913086
8.480000	-0.561523	0.073242
8.485000	-0.571289	-1.826172
8.490000	0.629883	-2.973633
8.495000	2.568359	-2.626953
8.500000	4.296875	-1.250000
8.505000	5.117188	0.429688
8.510000	4.838867	1.728516
8.515000	3.706055	2.241211
8.520000	2.226562	1.948242
8.525000	0.937500	1.132812
8.530000	0.175781	0.209961
8.535000	0.024414	-0.454102
8.540000	0.312500	-0.673828
8.545000	0.751953	-0.458984
8.550000	1.049805	0.019531
8.555000	1.030273	0.522461
8.560000	0.678711	0.859375
8.565000	0.112305	0.927734
8.570000	-0.493164	0.249023
8.575000	-0.625000	-1.586914
8.580000	0.419922	-2.915039
8.585000	2.324219	-2.739258
8.590000	4.121094	-1.450195
8.595000	5.078125	0.234375
8.600000	4.931641	1.606445
8.605000	3.867188	2.216797
8.610000	2.412109	2.016602
8.615000	1.074219	1.245117
8.620000	0.234375	0.312500
8.625000	0.014648	-0.400391
8.630000	0.263672	-0.673828
8.635000	0.703125	-0.502930
8.640000	1.025391	-0.043945
8.645000	1.049805	0.463867
8.650000	0.742188	0.830078
8.655000	0.190430	0.942383
8.660000	-0.429688	0.405273
8.665000	-0.664062	-1.337891
8.670000	0.229492	-2.832031
8.675000	2.075195	-2.832031
8.680000	3.925781	-1.645508
8.685000	5.019531	0.024414
8.690000	5.000000	1.469727
8.695000	4.033203	2.192383
8.700000	2.587891	2.080078
8.705000	1.215820	1.357422
8.710000	0.302734	0.424805
8.715000	0.009766	-0.332031
8.720000	0.219727	-0.664062
8.725000	0.644531	-0.546875
8.730000	1.000977	-0.112305
8.735000	1.074219	0.405273
8.740000	0.795898	0.795898
8.745000	0.263672	0.942383
8.750000	-0.361328	0.541992
8.755000	-0.683594	-1.088867
8.760000	0.043945	-2.724609
8.765000	1.826172	-2.910156
8.770000	3.735352	-1.835938
8.775000	4.946289	-0.180664
8.780000	5.063477	1.323242
8.785000	4.194336	2.153320
8.790000	2.778320	2.133789
8.795000	1.362305	1.469727
8.800000	0.385742	0.537109
8.805000	0.014648	-0.253906
8.810000	0.175781	-0.644531
8.815000	0.595703	-0.576172
8.820000	0.971680	-0.175781
8.825000	1.083984	0.341797
8.830000	0.849609	0.761719
8.835000	0.341797	0.937500
8.840000	-0.283203	0.654297
8.845000	-0.683594	-0.834961
8.850000	-0.117188	-2.597656
8.855000	1.577148	-2.963867
8.860000	3.525391	-2.016602
8.865000	4.853516	-0.390625
8.870000	5.107422	1.171875
8.875000	4.340820	2.094727
8.880000	2.958984	2.182617
8.885000	1.518555	1.572266
8.890000	0.473633	0.654297
8.895000	0.029297	-0.175781
8.900000	0.136719	-0.625000
8.905000	0.537109	-0.610352
8.910000	0.932617	-0.239258
8.915000	1.083984	0.283203
8.920000	0.893555	0.722656
8.925000	0.415039	0.932617
8.930000	-0.209961	0.747070
8.935000	-0.668945	-0.595703
8.940000	-0.263672	-2.446289
8.945000	1.333008	-2.998047
8.950000	3.300781	-2.187500
8.955000	4.741211	-0.605469
8.960000	5.136719	1.000977
8.965000	4.482422	2.026367
8.970000	3.144531	2.211914
8.975000	1.684570	1.674805
8.980000	0.571289	0.771484
8.985000	0.048828	-0.092773
8.990000	0.102539	-0.595703
8.995000	0.478516	-0.639648
9.000000	0.898438	-0.292969
9.005000	1.083984	0.219727
9.010000	0.932617	0.673828
9.015000	0.483398	0.927734
9.020000	-0.131836	0.815430
9.025000	-0.644531	-0.361328
9.030000	-0.380859	-2.265625
9.035000	1.103516	-3.012695
9.040000	3.076172	-2.343750
9.045000	4.614258	-0.815430
9.050000	5.146484	0.825195
9.055000	4.609375	1.938477
9.060000	3.334961	2.236328
9.065000	1.855469	1.772461
9.070000	0.678711	0.888672
9.075000	0.078125	0.000000
9.080000	0.068359	-0.556641
9.085000	0.429688	-0.654297
9.090000	0.849609	-0.351562
9.095000	1.083984	0.156250
9.100000	0.971680	0.625000
9.105000	0.546875	0.908203
9.110000	-0.048828	0.874023
9.115000	-0.610352	-0.141602
9.120000	-0.483398	-2.070312
9.125000	0.869141	-3.007812
9.130000	2.832031	-2.485352
9.135000	4.467773	-1.025391
9.140000	5.146484	0.639648
9.145000	4.726562	1.845703
9.150000	3.515625	2.241211
9.155000	2.031250	1.860352
9.160000	0.800781	1.010742
9.165000	0.122070	0.102539
9.170000	0.043945	-0.512695
9.175000	0.371094	-0.668945
9.180000	0.805664	-0.400391
9.185000	1.069336	0.087891
9.190000	1.005859	0.581055
9.195000	0.615234	0.888672
9.200000	0.024414	0.908203
9.205000	-0.556641	0.053711
9.210000	-0.566406	-1.845703
9.215000	0.649414	-2.973633
9.220000	2.587891	-2.612305
9.225000	4.311523	-1.230469
9.230000	5.126953	0.449219
9.235000	4.833984	1.738281
9.240000	3.691406	2.241211
9.245000	2.211914	1.938477
9.250000	0.927734	1.123047
9.255000	0.170898	0.200195
9.260000	0.024414	-0.463867
9.265000	0.322266	-0.678711
9.270000	0.756836	-0.454102
9.275000	1.049805	0.019531
9.280000	1.035156	0.527344
9.285000	0.678711	0.859375
9.290000	0.107422	0.932617
9.295000	-0.502930	0.234375
9.300000	-0.625000	-1.611328
9.305000	0.439453	-2.919922
9.310000	2.348633	-2.734375
9.315000	4.135742	-1.430664
9.320000	5.078125	0.249023
9.325000	4.921875	1.611328
9.330000	3.852539	2.226562
9.335000	2.397461	2.011719
9.340000	1.059570	1.240234
9.345000	0.229492	0.307617
9.350000	0.014648	-0.405273
9.355000	0.273438	-0.673828
9.360000	0.703125	-0.498047
9.365000	1.030273	-0.043945
9.370000	1.049805	0.468750
9.375000	0.737305	0.834961
9.380000	0.185547	0.942383
9.385000	-0.434570	0.390625
9.390000	-0.664062	-1.352539
9.395000	0.239258	-2.836914
9.400000	2.094727	-2.832031
9.405000	3.945312	-1.630859
9.410000	5.019531	0.039062
9.415000	4.995117	1.479492
9.420000	4.023438	2.192383
9.425000	2.568359	2.075195
9.430000	1.201172	1.347656
9.435000	0.302734	0.419922
9.440000	0.009766	-0.336914
9.445000	0.219727	-0.664062
9.450000	0.649414	-0.541992
9.455000	1.000977	-0.107422
9.460000	1.069336	0.410156
9.465000	0.791016	0.800781
9.470000	0.263672	0.947266
9.475000	-0.371094	0.532227
9.480000	-0.678711	-1.108398
9.485000	0.058594	-2.734375
9.490000	1.845703	-2.900391
9.495000	3.750000	-1.821289
9.500000	4.946289	-0.166016
9.505000	5.053711	1.337891
9.510000	4.179688	2.153320
9.515000	2.758789	2.133789
9.520000	1.347656	1.459961
9.525000	0.380859	0.527344
9.530000	0.019531	-0.263672
9.535000	0.175781	-0.649414
9.540000	0.600586	-0.576172
9.545000	0.971680	-0.170898
9.550000	1.083984	0.351562
9.555000	0.849609	0.761719
9.560000	0.336914	0.937500
9.565000	-0.292969	0.644531
9.570000	-0.683594	-0.864258
9.575000	-0.102539	-2.612305
9.580000	1.591797	-2.963867
9.585000	3.544922	-1.997070
9.590000	4.858398	-0.375977
9.595000	5.107422	1.181641
9.600000	4.331055	2.099609
9.605000	2.949219	2.182617
9.610000	1.508789	1.567383
9.615000	0.468750	0.644531
9.620000	0.024414	-0.180664
9.625000	0.136719	-0.629883
9.630000	0.541992	-0.610352
9.635000	0.937500	-0.229492
9.640000	1.083984	0.292969
9.645000	0.888672	0.727539
9.650000	0.410156	0.932617
9.655000	-0.214844	0.742188
9.660000	-0.668945	-0.610352
9.665000	-0.253906	-2.456055
9.670000	1.347656	-2.993164
9.675000	3.320312	-2.172852
9.680000	4.750977	-0.590820
9.685000	5.131836	1.010742
9.690000	4.467773	2.031250
9.695000	3.129883	2.207031
9.700000	1.674805	1.665039
9.705000	0.566406	0.761719
9.710000	0.048828	-0.097656
9.715000	0.102539	-0.600586
9.720000	0.488281	-0.634766
9.725000	0.898438	-0.292969
9.730000	1.083984	0.224609
9.735000	0.932617	0.683594
9.740000	0.478516	0.922852
9.745000	-0.141602	0.815430
9.750000	-0.644531	-0.375977
9.755000	-0.375977	-2.285156
9.760000	1.118164	-3.012695
9.765000	3.085938	-2.329102
9.770000	4.619141	-0.800781
9.775000	5.151367	0.834961
9.780000	4.599609	1.948242
9.785000	3.315430	2.231445
9.790000	1.840820	1.757812
9.795000	0.668945	0.883789
9.800000	0.078125	-0.004883
9.805000	0.068359	-0.561523
9.810000	0.429688	-0.654297
9.815000	0.854492	-0.346680
9.820000	1.083984	0.156250
9.825000	0.971680	0.634766
9.830000	0.546875	0.908203
9.835000	-0.053711	0.869141
9.840000	-0.615234	-0.156250
9.845000	-0.478516	-2.084961
9.850000	0.888672	-3.007812
9.855000	2.851562	-2.480469
9.860000	4.477539	-1.010742
9.865000	5.146484	0.654297
9.870000	4.721680	1.855469
9.875000	3.496094	2.246094
9.880000	2.016602	1.855469
9.885000	0.791016	0.996094
9.890000	0.117188	0.087891
9.895000	0.048828	-0.517578
9.900000	0.380859	-0.664062
9.905000	0.810547	-0.395508
9.910000	1.069336	0.092773
9.915000	1.000977	0.581055
9.920000	0.610352	0.888672
9.925000	0.019531	0.908203
9.930000	-0.561523	0.039062
9.935000	-0.561523	-1.860352
9.940000	0.664062	-2.978516
9.945000	2.602539	-2.607422
9.950000	4.321289	-1.220703
9.955000	5.122070	0.463867
9.960000	4.824219	1.748047
9.965000	3.676758	2.241211
9.970000	2.197266	1.933594
9.975000	0.913086	1.113281
9.980000	0.166016	0.195312
9.985000	0.029297	-0.468750
9.990000	0.327148	-0.673828
9.995000	0.761719	-0.449219
10.000000	1.049805	0.024414
