# Time_s	x	xdot
0.000000	2.397461	1.953125
0.005000	1.103516	1.254883
0.010000	0.258789	0.395508
0.015000	-0.009766	-0.292969
0.020000	0.166016	-0.581055
0.025000	0.541992	-0.454102
0.030000	0.844727	-0.053711
0.035000	0.869141	0.415039
0.040000	0.595703	0.761719
0.045000	0.087891	0.874023
0.050000	-0.483398	0.258789
0.055000	-0.620117	-1.489258
0.060000	0.366211	-2.773438
0.065000	2.182617	-2.617188
0.070000	3.891602	-1.391602
0.075000	4.814453	0.205078
0.080000	4.677734	1.508789
0.085000	3.696289	2.099609
0.090000	2.304688	1.918945
0.095000	1.035156	1.206055
0.100000	0.224609	0.346680
0.105000	-0.009766	-0.322266
0.110000	0.185547	-0.585938
0.115000	0.571289	-0.439453
0.120000	0.854492	-0.024414
0.125000	0.864258	0.439453
0.130000	0.571289	0.776367
0.135000	0.058594	0.869141
0.140000	-0.507812	0.180664
0.145000	-0.595703	-1.601562
0.150000	0.458984	-2.807617
0.155000	2.299805	-2.568359
0.160000	3.979492	-1.298828
0.165000	4.843750	0.297852
0.170000	4.653320	1.567383
0.175000	3.618164	2.109375
0.180000	2.221680	1.884766
0.185000	0.971680	1.157227
0.190000	0.195312	0.297852
0.195000	-0.009766	-0.351562
0.200000	0.209961	-0.585938
0.205000	0.590820	-0.419922
0.210000	0.859375	0.000000
0.215000	0.854492	0.463867
0.220000	0.546875	0.786133
0.225000	0.014648	0.859375
0.230000	-0.537109	0.092773
0.235000	-0.566406	-1.708984
0.240000	0.561523	-2.822266
0.245000	2.407227	-2.509766
0.250000	4.057617	-1.210938
0.255000	4.853516	0.385742
0.260000	4.599609	1.621094
0.265000	3.530273	2.119141
0.270000	2.138672	1.855469
0.275000	0.908203	1.103516
0.280000	0.166016	0.244141
0.285000	-0.009766	-0.375977
0.290000	0.229492	-0.590820
0.295000	0.610352	-0.400391
0.300000	0.869141	0.029297
0.305000	0.849609	0.488281
0.310000	0.517578	0.800781
0.315000	-0.014648	0.849609
0.320000	-0.556641	0.004883
0.325000	-0.537109	-1.826172
0.330000	0.659180	-2.851562
0.335000	2.519531	-2.456055
0.340000	4.135742	-1.113281
0.345000	4.868164	0.473633
0.350000	4.555664	1.674805
0.355000	3.457031	2.124023
0.360000	2.050781	1.821289
0.365000	0.844727	1.054688
0.370000	0.141602	0.200195
0.375000	-0.009766	-0.405273
0.380000	0.249023	-0.590820
0.385000	0.629883	-0.380859
0.390000	0.878906	0.053711
0.395000	0.839844	0.512695
0.400000	0.493164	0.815430
0.405000	-0.048828	0.830078
0.410000	-0.585938	-0.083008
0.415000	-0.502930	-1.923828
0.420000	0.761719	-2.866211
0.425000	2.631836	-2.402344
0.430000	4.208984	-1.025391
0.435000	4.887695	0.566406
0.440000	4.516602	1.723633
0.445000	3.383789	2.124023
0.450000	1.977539	1.782227
0.455000	0.791016	1.000977
0.460000	0.122070	0.156250
0.465000	0.004883	-0.424805
0.470000	0.273438	-0.585938
0.475000	0.654297	-0.356445
0.480000	0.883789	0.087891
0.485000	0.825195	0.532227
0.490000	0.463867	0.820312
0.495000	-0.083008	0.810547
0.500000	-0.605469	-0.185547
0.505000	-0.454102	-2.021484
0.510000	0.869141	-2.866211
0.515000	2.744141	-2.333984
0.520000	4.277344	-0.917969
0.525000	4.882812	0.654297
0.530000	4.453125	1.772461
0.535000	3.286133	2.119141
0.540000	1.884766	1.743164
0.545000	0.727539	0.947266
0.550000	0.092773	0.112305
0.555000	0.009766	-0.449219
0.560000	0.297852	-0.585938
0.565000	0.673828	-0.332031
0.570000	0.888672	0.117188
0.575000	0.810547	0.561523
0.580000	0.434570	0.834961
0.585000	-0.117188	0.795898
0.590000	-0.620117	-0.283203
0.595000	-0.410156	-2.119141
0.600000	0.971680	-2.880859
0.605000	2.856445	-2.270508
0.610000	4.350586	-0.830078
0.615000	4.897461	0.737305
0.620000	4.409180	1.816406
0.625000	3.212891	2.119141
0.630000	1.816406	1.708984
0.635000	0.683594	0.898438
0.640000	0.078125	0.068359
0.645000	0.019531	-0.468750
0.650000	0.322266	-0.571289
0.655000	0.693359	-0.312500
0.660000	0.888672	0.141602
0.665000	0.791016	0.581055
0.670000	0.400391	0.844727
0.675000	-0.161133	0.761719
0.680000	-0.629883	-0.390625
0.685000	-0.356445	-2.202148
0.690000	1.083984	-2.875977
0.695000	2.963867	-2.192383
0.700000	4.404297	-0.727539
0.705000	4.887695	0.825195
0.710000	4.345703	1.860352
0.715000	3.125000	2.109375
0.720000	1.723633	1.665039
0.725000	0.625000	0.839844
0.730000	0.058594	0.024414
0.735000	0.024414	-0.488281
0.740000	0.341797	-0.571289
0.745000	0.708008	-0.288086
0.750000	0.898438	0.170898
0.755000	0.776367	0.605469
0.760000	0.371094	0.849609
0.765000	-0.195312	0.732422
0.770000	-0.644531	-0.493164
0.775000	-0.302734	-2.290039
0.780000	1.196289	-2.875977
0.785000	3.071289	-2.128906
0.790000	4.472656	-0.634766
0.795000	4.897461	0.903320
0.800000	4.296875	1.894531
0.805000	3.046875	2.104492
0.810000	1.655273	1.625977
0.815000	0.581055	0.791016
0.820000	0.043945	-0.014648
0.825000	0.048828	-0.502930
0.830000	0.366211	-0.561523
0.835000	0.727539	-0.258789
0.840000	0.893555	0.205078
0.845000	0.756836	0.620117
0.850000	0.341797	0.854492
0.855000	-0.229492	0.693359
0.860000	-0.659180	-0.605469
0.865000	-0.239258	-2.363281
0.870000	1.298828	-2.856445
0.875000	3.173828	-2.041016
0.880000	4.521484	-0.527344
0.885000	4.873047	0.986328
0.890000	4.218750	1.928711
0.895000	2.954102	2.089844
0.900000	1.572266	1.577148
0.905000	0.527344	0.732422
0.910000	0.029297	-0.058594
0.915000	0.053711	-0.522461
0.920000	0.385742	-0.556641
0.925000	0.751953	-0.239258
0.930000	0.898438	0.229492
0.935000	0.742188	0.644531
0.940000	0.312500	0.864258
0.945000	-0.263672	0.654297
0.950000	-0.664062	-0.717773
0.955000	-0.175781	-2.436523
0.960000	1.411133	-2.846680
0.965000	3.281250	-1.972656
0.970000	4.584961	-0.434570
0.975000	4.877930	1.059570
0.980000	4.174805	1.962891
0.985000	2.875977	2.075195
0.990000	1.503906	1.538086
0.995000	0.483398	0.683594
1.000000	0.024414	-0.097656
1.005000	0.073242	-0.532227
1.010000	0.415039	-0.537109
1.015000	0.761719	-0.209961
1.020000	0.898438	0.258789
1.025000	0.722656	0.664062
1.030000	0.278320	0.864258
1.035000	-0.302734	0.605469
1.040000	-0.668945	-0.834961
1.045000	-0.102539	-2.500000
1.050000	1.528320	-2.812500
1.055000	3.374023	-1.879883
1.060000	4.614258	-0.336914
1.065000	4.833984	1.132812
1.070000	4.086914	1.987305
1.075000	2.778320	2.050781
1.080000	1.416016	1.479492
1.085000	0.434570	0.629883
1.090000	0.004883	-0.136719
1.095000	0.083008	-0.546875
1.100000	0.434570	-0.532227
1.105000	0.781250	-0.185547
1.110000	0.898438	0.288086
1.115000	0.703125	0.683594
1.120000	0.249023	0.874023
1.125000	-0.332031	0.561523
1.130000	-0.668945	-0.947266
1.135000	-0.029297	-2.563477
1.140000	1.640625	-2.797852
1.145000	3.481445	-1.811523
1.150000	4.672852	-0.239258
1.155000	4.829102	1.206055
1.160000	4.033203	2.016602
1.165000	2.705078	2.041016
1.170000	1.352539	1.440430
1.175000	0.400391	0.581055
1.180000	0.000000	-0.166016
1.185000	0.107422	-0.556641
1.190000	0.463867	-0.512695
1.195000	0.795898	-0.156250
1.200000	0.888672	0.312500
1.205000	0.683594	0.698242
1.210000	0.214844	0.874023
1.215000	-0.366211	0.498047
1.220000	-0.664062	-1.069336
1.225000	0.043945	-2.617188
1.230000	1.757812	-2.763672
1.235000	3.569336	-1.713867
1.240000	4.697266	-0.136719
1.245000	4.794922	1.274414
1.250000	3.950195	2.041016
1.255000	2.612305	2.016602
1.260000	1.269531	1.386719
1.265000	0.351562	0.527344
1.270000	-0.004883	-0.205078
1.275000	0.117188	-0.566406
1.280000	0.488281	-0.507812
1.285000	0.805664	-0.136719
1.290000	0.888672	0.341797
1.295000	0.659180	0.717773
1.300000	0.180664	0.883789
1.305000	-0.400391	0.444336
1.310000	-0.654297	-1.186523
1.315000	0.126953	-2.670898
1.320000	1.875000	-2.729492
1.325000	3.666992	-1.630859
1.330000	4.746094	-0.048828
1.335000	4.775391	1.342773
1.340000	3.891602	2.060547
1.345000	2.534180	1.992188
1.350000	1.215820	1.342773
1.355000	0.317383	0.473633
1.360000	-0.009766	-0.234375
1.365000	0.136719	-0.571289
1.370000	0.507812	-0.483398
1.375000	0.820312	-0.097656
1.380000	0.883789	0.371094
1.385000	0.634766	0.732422
1.390000	0.146484	0.878906
1.395000	-0.429688	0.375977
1.400000	-0.639648	-1.293945
1.405000	0.219727	-2.714844
1.410000	1.987305	-2.685547
1.415000	3.750000	-1.538086
1.420000	4.770508	0.053711
1.425000	4.736328	1.406250
1.430000	3.803711	2.075195
1.435000	2.441406	1.962891
1.440000	1.137695	1.289062
1.445000	0.278320	0.424805
1.450000	-0.009766	-0.273438
1.455000	0.151367	-0.581055
1.460000	0.532227	-0.473633
1.465000	0.834961	-0.078125
1.470000	0.878906	0.395508
1.475000	0.615234	0.751953
1.480000	0.112305	0.878906
1.485000	-0.463867	0.307617
1.490000	-0.629883	-1.411133
1.495000	0.307617	-2.749023
1.500000	2.104492	-2.651367
1.505000	3.842773	-1.455078
1.510000	4.804688	0.141602
1.515000	4.711914	1.469727
1.520000	3.745117	2.094727
1.525000	2.368164	1.938477
1.530000	1.083984	1.240234
1.535000	0.253906	0.375977
1.540000	-0.009766	-0.302734
1.545000	0.175781	-0.581055
1.550000	0.551758	-0.449219
1.555000	0.839844	-0.043945
1.560000	0.874023	0.419922
1.565000	0.585938	0.766602
1.570000	0.073242	0.874023
1.575000	-0.493164	0.229492
1.580000	-0.610352	-1.528320
1.585000	0.400391	-2.783203
1.590000	2.221680	-2.592773
1.595000	3.920898	-1.357422
1.600000	4.819336	0.239258
1.605000	4.667969	1.528320
1.610000	3.662109	2.104492
1.615000	2.275391	1.904297
1.620000	1.010742	1.186523
1.625000	0.214844	0.327148
1.630000	-0.014648	-0.332031
1.635000	0.195312	-0.590820
1.640000	0.576172	-0.434570
1.645000	0.854492	-0.019531
1.650000	0.864258	0.449219
1.655000	0.561523	0.781250
1.660000	0.043945	0.869141
1.665000	-0.517578	0.151367
1.670000	-0.585938	-1.640625
1.675000	0.493164	-2.812500
1.680000	2.333984	-2.553711
1.685000	4.013672	-1.269531
1.690000	4.853516	0.327148
1.695000	4.633789	1.586914
1.700000	3.593750	2.114258
1.705000	2.197266	1.875000
1.710000	0.947266	1.137695
1.715000	0.190430	0.278320
1.720000	-0.009766	-0.361328
1.725000	0.219727	-0.590820
1.730000	0.595703	-0.410156
1.735000	0.864258	0.009766
1.740000	0.849609	0.468750
1.745000	0.537109	0.791016
1.750000	0.004883	0.854492
1.755000	-0.546875	0.063477
1.760000	-0.556641	-1.752930
1.765000	0.600586	-2.836914
1.770000	2.451172	-2.495117
1.775000	4.082031	-1.176758
1.780000	4.858398	0.424805
1.785000	4.580078	1.640625
1.790000	3.500977	2.119141
1.795000	2.104492	1.845703
1.800000	0.883789	1.083984
1.805000	0.151367	0.229492
1.810000	-0.009766	-0.390625
1.815000	0.234375	-0.595703
1.820000	0.615234	-0.395508
1.825000	0.874023	0.039062
1.830000	0.844727	0.498047
1.835000	0.507812	0.805664
1.840000	-0.029297	0.844727
1.845000	-0.571289	-0.024414
1.850000	-0.522461	-1.860352
1.855000	0.693359	-2.856445
1.860000	2.558594	-2.441406
1.865000	4.165039	-1.083984
1.870000	4.877930	0.507812
1.875000	4.545898	1.694336
1.880000	3.432617	2.128906
1.885000	2.031250	1.811523
1.890000	0.830078	1.035156
1.895000	0.136719	0.185547
1.900000	0.000000	-0.410156
1.905000	0.258789	-0.585938
1.910000	0.634766	-0.366211
1.915000	0.878906	0.068359
1.920000	0.830078	0.522461
1.925000	0.473633	0.815430
1.930000	-0.063477	0.825195
1.935000	-0.595703	-0.122070
1.940000	-0.483398	-1.958008
1.945000	0.800781	-2.861328
1.950000	2.670898	-2.373047
1.955000	4.233398	-0.981445
1.960000	4.877930	0.605469
1.965000	4.482422	1.743164
1.970000	3.339844	2.119141
1.975000	1.933594	1.772461
1.980000	0.761719	0.976562
1.985000	0.107422	0.136719
1.990000	0.004883	-0.434570
1.995000	0.283203	-0.585938
2.000000	0.659180	-0.351562
2.005000	0.888672	0.097656
2.010000	0.815430	0.541992
2.015000	0.454102	0.825195
2.020000	-0.097656	0.805664
2.025000	-0.610352	-0.219727
2.030000	-0.444336	-2.060547
2.035000	0.908203	-2.875977
2.040000	2.788086	-2.314453
2.045000	4.306641	-0.888672
2.050000	4.892578	0.683594
2.055000	4.443359	1.787109
2.060000	3.266602	2.124023
2.065000	1.870117	1.728516
2.070000	0.712891	0.927734
2.075000	0.087891	0.097656
2.080000	0.019531	-0.454102
2.085000	0.302734	-0.576172
2.090000	0.678711	-0.322266
2.095000	0.888672	0.131836
2.100000	0.800781	0.571289
2.105000	0.424805	0.839844
2.110000	-0.136719	0.776367
2.115000	-0.625000	-0.317383
2.120000	-0.390625	-2.148438
2.125000	1.015625	-2.871094
2.130000	2.890625	-2.236328
2.135000	4.365234	-0.786133
2.140000	4.887695	0.766602
2.145000	4.375000	1.831055
2.150000	3.173828	2.109375
2.155000	1.772461	1.689453
2.160000	0.659180	0.874023
2.165000	0.068359	0.048828
2.170000	0.024414	-0.478516
2.175000	0.327148	-0.576172
2.180000	0.703125	-0.302734
2.185000	0.893555	0.151367
2.190000	0.786133	0.590820
2.195000	0.390625	0.844727
2.200000	-0.166016	0.751953
2.205000	-0.634766	-0.429688
2.210000	-0.336914	-2.236328
2.215000	1.123047	-2.875977
2.220000	3.002930	-2.172852
2.225000	4.433594	-0.693359
2.230000	4.897461	0.854492
2.235000	4.331055	1.875000
2.240000	3.095703	2.104492
2.245000	1.708984	1.650391
2.250000	0.615234	0.820312
2.255000	0.053711	0.004883
2.260000	0.039062	-0.493164
2.265000	0.356445	-0.566406
2.270000	0.717773	-0.273438
2.275000	0.893555	0.185547
2.280000	0.771484	0.610352
2.285000	0.361328	0.854492
2.290000	-0.209961	0.717773
2.295000	-0.649414	-0.537109
2.300000	-0.278320	-2.314453
2.305000	1.230469	-2.856445
2.310000	3.105469	-2.089844
2.315000	4.482422	-0.590820
2.320000	4.877930	0.932617
2.325000	4.262695	1.909180
2.330000	3.007812	2.094727
2.335000	1.616211	1.606445
2.340000	0.551758	0.766602
2.345000	0.034180	-0.034180
2.350000	0.048828	-0.512695
2.355000	0.375977	-0.556641
2.360000	0.732422	-0.253906
2.365000	0.898438	0.214844
2.370000	0.751953	0.634766
2.375000	0.332031	0.859375
2.380000	-0.244141	0.678711
2.385000	-0.659180	-0.649414
2.390000	-0.219727	-2.392578
2.395000	1.342773	-2.851562
2.400000	3.212891	-2.016602
2.405000	4.541016	-0.493164
2.410000	4.873047	1.010742
2.415000	4.208984	1.943359
2.420000	2.929688	2.084961
2.425000	1.547852	1.562500
2.430000	0.512695	0.712891
2.435000	0.024414	-0.073242
2.440000	0.063477	-0.522461
2.445000	0.400391	-0.551758
2.450000	0.751953	-0.229492
2.455000	0.898438	0.239258
2.460000	0.732422	0.649414
2.465000	0.297852	0.869141
2.470000	-0.278320	0.634766
2.475000	-0.668945	-0.761719
2.480000	-0.146484	-2.465820
2.485000	1.455078	-2.827148
2.490000	3.315430	-1.933594
2.495000	4.589844	-0.395508
2.500000	4.853516	1.093750
2.505000	4.130859	1.972656
2.510000	2.832031	2.065430
2.515000	1.464844	1.513672
2.520000	0.463867	0.659180
2.525000	0.009766	-0.112305
2.530000	0.073242	-0.537109
2.535000	0.419922	-0.537109
2.540000	0.771484	-0.200195
2.545000	0.898438	0.268555
2.550000	0.712891	0.668945
2.555000	0.268555	0.874023
2.560000	-0.312500	0.595703
2.565000	-0.668945	-0.878906
2.570000	-0.078125	-2.524414
2.575000	1.572266	-2.812500
2.580000	3.422852	-1.860352
2.585000	4.643555	-0.297852
2.590000	4.838867	1.162109
2.595000	4.072266	2.001953
2.600000	2.758789	2.050781
2.605000	1.396484	1.469727
2.610000	0.419922	0.610352
2.615000	0.004883	-0.146484
2.620000	0.092773	-0.546875
2.625000	0.449219	-0.522461
2.630000	0.781250	-0.170898
2.635000	0.893555	0.302734
2.640000	0.693359	0.688477
2.645000	0.234375	0.874023
2.650000	-0.346680	0.541992
2.655000	-0.668945	-0.996094
2.660000	0.000000	-2.583008
2.665000	1.689453	-2.778320
2.670000	3.515625	-1.767578
2.675000	4.677734	-0.200195
2.680000	4.809570	1.235352
2.685000	3.994141	2.026367
2.690000	2.656250	2.026367
2.695000	1.318359	1.416016
2.700000	0.371094	0.556641
2.705000	-0.004883	-0.185547
2.710000	0.107422	-0.561523
2.715000	0.468750	-0.512695
2.720000	0.800781	-0.146484
2.725000	0.888672	0.322266
2.730000	0.673828	0.703125
2.735000	0.200195	0.883789
2.740000	-0.380859	0.478516
2.745000	-0.659180	-1.113281
2.750000	0.078125	-2.641602
2.755000	1.806641	-2.753906
2.760000	3.613281	-1.684570
2.765000	4.726562	-0.107422
2.770000	4.794922	1.298828
2.775000	3.935547	2.050781
2.780000	2.583008	2.011719
2.785000	1.254883	1.367188
2.790000	0.341797	0.507812
2.795000	-0.009766	-0.219727
2.800000	0.126953	-0.566406
2.805000	0.498047	-0.488281
2.810000	0.815430	-0.117188
2.815000	0.888672	0.351562
2.820000	0.649414	0.722656
2.825000	0.166016	0.878906
2.830000	-0.410156	0.410156
2.835000	-0.649414	-1.230469
2.840000	0.166016	-2.685547
2.845000	1.918945	-2.714844
2.850000	3.701172	-1.591797
2.855000	4.746094	-0.004883
2.860000	4.755859	1.367188
2.865000	3.847656	2.065430
2.870000	2.490234	1.982422
2.875000	1.186523	1.318359
2.880000	0.297852	0.454102
2.885000	-0.009766	-0.258789
2.890000	0.141602	-0.576172
2.895000	0.517578	-0.483398
2.900000	0.825195	-0.087891
2.905000	0.883789	0.380859
2.910000	0.625000	0.737305
2.915000	0.131836	0.878906
2.920000	-0.444336	0.346680
2.925000	-0.634766	-1.342773
2.930000	0.253906	-2.729492
2.935000	2.041016	-2.675781
2.940000	3.789062	-1.508789
2.945000	4.790039	0.087891
2.950000	4.736328	1.430664
2.955000	3.784180	2.084961
2.960000	2.416992	1.958008
2.965000	1.123047	1.269531
2.970000	0.268555	0.405273
2.975000	-0.009766	-0.283203
2.980000	0.166016	-0.576172
2.985000	0.537109	-0.463867
2.990000	0.839844	-0.058594
2.995000	0.874023	0.405273
3.000000	0.605469	0.756836
3.005000	0.097656	0.874023
3.010000	-0.473633	0.268555
3.015000	-0.620117	-1.459961
3.020000	0.341797	-2.763672
3.025000	2.153320	-2.626953
3.030000	3.872070	-1.411133
3.035000	4.814453	0.185547
3.040000	4.687500	1.494141
3.045000	3.710938	2.099609
3.050000	2.324219	1.923828
3.055000	1.044922	1.220703
3.060000	0.229492	0.351562
3.065000	-0.014648	-0.312500
3.070000	0.180664	-0.585938
3.075000	0.561523	-0.444336
3.080000	0.849609	-0.034180
3.085000	0.869141	0.434570
3.090000	0.576172	0.766602
3.095000	0.063477	0.874023
3.100000	-0.502930	0.195312
3.105000	-0.605469	-1.577148
3.110000	0.439453	-2.797852
3.115000	2.270508	-2.583008
3.120000	3.964844	-1.318359
3.125000	4.838867	0.273438
3.130000	4.658203	1.552734
3.135000	3.637695	2.109375
3.140000	2.246094	1.899414
3.145000	0.986328	1.171875
3.150000	0.205078	0.302734
3.155000	-0.009766	-0.341797
3.160000	0.209961	-0.585938
3.165000	0.585938	-0.424805
3.170000	0.859375	-0.004883
3.175000	0.854492	0.458984
3.180000	0.546875	0.781250
3.185000	0.024414	0.864258
3.190000	-0.532227	0.112305
3.195000	-0.571289	-1.689453
3.200000	0.537109	-2.817383
3.205000	2.387695	-2.524414
3.210000	4.042969	-1.230469
3.215000	4.853516	0.371094
3.220000	4.604492	1.606445
3.225000	3.549805	2.114258
3.230000	2.153320	1.865234
3.235000	0.922852	1.113281
3.240000	0.170898	0.258789
3.245000	-0.009766	-0.371094
3.250000	0.224609	-0.590820
3.255000	0.610352	-0.405273
3.260000	0.869141	0.019531
3.265000	0.849609	0.483398
3.270000	0.527344	0.795898
3.275000	-0.004883	0.849609
3.280000	-0.551758	0.024414
3.285000	-0.541992	-1.796875
3.290000	0.634766	-2.846680
3.295000	2.500000	-2.475586
3.300000	4.121094	-1.137695
3.305000	4.873047	0.458984
3.310000	4.570312	1.665039
3.315000	3.476562	2.119141
3.320000	2.075195	1.835938
3.325000	0.864258	1.064453
3.330000	0.151367	0.209961
3.335000	-0.004883	-0.395508
3.340000	0.249023	-0.585938
3.345000	0.625000	-0.380859
3.350000	0.874023	0.053711
3.355000	0.834961	0.507812
3.360000	0.498047	0.805664
3.365000	-0.043945	0.834961
3.370000	-0.576172	-0.068359
3.375000	-0.507812	-1.904297
3.380000	0.742188	-2.856445
3.385000	2.607422	-2.407227
3.390000	4.189453	-1.040039
3.395000	4.877930	0.546875
3.400000	4.511719	1.713867
3.405000	3.388672	2.119141
3.410000	1.987305	1.791992
3.415000	0.800781	1.005859
3.420000	0.122070	0.161133
3.425000	0.000000	-0.419922
3.430000	0.268555	-0.590820
3.435000	0.644531	-0.361328
3.440000	0.883789	0.083008
3.445000	0.825195	0.532227
3.450000	0.473633	0.820312
3.455000	-0.078125	0.815430
3.460000	-0.600586	-0.161133
3.465000	-0.463867	-2.001953
3.470000	0.844727	-2.871094
3.475000	2.719727	-2.348633
3.480000	4.267578	-0.942383
3.485000	4.892578	0.639648
3.490000	4.472656	1.767578
3.495000	3.310547	2.119141
3.500000	1.914062	1.757812
3.505000	0.747070	0.957031
3.510000	0.102539	0.122070
3.515000	0.009766	-0.444336
3.520000	0.292969	-0.581055
3.525000	0.668945	-0.336914
3.530000	0.888672	0.112305
3.535000	0.805664	0.556641
3.540000	0.439453	0.830078
3.545000	-0.117188	0.795898
3.550000	-0.615234	-0.268555
3.555000	-0.415039	-2.099609
3.560000	0.952148	-2.875977
3.565000	2.832031	-2.275391
3.570000	4.331055	-0.844727
3.575000	4.882812	0.722656
3.580000	4.409180	1.806641
3.585000	3.222656	2.114258
3.590000	1.821289	1.708984
3.595000	0.688477	0.903320
3.600000	0.078125	0.073242
3.605000	0.019531	-0.468750
3.610000	0.312500	-0.576172
3.615000	0.683594	-0.317383
3.620000	0.888672	0.136719
3.625000	0.795898	0.576172
3.630000	0.410156	0.844727
3.635000	-0.151367	0.766602
3.640000	-0.629883	-0.366211
3.645000	-0.366211	-2.187500
3.650000	1.064453	-2.875977
3.655000	2.944336	-2.211914
3.660000	4.394531	-0.747070
3.665000	4.897461	0.805664
3.670000	4.360352	1.850586
3.675000	3.144531	2.109375
3.680000	1.748047	1.674805
3.685000	0.639648	0.849609
3.690000	0.063477	0.029297
3.695000	0.029297	-0.483398
3.700000	0.341797	-0.566406
3.705000	0.703125	-0.288086
3.710000	0.893555	0.170898
3.715000	0.776367	0.605469
3.720000	0.375977	0.849609
3.725000	-0.185547	0.732422
3.730000	-0.644531	-0.478516
3.735000	-0.312500	-2.275391
3.740000	1.181641	-2.866211
3.745000	3.056641	-2.133789
3.750000	4.458008	-0.639648
3.755000	4.877930	0.893555
3.760000	4.296875	1.884766
3.765000	3.051758	2.099609
3.770000	1.660156	1.625977
3.775000	0.581055	0.795898
3.780000	0.043945	-0.009766
3.785000	0.039062	-0.502930
3.790000	0.361328	-0.561523
3.795000	0.727539	-0.263672
3.800000	0.898438	0.200195
3.805000	0.761719	0.620117
3.810000	0.346680	0.854492
3.815000	-0.219727	0.698242
3.820000	-0.654297	-0.595703
3.825000	-0.249023	-2.358398
3.830000	1.284180	-2.856445
3.835000	3.159180	-2.060547
3.840000	4.516602	-0.546875
3.845000	4.877930	0.966797
3.850000	4.238281	1.928711
3.855000	2.968750	2.094727
3.860000	1.586914	1.582031
3.865000	0.532227	0.742188
3.870000	0.034180	-0.053711
3.875000	0.053711	-0.517578
3.880000	0.385742	-0.556641
3.885000	0.747070	-0.239258
3.890000	0.898438	0.224609
3.895000	0.742188	0.639648
3.900000	0.312500	0.859375
3.905000	-0.258789	0.659180
3.910000	-0.664062	-0.703125
3.915000	-0.180664	-2.426758
3.920000	1.401367	-2.841797
3.925000	3.266602	-1.972656
3.930000	4.560547	-0.444336
3.935000	4.858398	1.054688
3.940000	4.169922	1.953125
3.945000	2.875977	2.075195
3.950000	1.503906	1.538086
3.955000	0.483398	0.688477
3.960000	0.019531	-0.092773
3.965000	0.063477	-0.527344
3.970000	0.410156	-0.546875
3.975000	0.766602	-0.209961
3.980000	0.898438	0.253906
3.985000	0.727539	0.659180
3.990000	0.283203	0.869141
3.995000	-0.292969	0.615234
4.000000	-0.668945	-0.815430
4.005000	-0.112305	-2.495117
4.010000	1.513672	-2.822266
4.015000	3.364258	-1.899414
4.020000	4.619141	-0.346680
4.025000	4.848633	1.127930
4.030000	4.106445	1.987305
4.035000	2.792969	2.060547
4.040000	1.430664	1.489258
4.045000	0.444336	0.634766
4.050000	0.009766	-0.126953
4.055000	0.087891	-0.541992
4.060000	0.434570	-0.527344
4.065000	0.776367	-0.185547
4.070000	0.893555	0.283203
4.075000	0.703125	0.678711
4.080000	0.249023	0.878906
4.085000	-0.327148	0.561523
4.090000	-0.668945	-0.937500
4.095000	-0.034180	-2.558594
4.100000	1.630859	-2.792969
4.105000	3.461914	-1.811523
4.110000	4.658203	-0.249023
4.115000	4.824219	1.201172
4.120000	4.033203	2.011719
4.125000	2.705078	2.041016
4.130000	1.352539	1.440430
4.135000	0.395508	0.581055
4.140000	-0.004883	-0.166016
4.145000	0.102539	-0.556641
4.150000	0.458984	-0.517578
4.155000	0.795898	-0.161133
4.160000	0.893555	0.307617
4.165000	0.683594	0.698242
4.170000	0.214844	0.878906
4.175000	-0.366211	0.507812
4.180000	-0.664062	-1.059570
4.185000	0.039062	-2.612305
4.190000	1.743164	-2.768555
4.195000	3.569336	-1.728516
4.200000	4.702148	-0.151367
4.205000	4.804688	1.264648
4.210000	3.964844	2.036133
4.215000	2.622070	2.021484
4.220000	1.289062	1.396484
4.225000	0.361328	0.532227
4.230000	-0.004883	-0.200195
4.235000	0.117188	-0.566406
4.240000	0.478516	-0.502930
4.245000	0.805664	-0.131836
4.250000	0.893555	0.336914
4.255000	0.659180	0.717773
4.260000	0.185547	0.878906
4.265000	-0.395508	0.449219
4.270000	-0.654297	-1.171875
4.275000	0.122070	-2.661133
4.280000	1.865234	-2.729492
4.285000	3.662109	-1.635742
4.290000	4.741211	-0.053711
4.295000	4.775391	1.337891
4.300000	3.891602	2.055664
4.305000	2.529297	1.997070
4.310000	1.215820	1.342773
4.315000	0.317383	0.478516
4.320000	-0.009766	-0.234375
4.325000	0.131836	-0.576172
4.330000	0.502930	-0.488281
4.335000	0.820312	-0.102539
4.340000	0.888672	0.366211
4.345000	0.639648	0.732422
4.350000	0.151367	0.883789
4.355000	-0.429688	0.380859
4.360000	-0.644531	-1.289062
4.365000	0.209961	-2.709961
4.370000	1.982422	-2.695312
4.375000	3.745117	-1.552734
4.380000	4.770508	0.039062
4.385000	4.750977	1.401367
4.390000	3.823242	2.080078
4.395000	2.456055	1.972656
4.400000	1.152344	1.293945
4.405000	0.283203	0.429688
4.410000	-0.014648	-0.268555
4.415000	0.156250	-0.576172
4.420000	0.532227	-0.473633
4.425000	0.834961	-0.078125
4.430000	0.878906	0.390625
4.435000	0.615234	0.747070
4.440000	0.117188	0.883789
4.445000	-0.458984	0.307617
4.450000	-0.629883	-1.406250
4.455000	0.297852	-2.749023
4.460000	2.099609	-2.646484
4.465000	3.833008	-1.455078
4.470000	4.794922	0.136719
4.475000	4.707031	1.464844
4.480000	3.745117	2.089844
4.485000	2.363281	1.938477
4.490000	1.083984	1.245117
4.495000	0.249023	0.380859
4.500000	-0.009766	-0.302734
4.505000	0.170898	-0.585938
4.510000	0.551758	-0.454102
4.515000	0.849609	-0.048828
4.520000	0.874023	0.419922
4.525000	0.585938	0.766602
4.530000	0.083008	0.878906
4.535000	-0.488281	0.239258
4.540000	-0.615234	-1.518555
4.545000	0.390625	-2.788086
4.550000	2.211914	-2.602539
4.555000	3.920898	-1.362305
4.560000	4.829102	0.229492
4.565000	4.667969	1.523438
4.570000	3.676758	2.099609
4.575000	2.285156	1.914062
4.580000	1.020508	1.196289
4.585000	0.224609	0.332031
4.590000	-0.009766	-0.327148
4.595000	0.195312	-0.585938
4.600000	0.576172	-0.434570
4.605000	0.854492	-0.014648
4.610000	0.859375	0.449219
4.615000	0.566406	0.776367
4.620000	0.043945	0.864258
4.625000	-0.517578	0.151367
4.630000	-0.585938	-1.635742
4.635000	0.493164	-2.812500
4.640000	2.329102	-2.553711
4.645000	3.999023	-1.269531
4.650000	4.838867	0.322266
4.655000	4.628906	1.582031
4.660000	3.588867	2.109375
4.665000	2.197266	1.879883
4.670000	0.952148	1.142578
4.675000	0.185547	0.283203
4.680000	-0.009766	-0.356445
4.685000	0.219727	-0.590820
4.690000	0.595703	-0.410156
4.695000	0.859375	0.009766
4.700000	0.854492	0.468750
4.705000	0.541992	0.791016
4.710000	0.009766	0.854492
4.715000	-0.546875	0.068359
4.720000	-0.556641	-1.743164
4.725000	0.590820	-2.836914
4.730000	2.446289	-2.500000
4.735000	4.082031	-1.181641
4.740000	4.863281	0.415039
4.745000	4.589844	1.635742
4.750000	3.515625	2.119141
4.755000	2.119141	1.850586
4.760000	0.893555	1.093750
4.765000	0.161133	0.234375
4.770000	-0.009766	-0.385742
4.775000	0.234375	-0.585938
4.780000	0.620117	-0.390625
4.785000	0.869141	0.039062
4.790000	0.839844	0.493164
4.795000	0.507812	0.805664
4.800000	-0.024414	0.844727
4.805000	-0.566406	-0.019531
4.810000	-0.527344	-1.850586
4.815000	0.688477	-2.856445
4.820000	2.548828	-2.441406
4.825000	4.155273	-1.083984
4.830000	4.873047	0.507812
4.835000	4.541016	1.689453
4.840000	3.427734	2.124023
4.845000	2.026367	1.811523
4.850000	0.830078	1.030273
4.855000	0.131836	0.185547
4.860000	0.000000	-0.410156
4.865000	0.258789	-0.590820
4.870000	0.639648	-0.375977
4.875000	0.878906	0.068359
4.880000	0.830078	0.517578
4.885000	0.483398	0.815430
4.890000	-0.058594	0.830078
4.895000	-0.590820	-0.117188
4.900000	-0.483398	-1.958008
4.905000	0.795898	-2.866211
4.910000	2.670898	-2.377930
4.915000	4.238281	-0.991211
4.920000	4.887695	0.590820
4.925000	4.497070	1.738281
4.930000	3.354492	2.124023
4.935000	1.948242	1.772461
4.940000	0.771484	0.981445
4.945000	0.112305	0.141602
4.950000	0.009766	-0.434570
4.955000	0.283203	-0.585938
4.960000	0.659180	-0.346680
4.965000	0.888672	0.097656
4.970000	0.815430	0.541992
4.975000	0.454102	0.825195
4.980000	-0.092773	0.805664
4.985000	-0.610352	-0.214844
4.990000	-0.439453	-2.050781
4.995000	0.903320	-2.866211
5.000000	2.778320	-2.304688
5.005000	4.296875	-0.888672
5.010000	4.887695	0.678711
5.015000	4.433594	1.782227
5.020000	3.256836	2.119141
5.025000	1.860352	1.728516
5.030000	0.712891	0.927734
5.035000	0.087891	0.097656
5.040000	0.014648	-0.458984
5.045000	0.302734	-0.581055
5.050000	0.678711	-0.327148
5.055000	0.888672	0.122070
5.060000	0.805664	0.566406
5.065000	0.419922	0.834961
5.070000	-0.131836	0.781250
5.075000	-0.625000	-0.312500
5.080000	-0.395508	-2.148438
5.085000	1.010742	-2.875977
5.090000	2.885742	-2.246094
5.095000	4.365234	-0.795898
5.100000	4.892578	0.766602
5.105000	4.389648	1.826172
5.110000	3.183594	2.119141
5.115000	1.787109	1.694336
5.120000	0.664062	0.878906
5.125000	0.068359	0.053711
5.130000	0.024414	-0.473633
5.135000	0.327148	-0.576172
5.140000	0.698242	-0.302734
5.145000	0.888672	0.156250
5.150000	0.781250	0.585938
5.155000	0.395508	0.844727
5.160000	-0.170898	0.751953
5.165000	-0.634766	-0.424805
5.170000	-0.336914	-2.231445
5.175000	1.123047	-2.871094
5.180000	2.998047	-2.172852
5.185000	4.423828	-0.693359
5.190000	4.882812	0.849609
5.195000	4.326172	1.870117
5.200000	3.095703	2.104492
5.205000	1.699219	1.650391
5.210000	0.605469	0.820312
5.215000	0.053711	0.009766
5.220000	0.034180	-0.493164
5.225000	0.351562	-0.571289
5.230000	0.717773	-0.278320
5.235000	0.898438	0.180664
5.240000	0.771484	0.610352
5.245000	0.361328	0.849609
5.250000	-0.205078	0.722656
5.255000	-0.649414	-0.532227
5.260000	-0.278320	-2.314453
5.265000	1.230469	-2.866211
5.270000	3.105469	-2.099609
5.275000	4.487305	-0.595703
5.280000	4.882812	0.927734
5.285000	4.272461	1.904297
5.290000	3.012695	2.099609
5.295000	1.625977	1.611328
5.300000	0.561523	0.771484
5.305000	0.039062	-0.029297
5.310000	0.048828	-0.507812
5.315000	0.375977	-0.556641
5.320000	0.737305	-0.249023
5.325000	0.898438	0.214844
5.330000	0.751953	0.629883
5.335000	0.327148	0.854492
5.340000	-0.239258	0.673828
5.345000	-0.659180	-0.644531
5.350000	-0.214844	-2.387695
5.355000	1.337891	-2.851562
5.360000	3.208008	-2.016602
5.365000	4.536133	-0.493164
5.370000	4.868164	1.010742
5.375000	4.204102	1.938477
5.380000	2.924805	2.084961
5.385000	1.542969	1.557617
5.390000	0.507812	0.708008
5.395000	0.024414	-0.073242
5.400000	0.058594	-0.527344
5.405000	0.395508	-0.546875
5.410000	0.756836	-0.229492
5.415000	0.898438	0.239258
5.420000	0.737305	0.654297
5.425000	0.297852	0.864258
5.430000	-0.278320	0.634766
5.435000	-0.668945	-0.756836
5.440000	-0.151367	-2.460938
5.445000	1.455078	-2.832031
5.450000	3.315430	-1.938477
5.455000	4.589844	-0.400391
5.460000	4.858398	1.088867
5.465000	4.145508	1.972656
5.470000	2.841797	2.065430
5.475000	1.474609	1.513672
5.480000	0.468750	0.664062
5.485000	0.014648	-0.107422
5.490000	0.073242	-0.537109
5.495000	0.424805	-0.537109
5.500000	0.771484	-0.205078
5.505000	0.893555	0.268555
5.510000	0.717773	0.668945
5.515000	0.268555	0.869141
5.520000	-0.312500	0.590820
5.525000	-0.668945	-0.874023
5.530000	-0.078125	-2.524414
5.535000	1.567383	-2.812500
5.540000	3.417969	-1.855469
5.545000	4.633789	-0.297852
5.550000	4.833984	1.162109
5.555000	4.067383	1.997070
5.560000	2.749023	2.050781
5.565000	1.391602	1.469727
5.570000	0.419922	0.610352
5.575000	0.000000	-0.146484
5.580000	0.092773	-0.551758
5.585000	0.449219	-0.522461
5.590000	0.781250	-0.175781
5.595000	0.898438	0.297852
5.600000	0.693359	0.688477
5.605000	0.234375	0.878906
5.610000	-0.346680	0.541992
5.615000	-0.668945	-0.991211
5.620000	-0.004883	-2.583008
5.625000	1.684570	-2.783203
5.630000	3.515625	-1.777344
5.635000	4.682617	-0.205078
5.640000	4.819336	1.230469
5.645000	4.008789	2.026367
5.650000	2.670898	2.031250
5.655000	1.328125	1.420898
5.660000	0.380859	0.561523
5.665000	0.000000	-0.180664
5.670000	0.107422	-0.561523
5.675000	0.468750	-0.507812
5.680000	0.800781	-0.146484
5.685000	0.888672	0.327148
5.690000	0.673828	0.703125
5.695000	0.200195	0.878906
5.700000	-0.380859	0.478516
5.705000	-0.659180	-1.113281
5.710000	0.078125	-2.636719
5.715000	1.801758	-2.749023
5.720000	3.613281	-1.684570
5.725000	4.711914	-0.102539
5.730000	4.785156	1.298828
5.735000	3.930664	2.050781
5.740000	2.578125	2.011719
5.745000	1.254883	1.372070
5.750000	0.336914	0.507812
5.755000	-0.009766	-0.219727
5.760000	0.122070	-0.571289
5.765000	0.488281	-0.498047
5.770000	0.815430	-0.122070
5.775000	0.888672	0.351562
5.780000	0.649414	0.727539
5.785000	0.166016	0.878906
5.790000	-0.410156	0.419922
5.795000	-0.649414	-1.225586
5.800000	0.161133	-2.685547
5.805000	1.914062	-2.714844
5.810000	3.701172	-1.596680
5.815000	4.755859	-0.009766
5.820000	4.765625	1.367188
5.825000	3.857422	2.065430
5.830000	2.500000	1.982422
5.835000	1.191406	1.318359
5.840000	0.302734	0.454102
5.845000	-0.009766	-0.253906
5.850000	0.141602	-0.571289
5.855000	0.517578	-0.478516
5.860000	0.825195	-0.092773
5.865000	0.883789	0.380859
5.870000	0.625000	0.737305
5.875000	0.131836	0.878906
5.880000	-0.444336	0.346680
5.885000	-0.634766	-1.337891
5.890000	0.249023	-2.724609
5.895000	2.031250	-2.670898
5.900000	3.784180	-1.508789
5.905000	4.785156	0.087891
5.910000	4.726562	1.430664
5.915000	3.779297	2.084961
5.920000	2.416992	1.953125
5.925000	1.118164	1.269531
5.930000	0.263672	0.405273
5.935000	-0.009766	-0.283203
5.940000	0.156250	-0.581055
5.945000	0.541992	-0.463867
5.950000	0.839844	-0.063477
5.955000	0.878906	0.405273
5.960000	0.605469	0.756836
5.965000	0.097656	0.874023
5.970000	-0.473633	0.278320
5.975000	-0.625000	-1.459961
5.980000	0.341797	-2.763672
5.985000	2.148438	-2.631836
5.990000	3.872070	-1.416016
5.995000	4.814453	0.180664
6.000000	4.697266	1.494141
6.005000	3.715820	2.099609
6.010000	2.333984	1.928711
6.015000	1.054688	1.225586
6.020000	0.234375	0.356445
6.025000	-0.009766	-0.312500
6.030000	0.185547	-0.581055
6.035000	0.561523	-0.444336
6.040000	0.849609	-0.034180
6.045000	0.864258	0.429688
6.050000	0.581055	0.771484
6.055000	0.058594	0.874023
6.060000	-0.502930	0.195312
6.065000	-0.605469	-1.572266
6.070000	0.434570	-2.797852
6.075000	2.265625	-2.578125
6.080000	3.955078	-1.318359
6.085000	4.829102	0.273438
6.090000	4.653320	1.547852
6.095000	3.632812	2.104492
6.100000	2.241211	1.894531
6.105000	0.981445	1.166992
6.110000	0.200195	0.307617
6.115000	-0.009766	-0.341797
6.120000	0.200195	-0.590820
6.125000	0.581055	-0.429688
6.130000	0.859375	-0.009766
6.135000	0.859375	0.458984
6.140000	0.551758	0.781250
6.145000	0.029297	0.864258
6.150000	-0.532227	0.117188
6.155000	-0.576172	-1.684570
6.160000	0.532227	-2.822266
6.165000	2.382812	-2.529297
6.170000	4.038086	-1.235352
6.175000	4.853516	0.366211
6.180000	4.619141	1.606445
6.185000	3.564453	2.114258
6.190000	2.163086	1.865234
6.195000	0.927734	1.118164
6.200000	0.175781	0.258789
6.205000	-0.009766	-0.366211
6.210000	0.224609	-0.590820
6.215000	0.605469	-0.405273
6.220000	0.869141	0.019531
6.225000	0.849609	0.478516
6.230000	0.527344	0.795898
6.235000	-0.004883	0.849609
6.240000	-0.556641	0.029297
6.245000	-0.541992	-1.791992
6.250000	0.634766	-2.841797
6.255000	2.490234	-2.470703
6.260000	4.111328	-1.142578
6.265000	4.868164	0.458984
6.270000	4.565430	1.660156
6.275000	3.476562	2.119141
6.280000	2.075195	1.831055
6.285000	0.864258	1.064453
6.290000	0.146484	0.214844
6.295000	-0.009766	-0.395508
6.300000	0.249023	-0.595703
6.305000	0.625000	-0.385742
6.310000	0.878906	0.048828
6.315000	0.839844	0.507812
6.320000	0.498047	0.810547
6.325000	-0.039062	0.839844
6.330000	-0.581055	-0.058594
6.335000	-0.507812	-1.899414
6.340000	0.737305	-2.861328
6.345000	2.602539	-2.412109
6.350000	4.189453	-1.044922
6.355000	4.882812	0.541992
6.360000	4.521484	1.708984
6.365000	3.398438	2.124023
6.370000	1.992188	1.796875
6.375000	0.805664	1.010742
6.380000	0.126953	0.166016
6.385000	0.000000	-0.419922
6.390000	0.268555	-0.585938
6.395000	0.649414	-0.361328
6.400000	0.883789	0.078125
6.405000	0.830078	0.532227
6.410000	0.468750	0.820312
6.415000	-0.078125	0.820312
6.420000	-0.600586	-0.161133
6.425000	-0.468750	-1.997070
6.430000	0.839844	-2.866211
6.435000	2.714844	-2.353516
6.440000	4.257812	-0.947266
6.445000	4.892578	0.629883
6.450000	4.472656	1.757812
6.455000	3.315430	2.119141
6.460000	1.914062	1.757812
6.465000	0.747070	0.957031
6.470000	0.102539	0.122070
6.475000	0.004883	-0.444336
6.480000	0.292969	-0.581055
6.485000	0.668945	-0.336914
6.490000	0.888672	0.107422
6.495000	0.810547	0.551758
6.500000	0.439453	0.830078
6.505000	-0.112305	0.795898
6.510000	-0.620117	-0.253906
6.515000	-0.419922	-2.094727
6.520000	0.947266	-2.875977
6.525000	2.827148	-2.280273
6.530000	4.331055	-0.849609
6.535000	4.892578	0.717773
6.540000	4.418945	1.801758
6.545000	3.227539	2.114258
6.550000	1.826172	1.713867
6.555000	0.688477	0.908203
6.560000	0.078125	0.078125
6.565000	0.014648	-0.463867
6.570000	0.312500	-0.576172
6.575000	0.688477	-0.322266
6.580000	0.888672	0.136719
6.585000	0.795898	0.581055
6.590000	0.410156	0.839844
6.595000	-0.151367	0.771484
6.600000	-0.629883	-0.366211
6.605000	-0.371094	-2.187500
6.610000	1.054688	-2.875977
6.615000	2.939453	-2.216797
6.620000	4.394531	-0.751953
6.625000	4.897461	0.800781
6.630000	4.365234	1.850586
6.635000	3.149414	2.114258
6.640000	1.748047	1.674805
6.645000	0.634766	0.854492
6.650000	0.063477	0.034180
6.655000	0.029297	-0.483398
6.660000	0.336914	-0.571289
6.665000	0.708008	-0.292969
6.670000	0.893555	0.166016
6.675000	0.776367	0.600586
6.680000	0.380859	0.849609
6.685000	-0.185547	0.737305
6.690000	-0.639648	-0.468750
6.695000	-0.312500	-2.270508
6.700000	1.166992	-2.866211
6.705000	3.046875	-2.143555
6.710000	4.448242	-0.654297
6.715000	4.887695	0.888672
6.720000	4.301758	1.884766
6.725000	3.061523	2.104492
6.730000	1.669922	1.630859
6.735000	0.585938	0.800781
6.740000	0.048828	-0.009766
6.745000	0.039062	-0.502930
6.750000	0.361328	-0.566406
6.755000	0.727539	-0.273438
6.760000	0.898438	0.190430
6.765000	0.766602	0.620117
6.770000	0.351562	0.854492
6.775000	-0.219727	0.703125
6.780000	-0.654297	-0.581055
6.785000	-0.258789	-2.343750
6.790000	1.274414	-2.861328
6.795000	3.149414	-2.065430
6.800000	4.511719	-0.551758
6.805000	4.877930	0.966797
6.810000	4.248047	1.918945
6.815000	2.983398	2.094727
6.820000	1.596680	1.591797
6.825000	0.541992	0.747070
6.830000	0.034180	-0.043945
6.835000	0.053711	-0.512695
6.840000	0.385742	-0.556641
6.845000	0.742188	-0.244141
6.850000	0.898438	0.224609
6.855000	0.742188	0.639648
6.860000	0.312500	0.859375
6.865000	-0.253906	0.664062
6.870000	-0.664062	-0.688477
6.875000	-0.190430	-2.421875
6.880000	1.381836	-2.841797
6.885000	3.251953	-1.982422
6.890000	4.560547	-0.454102
6.895000	4.863281	1.040039
6.900000	4.174805	1.948242
6.905000	2.885742	2.075195
6.910000	1.508789	1.542969
6.915000	0.493164	0.693359
6.920000	0.019531	-0.087891
6.925000	0.063477	-0.532227
6.930000	0.405273	-0.546875
6.935000	0.761719	-0.219727
6.940000	0.898438	0.253906
6.945000	0.727539	0.659180
6.950000	0.288086	0.869141
6.955000	-0.288086	0.620117
6.960000	-0.668945	-0.805664
6.965000	-0.122070	-2.490234
6.970000	1.503906	-2.822266
6.975000	3.359375	-1.909180
6.980000	4.614258	-0.361328
6.985000	4.858398	1.118164
6.990000	4.116211	1.982422
6.995000	2.807617	2.060547
7.000000	1.440430	1.499023
7.005000	0.449219	0.644531
7.010000	0.009766	-0.126953
7.015000	0.083008	-0.541992
7.020000	0.429688	-0.532227
7.025000	0.776367	-0.190430
7.030000	0.898438	0.283203
7.035000	0.703125	0.678711
7.040000	0.253906	0.874023
7.045000	-0.322266	0.571289
7.050000	-0.668945	-0.922852
7.055000	-0.048828	-2.548828
7.060000	1.616211	-2.797852
7.065000	3.452148	-1.821289
7.070000	4.658203	-0.258789
7.075000	4.824219	1.191406
7.080000	4.042969	2.011719
7.085000	2.719727	2.041016
7.090000	1.367188	1.450195
7.095000	0.400391	0.590820
7.100000	0.000000	-0.161133
7.105000	0.102539	-0.551758
7.110000	0.454102	-0.517578
7.115000	0.791016	-0.161133
7.120000	0.893555	0.307617
7.125000	0.688477	0.698242
7.130000	0.219727	0.878906
7.135000	-0.361328	0.512695
7.140000	-0.668945	-1.040039
7.145000	0.029297	-2.602539
7.150000	1.733398	-2.768555
7.155000	3.554688	-1.738281
7.160000	4.697266	-0.161133
7.165000	4.809570	1.259766
7.170000	3.974609	2.036133
7.175000	2.631836	2.021484
7.180000	1.289062	1.401367
7.185000	0.366211	0.537109
7.190000	-0.004883	-0.200195
7.195000	0.112305	-0.561523
7.200000	0.478516	-0.502930
7.205000	0.800781	-0.136719
7.210000	0.883789	0.336914
7.215000	0.664062	0.712891
7.220000	0.185547	0.878906
7.225000	-0.395508	0.454102
7.230000	-0.654297	-1.162109
7.235000	0.112305	-2.661133
7.240000	1.855469	-2.739258
7.245000	3.652344	-1.650391
7.250000	4.731445	-0.063477
7.255000	4.780273	1.328125
7.260000	3.901367	2.060547
7.265000	2.543945	1.997070
7.270000	1.225586	1.347656
7.275000	0.322266	0.488281
7.280000	-0.009766	-0.234375
7.285000	0.131836	-0.571289
7.290000	0.502930	-0.488281
7.295000	0.820312	-0.107422
7.300000	0.888672	0.366211
7.305000	0.639648	0.727539
7.310000	0.156250	0.883789
7.315000	-0.424805	0.390625
7.320000	-0.644531	-1.274414
7.325000	0.195312	-2.705078
7.330000	1.967773	-2.695312
7.335000	3.735352	-1.562500
7.340000	4.765625	0.029297
7.345000	4.750977	1.396484
7.350000	3.828125	2.075195
7.355000	2.465820	1.972656
7.360000	1.162109	1.298828
7.365000	0.288086	0.434570
7.370000	-0.009766	-0.263672
7.375000	0.151367	-0.576172
7.380000	0.527344	-0.473633
7.385000	0.830078	-0.083008
7.390000	0.883789	0.390625
7.395000	0.615234	0.751953
7.400000	0.117188	0.878906
7.405000	-0.454102	0.317383
7.410000	-0.629883	-1.391602
7.415000	0.288086	-2.744141
7.420000	2.084961	-2.656250
7.425000	3.818359	-1.469727
7.430000	4.799805	0.126953
7.435000	4.711914	1.459961
7.440000	3.754883	2.094727
7.445000	2.382812	1.943359
7.450000	1.088867	1.250000
7.455000	0.253906	0.385742
7.460000	-0.014648	-0.292969
7.465000	0.170898	-0.585938
7.470000	0.546875	-0.454102
7.475000	0.844727	-0.048828
7.480000	0.874023	0.419922
7.485000	0.595703	0.766602
7.490000	0.083008	0.878906
7.495000	-0.488281	0.244141
7.500000	-0.615234	-1.508789
7.505000	0.380859	-2.783203
7.510000	2.202148	-2.607422
7.515000	3.911133	-1.376953
7.520000	4.819336	0.219727
7.525000	4.677734	1.518555
7.530000	3.681641	2.099609
7.535000	2.294922	1.914062
7.540000	1.025391	1.201172
7.545000	0.224609	0.336914
7.550000	-0.009766	-0.327148
7.555000	0.190430	-0.585938
7.560000	0.571289	-0.434570
7.565000	0.854492	-0.019531
7.570000	0.864258	0.444336
7.575000	0.571289	0.776367
7.580000	0.048828	0.869141
7.585000	-0.512695	0.161133
7.590000	-0.595703	-1.621094
7.595000	0.478516	-2.812500
7.600000	2.319336	-2.558594
7.605000	3.994141	-1.279297
7.610000	4.843750	0.312500
7.615000	4.638672	1.577148
7.620000	3.603516	2.109375
7.625000	2.207031	1.879883
7.630000	0.957031	1.147461
7.635000	0.190430	0.288086
7.640000	-0.009766	-0.351562
7.645000	0.214844	-0.590820
7.650000	0.595703	-0.415039
7.655000	0.859375	0.004883
7.660000	0.849609	0.463867
7.665000	0.541992	0.791016
7.670000	0.009766	0.859375
7.675000	-0.541992	0.078125
7.680000	-0.566406	-1.728516
7.685000	0.576172	-2.832031
7.690000	2.431641	-2.504883
7.695000	4.072266	-1.196289
7.700000	4.858398	0.410156
7.705000	4.594727	1.630859
7.710000	3.520508	2.119141
7.715000	2.119141	1.850586
7.720000	0.898438	1.093750
7.725000	0.161133	0.239258
7.730000	-0.009766	-0.380859
7.735000	0.234375	-0.590820
7.740000	0.615234	-0.395508
7.745000	0.869141	0.034180
7.750000	0.849609	0.493164
7.755000	0.512695	0.800781
7.760000	-0.024414	0.849609
7.765000	-0.566406	-0.009766
7.770000	-0.527344	-1.845703
7.775000	0.678711	-2.851562
7.780000	2.539062	-2.446289
7.785000	4.150391	-1.098633
7.790000	4.873047	0.493164
7.795000	4.545898	1.684570
7.800000	3.442383	2.119141
7.805000	2.041016	1.816406
7.810000	0.834961	1.040039
7.815000	0.136719	0.195312
7.820000	-0.004883	-0.405273
7.825000	0.258789	-0.590820
7.830000	0.634766	-0.375977
7.835000	0.878906	0.068359
7.840000	0.834961	0.517578
7.845000	0.488281	0.815430
7.850000	-0.058594	0.834961
7.855000	-0.590820	-0.102539
7.860000	-0.488281	-1.943359
7.865000	0.781250	-2.861328
7.870000	2.656250	-2.382812
7.875000	4.223633	-1.000977
7.880000	4.882812	0.585938
7.885000	4.497070	1.733398
7.890000	3.359375	2.128906
7.895000	1.958008	1.777344
7.900000	0.776367	0.986328
7.905000	0.112305	0.146484
7.910000	0.004883	-0.429688
7.915000	0.278320	-0.585938
7.920000	0.654297	-0.351562
7.925000	0.888672	0.092773
7.930000	0.820312	0.537109
7.935000	0.458984	0.825195
7.940000	-0.092773	0.810547
7.945000	-0.610352	-0.205078
7.950000	-0.449219	-2.041016
7.955000	0.888672	-2.871094
7.960000	2.763672	-2.319336
7.965000	4.291992	-0.903320
7.970000	4.887695	0.668945
7.975000	4.443359	1.782227
7.980000	3.276367	2.119141
7.985000	1.875000	1.738281
7.990000	0.722656	0.932617
7.995000	0.092773	0.102539
8.000000	0.014648	-0.454102
8.005000	0.302734	-0.576172
8.010000	0.678711	-0.332031
8.015000	0.888672	0.122070
8.020000	0.805664	0.561523
8.025000	0.429688	0.834961
8.030000	-0.131836	0.786133
8.035000	-0.625000	-0.307617
8.040000	-0.400391	-2.138672
8.045000	0.996094	-2.875977
8.050000	2.875977	-2.255859
8.055000	4.360352	-0.805664
8.060000	4.892578	0.756836
8.065000	4.394531	1.826172
8.070000	3.188477	2.114258
8.075000	1.791992	1.699219
8.080000	0.668945	0.883789
8.085000	0.073242	0.053711
8.090000	0.019531	-0.473633
8.095000	0.327148	-0.576172
8.100000	0.698242	-0.307617
8.105000	0.893555	0.151367
8.110000	0.786133	0.585938
8.115000	0.400391	0.849609
8.120000	-0.166016	0.756836
8.125000	-0.634766	-0.410156
8.130000	-0.346680	-2.221680
8.135000	1.108398	-2.871094
8.140000	2.988281	-2.182617
8.145000	4.418945	-0.708008
8.150000	4.887695	0.834961
8.155000	4.331055	1.870117
8.160000	3.105469	2.109375
8.165000	1.708984	1.655273
8.170000	0.615234	0.830078
8.175000	0.053711	0.014648
8.180000	0.029297	-0.488281
8.185000	0.346680	-0.566406
8.190000	0.712891	-0.283203
8.195000	0.893555	0.180664
8.200000	0.771484	0.610352
8.205000	0.366211	0.849609
8.210000	-0.200195	0.722656
8.215000	-0.649414	-0.517578
8.220000	-0.288086	-2.304688
8.225000	1.220703	-2.866211
8.230000	3.090820	-2.104492
8.235000	4.477539	-0.610352
8.240000	4.882812	0.922852
8.245000	4.277344	1.899414
8.250000	3.022461	2.094727
8.255000	1.635742	1.611328
8.260000	0.561523	0.776367
8.265000	0.039062	-0.024414
8.270000	0.048828	-0.507812
8.275000	0.371094	-0.561523
8.280000	0.732422	-0.253906
8.285000	0.898438	0.209961
8.290000	0.751953	0.625000
8.295000	0.332031	0.859375
8.300000	-0.239258	0.683594
8.305000	-0.659180	-0.634766
8.310000	-0.224609	-2.382812
8.315000	1.323242	-2.851562
8.320000	3.203125	-2.026367
8.325000	4.536133	-0.507812
8.330000	4.877930	1.000977
8.335000	4.213867	1.938477
8.340000	2.939453	2.084961
8.345000	1.557617	1.567383
8.350000	0.517578	0.717773
8.355000	0.024414	-0.068359
8.360000	0.058594	-0.522461
8.365000	0.395508	-0.551758
8.370000	0.751953	-0.234375
8.375000	0.898438	0.239258
8.380000	0.732422	0.649414
8.385000	0.302734	0.864258
8.390000	-0.268555	0.639648
8.395000	-0.664062	-0.747070
8.400000	-0.161133	-2.456055
8.405000	1.445312	-2.836914
8.410000	3.305664	-1.948242
8.415000	4.589844	-0.405273
8.420000	4.863281	1.079102
8.425000	4.150391	1.967773
8.430000	2.851562	2.075195
8.435000	1.479492	1.518555
8.440000	0.473633	0.668945
8.445000	0.014648	-0.102539
8.450000	0.073242	-0.537109
8.455000	0.419922	-0.537109
8.460000	0.771484	-0.205078
8.465000	0.898438	0.268555
8.470000	0.717773	0.668945
8.475000	0.273438	0.869141
8.480000	-0.307617	0.595703
8.485000	-0.668945	-0.864258
8.490000	-0.083008	-2.519531
8.495000	1.552734	-2.812500
8.500000	3.403320	-1.865234
8.505000	4.633789	-0.312500
8.510000	4.838867	1.152344
8.515000	4.077148	1.997070
8.520000	2.763672	2.055664
8.525000	1.401367	1.474609
8.530000	0.424805	0.615234
8.535000	0.004883	-0.141602
8.540000	0.092773	-0.551758
8.545000	0.444336	-0.527344
8.550000	0.781250	-0.170898
8.555000	0.893555	0.297852
8.560000	0.698242	0.688477
8.565000	0.239258	0.878906
8.570000	-0.341797	0.541992
8.575000	-0.668945	-0.986328
8.580000	-0.009766	-2.583008
8.585000	1.679688	-2.788086
8.590000	3.505859	-1.782227
8.595000	4.682617	-0.209961
8.600000	4.824219	1.230469
8.605000	4.008789	2.026367
8.610000	2.675781	2.031250
8.615000	1.328125	1.425781
8.620000	0.380859	0.561523
8.625000	-0.004883	-0.180664
8.630000	0.107422	-0.561523
8.635000	0.468750	-0.512695
8.640000	0.795898	-0.151367
8.645000	0.888672	0.322266
8.650000	0.673828	0.708008
8.655000	0.205078	0.883789
8.660000	-0.375977	0.478516
8.665000	-0.664062	-1.103516
8.670000	0.068359	-2.631836
8.675000	1.796875	-2.749023
8.680000	3.603516	-1.694336
8.685000	4.716797	-0.107422
8.690000	4.790039	1.293945
8.695000	3.935547	2.045898
8.700000	2.583008	2.011719
8.705000	1.259766	1.376953
8.710000	0.341797	0.512695
8.715000	-0.009766	-0.214844
8.720000	0.122070	-0.571289
8.725000	0.493164	-0.498047
8.730000	0.810547	-0.122070
8.735000	0.888672	0.351562
8.740000	0.654297	0.727539
8.745000	0.166016	0.883789
8.750000	-0.410156	0.424805
8.755000	-0.649414	-1.225586
8.760000	0.156250	-2.685547
8.765000	1.909180	-2.714844
8.770000	3.696289	-1.601562
8.775000	4.755859	-0.014648
8.780000	4.760742	1.362305
8.785000	3.862305	2.065430
8.790000	2.500000	1.987305
8.795000	1.186523	1.323242
8.800000	0.302734	0.458984
8.805000	-0.009766	-0.253906
8.810000	0.141602	-0.576172
8.815000	0.512695	-0.483398
8.820000	0.830078	-0.092773
8.825000	0.883789	0.375977
8.830000	0.625000	0.737305
8.835000	0.136719	0.883789
8.840000	-0.439453	0.351562
8.845000	-0.634766	-1.337891
8.850000	0.249023	-2.729492
8.855000	2.026367	-2.680664
8.860000	3.784180	-1.513672
8.865000	4.785156	0.078125
8.870000	4.731445	1.425781
8.875000	3.789062	2.084961
8.880000	2.421875	1.953125
8.885000	1.123047	1.269531
8.890000	0.268555	0.405273
8.895000	-0.009766	-0.283203
8.900000	0.161133	-0.581055
8.905000	0.537109	-0.463867
8.910000	0.839844	-0.063477
8.915000	0.874023	0.405273
8.920000	0.605469	0.756836
8.925000	0.102539	0.878906
8.930000	-0.473633	0.278320
8.935000	-0.625000	-1.455078
8.940000	0.336914	-2.763672
8.945000	2.143555	-2.626953
8.950000	3.872070	-1.416016
8.955000	4.809570	0.180664
8.960000	4.687500	1.494141
8.965000	3.710938	2.099609
8.970000	2.333984	1.928711
8.975000	1.054688	1.225586
8.980000	0.234375	0.356445
8.985000	-0.014648	-0.312500
8.990000	0.180664	-0.590820
8.995000	0.561523	-0.444336
9.000000	0.849609	-0.034180
9.005000	0.869141	0.429688
9.010000	0.581055	0.771484
9.015000	0.068359	0.874023
9.020000	-0.502930	0.200195
9.025000	-0.605469	-1.572266
9.030000	0.429688	-2.797852
9.035000	2.265625	-2.583008
9.040000	3.959961	-1.328125
9.045000	4.838867	0.268555
9.050000	4.663086	1.552734
9.055000	3.647461	2.109375
9.060000	2.255859	1.899414
9.065000	0.991211	1.176758
9.070000	0.209961	0.307617
9.075000	-0.009766	-0.336914
9.080000	0.205078	-0.585938
9.085000	0.585938	-0.424805
9.090000	0.854492	-0.004883
9.095000	0.854492	0.454102
9.100000	0.551758	0.781250
9.105000	0.029297	0.859375
9.110000	-0.527344	0.117188
9.115000	-0.576172	-1.689453
9.120000	0.532227	-2.817383
9.125000	2.382812	-2.524414
9.130000	4.033203	-1.235352
9.135000	4.853516	0.366211
9.140000	4.614258	1.606445
9.145000	3.554688	2.114258
9.150000	2.153320	1.860352
9.155000	0.922852	1.113281
9.160000	0.175781	0.263672
9.165000	-0.009766	-0.371094
9.170000	0.224609	-0.590820
9.175000	0.605469	-0.405273
9.180000	0.869141	0.019531
9.185000	0.849609	0.483398
9.190000	0.527344	0.795898
9.195000	-0.004883	0.849609
9.200000	-0.556641	0.029297
9.205000	-0.546875	-1.796875
9.210000	0.629883	-2.846680
9.215000	2.490234	-2.475586
9.220000	4.116211	-1.142578
9.225000	4.873047	0.454102
9.230000	4.575195	1.660156
9.235000	3.481445	2.119141
9.240000	2.080078	1.835938
9.245000	0.864258	1.069336
9.250000	0.151367	0.214844
9.255000	-0.004883	-0.395508
9.260000	0.249023	-0.590820
9.265000	0.625000	-0.385742
9.270000	0.874023	0.048828
9.275000	0.839844	0.507812
9.280000	0.498047	0.805664
9.285000	-0.039062	0.839844
9.290000	-0.576172	-0.058594
9.295000	-0.507812	-1.899414
9.300000	0.737305	-2.856445
9.305000	2.597656	-2.412109
9.310000	4.189453	-1.044922
9.315000	4.877930	0.546875
9.320000	4.521484	1.713867
9.325000	3.393555	2.124023
9.330000	1.992188	1.791992
9.335000	0.800781	1.010742
9.340000	0.122070	0.166016
9.345000	-0.004883	-0.419922
9.350000	0.268555	-0.585938
9.355000	0.649414	-0.361328
9.360000	0.883789	0.073242
9.365000	0.825195	0.532227
9.370000	0.468750	0.820312
9.375000	-0.078125	0.820312
9.380000	-0.605469	-0.156250
9.385000	-0.468750	-2.001953
9.390000	0.844727	-2.871094
9.395000	2.714844	-2.348633
9.400000	4.262695	-0.952148
9.405000	4.897461	0.629883
9.410000	4.477539	1.757812
9.415000	3.315430	2.124023
9.420000	1.914062	1.757812
9.425000	0.751953	0.961914
9.430000	0.102539	0.122070
9.435000	0.009766	-0.439453
9.440000	0.292969	-0.581055
9.445000	0.668945	-0.336914
9.450000	0.888672	0.112305
9.455000	0.810547	0.556641
9.460000	0.444336	0.830078
9.465000	-0.112305	0.795898
9.470000	-0.620117	-0.258789
9.475000	-0.419922	-2.089844
9.480000	0.947266	-2.875977
9.485000	2.827148	-2.280273
9.490000	4.326172	-0.849609
9.495000	4.887695	0.717773
9.500000	4.414062	1.806641
9.505000	3.227539	2.119141
9.510000	1.826172	1.713867
9.515000	0.688477	0.908203
9.520000	0.078125	0.078125
9.525000	0.019531	-0.458984
9.530000	0.312500	-0.576172
9.535000	0.688477	-0.317383
9.540000	0.888672	0.136719
9.545000	0.800781	0.581055
9.550000	0.410156	0.844727
9.555000	-0.146484	0.766602
9.560000	-0.629883	-0.361328
9.565000	-0.371094	-2.187500
9.570000	1.054688	-2.875977
9.575000	2.934570	-2.216797
9.580000	4.389648	-0.751953
9.585000	4.897461	0.800781
9.590000	4.365234	1.850586
9.595000	3.144531	2.114258
9.600000	1.752930	1.679688
9.605000	0.639648	0.854492
9.610000	0.063477	0.034180
9.615000	0.029297	-0.478516
9.620000	0.336914	-0.571289
9.625000	0.703125	-0.292969
9.630000	0.888672	0.166016
9.635000	0.776367	0.600586
9.640000	0.380859	0.849609
9.645000	-0.185547	0.737305
9.650000	-0.639648	-0.468750
9.655000	-0.312500	-2.270508
9.660000	1.171875	-2.861328
9.665000	3.046875	-2.138672
9.670000	4.448242	-0.649414
9.675000	4.882812	0.883789
9.680000	4.296875	1.884766
9.685000	3.061523	2.099609
9.690000	1.669922	1.630859
9.695000	0.585938	0.795898
9.700000	0.048828	-0.009766
9.705000	0.039062	-0.502930
9.710000	0.366211	-0.561523
9.715000	0.727539	-0.268555
9.720000	0.893555	0.195312
9.725000	0.761719	0.620117
9.730000	0.351562	0.849609
9.735000	-0.219727	0.703125
9.740000	-0.654297	-0.581055
9.745000	-0.253906	-2.343750
9.750000	1.274414	-2.861328
9.755000	3.149414	-2.065430
9.760000	4.511719	-0.556641
9.765000	4.882812	0.966797
9.770000	4.248047	1.923828
9.775000	2.978516	2.094727
9.780000	1.596680	1.586914
9.785000	0.537109	0.747070
9.790000	0.029297	-0.043945
9.795000	0.053711	-0.517578
9.800000	0.380859	-0.556641
9.805000	0.742188	-0.244141
9.810000	0.898438	0.224609
9.815000	0.747070	0.639648
9.820000	0.317383	0.859375
9.825000	-0.258789	0.664062
9.830000	-0.664062	-0.693359
9.835000	-0.190430	-2.421875
9.840000	1.391602	-2.841797
9.845000	3.256836	-1.982422
9.850000	4.555664	-0.454102
9.855000	4.863281	1.044922
9.860000	4.174805	1.953125
9.865000	2.890625	2.080078
9.870000	1.513672	1.542969
9.875000	0.488281	0.688477
9.880000	0.019531	-0.087891
9.885000	0.063477	-0.532227
9.890000	0.410156	-0.541992
9.895000	0.761719	-0.219727
9.900000	0.903320	0.253906
9.905000	0.727539	0.659180
9.910000	0.288086	0.869141
9.915000	-0.292969	0.620117
9.920000	-0.668945	-0.805664
9.925000	-0.117188	-2.490234
9.930000	1.503906	-2.822266
9.935000	3.359375	-1.909180
9.940000	4.614258	-0.356445
9.945000	4.853516	1.118164
9.950000	4.116211	1.982422
9.955000	2.807617	2.060547
9.960000	1.445312	1.494141
9.965000	0.449219	0.639648
9.970000	0.014648	-0.126953
9.975000	0.083008	-0.546875
9.980000	0.434570	-0.532227
9.985000	0.776367	-0.190430
9.990000	0.893555	0.283203
9.995000	0.708008	0.678711
10.000000	0.249023	0.874023
