# Time_s	x	xdot
0.000000	-0.434570	0.400391
0.005000	-0.668945	-1.357422
0.010000	0.234375	-2.856445
0.015000	2.104492	-2.846680
0.020000	3.969727	-1.645508
0.025000	5.053711	0.034180
0.030000	5.029297	1.489258
0.035000	4.052734	2.207031
0.040000	2.592773	2.094727
0.045000	1.215820	1.357422
0.050000	0.297852	0.419922
0.055000	0.009766	-0.341797
0.060000	0.224609	-0.673828
0.065000	0.664062	-0.556641
0.070000	1.020508	-0.112305
0.075000	1.088867	0.410156
0.080000	0.815430	0.805664
0.085000	0.278320	0.952148
0.090000	-0.356445	0.556641
0.095000	-0.688477	-1.069336
0.100000	0.029297	-2.734375
0.105000	1.816406	-2.934570
0.110000	3.735352	-1.865234
0.115000	4.970703	-0.205078
0.120000	5.097656	1.313477
0.125000	4.238281	2.163086
0.130000	2.807617	2.153320
0.135000	1.381836	1.489258
0.140000	0.390625	0.551758
0.145000	0.019531	-0.253906
0.150000	0.175781	-0.659180
0.155000	0.600586	-0.595703
0.160000	0.986328	-0.185547
0.165000	1.103516	0.341797
0.170000	0.874023	0.766602
0.175000	0.361328	0.952148
0.180000	-0.268555	0.683594
0.185000	-0.683594	-0.791016
0.190000	-0.151367	-2.587891
0.195000	1.533203	-2.998047
0.200000	3.500977	-2.070312
0.205000	4.863281	-0.444336
0.210000	5.151367	1.142578
0.215000	4.404297	2.094727
0.220000	3.022461	2.202148
0.225000	1.562500	1.611328
0.230000	0.498047	0.678711
0.235000	0.029297	-0.166016
0.240000	0.131836	-0.634766
0.245000	0.537109	-0.629883
0.250000	0.942383	-0.258789
0.255000	1.103516	0.268555
0.260000	0.922852	0.717773
0.265000	0.449219	0.937500
0.270000	-0.175781	0.781250
0.275000	-0.668945	-0.512695
0.280000	-0.307617	-2.402344
0.285000	1.254883	-3.032227
0.290000	3.242188	-2.260742
0.295000	4.726562	-0.683594
0.300000	5.180664	0.942383
0.305000	4.565430	2.011719
0.310000	3.237305	2.236328
0.315000	1.757812	1.723633
0.320000	0.610352	0.820312
0.325000	0.058594	-0.068359
0.330000	0.092773	-0.595703
0.335000	0.473633	-0.654297
0.340000	0.898438	-0.322266
0.345000	1.103516	0.195312
0.350000	0.971680	0.664062
0.355000	0.527344	0.922852
0.360000	-0.087891	0.854492
0.365000	-0.629883	-0.244141
0.370000	-0.439453	-2.182617
0.375000	0.991211	-3.032227
0.380000	2.973633	-2.436523
0.385000	4.575195	-0.932617
0.390000	5.185547	0.732422
0.395000	4.702148	1.909180
0.400000	3.452148	2.250977
0.405000	1.958008	1.831055
0.410000	0.747070	0.952148
0.415000	0.102539	0.048828
0.420000	0.058594	-0.546875
0.425000	0.410156	-0.673828
0.430000	0.849609	-0.385742
0.435000	1.093750	0.117188
0.440000	1.010742	0.610352
0.445000	0.605469	0.908203
0.450000	0.000000	0.903320
0.455000	-0.581055	-0.009766
0.460000	-0.546875	-1.938477
0.465000	0.727539	-3.002930
0.470000	2.690430	-2.592773
0.475000	4.394531	-1.176758
0.480000	5.166016	0.517578
0.485000	4.829102	1.787109
0.490000	3.652344	2.255859
0.495000	2.163086	1.923828
0.500000	0.883789	1.088867
0.505000	0.151367	0.161133
0.510000	0.029297	-0.493164
0.515000	0.341797	-0.683594
0.520000	0.791016	-0.444336
0.525000	1.083984	0.043945
0.530000	1.044922	0.546875
0.535000	0.678711	0.878906
0.540000	0.092773	0.932617
0.545000	-0.517578	0.200195
0.550000	-0.620117	-1.669922
0.555000	0.488281	-2.954102
0.560000	2.416992	-2.729492
0.565000	4.204102	-1.396484
0.570000	5.126953	0.292969
0.575000	4.941406	1.655273
0.580000	3.847656	2.246094
0.585000	2.373047	2.011719
0.590000	1.035156	1.220703
0.595000	0.219727	0.283203
0.600000	0.019531	-0.424805
0.605000	0.288086	-0.683594
0.610000	0.732422	-0.502930
0.615000	1.054688	-0.034180
0.620000	1.074219	0.483398
0.625000	0.747070	0.849609
0.630000	0.180664	0.952148
0.635000	-0.444336	0.390625
0.640000	-0.664062	-1.376953
0.645000	0.253906	-2.861328
0.650000	2.128906	-2.841797
0.655000	3.984375	-1.630859
0.660000	5.058594	0.053711
0.665000	5.024414	1.499023
0.670000	4.038086	2.211914
0.675000	2.578125	2.089844
0.680000	1.201172	1.352539
0.685000	0.292969	0.410156
0.690000	0.014648	-0.346680
0.695000	0.229492	-0.673828
0.700000	0.664062	-0.546875
0.705000	1.025391	-0.102539
0.710000	1.088867	0.419922
0.715000	0.810547	0.805664
0.720000	0.273438	0.952148
0.725000	-0.361328	0.546875
0.730000	-0.683594	-1.098633
0.735000	0.043945	-2.744141
0.740000	1.840820	-2.929688
0.745000	3.754883	-1.855469
0.750000	4.980469	-0.180664
0.755000	5.097656	1.333008
0.760000	4.223633	2.167969
0.765000	2.792969	2.153320
0.770000	1.367188	1.479492
0.775000	0.380859	0.541992
0.780000	0.014648	-0.263672
0.785000	0.180664	-0.659180
0.790000	0.605469	-0.590820
0.795000	0.991211	-0.180664
0.800000	1.103516	0.346680
0.805000	0.869141	0.766602
0.810000	0.356445	0.947266
0.815000	-0.278320	0.673828
0.820000	-0.688477	-0.810547
0.825000	-0.141602	-2.592773
0.830000	1.552734	-2.988281
0.835000	3.520508	-2.055664
0.840000	4.873047	-0.424805
0.845000	5.151367	1.157227
0.850000	4.394531	2.099609
0.855000	3.007812	2.202148
0.860000	1.547852	1.601562
0.865000	0.488281	0.673828
0.870000	0.034180	-0.166016
0.875000	0.126953	-0.634766
0.880000	0.541992	-0.629883
0.885000	0.947266	-0.253906
0.890000	1.103516	0.268555
0.895000	0.922852	0.722656
0.900000	0.444336	0.937500
0.905000	-0.185547	0.776367
0.910000	-0.668945	-0.527344
0.915000	-0.297852	-2.416992
0.920000	1.274414	-3.027344
0.925000	3.256836	-2.246094
0.930000	4.736328	-0.668945
0.935000	5.175781	0.961914
0.940000	4.545898	2.011719
0.945000	3.217773	2.236328
0.950000	1.743164	1.713867
0.955000	0.605469	0.805664
0.960000	0.058594	-0.073242
0.965000	0.092773	-0.595703
0.970000	0.473633	-0.654297
0.975000	0.898438	-0.317383
0.980000	1.103516	0.195312
0.985000	0.966797	0.668945
0.990000	0.522461	0.927734
0.995000	-0.092773	0.849609
1.000000	-0.629883	-0.268555
1.005000	-0.429688	-2.202148
1.010000	1.005859	-3.032227
1.015000	2.993164	-2.421875
1.020000	4.584961	-0.913086
1.025000	5.185547	0.751953
1.030000	4.692383	1.914062
1.035000	3.427734	2.255859
1.040000	1.938477	1.821289
1.045000	0.732422	0.937500
1.050000	0.102539	0.039062
1.055000	0.063477	-0.551758
1.060000	0.415039	-0.673828
1.065000	0.849609	-0.380859
1.070000	1.093750	0.126953
1.075000	1.005859	0.615234
1.080000	0.600586	0.908203
1.085000	-0.004883	0.903320
1.090000	-0.590820	-0.029297
1.095000	-0.532227	-1.958008
1.100000	0.751953	-3.012695
1.105000	2.719727	-2.578125
1.110000	4.414062	-1.152344
1.115000	5.166016	0.537109
1.120000	4.824219	1.801758
1.125000	3.642578	2.260742
1.130000	2.143555	1.918945
1.135000	0.874023	1.079102
1.140000	0.146484	0.151367
1.145000	0.034180	-0.493164
1.150000	0.351562	-0.678711
1.155000	0.791016	-0.439453
1.160000	1.079102	0.048828
1.165000	1.044922	0.551758
1.170000	0.673828	0.878906
1.175000	0.087891	0.932617
1.180000	-0.522461	0.190430
1.185000	-0.610352	-1.689453
1.190000	0.502930	-2.954102
1.195000	2.436523	-2.719727
1.200000	4.218750	-1.381836
1.205000	5.126953	0.307617
1.210000	4.931641	1.665039
1.215000	3.828125	2.250977
1.220000	2.353516	2.006836
1.225000	1.025391	1.215820
1.230000	0.214844	0.273438
1.235000	0.019531	-0.429688
1.240000	0.292969	-0.683594
1.245000	0.732422	-0.493164
1.250000	1.054688	-0.024414
1.255000	1.069336	0.488281
1.260000	0.742188	0.849609
1.265000	0.175781	0.947266
1.270000	-0.449219	0.371094
1.275000	-0.659180	-1.406250
1.280000	0.268555	-2.871094
1.285000	2.148438	-2.836914
1.290000	4.003906	-1.611328
1.295000	5.068359	0.073242
1.300000	5.019531	1.513672
1.305000	4.023438	2.216797
1.310000	2.558594	2.084961
1.315000	1.186523	1.342773
1.320000	0.292969	0.400391
1.325000	0.009766	-0.356445
1.330000	0.234375	-0.678711
1.335000	0.673828	-0.546875
1.340000	1.030273	-0.102539
1.345000	1.088867	0.419922
1.350000	0.805664	0.810547
1.355000	0.263672	0.957031
1.360000	-0.371094	0.532227
1.365000	-0.683594	-1.123047
1.370000	0.058594	-2.753906
1.375000	1.865234	-2.924805
1.380000	3.774414	-1.831055
1.385000	4.985352	-0.161133
1.390000	5.092773	1.347656
1.395000	4.204102	2.167969
1.400000	2.773438	2.148438
1.405000	1.352539	1.469727
1.410000	0.380859	0.527344
1.415000	0.014648	-0.273438
1.420000	0.180664	-0.664062
1.425000	0.610352	-0.585938
1.430000	0.991211	-0.170898
1.435000	1.103516	0.351562
1.440000	0.864258	0.771484
1.445000	0.346680	0.947266
1.450000	-0.278320	0.664062
1.455000	-0.688477	-0.830078
1.460000	-0.122070	-2.607422
1.465000	1.577148	-2.988281
1.470000	3.540039	-2.036133
1.475000	4.877930	-0.405273
1.480000	5.146484	1.171875
1.485000	4.379883	2.109375
1.490000	2.988281	2.197266
1.495000	1.533203	1.591797
1.500000	0.478516	0.659180
1.505000	0.029297	-0.175781
1.510000	0.136719	-0.634766
1.515000	0.546875	-0.625000
1.520000	0.952148	-0.244141
1.525000	1.108398	0.278320
1.530000	0.917969	0.727539
1.535000	0.434570	0.937500
1.540000	-0.195312	0.771484
1.545000	-0.668945	-0.546875
1.550000	-0.288086	-2.431641
1.555000	1.293945	-3.022461
1.560000	3.281250	-2.231445
1.565000	4.750977	-0.649414
1.570000	5.102539	1.308594
1.575000	4.248047	2.158203
1.580000	2.827148	2.163086
1.585000	1.391602	1.499023
1.590000	0.400391	0.561523
1.595000	0.014648	-0.253906
1.600000	0.175781	-0.654297
1.605000	0.595703	-0.595703
1.610000	0.981445	-0.190430
1.615000	1.103516	0.336914
1.620000	0.878906	0.761719
1.625000	0.366211	0.947266
1.630000	-0.258789	0.688477
1.635000	-0.683594	-0.766602
1.640000	-0.161133	-2.568359
1.645000	1.513672	-2.998047
1.650000	3.481445	-2.084961
1.655000	4.853516	-0.458984
1.660000	5.156250	1.127930
1.665000	4.414062	2.089844
1.670000	3.037109	2.207031
1.675000	1.577148	1.616211
1.680000	0.502930	0.693359
1.685000	0.034180	-0.156250
1.690000	0.131836	-0.629883
1.695000	0.537109	-0.629883
1.700000	0.942383	-0.263672
1.705000	1.108398	0.263672
1.710000	0.927734	0.712891
1.715000	0.458984	0.937500
1.720000	-0.170898	0.786133
1.725000	-0.664062	-0.488281
1.730000	-0.322266	-2.382812
1.735000	1.235352	-3.027344
1.740000	3.222656	-2.275391
1.745000	4.716797	-0.708008
1.750000	5.180664	0.932617
1.755000	4.570312	2.001953
1.760000	3.251953	2.236328
1.765000	1.772461	1.733398
1.770000	0.620117	0.830078
1.775000	0.063477	-0.053711
1.780000	0.083008	-0.590820
1.785000	0.468750	-0.654297
1.790000	0.893555	-0.322266
1.795000	1.103516	0.185547
1.800000	0.976562	0.659180
1.805000	0.532227	0.927734
1.810000	-0.078125	0.859375
1.815000	-0.625000	-0.234375
1.820000	-0.449219	-2.163086
1.825000	0.971680	-3.032227
1.830000	2.949219	-2.451172
1.835000	4.560547	-0.952148
1.840000	5.185547	0.722656
1.845000	4.716797	1.894531
1.850000	3.461914	2.255859
1.855000	1.967773	1.840820
1.860000	0.751953	0.961914
1.865000	0.102539	0.053711
1.870000	0.058594	-0.541992
1.875000	0.405273	-0.673828
1.880000	0.839844	-0.390625
1.885000	1.088867	0.112305
1.890000	1.015625	0.605469
1.895000	0.610352	0.903320
1.900000	0.009766	0.908203
1.905000	-0.576172	0.004883
1.910000	-0.546875	-1.918945
1.915000	0.708008	-3.002930
1.920000	2.675781	-2.597656
1.925000	4.384766	-1.186523
1.930000	5.161133	0.502930
1.935000	4.838867	1.777344
1.940000	3.666992	2.255859
1.945000	2.177734	1.933594
1.950000	0.893555	1.098633
1.955000	0.156250	0.170898
1.960000	0.029297	-0.483398
1.965000	0.341797	-0.683594
1.970000	0.786133	-0.449219
1.975000	1.079102	0.034180
1.980000	1.044922	0.541992
1.985000	0.678711	0.874023
1.990000	0.102539	0.937500
1.995000	-0.512695	0.214844
2.000000	-0.620117	-1.645508
2.005000	0.463867	-2.944336
2.010000	2.392578	-2.734375
2.015000	4.184570	-1.420898
2.020000	5.122070	0.273438
2.025000	4.941406	1.640625
2.030000	3.862305	2.241211
2.035000	2.382812	2.021484
2.040000	1.049805	1.235352
2.045000	0.224609	0.292969
2.050000	0.019531	-0.419922
2.055000	0.283203	-0.683594
2.060000	0.722656	-0.502930
2.065000	1.049805	-0.039062
2.070000	1.074219	0.478516
2.075000	0.751953	0.844727
2.080000	0.185547	0.952148
2.085000	-0.439453	0.400391
2.090000	-0.664062	-1.362305
2.095000	0.244141	-2.856445
2.100000	2.104492	-2.846680
2.105000	3.969727	-1.650391
2.110000	5.053711	0.039062
2.115000	5.034180	1.489258
2.120000	4.052734	2.211914
2.125000	2.592773	2.099609
2.130000	1.210938	1.362305
2.135000	0.302734	0.415039
2.140000	0.009766	-0.341797
2.145000	0.229492	-0.678711
2.150000	0.659180	-0.551758
2.155000	1.020508	-0.112305
2.160000	1.088867	0.410156
2.165000	0.815430	0.805664
2.170000	0.278320	0.957031
2.175000	-0.351562	0.556641
2.180000	-0.683594	-1.079102
2.185000	0.029297	-2.734375
2.190000	1.816406	-2.934570
2.195000	3.740234	-1.860352
2.200000	4.970703	-0.200195
2.205000	5.102539	1.323242
2.210000	4.233398	2.167969
2.215000	2.802734	2.158203
2.220000	1.381836	1.489258
2.225000	0.390625	0.546875
2.230000	0.014648	-0.258789
2.235000	0.175781	-0.659180
2.240000	0.605469	-0.590820
2.245000	0.986328	-0.180664
2.250000	1.103516	0.336914
2.255000	0.869141	0.761719
2.260000	0.361328	0.952148
2.265000	-0.268555	0.678711
2.270000	-0.688477	-0.786133
2.275000	-0.151367	-2.583008
2.280000	1.533203	-2.993164
2.285000	3.500977	-2.065430
2.290000	4.858398	-0.439453
2.295000	5.151367	1.137695
2.300000	4.399414	2.094727
2.305000	3.027344	2.202148
2.310000	1.562500	1.606445
2.315000	0.488281	0.678711
2.320000	0.029297	-0.166016
2.325000	0.131836	-0.634766
2.330000	0.537109	-0.629883
2.335000	0.937500	-0.253906
2.340000	1.108398	0.268555
2.345000	0.927734	0.712891
2.350000	0.444336	0.942383
2.355000	-0.180664	0.776367
2.360000	-0.668945	-0.512695
2.365000	-0.307617	-2.397461
2.370000	1.259766	-3.027344
2.375000	3.242188	-2.260742
2.380000	4.726562	-0.683594
2.385000	5.175781	0.942383
2.390000	4.560547	2.006836
2.395000	3.237305	2.241211
2.400000	1.752930	1.723633
2.405000	0.615234	0.820312
2.410000	0.058594	-0.063477
2.415000	0.092773	-0.595703
2.420000	0.473633	-0.654297
2.425000	0.893555	-0.317383
2.430000	1.098633	0.195312
2.435000	0.966797	0.664062
2.440000	0.527344	0.927734
2.445000	-0.087891	0.854492
2.450000	-0.634766	-0.253906
2.455000	-0.434570	-2.187500
2.460000	0.991211	-3.032227
2.465000	2.973633	-2.431641
2.470000	4.575195	-0.927734
2.475000	5.185547	0.737305
2.480000	4.702148	1.904297
2.485000	3.447266	2.255859
2.490000	1.953125	1.826172
2.495000	0.742188	0.952148
2.500000	0.102539	0.043945
2.505000	0.058594	-0.546875
2.510000	0.410156	-0.673828
2.515000	0.844727	-0.385742
2.520000	1.093750	0.117188
2.525000	1.010742	0.610352
2.530000	0.605469	0.908203
2.535000	0.000000	0.898438
2.540000	-0.585938	-0.009766
2.545000	-0.541992	-1.938477
2.550000	0.732422	-3.007812
2.555000	2.695312	-2.592773
2.560000	4.394531	-1.171875
2.565000	5.166016	0.522461
2.570000	4.829102	1.787109
2.575000	3.652344	2.260742
2.580000	2.158203	1.928711
2.585000	0.878906	1.088867
2.590000	0.151367	0.161133
2.595000	0.034180	-0.488281
2.600000	0.346680	-0.683594
2.605000	0.786133	-0.444336
2.610000	1.079102	0.043945
2.615000	1.044922	0.546875
2.620000	0.673828	0.874023
2.625000	0.092773	0.932617
2.630000	-0.517578	0.200195
2.635000	-0.615234	-1.674805
2.640000	0.488281	-2.949219
2.645000	2.416992	-2.729492
2.650000	4.204102	-1.396484
2.655000	5.126953	0.292969
2.660000	4.936523	1.655273
2.665000	3.842773	2.246094
2.670000	2.368164	2.011719
2.675000	1.035156	1.220703
2.680000	0.214844	0.283203
2.685000	0.014648	-0.424805
2.690000	0.288086	-0.683594
2.695000	0.727539	-0.502930
2.700000	1.054688	-0.029297
2.705000	1.069336	0.483398
2.710000	0.742188	0.844727
2.715000	0.180664	0.952148
2.720000	-0.444336	0.375977
2.725000	-0.664062	-1.386719
2.730000	0.258789	-2.866211
2.735000	2.133789	-2.832031
2.740000	3.994141	-1.621094
2.745000	5.063477	0.068359
2.750000	5.024414	1.508789
2.755000	4.038086	2.216797
2.760000	2.578125	2.094727
2.765000	1.196289	1.342773
2.770000	0.292969	0.405273
2.775000	0.009766	-0.351562
2.780000	0.229492	-0.673828
2.785000	0.673828	-0.546875
2.790000	1.025391	-0.102539
2.795000	1.088867	0.419922
2.800000	0.810547	0.810547
2.805000	0.268555	0.952148
2.810000	-0.366211	0.541992
2.815000	-0.688477	-1.108398
2.820000	0.048828	-2.749023
2.825000	1.845703	-2.929688
2.830000	3.759766	-1.845703
2.835000	4.980469	-0.175781
2.840000	5.097656	1.337891
2.845000	4.218750	2.172852
2.850000	2.788086	2.153320
2.855000	1.362305	1.474609
2.860000	0.380859	0.537109
2.865000	0.014648	-0.263672
2.870000	0.180664	-0.659180
2.875000	0.605469	-0.590820
2.880000	0.991211	-0.175781
2.885000	1.103516	0.346680
2.890000	0.859375	0.766602
2.895000	0.351562	0.952148
2.900000	-0.278320	0.668945
2.905000	-0.688477	-0.820312
2.910000	-0.136719	-2.602539
2.915000	1.562500	-2.993164
2.920000	3.525391	-2.050781
2.925000	4.873047	-0.419922
2.930000	5.146484	1.157227
2.935000	4.389648	2.099609
2.940000	3.002930	2.202148
2.945000	1.547852	1.596680
2.950000	0.483398	0.668945
2.955000	0.024414	-0.170898
2.960000	0.136719	-0.634766
2.965000	0.541992	-0.625000
2.970000	0.952148	-0.249023
2.975000	1.108398	0.273438
2.980000	0.917969	0.722656
2.985000	0.439453	0.937500
2.990000	-0.190430	0.766602
2.995000	-0.668945	-0.537109
3.000000	-0.292969	-2.421875
3.005000	1.284180	-3.027344
3.010000	3.266602	-2.241211
3.015000	4.746094	-0.664062
3.020000	5.180664	0.961914
3.025000	4.545898	2.016602
3.030000	3.217773	2.236328
3.035000	1.738281	1.713867
3.040000	0.600586	0.805664
3.045000	0.053711	-0.073242
3.050000	0.092773	-0.600586
3.055000	0.478516	-0.649414
3.060000	0.903320	-0.317383
3.065000	1.108398	0.205078
3.070000	0.966797	0.673828
3.075000	0.522461	0.927734
3.080000	-0.097656	0.844727
3.085000	-0.629883	-0.273438
3.090000	-0.424805	-2.207031
3.095000	1.015625	-3.037109
3.100000	2.998047	-2.416992
3.105000	4.589844	-0.908203
3.110000	5.190430	0.761719
3.115000	4.687500	1.918945
3.120000	3.427734	2.255859
3.125000	1.933594	1.821289
3.130000	0.727539	0.937500
3.135000	0.097656	0.034180
3.140000	0.063477	-0.551758
3.145000	0.419922	-0.673828
3.150000	0.849609	-0.380859
3.155000	1.093750	0.126953
3.160000	1.005859	0.615234
3.165000	0.600586	0.908203
3.170000	-0.004883	0.898438
3.175000	-0.590820	-0.039062
3.180000	-0.532227	-1.962891
3.185000	0.756836	-3.012695
3.190000	2.719727	-2.573242
3.195000	4.418945	-1.152344
3.200000	5.170898	0.541992
3.205000	4.819336	1.801758
3.210000	3.632812	2.260742
3.215000	2.138672	1.914062
3.220000	0.869141	1.079102
3.225000	0.146484	0.146484
3.230000	0.034180	-0.498047
3.235000	0.351562	-0.683594
3.240000	0.795898	-0.439453
3.245000	1.079102	0.048828
3.250000	1.044922	0.556641
3.255000	0.668945	0.883789
3.260000	0.083008	0.927734
3.265000	-0.522461	0.180664
3.270000	-0.610352	-1.699219
3.275000	0.507812	-2.958984
3.280000	2.441406	-2.714844
3.285000	4.223633	-1.376953
3.290000	5.131836	0.312500
3.295000	4.931641	1.669922
3.300000	3.828125	2.250977
3.305000	2.348633	2.001953
3.310000	1.020508	1.210938
3.315000	0.209961	0.268555
3.320000	0.019531	-0.434570
3.325000	0.292969	-0.688477
3.330000	0.737305	-0.493164
3.335000	1.054688	-0.019531
3.340000	1.069336	0.488281
3.345000	0.742188	0.849609
3.350000	0.170898	0.952148
3.355000	-0.454102	0.366211
3.360000	-0.659180	-1.411133
3.365000	0.278320	-2.875977
3.370000	2.153320	-2.832031
3.375000	4.008789	-1.606445
3.380000	5.073242	0.083008
3.385000	5.014648	1.518555
3.390000	4.018555	2.216797
3.395000	2.558594	2.080078
3.400000	1.181641	1.337891
3.405000	0.292969	0.395508
3.410000	0.014648	-0.356445
3.415000	0.234375	-0.673828
3.420000	0.678711	-0.541992
3.425000	1.030273	-0.097656
3.430000	1.083984	0.429688
3.435000	0.805664	0.810547
3.440000	0.263672	0.957031
3.445000	-0.371094	0.532227
3.450000	-0.683594	-1.132812
3.455000	0.068359	-2.758789
3.460000	1.870117	-2.919922
3.465000	3.779297	-1.831055
3.470000	4.985352	-0.156250
3.475000	5.087891	1.352539
3.480000	4.204102	2.172852
3.485000	2.768555	2.143555
3.490000	1.347656	1.464844
3.495000	0.371094	0.522461
3.500000	0.014648	-0.278320
3.505000	0.185547	-0.664062
3.510000	0.615234	-0.590820
3.515000	0.991211	-0.170898
3.520000	1.103516	0.351562
3.525000	0.859375	0.771484
3.530000	0.346680	0.952148
3.535000	-0.283203	0.664062
3.540000	-0.688477	-0.839844
3.545000	-0.117188	-2.612305
3.550000	1.586914	-2.988281
3.555000	3.544922	-2.031250
3.560000	4.882812	-0.400391
3.565000	5.146484	1.171875
3.570000	4.375000	2.109375
3.575000	2.988281	2.197266
3.580000	1.533203	1.586914
3.585000	0.478516	0.659180
3.590000	0.029297	-0.180664
3.595000	0.136719	-0.639648
3.600000	0.546875	-0.625000
3.605000	0.952148	-0.244141
3.610000	1.108398	0.278320
3.615000	0.917969	0.727539
3.620000	0.434570	0.942383
3.625000	-0.200195	0.766602
3.630000	-0.668945	-0.556641
3.635000	-0.283203	-2.436523
3.640000	1.303711	-3.022461
3.645000	3.286133	-2.226562
3.650000	4.750977	-0.639648
3.655000	5.170898	0.981445
3.660000	4.536133	2.026367
3.665000	3.193359	2.236328
3.670000	1.723633	1.704102
3.675000	0.590820	0.791016
3.680000	0.058594	-0.078125
3.685000	0.092773	-0.600586
3.690000	0.483398	-0.644531
3.695000	0.903320	-0.312500
3.700000	1.108398	0.209961
3.705000	0.961914	0.673828
3.710000	0.512695	0.927734
3.715000	-0.107422	0.844727
3.720000	-0.634766	-0.297852
3.725000	-0.419922	-2.226562
3.730000	1.040039	-3.032227
3.735000	3.022461	-2.407227
3.740000	4.604492	-0.883789
3.745000	5.185547	0.776367
3.750000	4.677734	1.928711
3.755000	3.408203	2.255859
3.760000	1.914062	1.811523
3.765000	0.717773	0.927734
3.770000	0.092773	0.024414
3.775000	0.063477	-0.556641
3.780000	0.419922	-0.673828
3.785000	0.854492	-0.375977
3.790000	1.098633	0.131836
3.795000	1.005859	0.620117
3.800000	0.590820	0.908203
3.805000	-0.014648	0.898438
3.810000	-0.590820	-0.053711
3.815000	-0.522461	-1.987305
3.820000	0.776367	-3.012695
3.825000	2.744141	-2.563477
3.830000	4.433594	-1.123047
3.835000	5.175781	0.561523
3.840000	4.809570	1.811523
3.845000	3.618164	2.255859
3.850000	2.119141	1.909180
3.855000	0.859375	1.059570
3.860000	0.146484	0.136719
3.865000	0.039062	-0.498047
3.870000	0.356445	-0.683594
3.875000	0.800781	-0.434570
3.880000	1.083984	0.053711
3.885000	1.040039	0.561523
3.890000	0.668945	0.883789
3.895000	0.073242	0.927734
3.900000	-0.532227	0.166016
3.905000	-0.605469	-1.718750
3.910000	0.532227	-2.963867
3.915000	2.465820	-2.705078
3.920000	4.238281	-1.357422
3.925000	5.136719	0.332031
3.930000	4.921875	1.679688
3.935000	3.808594	2.250977
3.940000	2.333984	2.001953
3.945000	1.010742	1.201172
3.950000	0.205078	0.258789
3.955000	0.019531	-0.439453
3.960000	0.297852	-0.683594
3.965000	0.737305	-0.493164
3.970000	1.059570	-0.019531
3.975000	1.069336	0.493164
3.980000	0.732422	0.854492
3.985000	0.166016	0.947266
3.990000	-0.458984	0.351562
3.995000	-0.654297	-1.440430
4.000000	0.292969	-2.885742
4.005000	2.177734	-2.822266
4.010000	4.028320	-1.586914
4.015000	5.078125	0.097656
4.020000	5.014648	1.528320
4.025000	4.003906	2.221680
4.030000	2.534180	2.080078
4.035000	1.171875	1.328125
4.040000	0.283203	0.385742
4.045000	0.009766	-0.366211
4.050000	0.239258	-0.678711
4.055000	0.683594	-0.541992
4.060000	1.030273	-0.092773
4.065000	1.083984	0.429688
4.070000	0.800781	0.815430
4.075000	0.253906	0.957031
4.080000	-0.380859	0.517578
4.085000	-0.683594	-1.152344
4.090000	0.083008	-2.768555
4.095000	1.894531	-2.910156
4.100000	3.803711	-1.806641
4.105000	4.995117	-0.136719
4.110000	5.087891	1.367188
4.115000	4.189453	2.177734
4.120000	2.753906	2.143555
4.125000	1.337891	1.459961
4.130000	0.371094	0.517578
4.135000	0.014648	-0.278320
4.140000	0.185547	-0.659180
4.145000	0.615234	-0.581055
4.150000	0.996094	-0.166016
4.155000	1.103516	0.356445
4.160000	0.854492	0.776367
4.165000	0.336914	0.952148
4.170000	-0.292969	0.649414
4.175000	-0.688477	-0.864258
4.180000	-0.107422	-2.626953
4.185000	1.606445	-2.978516
4.190000	3.569336	-2.016602
4.195000	4.897461	-0.380859
4.200000	5.141602	1.191406
4.205000	4.365234	2.114258
4.210000	2.968750	2.192383
4.215000	1.518555	1.577148
4.220000	0.468750	0.649414
4.225000	0.029297	-0.185547
4.230000	0.141602	-0.639648
4.235000	0.556641	-0.620117
4.240000	0.952148	-0.239258
4.245000	1.108398	0.288086
4.250000	0.913086	0.727539
4.255000	0.424805	0.937500
4.260000	-0.205078	0.756836
4.265000	-0.673828	-0.585938
4.270000	-0.268555	-2.451172
4.275000	1.323242	-3.022461
4.280000	3.310547	-2.216797
4.285000	4.765625	-0.620117
4.290000	5.175781	1.000977
4.295000	4.521484	2.036133
4.300000	3.178711	2.231445
4.305000	1.708984	1.694336
4.310000	0.585938	0.781250
4.315000	0.053711	-0.092773
4.320000	0.102539	-0.600586
4.325000	0.488281	-0.644531
4.330000	0.913086	-0.302734
4.335000	1.108398	0.214844
4.340000	0.961914	0.683594
4.345000	0.512695	0.927734
4.350000	-0.112305	0.839844
4.355000	-0.634766	-0.317383
4.360000	-0.405273	-2.246094
4.365000	1.059570	-3.037109
4.370000	3.041992	-2.387695
4.375000	4.614258	-0.874023
4.380000	5.185547	0.791016
4.385000	4.667969	1.933594
4.390000	3.393555	2.255859
4.395000	1.904297	1.806641
4.400000	0.708008	0.917969
4.405000	0.092773	0.014648
4.410000	0.063477	-0.561523
4.415000	0.424805	-0.668945
4.420000	0.859375	-0.371094
4.425000	1.098633	0.136719
4.430000	1.000977	0.620117
4.435000	0.585938	0.908203
4.440000	-0.019531	0.893555
4.445000	-0.595703	-0.073242
4.450000	-0.517578	-2.001953
4.455000	0.795898	-3.012695
4.460000	2.763672	-2.548828
4.465000	4.448242	-1.113281
4.470000	5.170898	0.581055
4.475000	4.799805	1.821289
4.480000	3.598633	2.260742
4.485000	2.109375	1.899414
4.490000	0.844727	1.054688
4.495000	0.136719	0.131836
4.500000	0.039062	-0.507812
4.505000	0.361328	-0.678711
4.510000	0.805664	-0.429688
4.515000	1.079102	0.063477
4.520000	1.040039	0.566406
4.525000	0.654297	0.888672
4.530000	0.063477	0.927734
4.535000	-0.537109	0.146484
4.540000	-0.600586	-1.743164
4.545000	0.546875	-2.963867
4.550000	2.485352	-2.695312
4.555000	4.257812	-1.342773
4.560000	5.136719	0.351562
4.565000	4.912109	1.689453
4.570000	3.793945	2.250977
4.575000	2.314453	1.992188
4.580000	0.996094	1.191406
4.585000	0.200195	0.249023
4.590000	0.019531	-0.444336
4.595000	0.302734	-0.683594
4.600000	0.747070	-0.478516
4.605000	1.064453	-0.009766
4.610000	1.064453	0.498047
4.615000	0.727539	0.849609
4.620000	0.161133	0.947266
4.625000	-0.458984	0.336914
4.630000	-0.654297	-1.459961
4.635000	0.312500	-2.890625
4.640000	2.202148	-2.812500
4.645000	4.047852	-1.572266
4.650000	5.083008	0.117188
4.655000	5.004883	1.542969
4.660000	3.989258	2.221680
4.665000	2.519531	2.070312
4.670000	1.157227	1.318359
4.675000	0.273438	0.371094
4.680000	0.014648	-0.371094
4.685000	0.244141	-0.678711
4.690000	0.683594	-0.537109
4.695000	1.030273	-0.087891
4.700000	1.083984	0.429688
4.705000	0.791016	0.820312
4.710000	0.244141	0.957031
4.715000	-0.380859	0.507812
4.720000	-0.678711	-1.176758
4.725000	0.097656	-2.778320
4.730000	1.914062	-2.905273
4.735000	3.818359	-1.791992
4.740000	5.000000	-0.122070
4.745000	5.078125	1.376953
4.750000	4.174805	2.177734
4.755000	2.734375	2.138672
4.760000	1.323242	1.445312
4.765000	0.361328	0.502930
4.770000	0.014648	-0.288086
4.775000	0.190430	-0.664062
4.780000	0.625000	-0.581055
4.785000	1.000977	-0.161133
4.790000	1.098633	0.366211
4.795000	0.854492	0.781250
4.800000	0.336914	0.952148
4.805000	-0.297852	0.639648
4.810000	-0.688477	-0.888672
4.815000	-0.092773	-2.641602
4.820000	1.630859	-2.978516
4.825000	3.588867	-2.001953
4.830000	4.907227	-0.356445
4.835000	5.141602	1.206055
4.840000	4.345703	2.119141
4.845000	2.949219	2.187500
4.850000	1.503906	1.567383
4.855000	0.463867	0.634766
4.860000	0.024414	-0.195312
4.865000	0.146484	-0.639648
4.870000	0.561523	-0.615234
4.875000	0.961914	-0.229492
4.880000	1.108398	0.292969
4.885000	0.908203	0.732422
4.890000	0.419922	0.942383
4.895000	-0.209961	0.751953
4.900000	-0.678711	-0.605469
4.905000	-0.258789	-2.465820
4.910000	1.347656	-3.017578
4.915000	3.334961	-2.197266
4.920000	4.775391	-0.605469
4.925000	5.170898	1.010742
4.930000	4.511719	2.041016
4.935000	3.164062	2.231445
4.940000	1.689453	1.684570
4.945000	0.576172	0.771484
4.950000	0.053711	-0.097656
4.955000	0.102539	-0.610352
4.960000	0.493164	-0.639648
4.965000	0.917969	-0.297852
4.970000	1.108398	0.219727
4.975000	0.957031	0.683594
4.980000	0.502930	0.927734
4.985000	-0.117188	0.834961
4.990000	-0.644531	-0.336914
4.995000	-0.400391	-2.260742
5.000000	1.079102	-3.037109
5.005000	3.066406	-2.377930
5.010000	4.633789	-0.849609
5.015000	5.180664	0.810547
5.020000	4.658203	1.943359
5.025000	3.374023	2.255859
5.030000	1.884766	1.796875
5.035000	0.698242	0.913086
5.040000	0.083008	0.004883
5.045000	0.063477	-0.561523
5.050000	0.429688	-0.668945
5.055000	0.859375	-0.361328
5.060000	1.098633	0.146484
5.065000	1.000977	0.625000
5.070000	0.576172	0.913086
5.075000	-0.029297	0.888672
5.080000	-0.595703	-0.092773
5.085000	-0.507812	-2.026367
5.090000	0.815430	-3.017578
5.095000	2.788086	-2.539062
5.100000	4.462891	-1.088867
5.105000	5.175781	0.595703
5.110000	4.790039	1.831055
5.115000	3.588867	2.260742
5.120000	2.089844	1.894531
5.125000	0.834961	1.044922
5.130000	0.136719	0.122070
5.135000	0.043945	-0.507812
5.140000	0.366211	-0.678711
5.145000	0.815430	-0.424805
5.150000	1.083984	0.068359
5.155000	1.035156	0.566406
5.160000	0.654297	0.888672
5.165000	0.058594	0.927734
5.170000	-0.541992	0.131836
5.175000	-0.595703	-1.762695
5.180000	0.566406	-2.973633
5.185000	2.509766	-2.680664
5.190000	4.272461	-1.318359
5.195000	5.141602	0.366211
5.200000	4.902344	1.699219
5.205000	3.779297	2.255859
5.210000	2.299805	1.987305
5.215000	0.986328	1.176758
5.220000	0.195312	0.239258
5.225000	0.019531	-0.444336
5.230000	0.307617	-0.683594
5.235000	0.751953	-0.478516
5.240000	1.064453	-0.004883
5.245000	1.064453	0.507812
5.250000	0.722656	0.859375
5.255000	0.151367	0.942383
5.260000	-0.468750	0.322266
5.265000	-0.644531	-1.484375
5.270000	0.332031	-2.895508
5.275000	2.226562	-2.802734
5.280000	4.062500	-1.552734
5.285000	5.087891	0.136719
5.290000	5.000000	1.557617
5.295000	3.974609	2.231445
5.300000	2.504883	2.065430
5.305000	1.142578	1.303711
5.310000	0.268555	0.366211
5.315000	0.014648	-0.375977
5.320000	0.249023	-0.678711
5.325000	0.688477	-0.527344
5.330000	1.030273	-0.083008
5.335000	1.083984	0.444336
5.340000	0.791016	0.820312
5.345000	0.239258	0.957031
5.350000	-0.390625	0.498047
5.355000	-0.678711	-1.201172
5.360000	0.112305	-2.792969
5.365000	1.943359	-2.900391
5.370000	3.842773	-1.772461
5.375000	5.009766	-0.097656
5.380000	5.078125	1.391602
5.385000	4.160156	2.187500
5.390000	2.714844	2.133789
5.395000	1.303711	1.430664
5.400000	0.351562	0.488281
5.405000	0.014648	-0.297852
5.410000	0.195312	-0.668945
5.415000	0.625000	-0.576172
5.420000	1.000977	-0.156250
5.425000	1.103516	0.371094
5.430000	0.849609	0.781250
5.435000	0.327148	0.952148
5.440000	-0.307617	0.629883
5.445000	-0.693359	-0.908203
5.450000	-0.078125	-2.656250
5.455000	1.650391	-2.973633
5.460000	3.603516	-1.987305
5.465000	4.912109	-0.341797
5.470000	5.131836	1.215820
5.475000	4.335938	2.124023
5.480000	2.934570	2.182617
5.485000	1.489258	1.557617
5.490000	0.454102	0.625000
5.495000	0.024414	-0.205078
5.500000	0.146484	-0.639648
5.505000	0.566406	-0.615234
5.510000	0.961914	-0.224609
5.515000	1.103516	0.302734
5.520000	0.908203	0.732422
5.525000	0.410156	0.942383
5.530000	-0.219727	0.737305
5.535000	-0.673828	-0.625000
5.540000	-0.244141	-2.475586
5.545000	1.372070	-3.017578
5.550000	3.354492	-2.182617
5.555000	4.785156	-0.581055
5.560000	5.170898	1.030273
5.565000	4.492188	2.045898
5.570000	3.149414	2.226562
5.575000	1.674805	1.674805
5.580000	0.561523	0.761719
5.585000	0.048828	-0.102539
5.590000	0.102539	-0.610352
5.595000	0.498047	-0.634766
5.600000	0.917969	-0.292969
5.605000	1.108398	0.224609
5.610000	0.952148	0.683594
5.615000	0.493164	0.932617
5.620000	-0.126953	0.830078
5.625000	-0.644531	-0.356445
5.630000	-0.385742	-2.275391
5.635000	1.103516	-3.037109
5.640000	3.085938	-2.363281
5.645000	4.643555	-0.830078
5.650000	5.185547	0.825195
5.655000	4.648438	1.953125
5.660000	3.364258	2.255859
5.665000	1.870117	1.787109
5.670000	0.683594	0.898438
5.675000	0.078125	-0.004883
5.680000	0.073242	-0.566406
5.685000	0.434570	-0.664062
5.690000	0.869141	-0.361328
5.695000	1.098633	0.146484
5.700000	0.991211	0.634766
5.705000	0.571289	0.917969
5.710000	-0.039062	0.888672
5.715000	-0.605469	-0.112305
5.720000	-0.502930	-2.045898
5.725000	0.839844	-3.022461
5.730000	2.812500	-2.529297
5.735000	4.472656	-1.074219
5.740000	5.175781	0.610352
5.745000	4.780273	1.845703
5.750000	3.569336	2.260742
5.755000	2.070312	1.884766
5.760000	0.820312	1.030273
5.765000	0.131836	0.112305
5.770000	0.043945	-0.517578
5.775000	0.371094	-0.678711
5.780000	0.810547	-0.424805
5.785000	1.083984	0.073242
5.790000	1.035156	0.576172
5.795000	0.649414	0.888672
5.800000	0.053711	0.927734
5.805000	-0.546875	0.112305
5.810000	-0.590820	-1.787109
5.815000	0.585938	-2.978516
5.820000	2.529297	-2.675781
5.825000	4.287109	-1.298828
5.830000	5.146484	0.390625
5.835000	4.897461	1.713867
5.840000	3.759766	2.255859
5.845000	2.280273	1.982422
5.850000	0.971680	1.166992
5.855000	0.190430	0.229492
5.860000	0.024414	-0.454102
5.865000	0.312500	-0.683594
5.870000	0.756836	-0.478516
5.875000	1.064453	0.000000
5.880000	1.059570	0.507812
5.885000	0.717773	0.859375
5.890000	0.141602	0.942383
5.895000	-0.473633	0.307617
5.900000	-0.639648	-1.503906
5.905000	0.351562	-2.905273
5.910000	2.250977	-2.792969
5.915000	4.082031	-1.533203
5.920000	5.092773	0.161133
5.925000	4.990234	1.567383
5.930000	3.955078	2.231445
5.935000	2.490234	2.060547
5.940000	1.127930	1.293945
5.945000	0.258789	0.356445
5.950000	0.019531	-0.380859
5.955000	0.253906	-0.678711
5.960000	0.693359	-0.527344
5.965000	1.040039	-0.078125
5.970000	1.083984	0.444336
5.975000	0.786133	0.825195
5.980000	0.234375	0.957031
5.985000	-0.395508	0.478516
5.990000	-0.673828	-1.225586
5.995000	0.136719	-2.797852
6.000000	1.962891	-2.900391
6.005000	3.857422	-1.757812
6.010000	5.014648	-0.078125
6.015000	5.068359	1.406250
6.020000	4.140625	2.187500
6.025000	2.700195	2.124023
6.030000	1.289062	1.425781
6.035000	0.341797	0.483398
6.040000	0.014648	-0.297852
6.045000	0.200195	-0.673828
6.050000	0.634766	-0.571289
6.055000	1.000977	-0.146484
6.060000	1.093750	0.375977
6.065000	0.844727	0.781250
6.070000	0.317383	0.957031
6.075000	-0.312500	0.620117
6.080000	-0.693359	-0.932617
6.085000	-0.058594	-2.666016
6.090000	1.674805	-2.968750
6.095000	3.632812	-1.967773
6.100000	4.921875	-0.322266
6.105000	5.126953	1.230469
6.110000	4.321289	2.128906
6.115000	2.915039	2.182617
6.120000	1.474609	1.547852
6.125000	0.439453	0.615234
6.130000	0.019531	-0.209961
6.135000	0.151367	-0.639648
6.140000	0.566406	-0.610352
6.145000	0.966797	-0.219727
6.150000	1.108398	0.307617
6.155000	0.898438	0.742188
6.160000	0.400391	0.942383
6.165000	-0.224609	0.732422
6.170000	-0.678711	-0.654297
6.175000	-0.229492	-2.500000
6.180000	1.396484	-3.017578
6.185000	3.374023	-2.163086
6.190000	4.799805	-0.561523
6.195000	5.170898	1.049805
6.200000	4.482422	2.055664
6.205000	3.129883	2.221680
6.210000	1.655273	1.669922
6.215000	0.556641	0.747070
6.220000	0.048828	-0.117188
6.225000	0.112305	-0.615234
6.230000	0.507812	-0.634766
6.235000	0.927734	-0.288086
6.240000	1.108398	0.229492
6.245000	0.952148	0.688477
6.250000	0.488281	0.932617
6.255000	-0.136719	0.820312
6.260000	-0.649414	-0.380859
6.265000	-0.380859	-2.294922
6.270000	1.123047	-3.037109
6.275000	3.110352	-2.348633
6.280000	4.653320	-0.810547
6.285000	5.185547	0.844727
6.290000	4.633789	1.958008
6.295000	3.344727	2.250977
6.300000	1.855469	1.777344
6.305000	0.673828	0.883789
6.310000	0.078125	-0.009766
6.315000	0.068359	-0.571289
6.320000	0.439453	-0.664062
6.325000	0.869141	-0.356445
6.330000	1.103516	0.156250
6.335000	0.991211	0.634766
6.340000	0.566406	0.917969
6.345000	-0.043945	0.883789
6.350000	-0.610352	-0.131836
6.355000	-0.493164	-2.065430
6.360000	0.864258	-3.027344
6.365000	2.836914	-2.514648
6.370000	4.492188	-1.049805
6.375000	5.180664	0.629883
6.380000	4.765625	1.850586
6.385000	3.549805	2.260742
6.390000	2.055664	1.875000
6.395000	0.805664	1.020508
6.400000	0.122070	0.102539
6.405000	0.048828	-0.522461
6.410000	0.375977	-0.673828
6.415000	0.820312	-0.410156
6.420000	1.088867	0.083008
6.425000	1.030273	0.581055
6.430000	0.639648	0.893555
6.435000	0.043945	0.927734
6.440000	-0.551758	0.092773
6.445000	-0.581055	-1.811523
6.450000	0.610352	-2.983398
6.455000	2.553711	-2.656250
6.460000	4.306641	-1.279297
6.465000	5.151367	0.415039
6.470000	4.887695	1.728516
6.475000	3.750000	2.255859
6.480000	2.265625	1.972656
6.485000	0.957031	1.152344
6.490000	0.180664	0.224609
6.495000	0.024414	-0.458984
6.500000	0.317383	-0.688477
6.505000	0.761719	-0.473633
6.510000	1.069336	0.004883
6.515000	1.059570	0.517578
6.520000	0.708008	0.864258
6.525000	0.136719	0.942383
6.530000	-0.483398	0.297852
6.535000	-0.639648	-1.528320
6.540000	0.366211	-2.910156
6.545000	2.275391	-2.788086
6.550000	4.096680	-1.508789
6.555000	5.097656	0.180664
6.560000	4.985352	1.582031
6.565000	3.940430	2.231445
6.570000	2.470703	2.050781
6.575000	1.113281	1.279297
6.580000	0.253906	0.341797
6.585000	0.014648	-0.390625
6.590000	0.258789	-0.683594
6.595000	0.698242	-0.522461
6.600000	1.044922	-0.068359
6.605000	1.079102	0.449219
6.610000	0.776367	0.830078
6.615000	0.224609	0.957031
6.620000	-0.400391	0.468750
6.625000	-0.673828	-1.245117
6.630000	0.151367	-2.812500
6.635000	1.987305	-2.890625
6.640000	3.876953	-1.738281
6.645000	5.024414	-0.058594
6.650000	5.063477	1.420898
6.655000	4.130859	2.192383
6.660000	2.680664	2.124023
6.665000	1.274414	1.416016
6.670000	0.336914	0.468750
6.675000	0.009766	-0.312500
6.680000	0.205078	-0.673828
6.685000	0.634766	-0.571289
6.690000	1.005859	-0.141602
6.695000	1.093750	0.380859
6.700000	0.839844	0.791016
6.705000	0.312500	0.957031
6.710000	-0.322266	0.610352
6.715000	-0.688477	-0.957031
6.720000	-0.048828	-2.680664
6.725000	1.704102	-2.963867
6.730000	3.652344	-1.948242
6.735000	4.936523	-0.297852
6.740000	5.122070	1.250000
6.745000	4.306641	2.138672
6.750000	2.895508	2.182617
6.755000	1.455078	1.538086
6.760000	0.434570	0.600586
6.765000	0.024414	-0.219727
6.770000	0.156250	-0.644531
6.775000	0.571289	-0.605469
6.780000	0.966797	-0.209961
6.785000	1.108398	0.307617
6.790000	0.893555	0.742188
6.795000	0.400391	0.947266
6.800000	-0.234375	0.727539
6.805000	-0.678711	-0.668945
6.810000	-0.219727	-2.509766
6.815000	1.416016	-3.012695
6.820000	3.393555	-2.148438
6.825000	4.809570	-0.541992
6.830000	5.161133	1.059570
6.835000	4.467773	2.060547
6.840000	3.110352	2.221680
6.845000	1.640625	1.655273
6.850000	0.541992	0.737305
6.855000	0.043945	-0.122070
6.860000	0.112305	-0.615234
6.865000	0.512695	-0.634766
6.870000	0.927734	-0.283203
6.875000	1.108398	0.239258
6.880000	0.942383	0.698242
6.885000	0.478516	0.932617
6.890000	-0.141602	0.815430
6.895000	-0.649414	-0.400391
6.900000	-0.361328	-2.314453
6.905000	1.152344	-3.032227
6.910000	3.134766	-2.333984
6.915000	4.667969	-0.786133
6.920000	5.185547	0.854492
6.925000	4.624023	1.972656
6.930000	3.325195	2.246094
6.935000	1.840820	1.767578
6.940000	0.664062	0.874023
6.945000	0.073242	-0.019531
6.950000	0.073242	-0.576172
6.955000	0.449219	-0.659180
6.960000	0.878906	-0.346680
6.965000	1.103516	0.166016
6.970000	0.986328	0.644531
6.975000	0.561523	0.922852
6.980000	-0.053711	0.874023
6.985000	-0.615234	-0.156250
6.990000	-0.483398	-2.089844
6.995000	0.883789	-3.027344
7.000000	2.861328	-2.500000
7.005000	4.506836	-1.030273
7.010000	5.185547	0.649414
7.015000	4.755859	1.860352
7.020000	3.530273	2.255859
7.025000	2.041016	1.875000
7.030000	0.800781	1.010742
7.035000	0.117188	0.092773
7.040000	0.053711	-0.522461
7.045000	0.380859	-0.673828
7.050000	0.825195	-0.410156
7.055000	1.088867	0.083008
7.060000	1.025391	0.585938
7.065000	0.634766	0.893555
7.070000	0.039062	0.922852
7.075000	-0.556641	0.078125
7.080000	-0.576172	-1.831055
7.085000	0.625000	-2.988281
7.090000	2.578125	-2.646484
7.095000	4.321289	-1.264648
7.100000	5.151367	0.429688
7.105000	4.877930	1.738281
7.110000	3.730469	2.255859
7.115000	2.246094	1.958008
7.120000	0.942383	1.142578
7.125000	0.175781	0.209961
7.130000	0.024414	-0.463867
7.135000	0.322266	-0.683594
7.140000	0.766602	-0.468750
7.145000	1.069336	0.009766
7.150000	1.059570	0.527344
7.155000	0.703125	0.864258
7.160000	0.126953	0.942383
7.165000	-0.488281	0.278320
7.170000	-0.634766	-1.557617
7.175000	0.390625	-2.919922
7.180000	2.304688	-2.778320
7.185000	4.121094	-1.494141
7.190000	5.102539	0.200195
7.195000	4.980469	1.591797
7.200000	3.925781	2.236328
7.205000	2.456055	2.045898
7.210000	1.098633	1.269531
7.215000	0.244141	0.332031
7.220000	0.014648	-0.395508
7.225000	0.268555	-0.683594
7.230000	0.703125	-0.522461
7.235000	1.044922	-0.063477
7.240000	1.083984	0.458984
7.245000	0.771484	0.830078
7.250000	0.219727	0.952148
7.255000	-0.410156	0.454102
7.260000	-0.673828	-1.264648
7.265000	0.170898	-2.822266
7.270000	2.011719	-2.880859
7.275000	3.896484	-1.718750
7.280000	5.029297	-0.034180
7.285000	5.053711	1.435547
7.290000	4.111328	2.197266
7.295000	2.666016	2.119141
7.300000	1.259766	1.401367
7.305000	0.332031	0.458984
7.310000	0.014648	-0.317383
7.315000	0.209961	-0.673828
7.320000	0.644531	-0.566406
7.325000	1.010742	-0.136719
7.330000	1.093750	0.385742
7.335000	0.834961	0.795898
7.340000	0.302734	0.952148
7.345000	-0.327148	0.595703
7.350000	-0.688477	-0.981445
7.355000	-0.029297	-2.690430
7.360000	1.723633	-2.963867
7.365000	3.666992	-1.933594
7.370000	4.941406	-0.278320
7.375000	5.117188	1.264648
7.380000	4.291992	2.143555
7.385000	2.880859	2.177734
7.390000	1.440430	1.523438
7.395000	0.424805	0.590820
7.400000	0.019531	-0.229492
7.405000	0.161133	-0.649414
7.410000	0.581055	-0.605469
7.415000	0.971680	-0.205078
7.420000	1.103516	0.317383
7.425000	0.888672	0.751953
7.430000	0.385742	0.947266
7.435000	-0.244141	0.712891
7.440000	-0.678711	-0.698242
7.445000	-0.205078	-2.529297
7.450000	1.440430	-3.012695
7.455000	3.417969	-2.133789
7.460000	4.824219	-0.522461
7.465000	5.166016	1.079102
7.470000	4.458008	2.070312
7.475000	3.095703	2.216797
7.480000	1.625977	1.645508
7.485000	0.532227	0.722656
7.490000	0.039062	-0.131836
7.495000	0.112305	-0.620117
7.500000	0.517578	-0.634766
7.505000	0.932617	-0.278320
7.510000	1.108398	0.244141
7.515000	0.937500	0.698242
7.520000	0.473633	0.932617
7.525000	-0.151367	0.805664
7.530000	-0.654297	-0.424805
7.535000	-0.351562	-2.333984
7.540000	1.171875	-3.032227
7.545000	3.154297	-2.319336
7.550000	4.682617	-0.766602
7.555000	5.185547	0.878906
7.560000	4.609375	1.977539
7.565000	3.305664	2.246094
7.570000	1.816406	1.757812
7.575000	0.649414	0.859375
7.580000	0.073242	-0.029297
7.585000	0.078125	-0.576172
7.590000	0.454102	-0.659180
7.595000	0.883789	-0.341797
7.600000	1.103516	0.170898
7.605000	0.986328	0.644531
7.610000	0.551758	0.922852
7.615000	-0.058594	0.874023
7.620000	-0.615234	-0.170898
7.625000	-0.473633	-2.104492
7.630000	0.903320	-3.027344
7.635000	2.880859	-2.485352
7.640000	4.521484	-1.005859
7.645000	5.185547	0.668945
7.650000	4.746094	1.875000
7.655000	3.515625	2.255859
7.660000	2.021484	1.865234
7.665000	0.786133	0.996094
7.670000	0.112305	0.078125
7.675000	0.053711	-0.527344
7.680000	0.385742	-0.673828
7.685000	0.830078	-0.410156
7.690000	1.088867	0.092773
7.695000	1.020508	0.590820
7.700000	0.629883	0.893555
7.705000	0.029297	0.917969
7.710000	-0.566406	0.053711
7.715000	-0.576172	-1.855469
7.720000	0.649414	-2.993164
7.725000	2.602539	-2.641602
7.730000	4.335938	-1.245117
7.735000	5.161133	0.449219
7.740000	4.868164	1.748047
7.745000	3.715820	2.255859
7.750000	2.226562	1.953125
7.755000	0.932617	1.132812
7.760000	0.166016	0.200195
7.765000	0.024414	-0.473633
7.770000	0.327148	-0.683594
7.775000	0.771484	-0.463867
7.780000	1.074219	0.019531
7.785000	1.049805	0.527344
7.790000	0.703125	0.869141
7.795000	0.122070	0.942383
7.800000	-0.493164	0.263672
7.805000	-0.629883	-1.582031
7.810000	0.415039	-2.929688
7.815000	2.324219	-2.768555
7.820000	4.135742	-1.474609
7.825000	5.107422	0.214844
7.830000	4.975586	1.601562
7.835000	3.911133	2.236328
7.840000	2.441406	2.041016
7.845000	1.088867	1.259766
7.850000	0.239258	0.322266
7.855000	0.014648	-0.400391
7.860000	0.263672	-0.683594
7.865000	0.712891	-0.512695
7.870000	1.049805	-0.053711
7.875000	1.079102	0.458984
7.880000	0.766602	0.834961
7.885000	0.209961	0.957031
7.890000	-0.419922	0.439453
7.895000	-0.673828	-1.289062
7.900000	0.185547	-2.827148
7.905000	2.036133	-2.871094
7.910000	3.916016	-1.704102
7.915000	5.034180	-0.019531
7.920000	5.048828	1.450195
7.925000	4.096680	2.197266
7.930000	2.646484	2.109375
7.935000	1.250000	1.391602
7.940000	0.322266	0.449219
7.945000	0.014648	-0.322266
7.950000	0.214844	-0.673828
7.955000	0.644531	-0.561523
7.960000	1.010742	-0.126953
7.965000	1.093750	0.390625
7.970000	0.830078	0.795898
7.975000	0.297852	0.952148
7.980000	-0.336914	0.590820
7.985000	-0.688477	-1.005859
7.990000	-0.014648	-2.700195
7.995000	1.748047	-2.949219
8.000000	3.686523	-1.914062
8.005000	4.951172	-0.258789
8.010000	5.117188	1.274414
8.015000	4.277344	2.148438
8.020000	2.856445	2.172852
8.025000	1.420898	1.518555
8.030000	0.419922	0.581055
8.035000	0.019531	-0.239258
8.040000	0.161133	-0.654297
8.045000	0.585938	-0.600586
8.050000	0.976562	-0.200195
8.055000	1.103516	0.322266
8.060000	0.883789	0.751953
8.065000	0.385742	0.947266
8.070000	-0.249023	0.708008
8.075000	-0.678711	-0.722656
8.080000	-0.190430	-2.543945
8.085000	1.464844	-3.007812
8.090000	3.437500	-2.119141
8.095000	4.833984	-0.502930
8.100000	5.156250	1.093750
8.105000	4.448242	2.075195
8.110000	3.076172	2.216797
8.115000	1.611328	1.640625
8.120000	0.522461	0.712891
8.125000	0.039062	-0.141602
8.130000	0.117188	-0.625000
8.135000	0.522461	-0.629883
8.140000	0.932617	-0.268555
8.145000	1.108398	0.249023
8.150000	0.937500	0.703125
8.155000	0.463867	0.932617
8.160000	-0.156250	0.800781
8.165000	-0.659180	-0.444336
8.170000	-0.341797	-2.353516
8.175000	1.201172	-3.037109
8.180000	3.178711	-2.304688
8.185000	4.692383	-0.747070
8.190000	5.180664	0.898438
8.195000	4.599609	1.987305
8.200000	3.286133	2.246094
8.205000	1.801758	1.752930
8.210000	0.644531	0.854492
8.215000	0.068359	-0.039062
8.220000	0.078125	-0.581055
8.225000	0.458984	-0.659180
8.230000	0.888672	-0.336914
8.235000	1.103516	0.175781
8.240000	0.981445	0.649414
8.245000	0.541992	0.922852
8.250000	-0.068359	0.864258
8.255000	-0.625000	-0.195312
8.260000	-0.463867	-2.128906
8.265000	0.927734	-3.037109
8.270000	2.910156	-2.475586
8.275000	4.536133	-0.986328
8.280000	5.185547	0.688477
8.285000	4.731445	1.884766
8.290000	3.496094	2.255859
8.295000	2.001953	1.855469
8.300000	0.771484	0.981445
8.305000	0.112305	0.073242
8.310000	0.053711	-0.532227
8.315000	0.390625	-0.673828
8.320000	0.834961	-0.400391
8.325000	1.093750	0.102539
8.330000	1.020508	0.595703
8.335000	0.620117	0.898438
8.340000	0.024414	0.917969
8.345000	-0.566406	0.039062
8.350000	-0.566406	-1.879883
8.355000	0.668945	-2.998047
8.360000	2.626953	-2.626953
8.365000	4.355469	-1.230469
8.370000	5.161133	0.463867
8.375000	4.858398	1.757812
8.380000	3.701172	2.255859
8.385000	2.211914	1.943359
8.390000	0.922852	1.118164
8.395000	0.166016	0.190430
8.400000	0.029297	-0.473633
8.405000	0.336914	-0.683594
8.410000	0.776367	-0.458984
8.415000	1.074219	0.024414
8.420000	1.049805	0.537109
8.425000	0.693359	0.869141
8.430000	0.112305	0.942383
8.435000	-0.502930	0.249023
8.440000	-0.629883	-1.601562
8.445000	0.424805	-2.934570
8.450000	2.348633	-2.758789
8.455000	4.150391	-1.455078
8.460000	5.117188	0.239258
8.465000	4.965820	1.616211
8.470000	3.891602	2.241211
8.475000	2.416992	2.031250
8.480000	1.074219	1.250000
8.485000	0.234375	0.307617
8.490000	0.019531	-0.405273
8.495000	0.273438	-0.683594
8.500000	0.712891	-0.517578
8.505000	1.044922	-0.048828
8.510000	1.079102	0.468750
8.515000	0.766602	0.839844
8.520000	0.205078	0.952148
8.525000	-0.424805	0.429688
8.530000	-0.668945	-1.318359
8.535000	0.205078	-2.841797
8.540000	2.060547	-2.861328
8.545000	3.935547	-1.679688
8.550000	5.043945	0.004883
8.555000	5.043945	1.464844
8.560000	4.082031	2.207031
8.565000	2.631836	2.104492
8.570000	1.240234	1.381836
8.575000	0.312500	0.439453
8.580000	0.014648	-0.327148
8.585000	0.224609	-0.673828
8.590000	0.654297	-0.556641
8.595000	1.015625	-0.126953
8.600000	1.088867	0.400391
8.605000	0.825195	0.800781
8.610000	0.292969	0.957031
8.615000	-0.341797	0.581055
8.620000	-0.688477	-1.030273
8.625000	0.000000	-2.714844
8.630000	1.772461	-2.944336
8.635000	3.710938	-1.894531
8.640000	4.956055	-0.239258
8.645000	5.112305	1.289062
8.650000	4.257812	2.153320
8.655000	2.841797	2.167969
8.660000	1.411133	1.508789
8.665000	0.410156	0.571289
8.670000	0.019531	-0.244141
8.675000	0.170898	-0.654297
8.680000	0.590820	-0.595703
8.685000	0.976562	-0.200195
8.690000	1.103516	0.327148
8.695000	0.883789	0.751953
8.700000	0.375977	0.947266
8.705000	-0.253906	0.698242
8.710000	-0.683594	-0.747070
8.715000	-0.180664	-2.553711
8.720000	1.489258	-3.002930
8.725000	3.461914	-2.099609
8.730000	4.843750	-0.478516
8.735000	5.161133	1.108398
8.740000	4.433594	2.080078
8.745000	3.056641	2.211914
8.750000	1.596680	1.625977
8.755000	0.512695	0.703125
8.760000	0.034180	-0.146484
8.765000	0.126953	-0.629883
8.770000	0.527344	-0.634766
8.775000	0.932617	-0.263672
8.780000	1.108398	0.258789
8.785000	0.927734	0.708008
8.790000	0.458984	0.932617
8.795000	-0.166016	0.795898
8.800000	-0.664062	-0.468750
8.805000	-0.327148	-2.368164
8.810000	1.215820	-3.032227
8.815000	3.203125	-2.285156
8.820000	4.707031	-0.727539
8.825000	5.180664	0.913086
8.830000	4.584961	1.992188
8.835000	3.266602	2.241211
8.840000	1.787109	1.738281
8.845000	0.629883	0.839844
8.850000	0.063477	-0.043945
8.855000	0.083008	-0.590820
8.860000	0.463867	-0.654297
8.865000	0.888672	-0.327148
8.870000	1.103516	0.180664
8.875000	0.976562	0.649414
8.880000	0.541992	0.927734
8.885000	-0.073242	0.864258
8.890000	-0.625000	-0.205078
8.895000	-0.458984	-2.143555
8.900000	0.947266	-3.027344
8.905000	2.929688	-2.460938
8.910000	4.550781	-0.966797
8.915000	5.185547	0.703125
8.920000	4.721680	1.884766
8.925000	3.481445	2.255859
8.930000	1.987305	1.845703
8.935000	0.766602	0.971680
8.940000	0.107422	0.063477
8.945000	0.053711	-0.537109
8.950000	0.395508	-0.673828
8.955000	0.839844	-0.395508
8.960000	1.088867	0.102539
8.965000	1.015625	0.600586
8.970000	0.620117	0.903320
8.975000	0.014648	0.913086
8.980000	-0.571289	0.019531
8.985000	-0.556641	-1.894531
8.990000	0.688477	-3.002930
8.995000	2.651367	-2.612305
9.000000	4.370117	-1.210938
9.005000	5.161133	0.483398
9.010000	4.848633	1.767578
9.015000	3.681641	2.255859
9.020000	2.192383	1.943359
9.025000	0.903320	1.108398
9.030000	0.166016	0.180664
9.035000	0.029297	-0.478516
9.040000	0.336914	-0.683594
9.045000	0.781250	-0.454102
9.050000	1.079102	0.029297
9.055000	1.044922	0.537109
9.060000	0.688477	0.874023
9.065000	0.102539	0.937500
9.070000	-0.507812	0.229492
9.075000	-0.625000	-1.630859
9.080000	0.449219	-2.939453
9.085000	2.377930	-2.749023
9.090000	4.174805	-1.435547
9.095000	5.122070	0.258789
9.100000	4.960938	1.630859
9.105000	3.876953	2.241211
9.110000	2.402344	2.026367
9.115000	1.059570	1.240234
9.120000	0.224609	0.297852
9.125000	0.014648	-0.410156
9.130000	0.278320	-0.688477
9.135000	0.722656	-0.507812
9.140000	1.049805	-0.039062
9.145000	1.079102	0.473633
9.150000	0.756836	0.839844
9.155000	0.195312	0.952148
9.160000	-0.429688	0.415039
9.165000	-0.668945	-1.337891
9.170000	0.224609	-2.851562
9.175000	2.084961	-2.856445
9.180000	3.955078	-1.660156
9.185000	5.048828	0.024414
9.190000	5.039062	1.479492
9.195000	4.067383	2.211914
9.200000	2.612305	2.099609
9.205000	1.225586	1.372070
9.210000	0.307617	0.424805
9.215000	0.014648	-0.336914
9.220000	0.219727	-0.673828
9.225000	0.659180	-0.556641
9.230000	1.020508	-0.117188
9.235000	1.093750	0.405273
9.240000	0.815430	0.805664
9.245000	0.288086	0.952148
9.250000	-0.346680	0.566406
9.255000	-0.688477	-1.054688
9.260000	0.014648	-2.724609
9.265000	1.796875	-2.939453
9.270000	3.725586	-1.879883
9.275000	4.965820	-0.219727
9.280000	5.107422	1.308594
9.285000	4.248047	2.163086
9.290000	2.822266	2.158203
9.295000	1.396484	1.499023
9.300000	0.400391	0.556641
9.305000	0.014648	-0.249023
9.310000	0.170898	-0.654297
9.315000	0.600586	-0.595703
9.320000	0.981445	-0.190430
9.325000	1.098633	0.332031
9.330000	0.878906	0.761719
9.335000	0.371094	0.947266
9.340000	-0.263672	0.688477
9.345000	-0.688477	-0.771484
9.350000	-0.161133	-2.573242
9.355000	1.513672	-3.002930
9.360000	3.486328	-2.084961
9.365000	4.853516	-0.463867
9.370000	5.156250	1.127930
9.375000	4.414062	2.089844
9.380000	3.041992	2.211914
9.385000	1.577148	1.616211
9.390000	0.502930	0.688477
9.395000	0.029297	-0.156250
9.400000	0.131836	-0.634766
9.405000	0.537109	-0.634766
9.410000	0.937500	-0.258789
9.415000	1.108398	0.263672
9.420000	0.927734	0.717773
9.425000	0.454102	0.937500
9.430000	-0.170898	0.786133
9.435000	-0.664062	-0.493164
9.440000	-0.322266	-2.382812
9.445000	1.240234	-3.027344
9.450000	3.222656	-2.275391
9.455000	4.716797	-0.708008
9.460000	5.180664	0.927734
9.465000	4.570312	2.001953
9.470000	3.251953	2.241211
9.475000	1.772461	1.733398
9.480000	0.620117	0.825195
9.485000	0.063477	-0.053711
9.490000	0.087891	-0.595703
9.495000	0.463867	-0.654297
9.500000	0.893555	-0.327148
9.505000	1.103516	0.190430
9.510000	0.976562	0.659180
9.515000	0.537109	0.922852
9.520000	-0.083008	0.854492
9.525000	-0.629883	-0.234375
9.530000	-0.444336	-2.167969
9.535000	0.966797	-3.032227
9.540000	2.954102	-2.451172
9.545000	4.560547	-0.952148
9.550000	5.185547	0.722656
9.555000	4.711914	1.899414
9.560000	3.461914	2.255859
9.565000	1.967773	1.835938
9.570000	0.751953	0.961914
9.575000	0.102539	0.053711
9.580000	0.058594	-0.541992
9.585000	0.405273	-0.673828
9.590000	0.844727	-0.390625
9.595000	1.093750	0.112305
9.600000	1.010742	0.605469
9.605000	0.615234	0.903320
9.610000	0.004883	0.908203
9.615000	-0.576172	0.004883
9.620000	-0.551758	-1.914062
9.625000	0.712891	-3.002930
9.630000	2.670898	-2.602539
9.635000	4.379883	-1.191406
9.640000	5.166016	0.502930
9.645000	4.838867	1.782227
9.650000	3.671875	2.255859
9.655000	2.172852	1.933594
9.660000	0.898438	1.098633
9.665000	0.156250	0.166016
9.670000	0.029297	-0.488281
9.675000	0.341797	-0.683594
9.680000	0.781250	-0.449219
9.685000	1.079102	0.039062
9.690000	1.044922	0.541992
9.695000	0.678711	0.874023
9.700000	0.097656	0.932617
9.705000	-0.507812	0.214844
9.710000	-0.620117	-1.645508
9.715000	0.463867	-2.944336
9.720000	2.397461	-2.734375
9.725000	4.184570	-1.420898
9.730000	5.122070	0.273438
9.735000	4.946289	1.640625
9.740000	3.862305	2.241211
9.745000	2.387695	2.021484
9.750000	1.049805	1.230469
9.755000	0.224609	0.292969
9.760000	0.014648	-0.419922
9.765000	0.283203	-0.683594
9.770000	0.727539	-0.502930
9.775000	1.049805	-0.039062
9.780000	1.074219	0.478516
9.785000	0.751953	0.839844
9.790000	0.185547	0.952148
9.795000	-0.434570	0.400391
9.800000	-0.664062	-1.362305
9.805000	0.239258	-2.856445
9.810000	2.109375	-2.846680
9.815000	3.974609	-1.645508
9.820000	5.058594	0.043945
9.825000	5.034180	1.489258
9.830000	4.052734	2.207031
9.835000	2.592773	2.094727
9.840000	1.210938	1.362305
9.845000	0.297852	0.419922
9.850000	0.014648	-0.341797
9.855000	0.224609	-0.673828
9.860000	0.664062	-0.551758
9.865000	1.020508	-0.112305
9.870000	1.088867	0.415039
9.875000	0.815430	0.805664
9.880000	0.278320	0.952148
9.885000	-0.356445	0.556641
9.890000	-0.683594	-1.079102
9.895000	0.034180	-2.739258
9.900000	1.821289	-2.934570
9.905000	3.745117	-1.860352
9.910000	4.980469	-0.195312
9.915000	5.097656	1.323242
9.920000	4.233398	2.163086
9.925000	2.802734	2.158203
9.930000	1.376953	1.484375
9.935000	0.390625	0.551758
9.940000	0.014648	-0.258789
9.945000	0.175781	-0.654297
9.950000	0.605469	-0.590820
9.955000	0.991211	-0.180664
9.960000	1.103516	0.341797
9.965000	0.874023	0.766602
9.970000	0.361328	0.952148
9.975000	-0.268555	0.678711
9.980000	-0.683594	-0.791016
9.985000	-0.146484	-2.583008
9.990000	1.538086	-2.998047
9.995000	3.500977	-2.070312
10.000000	4.868164	-0.439453
