# Time_s	x	xdot
0.000000	4.189453	2.377930
0.005000	2.622070	2.192383
0.010000	1.176758	1.362305
0.015000	0.263672	0.336914
0.020000	0.029297	-0.703125
0.025000	0.581055	-0.766602
0.030000	1.083984	-0.400391
0.035000	1.333008	0.180664
0.040000	1.220703	0.712891
0.045000	0.742188	1.005859
0.050000	0.068359	0.986328
0.055000	-0.566406	0.078125
0.060000	-0.585938	-1.928711
0.065000	0.678711	-3.139648
0.070000	2.734375	-2.797852
0.075000	4.575195	-1.337891
0.080000	5.458984	0.454102
0.085000	5.161133	1.845703
0.090000	3.940430	2.407227
0.095000	2.363281	2.089844
0.100000	0.976562	1.196289
0.105000	0.180664	0.175781
0.110000	0.048828	-0.566406
0.115000	0.415039	-0.805664
0.120000	0.937500	-0.556641
0.125000	1.293945	-0.014648
0.130000	1.298828	0.561523
0.135000	0.932617	0.942383
0.140000	0.302734	1.035156
0.145000	-0.380859	0.537109
0.150000	-0.698242	-1.225586
0.155000	0.117188	-2.919922
0.160000	2.026367	-3.066406
0.165000	4.038086	-1.904297
0.170000	5.292969	-0.131836
0.175000	5.385742	1.459961
0.180000	4.418945	2.324219
0.185000	2.890625	2.275391
0.190000	1.381836	1.528320
0.195000	0.366211	0.498047
0.200000	0.019531	-0.366211
0.205000	0.258789	-0.786133
0.210000	0.766602	-0.683594
0.215000	1.210938	-0.214844
0.220000	1.342773	0.375977
0.225000	1.093750	0.849609
0.230000	0.532227	1.040039
0.235000	-0.161133	0.834961
0.240000	-0.678711	-0.532227
0.245000	-0.312500	-2.514648
0.250000	1.328125	-3.188477
0.255000	3.417969	-2.402344
0.260000	4.995117	-0.742188
0.265000	5.483398	0.991211
0.270000	4.833984	2.138672
0.275000	3.427734	2.387695
0.280000	1.850586	1.831055
0.285000	0.634766	0.844727
0.290000	0.063477	-0.122070
0.295000	0.131836	-0.708008
0.300000	0.585938	-0.771484
0.305000	1.083984	-0.395508
0.310000	1.337891	0.185547
0.315000	1.220703	0.712891
0.320000	0.742188	1.005859
0.325000	0.068359	0.981445
0.330000	-0.566406	0.078125
0.335000	-0.585938	-1.928711
0.340000	0.683594	-3.144531
0.345000	2.739258	-2.797852
0.350000	4.575195	-1.333008
0.355000	5.458984	0.454102
0.360000	5.156250	1.850586
0.365000	3.940430	2.407227
0.370000	2.358398	2.089844
0.375000	0.976562	1.191406
0.380000	0.175781	0.170898
0.385000	0.048828	-0.566406
0.390000	0.410156	-0.805664
0.395000	0.932617	-0.561523
0.400000	1.289062	-0.014648
0.405000	1.298828	0.556641
0.410000	0.932617	0.942383
0.415000	0.302734	1.035156
0.420000	-0.385742	0.532227
0.425000	-0.698242	-1.230469
0.430000	0.122070	-2.919922
0.435000	2.036133	-3.071289
0.440000	4.042969	-1.894531
0.445000	5.292969	-0.131836
0.450000	5.380859	1.464844
0.455000	4.414062	2.324219
0.460000	2.885742	2.275391
0.465000	1.376953	1.528320
0.470000	0.366211	0.498047
0.475000	0.024414	-0.371094
0.480000	0.253906	-0.786133
0.485000	0.766602	-0.683594
0.490000	1.215820	-0.214844
0.495000	1.337891	0.375977
0.500000	1.088867	0.849609
0.505000	0.527344	1.035156
0.510000	-0.166016	0.834961
0.515000	-0.683594	-0.532227
0.520000	-0.312500	-2.509766
0.525000	1.328125	-3.183594
0.530000	3.422852	-2.397461
0.535000	5.000000	-0.737305
0.540000	5.483398	0.996094
0.545000	4.829102	2.138672
0.550000	3.427734	2.387695
0.555000	1.845703	1.831055
0.560000	0.629883	0.839844
0.565000	0.063477	-0.122070
0.570000	0.126953	-0.703125
0.575000	0.585938	-0.771484
0.580000	1.088867	-0.395508
0.585000	1.337891	0.185547
0.590000	1.215820	0.712891
0.595000	0.737305	1.010742
0.600000	0.068359	0.981445
0.605000	-0.571289	0.073242
0.610000	-0.585938	-1.928711
0.615000	0.688477	-3.144531
0.620000	2.739258	-2.792969
0.625000	4.575195	-1.328125
0.630000	5.454102	0.454102
0.635000	5.156250	1.850586
0.640000	3.940430	2.412109
0.645000	2.353516	2.089844
0.650000	0.976562	1.191406
0.655000	0.175781	0.170898
0.660000	0.048828	-0.566406
0.665000	0.415039	-0.805664
0.670000	0.937500	-0.556641
0.675000	1.293945	-0.009766
0.680000	1.298828	0.556641
0.685000	0.937500	0.942383
0.690000	0.302734	1.035156
0.695000	-0.385742	0.532227
0.700000	-0.698242	-1.235352
0.705000	0.122070	-2.919922
0.710000	2.036133	-3.061523
0.715000	4.042969	-1.894531
0.720000	5.292969	-0.126953
0.725000	5.380859	1.469727
0.730000	4.418945	2.324219
0.735000	2.885742	2.275391
0.740000	1.381836	1.523438
0.745000	0.366211	0.498047
0.750000	0.024414	-0.371094
0.755000	0.258789	-0.786133
0.760000	0.766602	-0.683594
0.765000	1.210938	-0.209961
0.770000	1.342773	0.375977
0.775000	1.088867	0.849609
0.780000	0.532227	1.040039
0.785000	-0.161133	0.830078
0.790000	-0.678711	-0.537109
0.795000	-0.312500	-2.514648
0.800000	1.333008	-3.188477
0.805000	3.427734	-2.397461
0.810000	5.000000	-0.737305
0.815000	5.483398	0.996094
0.820000	4.829102	2.138672
0.825000	3.417969	2.382812
0.830000	1.845703	1.831055
0.835000	0.629883	0.839844
0.840000	0.063477	-0.122070
0.845000	0.131836	-0.708008
0.850000	0.590820	-0.771484
0.855000	1.088867	-0.395508
0.860000	1.337891	0.185547
0.865000	1.225586	0.717773
0.870000	0.742188	1.010742
0.875000	0.068359	0.981445
0.880000	-0.566406	0.068359
0.885000	-0.581055	-1.933594
0.890000	0.688477	-3.139648
0.895000	2.744141	-2.792969
0.900000	4.580078	-1.328125
0.905000	5.458984	0.458984
0.910000	5.156250	1.850586
0.915000	3.930664	2.412109
0.920000	2.353516	2.084961
0.925000	0.971680	1.191406
0.930000	0.175781	0.170898
0.935000	0.048828	-0.566406
0.940000	0.415039	-0.800781
0.945000	0.937500	-0.556641
0.950000	1.293945	-0.014648
0.955000	1.298828	0.561523
0.960000	0.927734	0.942383
0.965000	0.302734	1.035156
0.970000	-0.385742	0.532227
0.975000	-0.698242	-1.240234
0.980000	0.126953	-2.924805
0.985000	2.036133	-3.066406
0.990000	4.047852	-1.894531
0.995000	5.297852	-0.122070
1.000000	5.380859	1.469727
1.005000	4.414062	2.329102
1.010000	2.880859	2.275391
1.015000	1.376953	1.523438
1.020000	0.361328	0.493164
1.025000	0.024414	-0.371094
1.030000	0.263672	-0.786133
1.035000	0.766602	-0.678711
1.040000	1.215820	-0.209961
1.045000	1.342773	0.380859
1.050000	1.088867	0.844727
1.055000	0.532227	1.044922
1.060000	-0.161133	0.825195
1.065000	-0.683594	-0.537109
1.070000	-0.302734	-2.514648
1.075000	1.337891	-3.188477
1.080000	3.427734	-2.387695
1.085000	4.995117	-0.732422
1.090000	5.483398	1.000977
1.095000	4.829102	2.138672
1.100000	3.417969	2.387695
1.105000	1.840820	1.826172
1.110000	0.629883	0.839844
1.115000	0.063477	-0.122070
1.120000	0.131836	-0.708008
1.125000	0.585938	-0.771484
1.130000	1.088867	-0.395508
1.135000	1.337891	0.185547
1.140000	1.215820	0.717773
1.145000	0.737305	1.010742
1.150000	0.068359	0.981445
1.155000	-0.571289	0.068359
1.160000	-0.585938	-1.943359
1.165000	0.693359	-3.139648
1.170000	2.749023	-2.788086
1.175000	4.580078	-1.328125
1.180000	5.458984	0.463867
1.185000	5.156250	1.860352
1.190000	3.930664	2.407227
1.195000	2.348633	2.084961
1.200000	0.971680	1.191406
1.205000	0.175781	0.166016
1.210000	0.053711	-0.566406
1.215000	0.415039	-0.805664
1.220000	0.937500	-0.556641
1.225000	1.293945	-0.009766
1.230000	1.298828	0.561523
1.235000	0.932617	0.942383
1.240000	0.297852	1.035156
1.245000	-0.385742	0.532227
1.250000	-0.698242	-1.240234
1.255000	0.131836	-2.924805
1.260000	2.041016	-3.061523
1.265000	4.047852	-1.889648
1.270000	5.292969	-0.122070
1.275000	5.380859	1.469727
1.280000	4.414062	2.329102
1.285000	2.875977	2.275391
1.290000	1.372070	1.518555
1.295000	0.361328	0.498047
1.300000	0.024414	-0.371094
1.305000	0.263672	-0.786133
1.310000	0.766602	-0.683594
1.315000	1.215820	-0.214844
1.320000	1.337891	0.380859
1.325000	1.088867	0.849609
1.330000	0.527344	1.040039
1.335000	-0.166016	0.830078
1.340000	-0.678711	-0.537109
1.345000	-0.302734	-2.519531
1.350000	1.342773	-3.183594
1.355000	3.432617	-2.392578
1.360000	5.000000	-0.732422
1.365000	5.483398	1.005859
1.370000	4.829102	2.143555
1.375000	3.417969	2.387695
1.380000	1.835938	1.826172
1.385000	0.629883	0.839844
1.390000	0.058594	-0.126953
1.395000	0.131836	-0.708008
1.400000	0.590820	-0.766602
1.405000	1.088867	-0.390625
1.410000	1.337891	0.185547
1.415000	1.220703	0.717773
1.420000	0.737305	1.005859
1.425000	0.068359	0.981445
1.430000	-0.571289	0.063477
1.435000	-0.581055	-1.938477
1.440000	0.698242	-3.144531
1.445000	2.749023	-2.788086
1.450000	4.584961	-1.323242
1.455000	5.458984	0.463867
1.460000	5.151367	1.860352
1.465000	3.925781	2.407227
1.470000	2.348633	2.084961
1.475000	0.966797	1.186523
1.480000	0.175781	0.161133
1.485000	0.053711	-0.571289
1.490000	0.415039	-0.805664
1.495000	0.937500	-0.556641
1.500000	1.293945	-0.014648
1.505000	1.298828	0.561523
1.510000	0.927734	0.947266
1.515000	0.297852	1.035156
1.520000	-0.385742	0.527344
1.525000	-0.698242	-1.245117
1.530000	0.131836	-2.924805
1.535000	2.045898	-3.066406
1.540000	4.052734	-1.894531
1.545000	5.297852	-0.122070
1.550000	5.375977	1.469727
1.555000	4.409180	2.329102
1.560000	2.875977	2.275391
1.565000	1.372070	1.523438
1.570000	0.361328	0.493164
1.575000	0.024414	-0.375977
1.580000	0.263672	-0.786133
1.585000	0.766602	-0.683594
1.590000	1.210938	-0.209961
1.595000	1.342773	0.380859
1.600000	1.088867	0.849609
1.605000	0.527344	1.040039
1.610000	-0.166016	0.830078
1.615000	-0.683594	-0.546875
1.620000	-0.302734	-2.524414
1.625000	1.337891	-3.188477
1.630000	3.437500	-2.387695
1.635000	5.000000	-0.727539
1.640000	5.483398	1.010742
1.645000	4.829102	2.143555
1.650000	3.417969	2.382812
1.655000	1.840820	1.826172
1.660000	0.625000	0.834961
1.665000	0.063477	-0.126953
1.670000	0.136719	-0.708008
1.675000	0.590820	-0.766602
1.680000	1.088867	-0.395508
1.685000	1.337891	0.190430
1.690000	1.215820	0.717773
1.695000	0.737305	1.005859
1.700000	0.063477	0.981445
1.705000	-0.571289	0.063477
1.710000	-0.581055	-1.948242
1.715000	0.693359	-3.139648
1.720000	2.753906	-2.788086
1.725000	4.589844	-1.318359
1.730000	5.458984	0.468750
1.735000	5.151367	1.860352
1.740000	3.925781	2.412109
1.745000	2.343750	2.080078
1.750000	0.966797	1.181641
1.755000	0.170898	0.161133
1.760000	0.048828	-0.571289
1.765000	0.419922	-0.805664
1.770000	0.937500	-0.551758
1.775000	1.289062	-0.009766
1.780000	1.298828	0.566406
1.785000	0.927734	0.942383
1.790000	0.297852	1.035156
1.795000	-0.385742	0.522461
1.800000	-0.698242	-1.250000
1.805000	0.136719	-2.924805
1.810000	2.045898	-3.061523
1.815000	4.052734	-1.884766
1.820000	5.297852	-0.117188
1.825000	5.380859	1.474609
1.830000	4.409180	2.329102
1.835000	2.875977	2.275391
1.840000	1.372070	1.518555
1.845000	0.361328	0.493164
1.850000	0.019531	-0.375977
1.855000	0.263672	-0.786133
1.860000	0.766602	-0.678711
1.865000	1.210938	-0.205078
1.870000	1.342773	0.380859
1.875000	1.088867	0.849609
1.880000	0.527344	1.044922
1.885000	-0.170898	0.825195
1.890000	-0.683594	-0.551758
1.895000	-0.297852	-2.524414
1.900000	1.347656	-3.183594
1.905000	3.437500	-2.382812
1.910000	5.004883	-0.722656
1.915000	5.478516	1.005859
1.920000	4.824219	2.143555
1.925000	3.413086	2.387695
1.930000	1.835938	1.821289
1.935000	0.625000	0.830078
1.940000	0.063477	-0.126953
1.945000	0.136719	-0.708008
1.950000	0.590820	-0.766602
1.955000	1.088867	-0.390625
1.960000	1.337891	0.190430
1.965000	1.215820	0.722656
1.970000	0.737305	1.005859
1.975000	0.063477	0.981445
1.980000	-0.571289	0.058594
1.985000	-0.581055	-1.948242
1.990000	0.703125	-3.144531
1.995000	2.758789	-2.788086
2.000000	4.589844	-1.318359
2.005000	5.458984	0.473633
2.010000	5.151367	1.860352
2.015000	3.925781	2.412109
2.020000	2.343750	2.080078
2.025000	0.966797	1.181641
2.030000	0.170898	0.161133
2.035000	0.053711	-0.571289
2.040000	0.415039	-0.805664
2.045000	0.942383	-0.556641
2.050000	1.293945	-0.009766
2.055000	1.293945	0.566406
2.060000	0.932617	0.947266
2.065000	0.297852	1.035156
2.070000	-0.385742	0.522461
2.075000	-0.698242	-1.254883
2.080000	0.136719	-2.929688
2.085000	2.050781	-3.056641
2.090000	4.057617	-1.884766
2.095000	5.297852	-0.117188
2.100000	5.375977	1.474609
2.105000	4.404297	2.329102
2.110000	2.871094	2.275391
2.115000	1.362305	1.518555
2.120000	0.356445	0.488281
2.125000	0.019531	-0.375977
2.130000	0.258789	-0.786133
2.135000	0.771484	-0.678711
2.140000	1.215820	-0.205078
2.145000	1.337891	0.385742
2.150000	1.088867	0.849609
2.155000	0.522461	1.040039
2.160000	-0.170898	0.825195
2.165000	-0.683594	-0.551758
2.170000	-0.297852	-2.524414
2.175000	1.347656	-3.188477
2.180000	3.447266	-2.382812
2.185000	5.004883	-0.722656
2.190000	5.478516	1.010742
2.195000	4.824219	2.148438
2.200000	3.408203	2.387695
2.205000	1.831055	1.821289
2.210000	0.625000	0.830078
2.215000	0.058594	-0.126953
2.220000	0.136719	-0.708008
2.225000	0.595703	-0.766602
2.230000	1.093750	-0.395508
2.235000	1.342773	0.190430
2.240000	1.215820	0.722656
2.245000	0.732422	1.010742
2.250000	0.063477	0.981445
2.255000	-0.571289	0.058594
2.260000	-0.581055	-1.953125
2.265000	0.703125	-3.144531
2.270000	2.758789	-2.783203
2.275000	4.589844	-1.318359
2.280000	5.463867	0.468750
2.285000	5.146484	1.860352
2.290000	3.920898	2.407227
2.295000	2.338867	2.080078
2.300000	0.961914	1.181641
2.305000	0.170898	0.161133
2.310000	0.053711	-0.576172
2.315000	0.419922	-0.805664
2.320000	0.942383	-0.551758
2.325000	1.293945	-0.014648
2.330000	1.293945	0.566406
2.335000	0.927734	0.942383
2.340000	0.292969	1.035156
2.345000	-0.390625	0.522461
2.350000	-0.698242	-1.254883
2.355000	0.136719	-2.929688
2.360000	2.055664	-3.061523
2.365000	4.062500	-1.879883
2.370000	5.297852	-0.112305
2.375000	5.375977	1.479492
2.380000	4.399414	2.329102
2.385000	2.866211	2.270508
2.390000	1.367188	1.518555
2.395000	0.356445	0.488281
2.400000	0.019531	-0.375977
2.405000	0.263672	-0.786133
2.410000	0.771484	-0.678711
2.415000	1.215820	-0.205078
2.420000	1.342773	0.385742
2.425000	1.088867	0.849609
2.430000	0.522461	1.040039
2.435000	-0.170898	0.820312
2.440000	-0.683594	-0.556641
2.445000	-0.297852	-2.529297
2.450000	1.352539	-3.188477
2.455000	3.447266	-2.377930
2.460000	5.004883	-0.717773
2.465000	5.483398	1.010742
2.470000	4.819336	2.148438
2.475000	3.408203	2.387695
2.480000	1.826172	1.826172
2.485000	0.625000	0.830078
2.490000	0.063477	-0.131836
2.495000	0.136719	-0.708008
2.500000	0.595703	-0.766602
2.505000	1.093750	-0.390625
2.510000	1.342773	0.190430
2.515000	1.215820	0.722656
2.520000	0.732422	1.010742
2.525000	0.058594	0.981445
2.530000	-0.571289	0.053711
2.535000	-0.576172	-1.958008
2.540000	0.708008	-3.144531
2.545000	2.763672	-2.783203
2.550000	4.594727	-1.313477
2.555000	5.458984	0.478516
2.560000	5.146484	1.860352
2.565000	3.920898	2.412109
2.570000	2.333984	2.080078
2.575000	0.961914	1.181641
2.580000	0.170898	0.156250
2.585000	0.053711	-0.571289
2.590000	0.419922	-0.805664
2.595000	0.942383	-0.551758
2.600000	1.293945	-0.004883
2.605000	1.293945	0.566406
2.610000	0.927734	0.947266
2.615000	0.292969	1.035156
2.620000	-0.390625	0.522461
2.625000	-0.698242	-1.254883
2.630000	0.141602	-2.929688
2.635000	2.055664	-3.056641
2.640000	4.062500	-1.884766
2.645000	5.297852	-0.112305
2.650000	5.375977	1.484375
2.655000	4.399414	2.329102
2.660000	2.866211	2.270508
2.665000	1.362305	1.513672
2.670000	0.356445	0.483398
2.675000	0.024414	-0.375977
2.680000	0.263672	-0.786133
2.685000	0.771484	-0.678711
2.690000	1.215820	-0.205078
2.695000	1.342773	0.385742
2.700000	1.083984	0.849609
2.705000	0.522461	1.040039
2.710000	-0.170898	0.820312
2.715000	-0.683594	-0.556641
2.720000	-0.292969	-2.529297
2.725000	1.357422	-3.188477
2.730000	3.447266	-2.382812
2.735000	5.009766	-0.712891
2.740000	5.483398	1.015625
2.745000	4.819336	2.148438
2.750000	3.403320	2.387695
2.755000	1.826172	1.821289
2.760000	0.620117	0.830078
2.765000	0.063477	-0.131836
2.770000	0.136719	-0.708008
2.775000	0.590820	-0.761719
2.780000	1.093750	-0.390625
2.785000	1.342773	0.195312
2.790000	1.210938	0.717773
2.795000	0.732422	1.010742
2.800000	0.058594	0.981445
2.805000	-0.576172	0.048828
2.810000	-0.576172	-1.958008
2.815000	0.708008	-3.144531
2.820000	2.768555	-2.783203
2.825000	4.594727	-1.308594
2.830000	5.458984	0.483398
2.835000	5.146484	1.865234
2.840000	3.920898	2.412109
2.845000	2.338867	2.075195
2.850000	0.961914	1.181641
2.855000	0.166016	0.156250
2.860000	0.053711	-0.576172
2.865000	0.419922	-0.800781
2.870000	0.942383	-0.551758
2.875000	1.293945	-0.004883
2.880000	1.293945	0.566406
2.885000	0.927734	0.947266
2.890000	0.292969	1.035156
2.895000	-0.390625	0.517578
2.900000	-0.698242	-1.259766
2.905000	0.141602	-2.934570
2.910000	2.060547	-3.056641
2.915000	4.067383	-1.875000
2.920000	5.297852	-0.102539
2.925000	5.375977	1.484375
2.930000	4.399414	2.333984
2.935000	2.861328	2.265625
2.940000	1.357422	1.513672
2.945000	0.356445	0.483398
2.950000	0.024414	-0.375977
2.955000	0.263672	-0.786133
2.960000	0.771484	-0.678711
2.965000	1.215820	-0.200195
2.970000	1.337891	0.385742
2.975000	1.083984	0.854492
2.980000	0.522461	1.040039
2.985000	-0.170898	0.820312
2.990000	-0.683594	-0.561523
2.995000	-0.292969	-2.534180
3.000000	1.352539	-3.188477
3.005000	3.452148	-2.377930
3.010000	5.009766	-0.712891
3.015000	5.483398	1.020508
3.020000	4.814453	2.148438
3.025000	3.403320	2.387695
3.030000	1.826172	1.816406
3.035000	0.615234	0.825195
3.040000	0.063477	-0.131836
3.045000	0.136719	-0.708008
3.050000	0.600586	-0.766602
3.055000	1.093750	-0.390625
3.060000	1.342773	0.195312
3.065000	1.215820	0.722656
3.070000	0.732422	1.010742
3.075000	0.058594	0.976562
3.080000	-0.576172	0.048828
3.085000	-0.576172	-1.962891
3.090000	0.712891	-3.149414
3.095000	2.773438	-2.778320
3.100000	4.599609	-1.303711
3.105000	5.463867	0.488281
3.110000	5.146484	1.865234
3.115000	3.911133	2.412109
3.120000	2.333984	2.075195
3.125000	0.957031	1.176758
3.130000	0.170898	0.156250
3.135000	0.053711	-0.576172
3.140000	0.419922	-0.800781
3.145000	0.942383	-0.551758
3.150000	1.293945	-0.004883
3.155000	1.293945	0.566406
3.160000	0.927734	0.947266
3.165000	0.292969	1.035156
3.170000	-0.395508	0.517578
3.175000	-0.693359	-1.264648
3.180000	0.146484	-2.934570
3.185000	2.060547	-3.056641
3.190000	4.067383	-1.875000
3.195000	5.302734	-0.097656
3.200000	5.371094	1.484375
3.205000	4.399414	2.333984
3.210000	2.861328	2.270508
3.215000	1.357422	1.513672
3.220000	0.351562	0.478516
3.225000	0.019531	-0.380859
3.230000	0.263672	-0.791016
3.235000	0.771484	-0.678711
3.240000	1.215820	-0.200195
3.245000	1.342773	0.385742
3.250000	1.083984	0.849609
3.255000	0.517578	1.040039
3.260000	-0.175781	0.820312
3.265000	-0.688477	-0.566406
3.270000	-0.288086	-2.539062
3.275000	1.362305	-3.188477
3.280000	3.457031	-2.373047
3.285000	5.014648	-0.708008
3.290000	5.478516	1.020508
3.295000	4.814453	2.153320
3.300000	3.398438	2.382812
3.305000	1.821289	1.816406
3.310000	0.620117	0.825195
3.315000	0.058594	-0.136719
3.320000	0.136719	-0.712891
3.325000	0.595703	-0.766602
3.330000	1.098633	-0.385742
3.335000	1.342773	0.195312
3.340000	1.220703	0.727539
3.345000	0.732422	1.010742
3.350000	0.058594	0.976562
3.355000	-0.571289	0.048828
3.360000	-0.571289	-1.967773
3.365000	0.717773	-3.149414
3.370000	2.773438	-2.778320
3.375000	4.599609	-1.303711
3.380000	5.463867	0.488281
3.385000	5.141602	1.865234
3.390000	3.916016	2.407227
3.395000	2.333984	2.075195
3.400000	0.957031	1.171875
3.405000	0.170898	0.156250
3.410000	0.053711	-0.576172
3.415000	0.424805	-0.800781
3.420000	0.942383	-0.551758
3.425000	1.293945	-0.004883
3.430000	1.293945	0.571289
3.435000	0.922852	0.947266
3.440000	0.292969	1.035156
3.445000	-0.390625	0.517578
3.450000	-0.693359	-1.269531
3.455000	0.146484	-2.939453
3.460000	2.070312	-3.056641
3.465000	4.072266	-1.870117
3.470000	5.307617	-0.097656
3.475000	5.366211	1.489258
3.480000	4.394531	2.329102
3.485000	2.856445	2.265625
3.490000	1.352539	1.508789
3.495000	0.351562	0.478516
3.500000	0.019531	-0.380859
3.505000	0.263672	-0.786133
3.510000	0.771484	-0.673828
3.515000	1.215820	-0.200195
3.520000	1.342773	0.390625
3.525000	1.088867	0.854492
3.530000	0.517578	1.044922
3.535000	-0.175781	0.815430
3.540000	-0.683594	-0.571289
3.545000	-0.292969	-2.539062
3.550000	1.367188	-3.183594
3.555000	3.457031	-2.377930
3.560000	5.014648	-0.708008
3.565000	5.478516	1.020508
3.570000	4.809570	2.153320
3.575000	3.398438	2.382812
3.580000	1.821289	1.816406
3.585000	0.615234	0.825195
3.590000	0.058594	-0.136719
3.595000	0.141602	-0.712891
3.600000	0.600586	-0.766602
3.605000	1.093750	-0.390625
3.610000	1.337891	0.195312
3.615000	1.215820	0.722656
3.620000	0.727539	1.005859
3.625000	0.058594	0.981445
3.630000	-0.576172	0.043945
3.635000	-0.571289	-1.967773
3.640000	0.717773	-3.144531
3.645000	2.773438	-2.773438
3.650000	4.599609	-1.298828
3.655000	5.458984	0.488281
3.660000	5.141602	1.865234
3.665000	3.911133	2.407227
3.670000	2.329102	2.080078
3.675000	0.952148	1.176758
3.680000	0.166016	0.156250
3.685000	0.053711	-0.576172
3.690000	0.419922	-0.800781
3.695000	0.942383	-0.546875
3.700000	1.293945	-0.004883
3.705000	1.293945	0.571289
3.710000	0.922852	0.947266
3.715000	0.292969	1.035156
3.720000	-0.395508	0.512695
3.725000	-0.698242	-1.269531
3.730000	0.151367	-2.939453
3.735000	2.070312	-3.051758
3.740000	4.072266	-1.870117
3.745000	5.302734	-0.097656
3.750000	5.366211	1.494141
3.755000	4.389648	2.333984
3.760000	2.856445	2.265625
3.765000	1.357422	1.508789
3.770000	0.351562	0.478516
3.775000	0.024414	-0.380859
3.780000	0.268555	-0.786133
3.785000	0.771484	-0.678711
3.790000	1.215820	-0.200195
3.795000	1.342773	0.390625
3.800000	1.083984	0.849609
3.805000	0.517578	1.044922
3.810000	-0.175781	0.820312
3.815000	-0.683594	-0.571289
3.820000	-0.288086	-2.539062
3.825000	1.367188	-3.183594
3.830000	3.466797	-2.373047
3.835000	5.014648	-0.703125
3.840000	5.478516	1.025391
3.845000	4.809570	2.153320
3.850000	3.393555	2.387695
3.855000	1.821289	1.811523
3.860000	0.615234	0.825195
3.865000	0.058594	-0.136719
3.870000	0.141602	-0.712891
3.875000	0.595703	-0.761719
3.880000	1.093750	-0.385742
3.885000	1.342773	0.195312
3.890000	1.210938	0.722656
3.895000	0.732422	1.005859
3.900000	0.053711	0.976562
3.905000	-0.576172	0.043945
3.910000	-0.571289	-1.972656
3.915000	0.717773	-3.149414
3.920000	2.783203	-2.773438
3.925000	4.604492	-1.298828
3.930000	5.463867	0.493164
3.935000	5.136719	1.870117
3.940000	3.906250	2.407227
3.945000	2.324219	2.070312
3.950000	0.952148	1.171875
3.955000	0.166016	0.151367
3.960000	0.053711	-0.576172
3.965000	0.424805	-0.805664
3.970000	0.947266	-0.546875
3.975000	1.298828	-0.004883
3.980000	1.289062	0.566406
3.985000	0.922852	0.947266
3.990000	0.292969	1.035156
3.995000	-0.395508	0.512695
4.000000	-0.698242	-1.274414
4.005000	0.156250	-2.939453
4.010000	2.075195	-3.051758
4.015000	4.077148	-1.865234
4.020000	5.307617	-0.092773
4.025000	5.366211	1.489258
4.030000	4.394531	2.333984
4.035000	2.851562	2.265625
4.040000	1.352539	1.503906
4.045000	0.351562	0.478516
4.050000	0.019531	-0.385742
4.055000	0.268555	-0.791016
4.060000	0.776367	-0.678711
4.065000	1.215820	-0.200195
4.070000	1.342773	0.390625
4.075000	1.083984	0.854492
4.080000	0.517578	1.044922
4.085000	-0.175781	0.815430
4.090000	-0.683594	-0.576172
4.095000	-0.283203	-2.543945
4.100000	1.372070	-3.183594
4.105000	3.461914	-2.368164
4.110000	5.019531	-0.703125
4.115000	5.483398	1.025391
4.120000	4.809570	2.153320
4.125000	3.393555	2.382812
4.130000	1.816406	1.811523
4.135000	0.615234	0.825195
4.140000	0.058594	-0.131836
4.145000	0.141602	-0.708008
4.150000	0.600586	-0.766602
4.155000	1.098633	-0.385742
4.160000	1.342773	0.200195
4.165000	1.210938	0.722656
4.170000	0.727539	1.010742
4.175000	0.053711	0.976562
4.180000	-0.581055	0.039062
4.185000	-0.571289	-1.967773
4.190000	0.722656	-3.149414
4.195000	2.778320	-2.768555
4.200000	4.604492	-1.298828
4.205000	5.463867	0.488281
4.210000	5.136719	1.870117
4.215000	3.911133	2.407227
4.220000	2.324219	2.070312
4.225000	0.947266	1.171875
4.230000	0.166016	0.151367
4.235000	0.053711	-0.576172
4.240000	0.424805	-0.800781
4.245000	0.947266	-0.546875
4.250000	1.298828	0.000000
4.255000	1.293945	0.571289
4.260000	0.917969	0.947266
4.265000	0.288086	1.035156
4.270000	-0.395508	0.507812
4.275000	-0.693359	-1.274414
4.280000	0.156250	-2.939453
4.285000	2.075195	-3.051758
4.290000	4.077148	-1.865234
4.295000	5.302734	-0.087891
4.300000	5.366211	1.489258
4.305000	4.384766	2.333984
4.310000	2.851562	2.265625
4.315000	1.352539	1.503906
4.320000	0.351562	0.473633
4.325000	0.019531	-0.385742
4.330000	0.268555	-0.786133
4.335000	0.776367	-0.673828
4.340000	1.215820	-0.195312
4.345000	1.337891	0.390625
4.350000	1.088867	0.854492
4.355000	0.517578	1.040039
4.360000	-0.175781	0.815430
4.365000	-0.683594	-0.581055
4.370000	-0.283203	-2.548828
4.375000	1.376953	-3.178711
4.380000	3.466797	-2.363281
4.385000	5.019531	-0.698242
4.390000	5.478516	1.030273
4.395000	4.804688	2.153320
4.400000	3.388672	2.382812
4.405000	1.816406	1.811523
4.410000	0.615234	0.820312
4.415000	0.058594	-0.136719
4.420000	0.136719	-0.712891
4.425000	0.600586	-0.766602
4.430000	1.098633	-0.385742
4.435000	1.342773	0.195312
4.440000	1.215820	0.727539
4.445000	0.722656	1.010742
4.450000	0.048828	0.976562
4.455000	-0.581055	0.039062
4.460000	-0.571289	-1.977539
4.465000	0.722656	-3.149414
4.470000	2.783203	-2.773438
4.475000	4.604492	-1.293945
4.480000	5.458984	0.493164
4.485000	5.136719	1.875000
4.490000	3.901367	2.412109
4.495000	2.319336	2.070312
4.500000	0.947266	1.166992
4.505000	0.166016	0.151367
4.510000	0.053711	-0.576172
4.515000	0.424805	-0.800781
4.520000	0.947266	-0.546875
4.525000	1.298828	0.000000
4.530000	1.293945	0.571289
4.535000	0.917969	0.947266
4.540000	0.288086	1.030273
4.545000	-0.395508	0.507812
4.550000	-0.693359	-1.279297
4.555000	0.161133	-2.939453
4.560000	2.080078	-3.056641
4.565000	4.082031	-1.860352
4.570000	5.307617	-0.087891
4.575000	5.366211	1.494141
4.580000	4.379883	2.333984
4.585000	2.846680	2.260742
4.590000	1.347656	1.503906
4.595000	0.351562	0.473633
4.600000	0.019531	-0.385742
4.605000	0.268555	-0.786133
4.610000	0.776367	-0.673828
4.615000	1.220703	-0.200195
4.620000	1.342773	0.390625
4.625000	1.083984	0.854492
4.630000	0.512695	1.040039
4.635000	-0.175781	0.815430
4.640000	-0.683594	-0.581055
4.645000	-0.283203	-2.548828
4.650000	1.376953	-3.183594
4.655000	3.471680	-2.363281
4.660000	5.019531	-0.693359
4.665000	5.478516	1.035156
4.670000	4.804688	2.153320
4.675000	3.383789	2.377930
4.680000	1.811523	1.811523
4.685000	0.610352	0.820312
4.690000	0.058594	-0.141602
4.695000	0.141602	-0.712891
4.700000	0.605469	-0.761719
4.705000	1.098633	-0.385742
4.710000	1.342773	0.200195
4.715000	1.210938	0.722656
4.720000	0.727539	1.010742
4.725000	0.053711	0.976562
4.730000	-0.581055	0.034180
4.735000	-0.571289	-1.972656
4.740000	0.722656	-3.149414
4.745000	2.783203	-2.768555
4.750000	4.604492	-1.289062
4.755000	5.463867	0.498047
4.760000	5.136719	1.875000
4.765000	3.901367	2.412109
4.770000	2.319336	2.070312
4.775000	0.947266	1.166992
4.780000	0.166016	0.146484
4.785000	0.053711	-0.576172
4.790000	0.424805	-0.805664
4.795000	0.952148	-0.551758
4.800000	1.298828	0.000000
4.805000	1.293945	0.576172
4.810000	0.917969	0.947266
4.815000	0.288086	1.035156
4.820000	-0.395508	0.507812
4.825000	-0.693359	-1.284180
4.830000	0.161133	-2.944336
4.835000	2.084961	-3.051758
4.840000	4.082031	-1.860352
4.845000	5.307617	-0.087891
4.850000	5.366211	1.499023
4.855000	4.384766	2.333984
4.860000	2.846680	2.265625
4.865000	1.347656	1.499023
4.870000	0.346680	0.473633
4.875000	0.024414	-0.390625
4.880000	0.268555	-0.786133
4.885000	0.776367	-0.673828
4.890000	1.220703	-0.200195
4.895000	1.342773	0.390625
4.900000	1.083984	0.854492
4.905000	0.517578	1.044922
4.910000	-0.180664	0.810547
4.915000	-0.688477	-0.585938
4.920000	-0.283203	-2.548828
4.925000	1.381836	-3.178711
4.930000	3.476562	-2.363281
4.935000	5.019531	-0.688477
4.940000	5.478516	1.030273
4.945000	4.804688	2.158203
4.950000	3.383789	2.377930
4.955000	1.806641	1.811523
4.960000	0.610352	0.820312
4.965000	0.058594	-0.141602
4.970000	0.141602	-0.717773
4.975000	0.605469	-0.761719
4.980000	1.098633	-0.380859
4.985000	1.342773	0.200195
4.990000	1.215820	0.727539
4.995000	0.722656	1.010742
5.000000	0.048828	0.976562
5.005000	-0.576172	0.034180
5.010000	-0.571289	-1.982422
5.015000	0.727539	-3.149414
5.020000	2.788086	-2.763672
5.025000	4.609375	-1.289062
5.030000	5.463867	0.498047
5.035000	5.131836	1.875000
5.040000	3.896484	2.412109
5.045000	2.314453	2.065430
5.050000	0.947266	1.166992
5.055000	0.166016	0.146484
5.060000	0.058594	-0.581055
5.065000	0.424805	-0.800781
5.070000	0.942383	-0.541992
5.075000	1.298828	0.000000
5.080000	1.293945	0.571289
5.085000	0.917969	0.952148
5.090000	0.283203	1.030273
5.095000	-0.395508	0.502930
5.100000	-0.698242	-1.284180
5.105000	0.161133	-2.939453
5.110000	2.084961	-3.041992
5.115000	4.086914	-1.855469
5.120000	5.307617	-0.087891
5.125000	5.366211	1.499023
5.130000	4.375000	2.333984
5.135000	2.841797	2.260742
5.140000	1.342773	1.499023
5.145000	0.346680	0.468750
5.150000	0.024414	-0.385742
5.155000	0.273438	-0.786133
5.160000	0.781250	-0.673828
5.165000	1.225586	-0.195312
5.170000	1.342773	0.390625
5.175000	1.079102	0.854492
5.180000	0.507812	1.040039
5.185000	-0.180664	0.810547
5.190000	-0.688477	-0.590820
5.195000	-0.283203	-2.553711
5.200000	1.386719	-3.183594
5.205000	3.476562	-2.358398
5.210000	5.019531	-0.688477
5.215000	5.478516	1.040039
5.220000	4.804688	2.163086
5.225000	3.383789	2.377930
5.230000	1.811523	1.806641
5.235000	0.610352	0.815430
5.240000	0.058594	-0.141602
5.245000	0.141602	-0.712891
5.250000	0.600586	-0.761719
5.255000	1.103516	-0.380859
5.260000	1.342773	0.200195
5.265000	1.210938	0.727539
5.270000	0.727539	1.010742
5.275000	0.048828	0.971680
5.280000	-0.581055	0.029297
5.285000	-0.571289	-1.987305
5.290000	0.737305	-3.154297
5.295000	2.797852	-2.763672
5.300000	4.614258	-1.289062
5.305000	5.463867	0.502930
5.310000	5.126953	1.879883
5.315000	3.896484	2.412109
5.320000	2.309570	2.065430
5.325000	0.947266	1.162109
5.330000	0.161133	0.146484
5.335000	0.053711	-0.581055
5.340000	0.429688	-0.800781
5.345000	0.952148	-0.546875
5.350000	1.293945	0.000000
5.355000	1.289062	0.576172
5.360000	0.917969	0.952148
5.365000	0.283203	1.040039
5.370000	-0.400391	0.507812
5.375000	-0.693359	-1.293945
5.380000	0.166016	-2.944336
5.385000	2.089844	-3.051758
5.390000	4.091797	-1.855469
5.395000	5.307617	-0.078125
5.400000	5.366211	1.499023
5.405000	4.375000	2.333984
5.410000	2.836914	2.260742
5.415000	1.342773	1.499023
5.420000	0.346680	0.468750
5.425000	0.019531	-0.390625
5.430000	0.268555	-0.791016
5.435000	0.781250	-0.673828
5.440000	1.215820	-0.195312
5.445000	1.337891	0.395508
5.450000	1.079102	0.854492
5.455000	0.512695	1.040039
5.460000	-0.180664	0.815430
5.465000	-0.688477	-0.590820
5.470000	-0.278320	-2.548828
5.475000	1.391602	-3.183594
5.480000	3.476562	-2.358398
5.485000	5.024414	-0.688477
5.490000	5.478516	1.040039
5.495000	4.799805	2.158203
5.500000	3.378906	2.382812
5.505000	1.806641	1.801758
5.510000	0.610352	0.810547
5.515000	0.058594	-0.146484
5.520000	0.141602	-0.717773
5.525000	0.605469	-0.761719
5.530000	1.098633	-0.385742
5.535000	1.342773	0.200195
5.540000	1.210938	0.732422
5.545000	0.722656	1.010742
5.550000	0.053711	0.971680
5.555000	-0.581055	0.029297
5.560000	-0.561523	-1.987305
5.565000	0.737305	-3.149414
5.570000	2.797852	-2.763672
5.575000	4.619141	-1.284180
5.580000	5.463867	0.507812
5.585000	5.126953	1.875000
5.590000	3.891602	2.407227
5.595000	2.309570	2.065430
5.600000	0.942383	1.162109
5.605000	0.161133	0.146484
5.610000	0.053711	-0.585938
5.615000	0.429688	-0.805664
5.620000	0.952148	-0.546875
5.625000	1.293945	0.000000
5.630000	1.289062	0.576172
5.635000	0.917969	0.952148
5.640000	0.283203	1.030273
5.645000	-0.400391	0.502930
5.650000	-0.693359	-1.293945
5.655000	0.166016	-2.944336
5.660000	2.094727	-3.046875
5.665000	4.091797	-1.850586
5.670000	5.312500	-0.073242
5.675000	5.366211	1.503906
5.680000	4.375000	2.333984
5.685000	2.836914	2.260742
5.690000	1.337891	1.494141
5.695000	0.341797	0.468750
5.700000	0.024414	-0.390625
5.705000	0.268555	-0.791016
5.710000	0.781250	-0.673828
5.715000	1.220703	-0.195312
5.720000	1.337891	0.395508
5.725000	1.083984	0.854492
5.730000	0.507812	1.044922
5.735000	-0.180664	0.810547
5.740000	-0.688477	-0.595703
5.745000	-0.273438	-2.558594
5.750000	1.391602	-3.183594
5.755000	3.481445	-2.358398
5.760000	5.024414	-0.683594
5.765000	5.473633	1.040039
5.770000	4.794922	2.158203
5.775000	3.374023	2.382812
5.780000	1.801758	1.806641
5.785000	0.605469	0.810547
5.790000	0.058594	-0.146484
5.795000	0.141602	-0.708008
5.800000	0.605469	-0.761719
5.805000	1.098633	-0.380859
5.810000	1.337891	0.205078
5.815000	1.210938	0.727539
5.820000	0.722656	1.010742
5.825000	0.048828	0.971680
5.830000	-0.581055	0.024414
5.835000	-0.566406	-1.992188
5.840000	0.742188	-3.154297
5.845000	2.797852	-2.763672
5.850000	4.619141	-1.279297
5.855000	5.463867	0.507812
5.860000	5.126953	1.879883
5.865000	3.891602	2.407227
5.870000	2.309570	2.060547
5.875000	0.942383	1.157227
5.880000	0.161133	0.141602
5.885000	0.053711	-0.585938
5.890000	0.429688	-0.800781
5.895000	0.952148	-0.546875
5.900000	1.298828	0.004883
5.905000	1.289062	0.571289
5.910000	0.917969	0.952148
5.915000	0.283203	1.035156
5.920000	-0.400391	0.502930
5.925000	-0.693359	-1.293945
5.930000	0.170898	-2.949219
5.935000	2.094727	-3.046875
5.940000	4.096680	-1.850586
5.945000	5.312500	-0.073242
5.950000	5.361328	1.503906
5.955000	4.375000	2.338867
5.960000	2.832031	2.260742
5.965000	1.337891	1.494141
5.970000	0.341797	0.468750
5.975000	0.024414	-0.390625
5.980000	0.273438	-0.791016
5.985000	0.781250	-0.668945
5.990000	1.225586	-0.190430
5.995000	1.337891	0.395508
6.000000	1.083984	0.854492
6.005000	0.507812	1.035156
6.010000	-0.185547	0.805664
6.015000	-0.688477	-0.595703
6.020000	-0.273438	-2.553711
6.025000	1.391602	-3.183594
6.030000	3.486328	-2.353516
6.035000	5.024414	-0.678711
6.040000	5.478516	1.040039
6.045000	4.799805	2.163086
6.050000	3.374023	2.377930
6.055000	1.796875	1.801758
6.060000	0.605469	0.810547
6.065000	0.058594	-0.151367
6.070000	0.141602	-0.717773
6.075000	0.605469	-0.761719
6.080000	1.103516	-0.380859
6.085000	1.342773	0.205078
6.090000	1.206055	0.727539
6.095000	0.717773	1.005859
6.100000	0.048828	0.976562
6.105000	-0.585938	0.019531
6.110000	-0.566406	-1.992188
6.115000	0.742188	-3.154297
6.120000	2.802734	-2.758789
6.125000	4.619141	-1.279297
6.130000	5.463867	0.507812
6.135000	5.126953	1.879883
6.140000	3.891602	2.412109
6.145000	2.304688	2.065430
6.150000	0.942383	1.157227
6.155000	0.161133	0.141602
6.160000	0.053711	-0.581055
6.165000	0.424805	-0.800781
6.170000	0.952148	-0.541992
6.175000	1.293945	0.004883
6.180000	1.293945	0.576172
6.185000	0.917969	0.952148
6.190000	0.283203	1.035156
6.195000	-0.400391	0.493164
6.200000	-0.688477	-1.298828
6.205000	0.175781	-2.954102
6.210000	2.099609	-3.046875
6.215000	4.096680	-1.845703
6.220000	5.312500	-0.068359
6.225000	5.361328	1.508789
6.230000	4.370117	2.333984
6.235000	2.827148	2.260742
6.240000	1.337891	1.489258
6.245000	0.341797	0.463867
6.250000	0.024414	-0.390625
6.255000	0.273438	-0.791016
6.260000	0.781250	-0.673828
6.265000	1.220703	-0.195312
6.270000	1.337891	0.400391
6.275000	1.074219	0.859375
6.280000	0.507812	1.040039
6.285000	-0.185547	0.805664
6.290000	-0.688477	-0.600586
6.295000	-0.273438	-2.558594
6.300000	1.396484	-3.183594
6.305000	3.486328	-2.348633
6.310000	5.029297	-0.678711
6.315000	5.478516	1.044922
6.320000	4.794922	2.158203
6.325000	3.369141	2.382812
6.330000	1.796875	1.801758
6.335000	0.600586	0.805664
6.340000	0.058594	-0.151367
6.345000	0.141602	-0.717773
6.350000	0.605469	-0.766602
6.355000	1.098633	-0.375977
6.360000	1.337891	0.205078
6.365000	1.206055	0.732422
6.370000	0.717773	1.010742
6.375000	0.043945	0.971680
6.380000	-0.585938	0.019531
6.385000	-0.566406	-1.997070
6.390000	0.747070	-3.154297
6.395000	2.807617	-2.753906
6.400000	4.624023	-1.274414
6.405000	5.463867	0.512695
6.410000	5.122070	1.884766
6.415000	3.886719	2.407227
6.420000	2.299805	2.060547
6.425000	0.942383	1.157227
6.430000	0.161133	0.141602
6.435000	0.058594	-0.581055
6.440000	0.429688	-0.800781
6.445000	0.947266	-0.541992
6.450000	1.298828	0.004883
6.455000	1.289062	0.576172
6.460000	0.913086	0.952148
6.465000	0.278320	1.035156
6.470000	-0.400391	0.493164
6.475000	-0.698242	-1.303711
6.480000	0.180664	-2.954102
6.485000	2.109375	-3.041992
6.490000	4.101562	-1.845703
6.495000	5.312500	-0.063477
6.500000	5.361328	1.508789
6.505000	4.370117	2.338867
6.510000	2.827148	2.260742
6.515000	1.333008	1.494141
6.520000	0.341797	0.463867
6.525000	0.019531	-0.395508
6.530000	0.273438	-0.791016
6.535000	0.781250	-0.673828
6.540000	1.225586	-0.190430
6.545000	1.342773	0.400391
6.550000	1.079102	0.859375
6.555000	0.507812	1.044922
6.560000	-0.185547	0.805664
6.565000	-0.683594	-0.600586
6.570000	-0.268555	-2.563477
6.575000	1.401367	-3.183594
6.580000	3.486328	-2.343750
6.585000	5.029297	-0.673828
6.590000	5.473633	1.049805
6.595000	4.790039	2.163086
6.600000	3.369141	2.377930
6.605000	1.791992	1.801758
6.610000	0.600586	0.805664
6.615000	0.058594	-0.146484
6.620000	0.136719	-0.712891
6.625000	0.605469	-0.761719
6.630000	1.103516	-0.375977
6.635000	1.342773	0.209961
6.640000	1.206055	0.732422
6.645000	0.717773	1.010742
6.650000	0.048828	0.971680
6.655000	-0.585938	0.014648
6.660000	-0.561523	-2.001953
6.665000	0.751953	-3.154297
6.670000	2.807617	-2.758789
6.675000	4.624023	-1.274414
6.680000	5.463867	0.517578
6.685000	5.122070	1.884766
6.690000	3.886719	2.412109
6.695000	2.299805	2.060547
6.700000	0.937500	1.157227
6.705000	0.161133	0.141602
6.710000	0.053711	-0.576172
6.715000	0.429688	-0.795898
6.720000	0.952148	-0.541992
6.725000	1.298828	0.004883
6.730000	1.289062	0.581055
6.735000	0.913086	0.952148
6.740000	0.278320	1.035156
6.745000	-0.400391	0.493164
6.750000	-0.688477	-1.308594
6.755000	0.175781	-2.954102
6.760000	2.109375	-3.041992
6.765000	4.106445	-1.840820
6.770000	5.322266	-0.063477
6.775000	5.356445	1.508789
6.780000	4.365234	2.333984
6.785000	2.827148	2.260742
6.790000	1.328125	1.489258
6.795000	0.341797	0.458984
6.800000	0.019531	-0.390625
6.805000	0.278320	-0.791016
6.810000	0.786133	-0.668945
6.815000	1.225586	-0.190430
6.820000	1.337891	0.400391
6.825000	1.074219	0.859375
6.830000	0.502930	1.044922
6.835000	-0.185547	0.805664
6.840000	-0.693359	-0.605469
6.845000	-0.273438	-2.568359
6.850000	1.406250	-3.183594
6.855000	3.491211	-2.343750
6.860000	5.034180	-0.668945
6.865000	5.478516	1.049805
6.870000	4.790039	2.163086
6.875000	3.364258	2.377930
6.880000	1.796875	1.801758
6.885000	0.600586	0.805664
6.890000	0.058594	-0.146484
6.895000	0.141602	-0.717773
6.900000	0.610352	-0.761719
6.905000	1.103516	-0.375977
6.910000	1.342773	0.209961
6.915000	1.206055	0.732422
6.920000	0.717773	1.015625
6.925000	0.039062	0.971680
6.930000	-0.585938	0.014648
6.935000	-0.556641	-2.001953
6.940000	0.751953	-3.159180
6.945000	2.817383	-2.753906
6.950000	4.628906	-1.269531
6.955000	5.463867	0.522461
6.960000	5.122070	1.884766
6.965000	3.876953	2.412109
6.970000	2.294922	2.060547
6.975000	0.937500	1.152344
6.980000	0.156250	0.136719
6.985000	0.058594	-0.590820
6.990000	0.434570	-0.800781
6.995000	0.952148	-0.541992
7.000000	1.298828	0.004883
7.005000	1.289062	0.576172
7.010000	0.913086	0.947266
7.015000	0.278320	1.030273
7.020000	-0.405273	0.488281
7.025000	-0.693359	-1.308594
7.030000	0.180664	-2.954102
7.035000	2.114258	-3.041992
7.040000	4.106445	-1.835938
7.045000	5.317383	-0.063477
7.050000	5.361328	1.513672
7.055000	4.365234	2.338867
7.060000	2.822266	2.260742
7.065000	1.328125	1.489258
7.070000	0.336914	0.458984
7.075000	0.024414	-0.390625
7.080000	0.273438	-0.786133
7.085000	0.786133	-0.673828
7.090000	1.225586	-0.185547
7.095000	1.333008	0.405273
7.100000	1.074219	0.859375
7.105000	0.502930	1.040039
7.110000	-0.185547	0.810547
7.115000	-0.688477	-0.605469
7.120000	-0.263672	-2.563477
7.125000	1.406250	-3.178711
7.130000	3.496094	-2.338867
7.135000	5.029297	-0.668945
7.140000	5.473633	1.054688
7.145000	4.785156	2.167969
7.150000	3.364258	2.377930
7.155000	1.787109	1.791992
7.160000	0.600586	0.805664
7.165000	0.048828	-0.156250
7.170000	0.146484	-0.717773
7.175000	0.610352	-0.766602
7.180000	1.103516	-0.371094
7.185000	1.342773	0.209961
7.190000	1.210938	0.732422
7.195000	0.717773	1.010742
7.200000	0.043945	0.971680
7.205000	-0.590820	0.009766
7.210000	-0.556641	-2.006836
7.215000	0.756836	-3.154297
7.220000	2.817383	-2.753906
7.225000	4.628906	-1.269531
7.230000	5.463867	0.517578
7.235000	5.126953	1.879883
7.240000	3.881836	2.412109
7.245000	2.294922	2.060547
7.250000	0.932617	1.152344
7.255000	0.161133	0.136719
7.260000	0.053711	-0.585938
7.265000	0.429688	-0.800781
7.270000	0.957031	-0.537109
7.275000	1.303711	0.004883
7.280000	1.289062	0.581055
7.285000	0.913086	0.952148
7.290000	0.278320	1.035156
7.295000	-0.410156	0.488281
7.300000	-0.688477	-1.318359
7.305000	0.185547	-2.954102
7.310000	2.119141	-3.041992
7.315000	4.111328	-1.831055
7.320000	5.317383	-0.058594
7.325000	5.356445	1.513672
7.330000	4.360352	2.343750
7.335000	2.822266	2.255859
7.340000	1.323242	1.489258
7.345000	0.341797	0.454102
7.350000	0.024414	-0.395508
7.355000	0.273438	-0.791016
7.360000	0.786133	-0.673828
7.365000	1.225586	-0.185547
7.370000	1.337891	0.400391
7.375000	1.074219	0.859375
7.380000	0.502930	1.044922
7.385000	-0.185547	0.800781
7.390000	-0.688477	-0.610352
7.395000	-0.263672	-2.568359
7.400000	1.406250	-3.178711
7.405000	3.500977	-2.338867
7.410000	5.029297	-0.664062
7.415000	5.478516	1.054688
7.420000	4.785156	2.163086
7.425000	3.354492	2.377930
7.430000	1.787109	1.796875
7.435000	0.595703	0.800781
7.440000	0.053711	-0.156250
7.445000	0.146484	-0.712891
7.450000	0.610352	-0.761719
7.455000	1.103516	-0.375977
7.460000	1.342773	0.209961
7.465000	1.206055	0.732422
7.470000	0.712891	1.010742
7.475000	0.039062	0.971680
7.480000	-0.585938	0.004883
7.485000	-0.561523	-2.006836
7.490000	0.756836	-3.154297
7.495000	2.822266	-2.749023
7.500000	4.633789	-1.264648
7.505000	5.463867	0.527344
7.510000	5.122070	1.884766
7.515000	3.872070	2.412109
7.520000	2.290039	2.055664
7.525000	0.927734	1.147461
7.530000	0.156250	0.131836
7.535000	0.058594	-0.590820
7.540000	0.434570	-0.805664
7.545000	0.957031	-0.541992
7.550000	1.298828	0.004883
7.555000	1.289062	0.581055
7.560000	0.908203	0.952148
7.565000	0.273438	1.035156
7.570000	-0.405273	0.488281
7.575000	-0.693359	-1.318359
7.580000	0.190430	-2.958984
7.585000	2.119141	-3.037109
7.590000	4.111328	-1.835938
7.595000	5.322266	-0.053711
7.600000	5.356445	1.518555
7.605000	4.365234	2.338867
7.610000	2.817383	2.255859
7.615000	1.323242	1.484375
7.620000	0.336914	0.454102
7.625000	0.024414	-0.395508
7.630000	0.273438	-0.791016
7.635000	0.786133	-0.673828
7.640000	1.225586	-0.185547
7.645000	1.342773	0.405273
7.650000	1.079102	0.859375
7.655000	0.498047	1.040039
7.660000	-0.190430	0.800781
7.665000	-0.688477	-0.620117
7.670000	-0.263672	-2.573242
7.675000	1.416016	-3.178711
7.680000	3.505859	-2.338867
7.685000	5.034180	-0.664062
7.690000	5.473633	1.059570
7.695000	4.785156	2.167969
7.700000	3.359375	2.377930
7.705000	1.782227	1.796875
7.710000	0.595703	0.800781
7.715000	0.053711	-0.151367
7.720000	0.146484	-0.717773
7.725000	0.610352	-0.761719
7.730000	1.108398	-0.371094
7.735000	1.342773	0.214844
7.740000	1.206055	0.732422
7.745000	0.712891	1.015625
7.750000	0.039062	0.971680
7.755000	-0.585938	0.004883
7.760000	-0.561523	-2.011719
7.765000	0.761719	-3.159180
7.770000	2.827148	-2.753906
7.775000	4.633789	-1.259766
7.780000	5.463867	0.527344
7.785000	5.117188	1.889648
7.790000	3.872070	2.412109
7.795000	2.290039	2.055664
7.800000	0.927734	1.147461
7.805000	0.156250	0.131836
7.810000	0.058594	-0.590820
7.815000	0.434570	-0.805664
7.820000	0.957031	-0.537109
7.825000	1.303711	0.009766
7.830000	1.289062	0.581055
7.835000	0.913086	0.952148
7.840000	0.273438	1.035156
7.845000	-0.405273	0.483398
7.850000	-0.688477	-1.323242
7.855000	0.190430	-2.954102
7.860000	2.128906	-3.037109
7.865000	4.111328	-1.826172
7.870000	5.317383	-0.048828
7.875000	5.361328	1.523438
7.880000	4.360352	2.338867
7.885000	2.812500	2.260742
7.890000	1.323242	1.484375
7.895000	0.336914	0.454102
7.900000	0.024414	-0.395508
7.905000	0.278320	-0.791016
7.910000	0.791016	-0.668945
7.915000	1.230469	-0.185547
7.920000	1.337891	0.405273
7.925000	1.074219	0.859375
7.930000	0.502930	1.044922
7.935000	-0.190430	0.805664
7.940000	-0.693359	-0.620117
7.945000	-0.258789	-2.573242
7.950000	1.416016	-3.178711
7.955000	3.505859	-2.333984
7.960000	5.039062	-0.659180
7.965000	5.478516	1.059570
7.970000	4.780273	2.167969
7.975000	3.359375	2.373047
7.980000	1.782227	1.791992
7.985000	0.595703	0.795898
7.990000	0.053711	-0.151367
7.995000	0.141602	-0.717773
8.000000	0.610352	-0.761719
8.005000	1.108398	-0.371094
8.010000	1.342773	0.209961
8.015000	1.206055	0.737305
8.020000	0.717773	1.010742
8.025000	0.039062	0.966797
8.030000	-0.585938	0.004883
8.035000	-0.556641	-2.016602
8.040000	0.766602	-3.159180
8.045000	2.832031	-2.749023
8.050000	4.633789	-1.259766
8.055000	5.463867	0.532227
8.060000	5.117188	1.894531
8.065000	3.867188	2.412109
8.070000	2.285156	2.055664
8.075000	0.927734	1.147461
8.080000	0.156250	0.131836
8.085000	0.058594	-0.590820
8.090000	0.429688	-0.800781
8.095000	0.957031	-0.537109
8.100000	1.298828	0.009766
8.105000	1.289062	0.585938
8.110000	0.908203	0.952148
8.115000	0.273438	1.035156
8.120000	-0.410156	0.483398
8.125000	-0.688477	-1.328125
8.130000	0.195312	-2.958984
8.135000	2.128906	-3.037109
8.140000	4.116211	-1.826172
8.145000	5.322266	-0.048828
8.150000	5.356445	1.523438
8.155000	4.355469	2.338867
8.160000	2.812500	2.255859
8.165000	1.318359	1.479492
8.170000	0.336914	0.454102
8.175000	0.019531	-0.395508
8.180000	0.273438	-0.791016
8.185000	0.791016	-0.668945
8.190000	1.225586	-0.185547
8.195000	1.337891	0.405273
8.200000	1.079102	0.859375
8.205000	0.498047	1.044922
8.210000	-0.190430	0.800781
8.215000	-0.688477	-0.625000
8.220000	-0.258789	-2.578125
8.225000	1.420898	-3.178711
8.230000	3.510742	-2.333984
8.235000	5.039062	-0.654297
8.240000	5.478516	1.064453
8.245000	4.780273	2.167969
8.250000	3.349609	2.377930
8.255000	1.782227	1.791992
8.260000	0.595703	0.795898
8.265000	0.053711	-0.156250
8.270000	0.141602	-0.717773
8.275000	0.615234	-0.761719
8.280000	1.108398	-0.375977
8.285000	1.342773	0.209961
8.290000	1.201172	0.732422
8.295000	0.712891	1.010742
8.300000	0.039062	0.966797
8.305000	-0.585938	0.000000
8.310000	-0.556641	-2.021484
8.315000	0.766602	-3.159180
8.320000	2.832031	-2.749023
8.325000	4.643555	-1.254883
8.330000	5.463867	0.532227
8.335000	5.112305	1.894531
8.340000	3.867188	2.412109
8.345000	2.285156	2.055664
8.350000	0.922852	1.142578
8.355000	0.156250	0.126953
8.360000	0.058594	-0.590820
8.365000	0.434570	-0.800781
8.370000	0.957031	-0.537109
8.375000	1.298828	0.014648
8.380000	1.284180	0.581055
8.385000	0.908203	0.957031
8.390000	0.268555	1.035156
8.395000	-0.410156	0.478516
8.400000	-0.688477	-1.333008
8.405000	0.195312	-2.958984
8.410000	2.133789	-3.037109
8.415000	4.121094	-1.826172
8.420000	5.317383	-0.048828
8.425000	5.356445	1.523438
8.430000	4.355469	2.338867
8.435000	2.807617	2.255859
8.440000	1.318359	1.479492
8.445000	0.332031	0.449219
8.450000	0.024414	-0.400391
8.455000	0.278320	-0.791016
8.460000	0.791016	-0.668945
8.465000	1.225586	-0.185547
8.470000	1.337891	0.405273
8.475000	1.074219	0.859375
8.480000	0.493164	1.044922
8.485000	-0.195312	0.795898
8.490000	-0.693359	-0.629883
8.495000	-0.253906	-2.578125
8.500000	1.425781	-3.178711
8.505000	3.515625	-2.329102
8.510000	5.043945	-0.649414
8.515000	5.473633	1.064453
8.520000	4.780273	2.172852
8.525000	3.349609	2.377930
8.530000	1.772461	1.791992
8.535000	0.590820	0.795898
8.540000	0.053711	-0.156250
8.545000	0.146484	-0.717773
8.550000	0.615234	-0.761719
8.555000	1.103516	-0.371094
8.560000	1.342773	0.214844
8.565000	1.201172	0.737305
8.570000	0.712891	1.015625
8.575000	0.034180	0.966797
8.580000	-0.590820	-0.004883
8.585000	-0.556641	-2.021484
8.590000	0.771484	-3.159180
8.595000	2.841797	-2.744141
8.600000	4.643555	-1.254883
8.605000	5.468750	0.537109
8.610000	5.112305	1.899414
8.615000	3.862305	2.412109
8.620000	2.280273	2.050781
8.625000	0.922852	1.142578
8.630000	0.156250	0.126953
8.635000	0.058594	-0.590820
8.640000	0.439453	-0.800781
8.645000	0.957031	-0.537109
8.650000	1.298828	0.014648
8.655000	1.284180	0.581055
8.660000	0.903320	0.952148
8.665000	0.268555	1.035156
8.670000	-0.415039	0.478516
8.675000	-0.688477	-1.328125
8.680000	0.195312	-2.963867
8.685000	2.133789	-3.037109
8.690000	4.121094	-1.821289
8.695000	5.322266	-0.043945
8.700000	5.356445	1.528320
8.705000	4.350586	2.343750
8.710000	2.807617	2.255859
8.715000	1.313477	1.479492
8.720000	0.332031	0.449219
8.725000	0.024414	-0.400391
8.730000	0.278320	-0.791016
8.735000	0.791016	-0.668945
8.740000	1.230469	-0.180664
8.745000	1.333008	0.405273
8.750000	1.069336	0.859375
8.755000	0.498047	1.040039
8.760000	-0.195312	0.795898
8.765000	-0.693359	-0.625000
8.770000	-0.253906	-2.583008
8.775000	1.430664	-3.173828
8.780000	3.520508	-2.333984
8.785000	5.043945	-0.649414
8.790000	5.473633	1.069336
8.795000	4.775391	2.172852
8.800000	3.349609	2.373047
8.805000	1.777344	1.787109
8.810000	0.590820	0.791016
8.815000	0.053711	-0.156250
8.820000	0.151367	-0.717773
8.825000	0.615234	-0.756836
8.830000	1.108398	-0.366211
8.835000	1.337891	0.219727
8.840000	1.201172	0.737305
8.845000	0.708008	1.015625
8.850000	0.034180	0.966797
8.855000	-0.590820	-0.004883
8.860000	-0.551758	-2.031250
8.865000	0.776367	-3.159180
8.870000	2.846680	-2.739258
8.875000	4.648438	-1.245117
8.880000	5.468750	0.541992
8.885000	5.112305	1.899414
8.890000	3.862305	2.412109
8.895000	2.280273	2.050781
8.900000	0.922852	1.142578
8.905000	0.151367	0.126953
8.910000	0.058594	-0.590820
8.915000	0.439453	-0.800781
8.920000	0.961914	-0.537109
8.925000	1.303711	0.014648
8.930000	1.284180	0.585938
8.935000	0.908203	0.957031
8.940000	0.268555	1.030273
8.945000	-0.410156	0.478516
8.950000	-0.688477	-1.337891
8.955000	0.200195	-2.963867
8.960000	2.133789	-3.037109
8.965000	4.121094	-1.821289
8.970000	5.322266	-0.039062
8.975000	5.351562	1.528320
8.980000	4.350586	2.338867
8.985000	2.802734	2.250977
8.990000	1.313477	1.474609
8.995000	0.327148	0.444336
9.000000	0.024414	-0.400391
9.005000	0.278320	-0.791016
9.010000	0.791016	-0.668945
9.015000	1.230469	-0.185547
9.020000	1.337891	0.405273
9.025000	1.074219	0.859375
9.030000	0.493164	1.044922
9.035000	-0.195312	0.800781
9.040000	-0.693359	-0.639648
9.045000	-0.253906	-2.583008
9.050000	1.430664	-3.178711
9.055000	3.520508	-2.324219
9.060000	5.043945	-0.649414
9.065000	5.473633	1.074219
9.070000	4.770508	2.172852
9.075000	3.344727	2.373047
9.080000	1.772461	1.787109
9.085000	0.585938	0.791016
9.090000	0.053711	-0.161133
9.095000	0.151367	-0.722656
9.100000	0.615234	-0.761719
9.105000	1.113281	-0.371094
9.110000	1.342773	0.214844
9.115000	1.201172	0.737305
9.120000	0.708008	1.015625
9.125000	0.034180	0.961914
9.130000	-0.595703	-0.009766
9.135000	-0.556641	-2.031250
9.140000	0.776367	-3.159180
9.145000	2.841797	-2.744141
9.150000	4.648438	-1.245117
9.155000	5.463867	0.537109
9.160000	5.107422	1.899414
9.165000	3.857422	2.407227
9.170000	2.275391	2.050781
9.175000	0.917969	1.142578
9.180000	0.151367	0.126953
9.185000	0.058594	-0.590820
9.190000	0.439453	-0.800781
9.195000	0.957031	-0.537109
9.200000	1.298828	0.014648
9.205000	1.284180	0.585938
9.210000	0.903320	0.957031
9.215000	0.268555	1.035156
9.220000	-0.415039	0.473633
9.225000	-0.688477	-1.337891
9.230000	0.200195	-2.963867
9.235000	2.138672	-3.032227
9.240000	4.121094	-1.821289
9.245000	5.322266	-0.039062
9.250000	5.351562	1.528320
9.255000	4.340820	2.338867
9.260000	2.802734	2.250977
9.265000	1.308594	1.474609
9.270000	0.332031	0.449219
9.275000	0.024414	-0.405273
9.280000	0.278320	-0.791016
9.285000	0.791016	-0.668945
9.290000	1.230469	-0.185547
9.295000	1.333008	0.405273
9.300000	1.074219	0.859375
9.305000	0.493164	1.040039
9.310000	-0.200195	0.795898
9.315000	-0.693359	-0.634766
9.320000	-0.258789	-2.587891
9.325000	1.430664	-3.178711
9.330000	3.515625	-2.324219
9.335000	5.043945	-0.644531
9.340000	5.473633	1.069336
9.345000	4.770508	2.172852
9.350000	3.339844	2.373047
9.355000	1.772461	1.782227
9.360000	0.585938	0.786133
9.365000	0.053711	-0.161133
9.370000	0.146484	-0.717773
9.375000	0.615234	-0.756836
9.380000	1.108398	-0.371094
9.385000	1.342773	0.219727
9.390000	1.196289	0.737305
9.395000	0.708008	1.010742
9.400000	0.029297	0.966797
9.405000	-0.595703	-0.014648
9.410000	-0.551758	-2.036133
9.415000	0.786133	-3.164062
9.420000	2.846680	-2.739258
9.425000	4.653320	-1.245117
9.430000	5.468750	0.541992
9.435000	5.112305	1.899414
9.440000	3.857422	2.407227
9.445000	2.275391	2.050781
9.450000	0.917969	1.137695
9.455000	0.151367	0.122070
9.460000	0.058594	-0.595703
9.465000	0.444336	-0.800781
9.470000	0.961914	-0.532227
9.475000	1.303711	0.014648
9.480000	1.289062	0.585938
9.485000	0.903320	0.957031
9.490000	0.268555	1.035156
9.495000	-0.415039	0.473633
9.500000	-0.693359	-1.337891
9.505000	0.205078	-2.963867
9.510000	2.143555	-3.032227
9.515000	4.125977	-1.811523
9.520000	5.317383	-0.034180
9.525000	5.351562	1.528320
9.530000	4.345703	2.343750
9.535000	2.797852	2.250977
9.540000	1.308594	1.474609
9.545000	0.332031	0.444336
9.550000	0.019531	-0.405273
9.555000	0.283203	-0.791016
9.560000	0.795898	-0.668945
9.565000	1.225586	-0.180664
9.570000	1.333008	0.410156
9.575000	1.069336	0.864258
9.580000	0.493164	1.040039
9.585000	-0.195312	0.791016
9.590000	-0.693359	-0.639648
9.595000	-0.249023	-2.587891
9.600000	1.435547	-3.178711
9.605000	3.525391	-2.324219
9.610000	5.048828	-0.639648
9.615000	5.473633	1.074219
9.620000	4.770508	2.172852
9.625000	3.334961	2.373047
9.630000	1.767578	1.787109
9.635000	0.585938	0.786133
9.640000	0.053711	-0.166016
9.645000	0.146484	-0.722656
9.650000	0.615234	-0.756836
9.655000	1.108398	-0.371094
9.660000	1.337891	0.214844
9.665000	1.201172	0.737305
9.670000	0.703125	1.010742
9.675000	0.034180	0.966797
9.680000	-0.590820	-0.014648
9.685000	-0.551758	-2.041016
9.690000	0.786133	-3.164062
9.695000	2.851562	-2.734375
9.700000	4.653320	-1.240234
9.705000	5.468750	0.551758
9.710000	5.107422	1.904297
9.715000	3.852539	2.412109
9.720000	2.270508	2.045898
9.725000	0.913086	1.137695
9.730000	0.151367	0.122070
9.735000	0.058594	-0.595703
9.740000	0.444336	-0.800781
9.745000	0.966797	-0.532227
9.750000	1.303711	0.019531
9.755000	1.284180	0.590820
9.760000	0.903320	0.957031
9.765000	0.268555	1.030273
9.770000	-0.415039	0.473633
9.775000	-0.688477	-1.347656
9.780000	0.205078	-2.963867
9.785000	2.143555	-3.027344
9.790000	4.130859	-1.811523
9.795000	5.327148	-0.034180
9.800000	5.351562	1.533203
9.805000	4.340820	2.338867
9.810000	2.792969	2.250977
9.815000	1.308594	1.469727
9.820000	0.322266	0.444336
9.825000	0.024414	-0.405273
9.830000	0.278320	-0.791016
9.835000	0.791016	-0.664062
9.840000	1.230469	-0.175781
9.845000	1.333008	0.410156
9.850000	1.069336	0.864258
9.855000	0.493164	1.040039
9.860000	-0.200195	0.791016
9.865000	-0.693359	-0.644531
9.870000	-0.249023	-2.592773
9.875000	1.445312	-3.173828
9.880000	3.525391	-2.319336
9.885000	5.048828	-0.634766
9.890000	5.473633	1.079102
9.895000	4.770508	2.177734
9.900000	3.334961	2.373047
9.905000	1.762695	1.782227
9.910000	0.585938	0.786133
9.915000	0.053711	-0.166016
9.920000	0.146484	-0.722656
9.925000	0.620117	-0.756836
9.930000	1.113281	-0.366211
9.935000	1.337891	0.219727
9.940000	1.201172	0.737305
9.945000	0.703125	1.015625
9.950000	0.029297	0.961914
9.955000	-0.595703	-0.019531
9.960000	-0.551758	-2.041016
9.965000	0.791016	-3.159180
9.970000	2.856445	-2.734375
9.975000	4.653320	-1.240234
9.980000	5.468750	0.551758
9.985000	5.107422	1.904297
9.990000	3.852539	2.412109
9.995000	2.265625	2.045898
10.000000	0.913086	1.132812
