# Time_s	x	xdot
0.000000	-0.727539	-0.673828
0.005000	-0.263672	-2.783203
0.010000	1.552734	-3.437500
0.015000	3.803711	-2.534180
0.020000	5.473633	-0.722656
0.025000	5.590820	1.137695
0.030000	5.034180	2.338867
0.035000	3.491211	2.563477
0.040000	1.796875	1.928711
0.045000	0.512695	0.839844
0.050000	-0.048828	-0.234375
0.055000	0.097656	-0.937500
0.060000	0.698242	-1.005859
0.065000	1.352539	-0.546875
0.070000	1.704102	0.170898
0.075000	1.596680	0.815430
0.080000	1.059570	1.166992
0.085000	0.283203	1.152344
0.090000	-0.478516	0.410156
0.095000	-0.703125	-1.630859
0.100000	0.375977	-3.266602
0.105000	2.509766	-3.217773
0.110000	4.628906	-1.835938
0.115000	5.585938	0.097656
0.120000	5.581055	1.748047
0.125000	4.448242	2.553711
0.130000	2.758789	2.387695
0.135000	1.186523	1.494141
0.140000	0.185547	0.361328
0.145000	-0.068359	-0.600586
0.150000	0.312500	-1.040039
0.155000	0.996094	-0.864258
0.160000	1.552734	-0.258789
0.165000	1.718750	0.458984
0.170000	1.411133	1.005859
0.175000	0.747070	1.201172
0.180000	-0.048828	0.996094
0.185000	-0.683594	-0.327148
0.190000	-0.439453	-2.509766
0.195000	1.206055	-3.442383
0.200000	3.457031	-2.763672
0.205000	5.273438	-1.040039
0.210000	5.595703	0.869141
0.215000	5.219727	2.207031
0.220000	3.764648	2.592773
0.225000	2.055664	2.080078
0.230000	0.678711	1.025391
0.235000	-0.009766	-0.078125
0.240000	0.029297	-0.864258
0.245000	0.590820	-1.030273
0.250000	1.259766	-0.639648
0.255000	1.679688	0.043945
0.260000	1.640625	0.727539
0.265000	1.166992	1.132812
0.270000	0.415039	1.181641
0.275000	-0.366211	0.625000
0.280000	-0.742188	-1.259766
0.285000	0.102539	-3.120117
0.290000	2.143555	-3.334961
0.295000	4.326172	-2.119141
0.300000	5.585938	-0.214844
0.305000	5.585938	1.528320
0.310000	4.687500	2.495117
0.315000	3.041992	2.470703
0.320000	1.406250	1.669922
0.325000	0.292969	0.541992
0.330000	-0.073242	-0.473633
0.335000	0.224609	-1.015625
0.340000	0.883789	-0.927734
0.345000	1.484375	-0.371094
0.350000	1.723633	0.351562
0.355000	1.489258	0.937500
0.360000	0.874023	1.201172
0.365000	0.073242	1.074219
0.370000	-0.620117	-0.019531
0.375000	-0.576172	-2.207031
0.380000	0.874023	-3.417969
0.385000	3.105469	-2.958984
0.390000	5.043945	-1.347656
0.395000	5.595703	0.585938
0.400000	5.390625	2.055664
0.405000	4.033203	2.602539
0.410000	2.324219	2.207031
0.415000	0.859375	1.206055
0.420000	0.048828	0.087891
0.425000	-0.014648	-0.776367
0.430000	0.483398	-1.049805
0.435000	1.166992	-0.737305
0.440000	1.640625	-0.068359
0.445000	1.684570	0.625000
0.450000	1.264648	1.088867
0.455000	0.541992	1.196289
0.460000	-0.253906	0.791016
0.465000	-0.742188	-0.898438
0.470000	-0.131836	-2.924805
0.475000	1.777344	-3.408203
0.480000	4.008789	-2.377930
0.485000	5.571289	-0.527344
0.490000	5.590820	1.293945
0.495000	4.907227	2.412109
0.500000	3.320312	2.534180
0.505000	1.640625	1.831055
0.510000	0.424805	0.722656
0.515000	-0.063477	-0.327148
0.520000	0.141602	-0.966797
0.525000	0.771484	-0.976562
0.530000	1.401367	-0.478516
0.535000	1.713867	0.234375
0.540000	1.552734	0.859375
0.545000	0.986328	1.181641
0.550000	0.200195	1.127930
0.555000	-0.537109	0.253906
0.560000	-0.664062	-1.865234
0.565000	0.561523	-3.334961
0.570000	2.739258	-3.129883
0.575000	4.799805	-1.650391
0.580000	5.590820	0.288086
0.585000	5.522461	1.875000
0.590000	4.291992	2.573242
0.595000	2.583008	2.324219
0.600000	1.054688	1.381836
0.605000	0.126953	0.253906
0.610000	-0.048828	-0.673828
0.615000	0.380859	-1.049805
0.620000	1.064453	-0.820312
0.625000	1.591797	-0.185547
0.630000	1.708984	0.532227
0.635000	1.352539	1.044922
0.640000	0.664062	1.201172
0.645000	-0.131836	0.927734
0.650000	-0.712891	-0.546875
0.655000	-0.332031	-2.685547
0.660000	1.420898	-3.442383
0.665000	3.681641	-2.622070
0.670000	5.400391	-0.844727
0.675000	5.590820	1.040039
0.680000	5.107422	2.294922
0.685000	3.603516	2.578125
0.690000	1.894531	1.987305
0.695000	0.571289	0.903320
0.700000	-0.039062	-0.180664
0.705000	0.073242	-0.913086
0.710000	0.664062	-1.020508
0.715000	1.318359	-0.581055
0.720000	1.704102	0.122070
0.725000	1.611328	0.781250
0.730000	1.098633	1.157227
0.735000	0.327148	1.162109
0.740000	-0.439453	0.493164
0.745000	-0.722656	-1.494141
0.750000	0.268555	-3.217773
0.755000	2.373047	-3.266602
0.760000	4.516602	-1.938477
0.765000	5.585938	-0.014648
0.770000	5.581055	1.669922
0.775000	4.536133	2.534180
0.780000	2.866211	2.421875
0.785000	1.259766	1.562500
0.790000	0.229492	0.424805
0.795000	-0.068359	-0.556641
0.800000	0.283203	-1.030273
0.805000	0.952148	-0.888672
0.810000	1.533203	-0.302734
0.815000	1.723633	0.424805
0.820000	1.440430	0.981445
0.825000	0.795898	1.201172
0.830000	-0.009766	1.025391
0.835000	-0.659180	-0.209961
0.840000	-0.493164	-2.407227
0.845000	1.083984	-3.442383
0.850000	3.330078	-2.836914
0.855000	5.190430	-1.157227
0.860000	5.590820	0.766602
0.865000	5.283203	2.158203
0.870000	3.862305	2.602539
0.875000	2.148438	2.124023
0.880000	0.742188	1.093750
0.885000	0.009766	-0.019531
0.890000	0.009766	-0.834961
0.895000	0.551758	-1.040039
0.900000	1.235352	-0.678711
0.905000	1.669922	0.004883
0.910000	1.660156	0.688477
0.915000	1.210938	1.118164
0.920000	0.458984	1.186523
0.925000	-0.327148	0.688477
0.930000	-0.747070	-1.127930
0.935000	0.014648	-3.051758
0.940000	2.006836	-3.369141
0.945000	4.208984	-2.216797
0.950000	5.581055	-0.327148
0.955000	5.581055	1.445312
0.960000	4.770508	2.465820
0.965000	3.139648	2.495117
0.970000	1.489258	1.728516
0.975000	0.341797	0.610352
0.980000	-0.073242	-0.419922
0.985000	0.195312	-1.000977
0.990000	0.844727	-0.947266
0.995000	1.455078	-0.410156
1.000000	1.723633	0.307617
1.005000	1.518555	0.913086
1.010000	0.917969	1.201172
1.015000	0.122070	1.098633
1.020000	-0.595703	0.087891
1.025000	-0.615234	-2.084961
1.030000	0.751953	-3.393555
1.035000	2.968750	-3.027344
1.040000	4.960938	-1.459961
1.045000	5.590820	0.478516
1.050000	5.444336	1.992188
1.055000	4.125977	2.597656
1.060000	2.421875	2.255859
1.065000	0.927734	1.269531
1.070000	0.073242	0.151367
1.075000	-0.029297	-0.742188
1.080000	0.449219	-1.049805
1.085000	1.127930	-0.766602
1.090000	1.621094	-0.112305
1.095000	1.694336	0.595703
1.100000	1.298828	1.079102
1.105000	0.590820	1.201172
1.110000	-0.209961	0.844727
1.115000	-0.737305	-0.761719
1.120000	-0.209961	-2.841797
1.125000	1.645508	-3.427734
1.130000	3.891602	-2.470703
1.135000	5.517578	-0.639648
1.140000	5.590820	1.201172
1.145000	4.980469	2.373047
1.150000	3.422852	2.553711
1.155000	1.733398	1.889648
1.160000	0.478516	0.791016
1.165000	-0.053711	-0.278320
1.170000	0.117188	-0.947266
1.175000	0.732422	-0.991211
1.180000	1.376953	-0.517578
1.185000	1.713867	0.195312
1.190000	1.577148	0.839844
1.195000	1.030273	1.176758
1.200000	0.249023	1.147461
1.205000	-0.502930	0.346680
1.210000	-0.688477	-1.728516
1.215000	0.449219	-3.295898
1.220000	2.602539	-3.183594
1.225000	4.697266	-1.757812
1.230000	5.585938	0.175781
1.235000	5.571289	1.801758
1.240000	4.384766	2.563477
1.245000	2.690430	2.363281
1.250000	1.132812	1.450195
1.255000	0.161133	0.317383
1.260000	-0.058594	-0.634766
1.265000	0.341797	-1.044922
1.270000	1.020508	-0.844727
1.275000	1.567383	-0.229492
1.280000	1.713867	0.493164
1.285000	1.386719	1.025391
1.290000	0.717773	1.201172
1.295000	-0.087891	0.966797
1.300000	-0.698242	-0.419922
1.305000	-0.395508	-2.587891
1.310000	1.293945	-3.442383
1.315000	3.559570	-2.695312
1.320000	5.332031	-0.957031
1.325000	5.590820	0.942383
1.330000	5.175781	2.250977
1.335000	3.696289	2.587891
1.340000	1.982422	2.036133
1.345000	0.629883	0.976562
1.350000	-0.019531	-0.122070
1.355000	0.048828	-0.883789
1.360000	0.625000	-1.025391
1.365000	1.284180	-0.620117
1.370000	1.689453	0.078125
1.375000	1.630859	0.751953
1.380000	1.137695	1.142578
1.385000	0.375977	1.171875
1.390000	-0.395508	0.566406
1.395000	-0.727539	-1.362305
1.400000	0.175781	-3.164062
1.405000	2.246094	-3.305664
1.410000	4.409180	-2.041016
1.415000	5.585938	-0.122070
1.420000	5.585938	1.596680
1.425000	4.619141	2.509766
1.430000	2.963867	2.456055
1.435000	1.337891	1.621094
1.440000	0.263672	0.493164
1.445000	-0.073242	-0.507812
1.450000	0.249023	-1.025391
1.455000	0.917969	-0.913086
1.460000	1.508789	-0.341797
1.465000	1.728516	0.380859
1.470000	1.469727	0.961914
1.475000	0.839844	1.201172
1.480000	0.039062	1.059570
1.485000	-0.634766	-0.097656
1.490000	-0.541992	-2.290039
1.495000	0.957031	-3.422852
1.500000	3.198242	-2.910156
1.505000	5.112305	-1.264648
1.510000	5.595703	0.659180
1.515000	5.341797	2.099609
1.520000	3.959961	2.602539
1.525000	2.246094	2.177734
1.530000	0.805664	1.162109
1.535000	0.029297	0.043945
1.540000	-0.009766	-0.800781
1.545000	0.512695	-1.044922
1.550000	1.191406	-0.712891
1.555000	1.655273	-0.034180
1.560000	1.674805	0.654297
1.565000	1.240234	1.108398
1.570000	0.507812	1.191406
1.575000	-0.283203	0.751953
1.580000	-0.747070	-0.996094
1.585000	-0.073242	-2.983398
1.590000	1.870117	-3.393555
1.595000	4.096680	-2.309570
1.600000	5.581055	-0.439453
1.605000	5.585938	1.362305
1.610000	4.853516	2.436523
1.615000	3.242188	2.519531
1.620000	1.572266	1.787109
1.625000	0.390625	0.673828
1.630000	-0.068359	-0.371094
1.635000	0.166016	-0.986328
1.640000	0.805664	-0.966797
1.645000	1.425781	-0.454102
1.650000	1.723633	0.268555
1.655000	1.542969	0.888672
1.660000	0.957031	1.191406
1.665000	0.166016	1.118164
1.670000	-0.561523	0.185547
1.675000	-0.644531	-1.962891
1.680000	0.639648	-3.364258
1.685000	2.841797	-3.090820
1.690000	4.873047	-1.567383
1.695000	5.590820	0.366211
1.700000	5.493164	1.923828
1.705000	4.223633	2.587891
1.710000	2.514648	2.294922
1.715000	1.000977	1.337891
1.720000	0.107422	0.209961
1.725000	-0.043945	-0.703125
1.730000	0.405273	-1.049805
1.735000	1.098633	-0.795898
1.740000	1.606445	-0.156250
1.745000	1.704102	0.556641
1.750000	1.337891	1.059570
1.755000	0.634766	1.201172
1.760000	-0.161133	0.898438
1.765000	-0.722656	-0.629883
1.770000	-0.288086	-2.749023
1.775000	1.508789	-3.442383
1.780000	3.759766	-2.558594
1.785000	5.449219	-0.761719
1.790000	5.595703	1.108398
1.795000	5.058594	2.324219
1.800000	3.525391	2.568359
1.805000	1.831055	1.948242
1.810000	0.537109	0.859375
1.815000	-0.043945	-0.214844
1.820000	0.087891	-0.927734
1.825000	0.688477	-1.005859
1.830000	1.342773	-0.561523
1.835000	1.704102	0.151367
1.840000	1.601562	0.800781
1.845000	1.074219	1.162109
1.850000	0.297852	1.157227
1.855000	-0.463867	0.434570
1.860000	-0.712891	-1.586914
1.865000	0.336914	-3.251953
1.870000	2.465820	-3.232422
1.875000	4.589844	-1.870117
1.880000	5.590820	0.063477
1.885000	5.581055	1.728516
1.890000	4.477539	2.548828
1.895000	2.792969	2.397461
1.900000	1.210938	1.523438
1.905000	0.200195	0.380859
1.910000	-0.068359	-0.590820
1.915000	0.307617	-1.035156
1.920000	0.981445	-0.869141
1.925000	1.542969	-0.273438
1.930000	1.718750	0.454102
1.935000	1.416016	1.000977
1.940000	0.761719	1.201172
1.945000	-0.039062	1.000977
1.950000	-0.678711	-0.297852
1.955000	-0.458984	-2.485352
1.960000	1.171875	-3.447266
1.965000	3.422852	-2.783203
1.970000	5.253906	-1.079102
1.975000	5.595703	0.839844
1.980000	5.239258	2.192383
1.985000	3.793945	2.597656
1.990000	2.084961	2.089844
1.995000	0.698242	1.044922
2.000000	-0.004883	-0.058594
2.005000	0.024414	-0.854492
2.010000	0.581055	-1.035156
2.015000	1.250000	-0.654297
2.020000	1.679688	0.034180
2.025000	1.645508	0.712891
2.030000	1.181641	1.127930
2.035000	0.424805	1.176758
2.040000	-0.351562	0.639648
2.045000	-0.747070	-1.225586
2.050000	0.078125	-3.100586
2.055000	2.099609	-3.344727
2.060000	4.296875	-2.143555
2.065000	5.585938	-0.244141
2.070000	5.585938	1.508789
2.075000	4.707031	2.485352
2.080000	3.071289	2.480469
2.085000	1.430664	1.689453
2.090000	0.307617	0.561523
2.095000	-0.073242	-0.458984
2.100000	0.219727	-1.010742
2.105000	0.874023	-0.937500
2.110000	1.474609	-0.380859
2.115000	1.723633	0.341797
2.120000	1.494141	0.932617
2.125000	0.878906	1.201172
2.130000	0.083008	1.083984
2.135000	-0.615234	0.009766
2.140000	-0.585938	-2.172852
2.145000	0.839844	-3.413086
2.150000	3.071289	-2.978516
2.155000	5.024414	-1.376953
2.160000	5.590820	0.561523
2.165000	5.400391	2.036133
2.170000	4.052734	2.597656
2.175000	2.343750	2.221680
2.180000	0.878906	1.225586
2.185000	0.053711	0.102539
2.190000	-0.019531	-0.766602
2.195000	0.473633	-1.044922
2.200000	1.157227	-0.742188
2.205000	1.635742	-0.083008
2.210000	1.684570	0.620117
2.215000	1.269531	1.088867
2.220000	0.551758	1.201172
2.225000	-0.244141	0.810547
2.230000	-0.742188	-0.864258
2.235000	-0.151367	-2.905273
2.240000	1.743164	-3.413086
2.245000	3.979492	-2.402344
2.250000	5.556641	-0.561523
2.255000	5.590820	1.269531
2.260000	4.931641	2.402344
2.265000	3.349609	2.534180
2.270000	1.665039	1.850586
2.275000	0.439453	0.737305
2.280000	-0.058594	-0.317383
2.285000	0.131836	-0.961914
2.290000	0.761719	-0.981445
2.295000	1.396484	-0.493164
2.300000	1.713867	0.229492
2.305000	1.562500	0.859375
2.310000	0.996094	1.181641
2.315000	0.209961	1.132812
2.320000	-0.527344	0.283203
2.325000	-0.668945	-1.835938
2.330000	0.532227	-3.330078
2.335000	2.709961	-3.144531
2.340000	4.770508	-1.674805
2.345000	5.590820	0.258789
2.350000	5.537109	1.860352
2.355000	4.316406	2.573242
2.360000	2.612305	2.333984
2.365000	1.069336	1.401367
2.370000	0.136719	0.273438
2.375000	-0.053711	-0.664062
2.380000	0.366211	-1.049805
2.385000	1.054688	-0.820312
2.390000	1.582031	-0.195312
2.395000	1.704102	0.522461
2.400000	1.362305	1.040039
2.405000	0.678711	1.201172
2.410000	-0.122070	0.937500
2.415000	-0.712891	-0.517578
2.420000	-0.346680	-2.666016
2.425000	1.391602	-3.442383
2.430000	3.652344	-2.631836
2.435000	5.390625	-0.869141
2.440000	5.590820	1.020508
2.445000	5.117188	2.285156
2.450000	3.623047	2.578125
2.455000	1.909180	1.997070
2.460000	0.590820	0.917969
2.465000	-0.034180	-0.166016
2.470000	0.068359	-0.908203
2.475000	0.649414	-1.020508
2.480000	1.313477	-0.590820
2.485000	1.699219	0.112305
2.490000	1.616211	0.776367
2.495000	1.108398	1.157227
2.500000	0.341797	1.166992
2.505000	-0.424805	0.512695
2.510000	-0.727539	-1.464844
2.515000	0.244141	-3.203125
2.520000	2.348633	-3.271484
2.525000	4.492188	-1.962891
2.530000	5.585938	-0.043945
2.535000	5.585938	1.655273
2.540000	4.555664	2.529297
2.545000	2.885742	2.426758
2.550000	1.279297	1.572266
2.555000	0.229492	0.444336
2.560000	-0.068359	-0.546875
2.565000	0.278320	-1.025391
2.570000	0.942383	-0.893555
2.575000	1.523438	-0.307617
2.580000	1.718750	0.415039
2.585000	1.440430	0.976562
2.590000	0.800781	1.201172
2.595000	0.004883	1.035156
2.600000	-0.659180	-0.190430
2.605000	-0.498047	-2.382812
2.610000	1.054688	-3.437500
2.615000	3.305664	-2.851562
2.620000	5.175781	-1.181641
2.625000	5.595703	0.742188
2.630000	5.297852	2.143555
2.635000	3.881836	2.602539
2.640000	2.172852	2.138672
2.645000	0.756836	1.103516
2.650000	0.014648	-0.004883
2.655000	0.009766	-0.830078
2.660000	0.541992	-1.040039
2.665000	1.225586	-0.683594
2.670000	1.665039	0.000000
2.675000	1.660156	0.683594
2.680000	1.215820	1.118164
2.685000	0.473633	1.186523
2.690000	-0.322266	0.698242
2.695000	-0.747070	-1.108398
2.700000	-0.004883	-3.041992
2.705000	1.982422	-3.369141
2.710000	4.189453	-2.231445
2.715000	5.581055	-0.346680
2.720000	5.585938	1.430664
2.725000	4.785156	2.460938
2.730000	3.159180	2.500000
2.735000	1.503906	1.743164
2.740000	0.351562	0.620117
2.745000	-0.068359	-0.415039
2.750000	0.190430	-0.996094
2.755000	0.839844	-0.947266
2.760000	1.450195	-0.419922
2.765000	1.723633	0.302734
2.770000	1.518555	0.913086
2.775000	0.922852	1.196289
2.780000	0.131836	1.098633
2.785000	-0.590820	0.102539
2.790000	-0.620117	-2.060547
2.795000	0.732422	-3.388672
2.800000	2.949219	-3.037109
2.805000	4.946289	-1.479492
2.810000	5.590820	0.458984
2.815000	5.449219	1.982422
2.820000	4.145508	2.592773
2.825000	2.436523	2.255859
2.830000	0.942383	1.284180
2.835000	0.078125	0.161133
2.840000	-0.034180	-0.732422
2.845000	0.439453	-1.049805
2.850000	1.123047	-0.771484
2.855000	1.616211	-0.117188
2.860000	1.699219	0.585938
2.865000	1.298828	1.074219
2.870000	0.595703	1.201172
2.875000	-0.205078	0.854492
2.880000	-0.732422	-0.747070
2.885000	-0.219727	-2.827148
2.890000	1.621094	-3.427734
2.895000	3.867188	-2.485352
2.900000	5.507812	-0.659180
2.905000	5.590820	1.191406
2.910000	4.990234	2.363281
2.915000	3.437500	2.553711
2.920000	1.743164	1.899414
2.925000	0.488281	0.800781
2.930000	-0.053711	-0.268555
2.935000	0.112305	-0.942383
2.940000	0.727539	-0.996094
2.945000	1.367188	-0.527344
2.950000	1.708984	0.190430
2.955000	1.582031	0.830078
2.960000	1.035156	1.171875
2.965000	0.258789	1.147461
2.970000	-0.498047	0.356445
2.975000	-0.693359	-1.713867
2.980000	0.439453	-3.291016
2.985000	2.587891	-3.188477
2.990000	4.682617	-1.767578
2.995000	5.590820	0.161133
3.000000	5.571289	1.791992
3.005000	4.394531	2.563477
3.010000	2.705078	2.368164
3.015000	1.142578	1.459961
3.020000	0.166016	0.327148
3.025000	-0.063477	-0.625000
3.030000	0.336914	-1.044922
3.035000	1.020508	-0.849609
3.040000	1.567383	-0.234375
3.045000	1.713867	0.488281
3.050000	1.391602	1.020508
3.055000	0.722656	1.206055
3.060000	-0.078125	0.971680
3.065000	-0.698242	-0.405273
3.070000	-0.405273	-2.573242
3.075000	1.279297	-3.447266
3.080000	3.540039	-2.714844
3.085000	5.317383	-0.971680
3.090000	5.590820	0.927734
3.095000	5.180664	2.241211
3.100000	3.710938	2.587891
3.105000	1.997070	2.045898
3.110000	0.639648	0.981445
3.115000	-0.014648	-0.112305
3.120000	0.043945	-0.878906
3.125000	0.615234	-1.030273
3.130000	1.279297	-0.625000
3.135000	1.684570	0.073242
3.140000	1.625977	0.747070
3.145000	1.147461	1.147461
3.150000	0.380859	1.171875
3.155000	-0.395508	0.576172
3.160000	-0.732422	-1.347656
3.165000	0.156250	-3.154297
3.170000	2.231445	-3.315430
3.175000	4.394531	-2.050781
3.180000	5.585938	-0.141602
3.185000	5.585938	1.586914
3.190000	4.633789	2.509766
3.195000	2.978516	2.456055
3.200000	1.352539	1.630859
3.205000	0.268555	0.502930
3.210000	-0.073242	-0.498047
3.215000	0.244141	-1.020508
3.220000	0.913086	-0.913086
3.225000	1.499023	-0.346680
3.230000	1.718750	0.375977
3.235000	1.469727	0.957031
3.240000	0.839844	1.201172
3.245000	0.043945	1.054688
3.250000	-0.634766	-0.092773
3.255000	-0.551758	-2.285156
3.260000	0.952148	-3.422852
3.265000	3.193359	-2.915039
3.270000	5.102539	-1.274414
3.275000	5.590820	0.654297
3.280000	5.351562	2.094727
3.285000	3.969727	2.597656
3.290000	2.255859	2.177734
3.295000	0.810547	1.162109
3.300000	0.029297	0.043945
3.305000	-0.009766	-0.800781
3.310000	0.507812	-1.044922
3.315000	1.191406	-0.717773
3.320000	1.650391	-0.039062
3.325000	1.674805	0.649414
3.330000	1.240234	1.103516
3.335000	0.517578	1.196289
3.340000	-0.283203	0.756836
3.345000	-0.747070	-0.986328
3.350000	-0.078125	-2.973633
3.355000	1.860352	-3.393555
3.360000	4.086914	-2.314453
3.365000	5.576172	-0.454102
3.370000	5.590820	1.352539
3.375000	4.858398	2.431641
3.380000	3.256836	2.514648
3.385000	1.582031	1.796875
3.390000	0.390625	0.678711
3.395000	-0.068359	-0.361328
3.400000	0.161133	-0.981445
3.405000	0.800781	-0.961914
3.410000	1.425781	-0.454102
3.415000	1.718750	0.268555
3.420000	1.542969	0.883789
3.425000	0.957031	1.186523
3.430000	0.170898	1.118164
3.435000	-0.561523	0.190430
3.440000	-0.644531	-1.953125
3.445000	0.634766	-3.359375
3.450000	2.832031	-3.090820
3.455000	4.863281	-1.572266
3.460000	5.590820	0.366211
3.465000	5.493164	1.918945
3.470000	4.228516	2.583008
3.475000	2.519531	2.294922
3.480000	1.000977	1.337891
3.485000	0.102539	0.214844
3.490000	-0.043945	-0.703125
3.495000	0.405273	-1.044922
3.500000	1.088867	-0.791016
3.505000	1.601562	-0.156250
3.510000	1.704102	0.551758
3.515000	1.328125	1.054688
3.520000	0.639648	1.201172
3.525000	-0.161133	0.898438
3.530000	-0.727539	-0.634766
3.535000	-0.288086	-2.749023
3.540000	1.508789	-3.442383
3.545000	3.759766	-2.558594
3.550000	5.449219	-0.766602
3.555000	5.590820	1.108398
3.560000	5.053711	2.329102
3.565000	3.530273	2.568359
3.570000	1.826172	1.948242
3.575000	0.537109	0.859375
3.580000	-0.043945	-0.219727
3.585000	0.087891	-0.922852
3.590000	0.688477	-1.010742
3.595000	1.337891	-0.561523
3.600000	1.704102	0.151367
3.605000	1.596680	0.800781
3.610000	1.069336	1.162109
3.615000	0.297852	1.157227
3.620000	-0.463867	0.434570
3.625000	-0.712891	-1.596680
3.630000	0.346680	-3.251953
3.635000	2.470703	-3.232422
3.640000	4.589844	-1.865234
3.645000	5.590820	0.063477
3.650000	5.581055	1.723633
3.655000	4.477539	2.548828
3.660000	2.792969	2.397461
3.665000	1.210938	1.513672
3.670000	0.195312	0.380859
3.675000	-0.068359	-0.590820
3.680000	0.307617	-1.035156
3.685000	0.986328	-0.869141
3.690000	1.542969	-0.273438
3.695000	1.718750	0.449219
3.700000	1.416016	0.996094
3.705000	0.756836	1.201172
3.710000	-0.043945	1.005859
3.715000	-0.678711	-0.297852
3.720000	-0.454102	-2.485352
3.725000	1.171875	-3.442383
3.730000	3.427734	-2.783203
3.735000	5.253906	-1.074219
3.740000	5.590820	0.844727
3.745000	5.234375	2.192383
3.750000	3.789062	2.592773
3.755000	2.075195	2.089844
3.760000	0.698242	1.035156
3.765000	-0.004883	-0.058594
3.770000	0.024414	-0.854492
3.775000	0.581055	-1.035156
3.780000	1.250000	-0.649414
3.785000	1.674805	0.034180
3.790000	1.645508	0.712891
3.795000	1.176758	1.127930
3.800000	0.424805	1.176758
3.805000	-0.356445	0.634766
3.810000	-0.742188	-1.230469
3.815000	0.083008	-3.105469
3.820000	2.114258	-3.344727
3.825000	4.301758	-2.138672
3.830000	5.585938	-0.239258
3.835000	5.585938	1.513672
3.840000	4.702148	2.485352
3.845000	3.061523	2.480469
3.850000	1.425781	1.684570
3.855000	0.307617	0.556641
3.860000	-0.073242	-0.458984
3.865000	0.214844	-1.010742
3.870000	0.874023	-0.932617
3.875000	1.474609	-0.380859
3.880000	1.723633	0.346680
3.885000	1.494141	0.932617
3.890000	0.878906	1.201172
3.895000	0.083008	1.079102
3.900000	-0.615234	0.000000
3.905000	-0.581055	-2.182617
3.910000	0.844727	-3.408203
3.915000	3.076172	-2.973633
3.920000	5.029297	-1.372070
3.925000	5.590820	0.561523
3.930000	5.395508	2.041016
3.935000	4.052734	2.597656
3.940000	2.343750	2.216797
3.945000	0.874023	1.220703
3.950000	0.053711	0.097656
3.955000	-0.019531	-0.766602
3.960000	0.473633	-1.049805
3.965000	1.162109	-0.742188
3.970000	1.635742	-0.078125
3.975000	1.684570	0.625000
3.980000	1.264648	1.088867
3.985000	0.546875	1.196289
3.990000	-0.244141	0.800781
3.995000	-0.742188	-0.874023
4.000000	-0.146484	-2.910156
4.005000	1.752930	-3.413086
4.010000	3.989258	-2.392578
4.015000	5.566406	-0.551758
4.020000	5.590820	1.274414
4.025000	4.921875	2.402344
4.030000	3.339844	2.534180
4.035000	1.655273	1.845703
4.040000	0.434570	0.732422
4.045000	-0.063477	-0.322266
4.050000	0.141602	-0.961914
4.055000	0.766602	-0.981445
4.060000	1.401367	-0.488281
4.065000	1.713867	0.234375
4.070000	1.557617	0.859375
4.075000	0.996094	1.181641
4.080000	0.209961	1.132812
4.085000	-0.532227	0.273438
4.090000	-0.668945	-1.840820
4.095000	0.541992	-3.330078
4.100000	2.714844	-3.139648
4.105000	4.780273	-1.665039
4.110000	5.590820	0.268555
4.115000	5.532227	1.865234
4.120000	4.306641	2.573242
4.125000	2.602539	2.329102
4.130000	1.069336	1.396484
4.135000	0.131836	0.268555
4.140000	-0.048828	-0.664062
4.145000	0.375977	-1.044922
4.150000	1.059570	-0.820312
4.155000	1.582031	-0.190430
4.160000	1.704102	0.522461
4.165000	1.357422	1.040039
4.170000	0.673828	1.201172
4.175000	-0.126953	0.932617
4.180000	-0.708008	-0.527344
4.185000	-0.336914	-2.670898
4.190000	1.406250	-3.442383
4.195000	3.666992	-2.631836
4.200000	5.390625	-0.859375
4.205000	5.590820	1.025391
4.210000	5.112305	2.290039
4.215000	3.608398	2.573242
4.220000	1.904297	1.992188
4.225000	0.585938	0.913086
4.230000	-0.034180	-0.170898
4.235000	0.063477	-0.908203
4.240000	0.659180	-1.020508
4.245000	1.313477	-0.590820
4.250000	1.699219	0.117188
4.255000	1.611328	0.776367
4.260000	1.108398	1.157227
4.265000	0.332031	1.162109
4.270000	-0.429688	0.502930
4.275000	-0.727539	-1.484375
4.280000	0.258789	-3.212891
4.285000	2.363281	-3.271484
4.290000	4.501953	-1.948242
4.295000	5.590820	-0.024414
4.300000	5.581055	1.665039
4.305000	4.545898	2.529297
4.310000	2.875977	2.421875
4.315000	1.269531	1.562500
4.320000	0.229492	0.439453
4.325000	-0.073242	-0.551758
4.330000	0.283203	-1.030273
4.335000	0.952148	-0.888672
4.340000	1.528320	-0.302734
4.345000	1.723633	0.419922
4.350000	1.440430	0.976562
4.355000	0.795898	1.201172
4.360000	-0.004883	1.025391
4.365000	-0.659180	-0.205078
4.370000	-0.493164	-2.397461
4.375000	1.069336	-3.442383
4.380000	3.320312	-2.841797
4.385000	5.185547	-1.166992
4.390000	5.595703	0.756836
4.395000	5.292969	2.153320
4.400000	3.872070	2.602539
4.405000	2.158203	2.128906
4.410000	0.747070	1.098633
4.415000	0.009766	-0.014648
4.420000	0.009766	-0.830078
4.425000	0.551758	-1.040039
4.430000	1.230469	-0.678711
4.435000	1.665039	0.004883
4.440000	1.655273	0.688477
4.445000	1.210938	1.118164
4.450000	0.463867	1.186523
4.455000	-0.322266	0.693359
4.460000	-0.747070	-1.123047
4.465000	0.009766	-3.046875
4.470000	2.001953	-3.364258
4.475000	4.204102	-2.216797
4.480000	5.581055	-0.332031
4.485000	5.585938	1.445312
4.490000	4.770508	2.465820
4.495000	3.149414	2.495117
4.500000	1.494141	1.728516
4.505000	0.346680	0.610352
4.510000	-0.068359	-0.419922
4.515000	0.195312	-0.996094
4.520000	0.839844	-0.947266
4.525000	1.455078	-0.415039
4.530000	1.723633	0.312500
4.535000	1.513672	0.913086
4.540000	0.913086	1.191406
4.545000	0.122070	1.093750
4.550000	-0.595703	0.087891
4.555000	-0.615234	-2.084961
4.560000	0.751953	-3.388672
4.565000	2.973633	-3.022461
4.570000	4.960938	-1.459961
4.575000	5.590820	0.478516
4.580000	5.439453	1.992188
4.585000	4.130859	2.592773
4.590000	2.416992	2.250977
4.595000	0.927734	1.269531
4.600000	0.073242	0.146484
4.605000	-0.029297	-0.737305
4.610000	0.449219	-1.044922
4.615000	1.127930	-0.766602
4.620000	1.625977	-0.112305
4.625000	1.689453	0.590820
4.630000	1.298828	1.074219
4.635000	0.590820	1.201172
4.640000	-0.214844	0.844727
4.645000	-0.737305	-0.766602
4.650000	-0.209961	-2.846680
4.655000	1.650391	-3.422852
4.660000	3.891602	-2.470703
4.665000	5.522461	-0.639648
4.670000	5.590820	1.210938
4.675000	4.980469	2.373047
4.680000	3.417969	2.548828
4.685000	1.733398	1.889648
4.690000	0.478516	0.786133
4.695000	-0.053711	-0.278320
4.700000	0.117188	-0.947266
4.705000	0.732422	-0.991211
4.710000	1.372070	-0.517578
4.715000	1.708984	0.200195
4.720000	1.577148	0.834961
4.725000	1.025391	1.171875
4.730000	0.249023	1.142578
4.735000	-0.502930	0.341797
4.740000	-0.683594	-1.738281
4.745000	0.458984	-3.300781
4.750000	2.607422	-3.183594
4.755000	4.702148	-1.748047
4.760000	5.590820	0.185547
4.765000	5.566406	1.806641
4.770000	4.379883	2.563477
4.775000	2.685547	2.363281
4.780000	1.127930	1.445312
4.785000	0.161133	0.317383
4.790000	-0.058594	-0.634766
4.795000	0.346680	-1.049805
4.800000	1.025391	-0.834961
4.805000	1.567383	-0.224609
4.810000	1.713867	0.493164
4.815000	1.381836	1.020508
4.820000	0.712891	1.206055
4.825000	-0.092773	0.966797
4.830000	-0.703125	-0.429688
4.835000	-0.390625	-2.597656
4.840000	1.303711	-3.442383
4.845000	3.564453	-2.695312
4.850000	5.336914	-0.947266
4.855000	5.590820	0.947266
4.860000	5.170898	2.250977
4.865000	3.691406	2.587891
4.870000	1.977539	2.036133
4.875000	0.629883	0.966797
4.880000	-0.019531	-0.122070
4.885000	0.048828	-0.883789
4.890000	0.625000	-1.030273
4.895000	1.289062	-0.615234
4.900000	1.689453	0.078125
4.905000	1.625977	0.751953
4.910000	1.132812	1.147461
4.915000	0.371094	1.171875
4.920000	-0.400391	0.561523
4.925000	-0.732422	-1.376953
4.930000	0.180664	-3.164062
4.935000	2.255859	-3.295898
4.940000	4.418945	-2.031250
4.945000	5.590820	-0.117188
4.950000	5.581055	1.601562
4.955000	4.619141	2.509766
4.960000	2.954102	2.451172
4.965000	1.333008	1.616211
4.970000	0.263672	0.488281
4.975000	-0.068359	-0.512695
4.980000	0.249023	-1.025391
4.985000	0.917969	-0.908203
4.990000	1.503906	-0.336914
4.995000	1.723633	0.385742
5.000000	1.459961	0.957031
5.005000	0.830078	1.201172
5.010000	0.029297	1.049805
5.015000	-0.639648	-0.117188
5.020000	-0.532227	-2.309570
5.025000	0.976562	-3.432617
5.030000	3.222656	-2.895508
5.035000	5.122070	-1.250000
5.040000	5.590820	0.673828
5.045000	5.336914	2.109375
5.050000	3.945312	2.602539
5.055000	2.236328	2.167969
5.060000	0.795898	1.147461
5.065000	0.024414	0.029297
5.070000	-0.004883	-0.805664
5.075000	0.517578	-1.044922
5.080000	1.201172	-0.703125
5.085000	1.655273	-0.029297
5.090000	1.665039	0.659180
5.095000	1.240234	1.108398
5.100000	0.498047	1.191406
5.105000	-0.292969	0.742188
5.110000	-0.747070	-1.015625
5.115000	-0.058594	-2.993164
5.120000	1.899414	-3.388672
5.125000	4.116211	-2.294922
5.130000	5.576172	-0.424805
5.135000	5.590820	1.372070
5.140000	4.838867	2.441406
5.145000	3.227539	2.514648
5.150000	1.562500	1.777344
5.155000	0.375977	0.664062
5.160000	-0.073242	-0.380859
5.165000	0.166016	-0.986328
5.170000	0.810547	-0.957031
5.175000	1.430664	-0.444336
5.180000	1.723633	0.278320
5.185000	1.538086	0.893555
5.190000	0.947266	1.186523
5.195000	0.156250	1.113281
5.200000	-0.566406	0.166016
5.205000	-0.634766	-1.977539
5.210000	0.654297	-3.364258
5.215000	2.861328	-3.076172
5.220000	4.882812	-1.547852
5.225000	5.590820	0.385742
5.230000	5.483398	1.938477
5.235000	4.208984	2.587891
5.240000	2.500000	2.285156
5.245000	0.991211	1.323242
5.250000	0.097656	0.205078
5.255000	-0.043945	-0.708008
5.260000	0.415039	-1.044922
5.265000	1.098633	-0.791016
5.270000	1.606445	-0.146484
5.275000	1.704102	0.566406
5.280000	1.318359	1.059570
5.285000	0.625000	1.201172
5.290000	-0.170898	0.888672
5.295000	-0.727539	-0.664062
5.300000	-0.268555	-2.773438
5.305000	1.538086	-3.437500
5.310000	3.784180	-2.543945
5.315000	5.463867	-0.737305
5.320000	5.590820	1.127930
5.325000	5.039062	2.338867
5.330000	3.505859	2.558594
5.335000	1.806641	1.933594
5.340000	0.522461	0.844727
5.345000	-0.043945	-0.229492
5.350000	0.092773	-0.932617
5.355000	0.698242	-1.005859
5.360000	1.347656	-0.551758
5.365000	1.704102	0.166016
5.370000	1.591797	0.810547
5.375000	1.059570	1.166992
5.380000	0.288086	1.157227
5.385000	-0.473633	0.415039
5.390000	-0.361328	-2.651367
5.395000	1.367188	-3.447266
5.400000	3.632812	-2.651367
5.405000	5.371094	-0.888672
5.410000	5.590820	0.996094
5.415000	5.136719	2.275391
5.420000	3.642578	2.583008
5.425000	1.933594	2.006836
5.430000	0.600586	0.937500
5.435000	-0.029297	-0.156250
5.440000	0.063477	-0.898438
5.445000	0.644531	-1.025391
5.450000	1.303711	-0.595703
5.455000	1.694336	0.107422
5.460000	1.621094	0.766602
5.465000	1.113281	1.152344
5.470000	0.351562	1.166992
5.475000	-0.419922	0.527344
5.480000	-0.722656	-1.440430
5.485000	0.234375	-3.193359
5.490000	2.324219	-3.281250
5.495000	4.472656	-1.977539
5.500000	5.585938	-0.063477
5.505000	5.585938	1.640625
5.510000	4.570312	2.524414
5.515000	2.905273	2.436523
5.520000	1.293945	1.586914
5.525000	0.244141	0.458984
5.530000	-0.068359	-0.532227
5.535000	0.268555	-1.025391
5.540000	0.937500	-0.893555
5.545000	1.518555	-0.312500
5.550000	1.718750	0.405273
5.555000	1.450195	0.971680
5.560000	0.805664	1.201172
5.565000	0.009766	1.040039
5.570000	-0.649414	-0.166016
5.575000	-0.512695	-2.363281
5.580000	1.035156	-3.437500
5.585000	3.281250	-2.866211
5.590000	5.166016	-1.201172
5.595000	5.595703	0.727539
5.600000	5.302734	2.133789
5.605000	3.901367	2.602539
5.610000	2.182617	2.138672
5.615000	0.766602	1.113281
5.620000	0.019531	0.004883
5.625000	0.004883	-0.820312
5.630000	0.537109	-1.040039
5.635000	1.220703	-0.688477
5.640000	1.655273	-0.009766
5.645000	1.665039	0.678711
5.650000	1.220703	1.113281
5.655000	0.478516	1.191406
5.660000	-0.312500	0.708008
5.665000	-0.747070	-1.088867
5.670000	-0.014648	-3.032227
5.675000	1.967773	-3.374023
5.680000	4.174805	-2.246094
5.685000	5.581055	-0.361328
5.690000	5.585938	1.420898
5.695000	4.794922	2.456055
5.700000	3.173828	2.500000
5.705000	1.513672	1.748047
5.710000	0.356445	0.625000
5.715000	-0.073242	-0.405273
5.720000	0.185547	-0.991211
5.725000	0.830078	-0.947266
5.730000	1.445312	-0.424805
5.735000	1.718750	0.297852
5.740000	1.518555	0.903320
5.745000	0.927734	1.191406
5.750000	0.131836	1.103516
5.755000	-0.585938	0.112305
5.760000	-0.620117	-2.050781
5.765000	0.722656	-3.383789
5.770000	2.934570	-3.041992
5.775000	4.936523	-1.489258
5.780000	5.590820	0.449219
5.785000	5.458984	1.972656
5.790000	4.155273	2.592773
5.795000	2.446289	2.260742
5.800000	0.947266	1.289062
5.805000	0.083008	0.166016
5.810000	-0.034180	-0.727539
5.815000	0.434570	-1.044922
5.820000	1.123047	-0.771484
5.825000	1.616211	-0.122070
5.830000	1.694336	0.585938
5.835000	1.303711	1.074219
5.840000	0.600586	1.201172
5.845000	-0.200195	0.859375
5.850000	-0.732422	-0.732422
5.855000	-0.229492	-2.822266
5.860000	1.616211	-3.427734
5.865000	3.857422	-2.490234
5.870000	5.502930	-0.668945
5.875000	5.595703	1.186523
5.880000	5.000000	2.363281
5.885000	3.447266	2.553711
5.890000	1.748047	1.904297
5.895000	0.488281	0.805664
5.900000	-0.048828	-0.263672
5.905000	0.112305	-0.947266
5.910000	0.722656	-0.991211
5.915000	1.367188	-0.522461
5.920000	1.708984	0.185547
5.925000	1.577148	0.830078
5.930000	1.040039	1.166992
5.935000	0.258789	1.147461
5.940000	-0.498047	0.366211
5.945000	-0.693359	-1.704102
5.950000	0.429688	-3.291016
5.955000	2.578125	-3.193359
5.960000	4.672852	-1.777344
5.965000	5.585938	0.156250
5.970000	5.571289	1.791992
5.975000	4.399414	2.558594
5.980000	2.705078	2.368164
5.985000	1.147461	1.459961
5.990000	0.166016	0.332031
5.995000	-0.058594	-0.625000
6.000000	0.336914	-1.044922
6.005000	1.015625	-0.844727
6.010000	1.557617	-0.234375
6.015000	1.713867	0.478516
6.020000	1.386719	1.015625
6.025000	0.717773	1.201172
6.030000	-0.078125	0.971680
6.035000	-0.693359	-0.400391
6.040000	-0.400391	-2.573242
6.045000	1.274414	-3.442383
6.050000	3.535156	-2.714844
6.055000	5.312500	-0.976562
6.060000	5.590820	0.922852
6.065000	5.180664	2.236328
6.070000	3.715820	2.587891
6.075000	1.997070	2.045898
6.080000	0.644531	0.981445
6.085000	-0.014648	-0.112305
6.090000	0.048828	-0.878906
6.095000	0.615234	-1.025391
6.100000	1.274414	-0.620117
6.105000	1.684570	0.073242
6.110000	1.630859	0.747070
6.115000	1.137695	1.142578
6.120000	0.385742	1.171875
6.125000	-0.395508	0.576172
6.130000	-0.732422	-1.342773
6.135000	0.166016	-3.154297
6.140000	2.226562	-3.310547
6.145000	4.394531	-2.050781
6.150000	5.585938	-0.136719
6.155000	5.585938	1.582031
6.160000	4.633789	2.504883
6.165000	2.978516	2.456055
6.170000	1.352539	1.630859
6.175000	0.273438	0.502930
6.180000	-0.068359	-0.498047
6.185000	0.249023	-1.025391
6.190000	0.913086	-0.913086
6.195000	1.499023	-0.341797
6.200000	1.723633	0.375977
6.205000	1.469727	0.957031
6.210000	0.839844	1.196289
6.215000	0.043945	1.054688
6.220000	-0.629883	-0.092773
6.225000	-0.546875	-2.285156
6.230000	0.952148	-3.427734
6.235000	3.188477	-2.915039
6.240000	5.102539	-1.274414
6.245000	5.595703	0.654297
6.250000	5.346680	2.094727
6.255000	3.969727	2.602539
6.260000	2.250977	2.177734
6.265000	0.810547	1.162109
6.270000	0.034180	0.043945
6.275000	-0.004883	-0.795898
6.280000	0.512695	-1.044922
6.285000	1.191406	-0.708008
6.290000	1.650391	-0.039062
6.295000	1.669922	0.649414
6.300000	1.240234	1.103516
6.305000	0.507812	1.191406
6.310000	-0.283203	0.756836
6.315000	-0.747070	-0.991211
6.320000	-0.073242	-2.978516
6.325000	1.875000	-3.393555
6.330000	4.091797	-2.314453
6.335000	5.576172	-0.444336
6.340000	5.590820	1.352539
6.345000	4.853516	2.431641
6.350000	3.247070	2.519531
6.355000	1.577148	1.791992
6.360000	0.390625	0.678711
6.365000	-0.063477	-0.366211
6.370000	0.166016	-0.981445
6.375000	0.800781	-0.961914
6.380000	1.425781	-0.449219
6.385000	1.713867	0.268555
6.390000	1.538086	0.883789
6.395000	0.952148	1.186523
6.400000	0.166016	1.113281
6.405000	-0.561523	0.180664
6.410000	-0.639648	-1.962891
6.415000	0.644531	-3.364258
6.420000	2.846680	-3.085938
6.425000	4.868164	-1.562500
6.430000	5.590820	0.375977
6.435000	5.488281	1.928711
6.440000	4.223633	2.587891
6.445000	2.509766	2.294922
6.450000	1.000977	1.333008
6.455000	0.102539	0.209961
6.460000	-0.048828	-0.698242
6.465000	0.405273	-1.049805
6.470000	1.093750	-0.795898
6.475000	1.606445	-0.151367
6.480000	1.704102	0.556641
6.485000	1.323242	1.054688
6.490000	0.629883	1.201172
6.495000	-0.166016	0.893555
6.500000	-0.722656	-0.644531
6.505000	-0.278320	-2.763672
6.510000	1.523438	-3.437500
6.515000	3.774414	-2.548828
6.520000	5.454102	-0.747070
6.525000	5.595703	1.118164
6.530000	5.043945	2.333984
6.535000	3.515625	2.563477
6.540000	1.816406	1.943359
6.545000	0.532227	0.849609
6.550000	-0.043945	-0.224609
6.555000	0.092773	-0.927734
6.560000	0.693359	-1.005859
6.565000	1.342773	-0.551758
6.570000	1.704102	0.156250
6.575000	1.591797	0.805664
6.580000	1.069336	1.162109
6.585000	0.288086	1.157227
6.590000	-0.468750	0.419922
6.595000	-0.708008	-1.611328
6.600000	0.361328	-3.261719
6.605000	2.485352	-3.227539
6.610000	4.604492	-1.850586
6.615000	5.590820	0.083008
6.620000	5.576172	1.733398
6.625000	4.462891	2.548828
6.630000	2.778320	2.392578
6.635000	1.201172	1.503906
6.640000	0.190430	0.375977
6.645000	-0.063477	-0.590820
6.650000	0.312500	-1.035156
6.655000	0.986328	-0.864258
6.660000	1.547852	-0.263672
6.665000	1.713867	0.454102
6.670000	1.411133	1.000977
6.675000	0.756836	1.201172
6.680000	-0.048828	0.996094
6.685000	-0.678711	-0.322266
6.690000	-0.444336	-2.504883
6.695000	1.201172	-3.442383
6.700000	3.452148	-2.763672
6.705000	5.263672	-1.054688
6.710000	5.595703	0.859375
6.715000	5.229492	2.202148
6.720000	3.774414	2.597656
6.725000	2.060547	2.080078
6.730000	0.688477	1.030273
6.735000	-0.004883	-0.068359
6.740000	0.029297	-0.859375
6.745000	0.590820	-1.035156
6.750000	1.254883	-0.644531
6.755000	1.674805	0.048828
6.760000	1.640625	0.722656
6.765000	1.166992	1.132812
6.770000	0.415039	1.176758
6.775000	-0.366211	0.625000
6.780000	-0.742188	-1.254883
6.785000	0.097656	-3.115234
6.790000	2.133789	-3.334961
6.795000	4.316406	-2.119141
6.800000	5.581055	-0.219727
6.805000	5.585938	1.528320
6.810000	4.687500	2.490234
6.815000	3.046875	2.475586
6.820000	1.411133	1.674805
6.825000	0.297852	0.546875
6.830000	-0.073242	-0.473633
6.835000	0.224609	-1.010742
6.840000	0.878906	-0.922852
6.845000	1.474609	-0.371094
6.850000	1.718750	0.351562
6.855000	1.484375	0.937500
6.860000	0.869141	1.201172
6.865000	0.068359	1.074219
6.870000	-0.620117	-0.019531
6.875000	-0.571289	-2.207031
6.880000	0.874023	-3.413086
6.885000	3.105469	-2.958984
6.890000	5.043945	-1.342773
6.895000	5.590820	0.585938
6.900000	5.385742	2.055664
6.905000	4.028320	2.597656
6.910000	2.319336	2.202148
6.915000	0.859375	1.206055
6.920000	0.048828	0.083008
6.925000	-0.014648	-0.776367
6.930000	0.483398	-1.044922
6.935000	1.166992	-0.732422
6.940000	1.635742	-0.063477
6.945000	1.679688	0.629883
6.950000	1.254883	1.088867
6.955000	0.537109	1.196289
6.960000	-0.258789	0.786133
6.965000	-0.742188	-0.908203
6.970000	-0.122070	-2.929688
6.975000	1.791992	-3.403320
6.980000	4.018555	-2.368164
6.985000	5.571289	-0.517578
6.990000	5.590820	1.303711
6.995000	4.907227	2.412109
7.000000	3.310547	2.529297
7.005000	1.635742	1.826172
7.010000	0.419922	0.712891
7.015000	-0.058594	-0.332031
7.020000	0.146484	-0.966797
7.025000	0.776367	-0.971680
7.030000	1.406250	-0.478516
7.035000	1.713867	0.244141
7.040000	1.552734	0.864258
7.045000	0.986328	1.186523
7.050000	0.195312	1.127930
7.055000	-0.541992	0.244141
7.060000	-0.659180	-1.879883
7.065000	0.576172	-3.339844
7.070000	2.758789	-3.115234
7.075000	4.809570	-1.630859
7.080000	5.595703	0.307617
7.085000	5.522461	1.889648
7.090000	4.282227	2.578125
7.095000	2.573242	2.319336
7.100000	1.044922	1.376953
7.105000	0.122070	0.249023
7.110000	-0.048828	-0.678711
7.115000	0.385742	-1.044922
7.120000	1.069336	-0.810547
7.125000	1.586914	-0.175781
7.130000	1.704102	0.532227
7.135000	1.342773	1.044922
7.140000	0.659180	1.201172
7.145000	-0.141602	0.922852
7.150000	-0.712891	-0.571289
7.155000	-0.317383	-2.705078
7.160000	1.445312	-3.442383
7.165000	3.706055	-2.602539
7.170000	5.415039	-0.820312
7.175000	5.590820	1.064453
7.180000	5.087891	2.304688
7.185000	3.574219	2.568359
7.190000	1.875000	1.972656
7.195000	0.566406	0.893555
7.200000	-0.034180	-0.190430
7.205000	0.078125	-0.917969
7.210000	0.673828	-1.010742
7.215000	1.318359	-0.576172
7.220000	1.699219	0.131836
7.225000	1.606445	0.786133
7.230000	1.088867	1.162109
7.235000	0.317383	1.157227
7.240000	-0.449219	0.468750
7.245000	-0.717773	-1.533203
7.250000	0.297852	-3.227539
7.255000	2.412109	-3.251953
7.260000	4.545898	-1.914062
7.265000	5.585938	0.009766
7.270000	5.581055	1.694336
7.275000	4.516602	2.539062
7.280000	2.836914	2.416992
7.285000	1.245117	1.547852
7.290000	0.214844	0.410156
7.295000	-0.068359	-0.566406
7.300000	0.292969	-1.025391
7.305000	0.961914	-0.878906
7.310000	1.538086	-0.288086
7.315000	1.718750	0.434570
7.320000	1.430664	0.991211
7.325000	0.776367	1.201172
7.330000	-0.019531	1.015625
7.335000	-0.673828	-0.249023
7.340000	-0.478516	-2.436523
7.345000	1.123047	-3.442383
7.350000	3.374023	-2.812500
7.355000	5.214844	-1.123047
7.360000	5.590820	0.795898
7.365000	5.268555	2.172852
7.370000	3.833008	2.597656
7.375000	2.119141	2.109375
7.380000	0.722656	1.069336
7.385000	0.000000	-0.034180
7.390000	0.019531	-0.839844
7.395000	0.566406	-1.030273
7.400000	1.240234	-0.664062
7.405000	1.674805	0.019531
7.410000	1.655273	0.703125
7.415000	1.191406	1.123047
7.420000	0.444336	1.181641
7.425000	-0.341797	0.664062
7.430000	-0.747070	-1.176758
7.435000	0.043945	-3.076172
7.440000	2.055664	-3.354492
7.445000	4.252930	-2.177734
7.450000	5.585938	-0.283203
7.455000	5.585938	1.479492
7.460000	4.741211	2.480469
7.465000	3.110352	2.490234
7.470000	1.459961	1.708984
7.475000	0.322266	0.585938
7.480000	-0.073242	-0.439453
7.485000	0.205078	-1.005859
7.490000	0.859375	-0.937500
7.495000	1.464844	-0.395508
7.500000	1.723633	0.327148
7.505000	1.503906	0.922852
7.510000	0.893555	1.196289
7.515000	0.102539	1.088867
7.520000	-0.600586	0.043945
7.525000	-0.600586	-2.133789
7.530000	0.795898	-3.403320
7.535000	3.022461	-3.002930
7.540000	4.990234	-1.416016
7.545000	5.590820	0.522461
7.550000	5.419922	2.016602
7.555000	4.091797	2.597656
7.560000	2.377930	2.236328
7.565000	0.903320	1.240234
7.570000	0.063477	0.122070
7.575000	-0.024414	-0.751953
7.580000	0.458984	-1.049805
7.585000	1.147461	-0.756836
7.590000	1.625977	-0.092773
7.595000	1.689453	0.610352
7.600000	1.284180	1.083984
7.605000	0.571289	1.196289
7.610000	-0.229492	0.825195
7.615000	-0.742188	-0.820312
7.620000	-0.175781	-2.875977
7.625000	1.704102	-3.417969
7.630000	3.940430	-2.431641
7.635000	5.541992	-0.595703
7.640000	5.590820	1.240234
7.645000	4.956055	2.387695
7.650000	3.378906	2.548828
7.655000	1.694336	1.870117
7.660000	0.458984	0.761719
7.665000	-0.053711	-0.297852
7.670000	0.131836	-0.952148
7.675000	0.747070	-0.986328
7.680000	1.386719	-0.502930
7.685000	1.708984	0.214844
7.690000	1.567383	0.849609
7.695000	1.010742	1.176758
7.700000	0.224609	1.137695
7.705000	-0.522461	0.312500
7.710000	-0.678711	-1.791992
7.715000	0.498047	-3.320312
7.720000	2.666016	-3.159180
7.725000	4.741211	-1.704102
7.730000	5.590820	0.229492
7.735000	5.551758	1.840820
7.740000	4.345703	2.568359
7.745000	2.641602	2.348633
7.750000	1.098633	1.420898
7.755000	0.146484	0.288086
7.760000	-0.053711	-0.654297
7.765000	0.361328	-1.044922
7.770000	1.044922	-0.830078
7.775000	1.582031	-0.209961
7.780000	1.713867	0.507812
7.785000	1.372070	1.035156
7.790000	0.693359	1.206055
7.795000	-0.107422	0.947266
7.800000	-0.708008	-0.473633
7.805000	-0.366211	-2.631836
7.810000	1.347656	-3.447266
7.815000	3.613281	-2.666016
7.820000	5.366211	-0.903320
7.825000	5.595703	0.991211
7.830000	5.141602	2.270508
7.835000	3.652344	2.583008
7.840000	1.938477	2.016602
7.845000	0.610352	0.942383
7.850000	-0.024414	-0.146484
7.855000	0.063477	-0.898438
7.860000	0.639648	-1.025391
7.865000	1.298828	-0.605469
7.870000	1.694336	0.102539
7.875000	1.621094	0.761719
7.880000	1.118164	1.152344
7.885000	0.356445	1.166992
7.890000	-0.415039	0.532227
7.895000	-0.727539	-1.425781
7.900000	0.219727	-3.183594
7.905000	2.309570	-3.286133
7.910000	4.458008	-1.987305
7.915000	5.585938	-0.073242
7.920000	5.585938	1.635742
7.925000	4.580078	2.524414
7.930000	2.919922	2.436523
7.935000	1.303711	1.586914
7.940000	0.239258	0.458984
7.945000	-0.073242	-0.532227
7.950000	0.273438	-1.025391
7.955000	0.932617	-0.898438
7.960000	1.513672	-0.317383
7.965000	1.723633	0.405273
7.970000	1.455078	0.966797
7.975000	0.810547	1.201172
7.980000	0.014648	1.040039
7.985000	-0.649414	-0.156250
7.990000	-0.517578	-2.353516
7.995000	1.030273	-3.437500
8.000000	3.271484	-2.871094
8.005000	5.151367	-1.206055
8.010000	5.590820	0.717773
8.015000	5.307617	2.133789
8.020000	3.916016	2.602539
8.025000	2.197266	2.148438
8.030000	0.771484	1.123047
8.035000	0.019531	0.009766
8.040000	0.004883	-0.820312
8.045000	0.532227	-1.044922
8.050000	1.210938	-0.693359
8.055000	1.660156	-0.014648
8.060000	1.665039	0.673828
8.065000	1.225586	1.113281
8.070000	0.483398	1.191406
8.075000	-0.307617	0.717773
8.080000	-0.747070	-1.069336
8.085000	-0.024414	-3.017578
8.090000	1.948242	-3.378906
8.095000	4.160156	-2.260742
8.100000	5.581055	-0.375977
8.105000	5.585938	1.411133
8.110000	4.809570	2.456055
8.115000	3.188477	2.500000
8.120000	1.533203	1.762695
8.125000	0.371094	0.634766
8.130000	-0.068359	-0.400391
8.135000	0.180664	-0.991211
8.140000	0.825195	-0.952148
8.145000	1.440430	-0.429688
8.150000	1.723633	0.292969
8.155000	1.528320	0.898438
8.160000	0.932617	1.196289
8.165000	0.141602	1.103516
8.170000	-0.581055	0.131836
8.175000	-0.625000	-2.026367
8.180000	0.703125	-3.378906
8.185000	2.910156	-3.051758
8.190000	4.921875	-1.503906
8.195000	5.590820	0.434570
8.200000	5.463867	1.962891
8.205000	4.169922	2.592773
8.210000	2.465820	2.270508
8.215000	0.961914	1.298828
8.220000	0.087891	0.175781
8.225000	-0.034180	-0.722656
8.230000	0.429688	-1.049805
8.235000	1.108398	-0.781250
8.240000	1.616211	-0.131836
8.245000	1.699219	0.581055
8.250000	1.313477	1.069336
8.255000	0.610352	1.201172
8.260000	-0.190430	0.869141
8.265000	-0.732422	-0.712891
8.270000	-0.244141	-2.807617
8.275000	1.591797	-3.432617
8.280000	3.837891	-2.504883
8.285000	5.493164	-0.688477
8.290000	5.590820	1.166992
8.295000	5.009766	2.353516
8.300000	3.461914	2.558594
8.305000	1.767578	1.914062
8.310000	0.502930	0.820312
8.315000	-0.048828	-0.253906
8.320000	0.107422	-0.942383
8.325000	0.712891	-1.000977
8.330000	1.362305	-0.532227
8.335000	1.704102	0.180664
8.340000	1.586914	0.820312
8.345000	1.049805	1.166992
8.350000	0.268555	1.147461
8.355000	-0.488281	0.380859
8.360000	-0.703125	-1.674805
8.365000	0.410156	-3.276367
8.370000	2.553711	-3.203125
8.375000	4.658203	-1.801758
8.380000	5.590820	0.131836
8.385000	5.576172	1.777344
8.390000	4.418945	2.553711
8.395000	2.729492	2.377930
8.400000	1.162109	1.474609
8.405000	0.170898	0.341797
8.410000	-0.068359	-0.615234
8.415000	0.327148	-1.040039
8.420000	1.010742	-0.854492
8.425000	1.557617	-0.239258
8.430000	1.713867	0.473633
8.435000	1.396484	1.010742
8.440000	0.732422	1.201172
8.445000	-0.068359	0.981445
8.450000	-0.693359	-0.371094
8.455000	-0.415039	-2.548828
8.460000	1.245117	-3.442383
8.465000	3.505859	-2.729492
8.470000	5.302734	-1.000977
8.475000	5.590820	0.903320
8.480000	5.200195	2.226562
8.485000	3.735352	2.587891
8.490000	2.021484	2.055664
8.495000	0.654297	1.000977
8.500000	-0.014648	-0.097656
8.505000	0.039062	-0.874023
8.510000	0.610352	-1.030273
8.515000	1.269531	-0.629883
8.520000	1.679688	0.058594
8.525000	1.640625	0.732422
8.530000	1.152344	1.137695
8.535000	0.395508	1.176758
8.540000	-0.385742	0.595703
8.545000	-0.732422	-1.308594
8.550000	0.136719	-3.144531
8.555000	2.192383	-3.320312
8.560000	4.370117	-2.080078
8.565000	5.585938	-0.170898
8.570000	5.590820	1.562500
8.575000	4.658203	2.500000
8.580000	3.002930	2.465820
8.585000	1.372070	1.650391
8.590000	0.278320	0.522461
8.595000	-0.073242	-0.493164
8.600000	0.234375	-1.020508
8.605000	0.903320	-0.917969
8.610000	1.499023	-0.356445
8.615000	1.728516	0.366211
8.620000	1.484375	0.947266
8.625000	0.859375	1.201172
8.630000	0.058594	1.069336
8.635000	-0.625000	-0.053711
8.640000	-0.561523	-2.246094
8.645000	0.913086	-3.422852
8.650000	3.149414	-2.934570
8.655000	5.078125	-1.313477
8.660000	5.595703	0.620117
8.665000	5.371094	2.075195
8.670000	4.003906	2.602539
8.675000	2.290039	2.192383
8.680000	0.834961	1.186523
8.685000	0.039062	0.068359
8.690000	-0.009766	-0.786133
8.695000	0.498047	-1.044922
8.700000	1.181641	-0.722656
8.705000	1.645508	-0.053711
8.710000	1.679688	0.639648
8.715000	1.250000	1.098633
8.720000	0.527344	1.196289
8.725000	-0.268555	0.776367
8.730000	-0.747070	-0.942383
8.735000	-0.102539	-2.949219
8.740000	1.821289	-3.403320
8.745000	4.047852	-2.353516
8.750000	5.576172	-0.493164
8.755000	5.595703	1.323242
8.760000	4.882812	2.421875
8.765000	3.286133	2.529297
8.770000	1.611328	1.821289
8.775000	0.410156	0.703125
8.780000	-0.063477	-0.346680
8.785000	0.151367	-0.976562
8.790000	0.786133	-0.976562
8.795000	1.416016	-0.468750
8.800000	1.718750	0.253906
8.805000	1.552734	0.878906
8.810000	0.976562	1.186523
8.815000	0.185547	1.127930
8.820000	-0.546875	0.224609
8.825000	-0.654297	-1.904297
8.830000	0.595703	-3.354492
8.835000	2.778320	-3.110352
8.840000	4.829102	-1.611328
8.845000	5.595703	0.327148
8.850000	5.517578	1.894531
8.855000	4.267578	2.578125
8.860000	2.553711	2.309570
8.865000	1.035156	1.362305
8.870000	0.117188	0.234375
8.875000	-0.043945	-0.683594
8.880000	0.390625	-1.049805
8.885000	1.079102	-0.810547
8.890000	1.596680	-0.170898
8.895000	1.708984	0.537109
8.900000	1.347656	1.049805
8.905000	0.659180	1.201172
8.910000	-0.146484	0.917969
8.915000	-0.717773	-0.581055
8.920000	-0.312500	-2.714844
8.925000	1.455078	-3.442383
8.930000	3.715820	-2.597656
8.935000	5.419922	-0.805664
8.940000	5.590820	1.069336
8.945000	5.087891	2.309570
8.950000	3.569336	2.568359
8.955000	1.865234	1.967773
8.960000	0.561523	0.888672
8.965000	-0.039062	-0.190430
8.970000	0.078125	-0.917969
8.975000	0.673828	-1.015625
8.980000	1.323242	-0.576172
8.985000	1.699219	0.136719
8.990000	1.611328	0.791016
8.995000	1.093750	1.162109
9.000000	0.317383	1.162109
9.005000	-0.444336	0.468750
9.010000	-0.712891	-1.538086
9.015000	0.302734	-3.232422
9.020000	2.416992	-3.251953
9.025000	4.550781	-1.909180
9.030000	5.590820	0.019531
9.035000	5.581055	1.694336
9.040000	4.506836	2.539062
9.045000	2.836914	2.412109
9.050000	1.240234	1.538086
9.055000	0.214844	0.410156
9.060000	-0.068359	-0.566406
9.065000	0.292969	-1.030273
9.070000	0.966797	-0.878906
9.075000	1.538086	-0.283203
9.080000	1.723633	0.439453
9.085000	1.430664	0.991211
9.090000	0.776367	1.206055
9.095000	-0.019531	1.015625
9.100000	-0.664062	-0.244141
9.105000	-0.473633	-2.441406
9.110000	1.123047	-3.442383
9.115000	3.374023	-2.812500
9.120000	5.219727	-1.123047
9.125000	5.590820	0.800781
9.130000	5.263672	2.172852
9.135000	3.837891	2.597656
9.140000	2.124023	2.109375
9.145000	0.722656	1.069336
9.150000	0.004883	-0.034180
9.155000	0.019531	-0.839844
9.160000	0.566406	-1.035156
9.165000	1.240234	-0.664062
9.170000	1.669922	0.019531
9.175000	1.655273	0.698242
9.180000	1.191406	1.123047
9.185000	0.444336	1.181641
9.190000	-0.336914	0.664062
9.195000	-0.747070	-1.176758
9.200000	0.043945	-3.076172
9.205000	2.050781	-3.354492
9.210000	4.252930	-2.177734
9.215000	5.581055	-0.288086
9.220000	5.590820	1.479492
9.225000	4.741211	2.480469
9.230000	3.110352	2.485352
9.235000	1.459961	1.708984
9.240000	0.327148	0.590820
9.245000	-0.068359	-0.439453
9.250000	0.205078	-1.000977
9.255000	0.859375	-0.937500
9.260000	1.464844	-0.395508
9.265000	1.723633	0.322266
9.270000	1.503906	0.917969
9.275000	0.898438	1.196289
9.280000	0.102539	1.088867
9.285000	-0.605469	0.043945
9.290000	-0.595703	-2.128906
9.295000	0.795898	-3.398438
9.300000	3.022461	-3.002930
9.305000	4.990234	-1.416016
9.310000	5.590820	0.517578
9.315000	5.419922	2.016602
9.320000	4.086914	2.597656
9.325000	2.382812	2.236328
9.330000	0.903320	1.245117
9.335000	0.063477	0.122070
9.340000	-0.024414	-0.751953
9.345000	0.463867	-1.049805
9.350000	1.147461	-0.756836
9.355000	1.630859	-0.092773
9.360000	1.694336	0.610352
9.365000	1.289062	1.083984
9.370000	0.576172	1.196289
9.375000	-0.224609	0.834961
9.380000	-0.737305	-0.810547
9.385000	-0.180664	-2.871094
9.390000	1.689453	-3.417969
9.395000	3.930664	-2.436523
9.400000	5.537109	-0.605469
9.405000	5.590820	1.230469
9.410000	4.960938	2.387695
9.415000	3.383789	2.543945
9.420000	1.694336	1.870117
9.425000	0.463867	0.766602
9.430000	-0.058594	-0.292969
9.435000	0.126953	-0.952148
9.440000	0.747070	-0.986328
9.445000	1.381836	-0.502930
9.450000	1.713867	0.209961
9.455000	1.567383	0.849609
9.460000	1.010742	1.176758
9.465000	0.229492	1.137695
9.470000	-0.512695	0.312500
9.475000	-0.678711	-1.777344
9.480000	0.488281	-3.315430
9.485000	2.656250	-3.159180
9.490000	4.736328	-1.713867
9.495000	5.590820	0.224609
9.500000	5.556641	1.835938
9.505000	4.350586	2.568359
9.510000	2.651367	2.348633
9.515000	1.103516	1.425781
9.520000	0.146484	0.297852
9.525000	-0.053711	-0.649414
9.530000	0.356445	-1.044922
9.535000	1.040039	-0.834961
9.540000	1.577148	-0.209961
9.545000	1.713867	0.502930
9.550000	1.376953	1.030273
9.555000	0.693359	1.201172
9.560000	-0.102539	0.952148
9.565000	-0.703125	-0.468750
9.570000	-0.371094	-2.631836
9.575000	1.337891	-3.442383
9.580000	3.603516	-2.670898
9.585000	5.361328	-0.913086
9.590000	5.590820	0.981445
9.595000	5.146484	2.270508
9.600000	3.662109	2.583008
9.605000	1.948242	2.016602
9.610000	0.615234	0.942383
9.615000	-0.024414	-0.146484
9.620000	0.058594	-0.898438
9.625000	0.634766	-1.025391
9.630000	1.298828	-0.605469
9.635000	1.694336	0.097656
9.640000	1.625977	0.766602
9.645000	1.123047	1.152344
9.650000	0.356445	1.171875
9.655000	-0.410156	0.537109
9.660000	-0.727539	-1.411133
9.665000	0.214844	-3.188477
9.670000	2.299805	-3.291016
9.675000	4.453125	-2.001953
9.680000	5.585938	-0.083008
9.685000	5.585938	1.621094
9.690000	4.589844	2.519531
9.695000	2.924805	2.441406
9.700000	1.308594	1.596680
9.705000	0.249023	0.468750
9.710000	-0.073242	-0.527344
9.715000	0.263672	-1.030273
9.720000	0.932617	-0.903320
9.725000	1.518555	-0.327148
9.730000	1.728516	0.395508
9.735000	1.459961	0.966797
9.740000	0.820312	1.201172
9.745000	0.019531	1.044922
9.750000	-0.644531	-0.141602
9.755000	-0.522461	-2.338867
9.760000	1.005859	-3.432617
9.765000	3.251953	-2.880859
9.770000	5.146484	-1.225586
9.775000	5.590820	0.703125
9.780000	5.317383	2.124023
9.785000	3.930664	2.597656
9.790000	2.216797	2.153320
9.795000	0.786133	1.132812
9.800000	0.019531	0.019531
9.805000	0.000000	-0.810547
9.810000	0.532227	-1.049805
9.815000	1.215820	-0.698242
9.820000	1.660156	-0.019531
9.825000	1.669922	0.668945
9.830000	1.230469	1.113281
9.835000	0.498047	1.191406
9.840000	-0.297852	0.732422
9.845000	-0.747070	-1.044922
9.850000	-0.043945	-3.007812
9.855000	1.918945	-3.383789
9.860000	4.140625	-2.270508
9.865000	5.581055	-0.405273
9.870000	5.590820	1.391602
9.875000	4.824219	2.446289
9.880000	3.208008	2.509766
9.885000	1.542969	1.767578
9.890000	0.371094	0.654297
9.895000	-0.068359	-0.385742
9.900000	0.180664	-0.991211
9.905000	0.815430	-0.961914
9.910000	1.440430	-0.439453
9.915000	1.723633	0.283203
9.920000	1.533203	0.898438
9.925000	0.942383	1.196289
9.930000	0.151367	1.108398
9.935000	-0.571289	0.151367
9.940000	-0.629883	-1.997070
9.945000	0.678711	-3.374023
9.950000	2.880859	-3.071289
9.955000	4.897461	-1.533203
9.960000	5.590820	0.400391
9.965000	5.478516	1.943359
9.970000	4.194336	2.587891
9.975000	2.485352	2.280273
9.980000	0.976562	1.318359
9.985000	0.092773	0.185547
9.990000	-0.039062	-0.712891
9.995000	0.419922	-1.049805
10.000000	1.103516	-0.791016
