# Time_s	x	xdot
0.000000	-0.698242	-1.640625
0.005000	0.385742	-3.203125
0.010000	2.480469	-3.105469
0.015000	4.516602	-1.728516
0.020000	5.585938	0.151367
0.025000	5.493164	1.733398
0.030000	4.355469	2.485352
0.035000	2.714844	2.304688
0.040000	1.196289	1.445312
0.045000	0.234375	0.366211
0.050000	-0.019531	-0.498047
0.055000	0.292969	-0.854492
0.060000	0.849609	-0.683594
0.065000	1.289062	-0.146484
0.070000	1.391602	0.473633
0.075000	1.074219	0.927734
0.080000	0.454102	1.083984
0.085000	-0.268555	0.751953
0.090000	-0.727539	-0.859375
0.095000	-0.141602	-2.807617
0.100000	1.694336	-3.276367
0.105000	3.837891	-2.280273
0.110000	5.336914	-0.502930
0.115000	5.585938	1.235352
0.120000	4.824219	2.299805
0.125000	3.310547	2.421875
0.130000	1.704102	1.757812
0.135000	0.541992	0.712891
0.140000	0.053711	-0.234375
0.145000	0.195312	-0.766602
0.150000	0.693359	-0.761719
0.155000	1.191406	-0.336914
0.160000	1.401367	0.268555
0.165000	1.225586	0.786133
0.170000	0.698242	1.044922
0.175000	0.004883	0.961914
0.180000	-0.615234	-0.092773
0.185000	-0.522461	-2.138672
0.190000	0.878906	-3.193359
0.195000	2.963867	-2.700195
0.200000	4.741211	-1.162109
0.205000	5.507812	0.634766
0.210000	5.092773	1.958008
0.215000	3.798828	2.426758
0.220000	2.202148	2.026367
0.225000	0.859375	1.098633
0.230000	0.122070	0.087891
0.235000	0.048828	-0.605469
0.240000	0.439453	-0.791016
0.245000	0.952148	-0.502930
0.250000	1.269531	0.053711
0.255000	1.240234	0.615234
0.260000	0.834961	0.966797
0.265000	0.190430	1.025391
0.270000	-0.483398	0.346680
0.275000	-0.673828	-1.577148
0.280000	0.366211	-3.085938
0.285000	2.392578	-2.993164
0.290000	4.350586	-1.665039
0.295000	5.449219	0.141602
0.300000	5.356445	1.674805
0.305000	4.252930	2.402344
0.310000	2.670898	2.221680
0.315000	1.206055	1.391602
0.320000	0.273438	0.361328
0.325000	0.024414	-0.463867
0.330000	0.317383	-0.795898
0.335000	0.834961	-0.629883
0.340000	1.245117	-0.122070
0.345000	1.313477	0.463867
0.350000	1.010742	0.903320
0.355000	0.410156	1.044922
0.360000	-0.288086	0.703125
0.365000	-0.712891	-0.903320
0.370000	-0.102539	-2.778320
0.375000	1.713867	-3.168945
0.380000	3.784180	-2.163086
0.385000	5.214844	-0.419922
0.390000	5.488281	1.259766
0.395000	4.658203	2.265625
0.400000	3.168945	2.358398
0.405000	1.601562	1.694336
0.410000	0.478516	0.668945
0.415000	0.024414	-0.249023
0.420000	0.175781	-0.747070
0.425000	0.659180	-0.722656
0.430000	1.137695	-0.292969
0.435000	1.318359	0.292969
0.440000	1.127930	0.791016
0.445000	0.605469	1.035156
0.450000	-0.083008	0.908203
0.455000	-0.659180	-0.302734
0.460000	-0.434570	-2.348633
0.465000	1.103516	-3.227539
0.470000	3.212891	-2.578125
0.475000	4.912109	-0.966797
0.480000	5.541992	0.815430
0.485000	5.004883	2.065430
0.490000	3.652344	2.426758
0.495000	2.045898	1.948242
0.500000	0.756836	0.981445
0.505000	0.092773	-0.014648
0.510000	0.087891	-0.654297
0.515000	0.507812	-0.781250
0.520000	1.020508	-0.454102
0.525000	1.308594	0.112305
0.530000	1.235352	0.664062
0.535000	0.786133	0.991211
0.540000	0.126953	1.010742
0.545000	-0.532227	0.219727
0.550000	-0.634766	-1.762695
0.555000	0.522461	-3.134766
0.560000	2.573242	-2.905273
0.565000	4.482422	-1.503906
0.570000	5.473633	0.302734
0.575000	5.278320	1.772461
0.580000	4.106445	2.416992
0.585000	2.519531	2.163086
0.590000	1.088867	1.298828
0.595000	0.214844	0.268555
0.600000	0.029297	-0.512695
0.605000	0.351562	-0.795898
0.610000	0.874023	-0.590820
0.615000	1.250000	-0.063477
0.620000	1.289062	0.517578
0.625000	0.947266	0.927734
0.630000	0.332031	1.044922
0.635000	-0.356445	0.595703
0.640000	-0.712891	-1.132812
0.645000	0.034180	-2.900391
0.650000	1.933594	-3.129883
0.655000	3.979492	-2.006836
0.660000	5.302734	-0.229492
0.665000	5.458984	1.406250
0.670000	4.536133	2.329102
0.675000	3.007812	2.324219
0.680000	1.469727	1.596680
0.685000	0.405273	0.566406
0.690000	0.019531	-0.322266
0.695000	0.224609	-0.766602
0.700000	0.722656	-0.698242
0.705000	1.176758	-0.244141
0.710000	1.318359	0.351562
0.715000	1.093750	0.834961
0.720000	0.541992	1.040039
0.725000	-0.151367	0.854492
0.730000	-0.688477	-0.488281
0.735000	-0.336914	-2.504883
0.740000	1.289062	-3.222656
0.745000	3.413086	-2.451172
0.750000	5.014648	-0.786133
0.755000	5.541992	0.966797
0.760000	4.907227	2.138672
0.765000	3.496094	2.416992
0.770000	1.899414	1.870117
0.775000	0.659180	0.883789
0.780000	0.063477	-0.092773
0.785000	0.112305	-0.693359
0.790000	0.556641	-0.771484
0.795000	1.059570	-0.400391
0.800000	1.308594	0.175781
0.805000	1.201172	0.703125
0.810000	0.732422	1.010742
0.815000	0.058594	0.991211
0.820000	-0.581055	0.053711
0.825000	-0.590820	-1.972656
0.830000	0.703125	-3.178711
0.835000	2.788086	-2.817383
0.840000	4.633789	-1.333008
0.845000	5.517578	0.478516
0.850000	5.200195	1.875000
0.855000	3.959961	2.431641
0.860000	2.363281	2.099609
0.865000	0.976562	1.206055
0.870000	0.170898	0.170898
0.875000	0.039062	-0.566406
0.880000	0.405273	-0.795898
0.885000	0.927734	-0.551758
0.890000	1.274414	-0.004883
0.895000	1.274414	0.571289
0.900000	0.898438	0.942383
0.905000	0.268555	1.040039
0.910000	-0.415039	0.488281
0.915000	-0.703125	-1.333008
0.920000	0.190430	-2.988281
0.925000	2.148438	-3.076172
0.930000	4.155273	-1.845703
0.935000	5.371094	-0.048828
0.940000	5.410156	1.533203
0.945000	4.404297	2.363281
0.950000	2.841797	2.275391
0.955000	1.333008	1.499023
0.960000	0.336914	0.463867
0.965000	0.019531	-0.390625
0.970000	0.258789	-0.786133
0.975000	0.766602	-0.664062
0.980000	1.201172	-0.180664
0.985000	1.313477	0.405273
0.990000	1.049805	0.859375
0.995000	0.473633	1.044922
1.000000	-0.219727	0.786133
1.005000	-0.708008	-0.688477
1.010000	-0.229492	-2.651367
1.015000	1.499023	-3.208008
1.020000	3.603516	-2.314453
1.025000	5.122070	-0.610352
1.030000	5.527344	1.118164
1.035000	4.790039	2.207031
1.040000	3.334961	2.392578
1.045000	1.752930	1.787109
1.050000	0.571289	0.776367
1.055000	0.043945	-0.170898
1.060000	0.141602	-0.717773
1.065000	0.615234	-0.751953
1.070000	1.098633	-0.351562
1.075000	1.318359	0.229492
1.080000	1.166992	0.747070
1.085000	0.668945	1.020508
1.090000	-0.009766	0.952148
1.095000	-0.625000	-0.102539
1.100000	-0.522461	-2.163086
1.105000	0.888672	-3.208008
1.110000	2.993164	-2.705078
1.115000	4.770508	-1.162109
1.120000	5.532227	0.644531
1.125000	5.112305	1.967773
1.130000	3.808594	2.431641
1.135000	2.207031	2.031250
1.140000	0.864258	1.098633
1.145000	0.126953	0.083008
1.150000	0.058594	-0.610352
1.155000	0.454102	-0.791016
1.160000	0.971680	-0.507812
1.165000	1.293945	0.048828
1.170000	1.250000	0.620117
1.175000	0.849609	0.971680
1.180000	0.200195	1.030273
1.185000	-0.473633	0.366211
1.190000	-0.678711	-1.547852
1.195000	0.346680	-3.071289
1.200000	2.353516	-2.998047
1.205000	4.321289	-1.684570
1.210000	5.434570	0.126953
1.215000	5.351562	1.655273
1.220000	4.262695	2.397461
1.225000	2.685547	2.226562
1.230000	1.215820	1.406250
1.235000	0.273438	0.366211
1.240000	0.019531	-0.454102
1.245000	0.302734	-0.791016
1.250000	0.820312	-0.634766
1.255000	1.235352	-0.126953
1.260000	1.303711	0.458984
1.265000	1.005859	0.893555
1.270000	0.410156	1.044922
1.275000	-0.288086	0.703125
1.280000	-0.712891	-0.898438
1.285000	-0.107422	-2.778320
1.290000	1.704102	-3.178711
1.295000	3.779297	-2.172852
1.300000	5.214844	-0.424805
1.305000	5.502930	1.254883
1.310000	4.672852	2.265625
1.315000	3.173828	2.363281
1.320000	1.616211	1.694336
1.325000	0.488281	0.673828
1.330000	0.024414	-0.249023
1.335000	0.180664	-0.751953
1.340000	0.659180	-0.727539
1.345000	1.137695	-0.297852
1.350000	1.323242	0.292969
1.355000	1.132812	0.791016
1.360000	0.610352	1.030273
1.365000	-0.078125	0.913086
1.370000	-0.654297	-0.288086
1.375000	-0.444336	-2.338867
1.380000	1.083984	-3.227539
1.385000	3.198242	-2.587891
1.390000	4.902344	-0.981445
1.395000	5.546875	0.805664
1.400000	5.009766	2.060547
1.405000	3.662109	2.431641
1.410000	2.060547	1.953125
1.415000	0.761719	0.991211
1.420000	0.092773	-0.004883
1.425000	0.083008	-0.649414
1.430000	0.502930	-0.791016
1.435000	1.015625	-0.458984
1.440000	1.303711	0.112305
1.445000	1.235352	0.664062
1.450000	0.791016	0.991211
1.455000	0.131836	1.010742
1.460000	-0.527344	0.229492
1.465000	-0.639648	-1.757812
1.470000	0.517578	-3.129883
1.475000	2.558594	-2.915039
1.480000	4.477539	-1.513672
1.485000	5.473633	0.297852
1.490000	5.283203	1.767578
1.495000	4.121094	2.416992
1.500000	2.524414	2.172852
1.505000	1.093750	1.303711
1.510000	0.219727	0.273438
1.515000	0.029297	-0.507812
1.520000	0.351562	-0.800781
1.525000	0.869141	-0.595703
1.530000	1.250000	-0.068359
1.535000	1.293945	0.512695
1.540000	0.957031	0.922852
1.545000	0.341797	1.044922
1.550000	-0.351562	0.605469
1.555000	-0.712891	-1.113281
1.560000	0.029297	-2.885742
1.565000	1.914062	-3.129883
1.570000	3.964844	-2.021484
1.575000	5.297852	-0.249023
1.580000	5.463867	1.396484
1.585000	4.545898	2.319336
1.590000	3.017578	2.329102
1.595000	1.479492	1.601562
1.600000	0.405273	0.576172
1.605000	0.019531	-0.317383
1.610000	0.219727	-0.771484
1.615000	0.717773	-0.698242
1.620000	1.171875	-0.244141
1.625000	1.323242	0.346680
1.630000	1.093750	0.825195
1.635000	0.541992	1.044922
1.640000	-0.146484	0.854492
1.645000	-0.683594	-0.483398
1.650000	-0.346680	-2.500000
1.655000	1.279297	-3.227539
1.660000	3.398438	-2.460938
1.665000	5.009766	-0.795898
1.670000	5.546875	0.961914
1.675000	4.916992	2.138672
1.680000	3.500977	2.416992
1.685000	1.904297	1.875000
1.690000	0.659180	0.888672
1.695000	0.063477	-0.087891
1.700000	0.107422	-0.688477
1.705000	0.551758	-0.771484
1.710000	1.054688	-0.410156
1.715000	1.313477	0.170898
1.720000	1.206055	0.703125
1.725000	0.732422	1.005859
1.730000	0.058594	0.991211
1.735000	-0.581055	0.068359
1.740000	-0.590820	-1.958008
1.745000	0.693359	-3.178711
1.750000	2.773438	-2.817383
1.755000	4.628906	-1.337891
1.760000	5.517578	0.468750
1.765000	5.209961	1.875000
1.770000	3.969727	2.431641
1.775000	2.373047	2.104492
1.780000	0.976562	1.206055
1.785000	0.170898	0.175781
1.790000	0.039062	-0.561523
1.795000	0.395508	-0.795898
1.800000	0.922852	-0.551758
1.805000	1.269531	-0.009766
1.810000	1.274414	0.566406
1.815000	0.903320	0.947266
1.820000	0.273438	1.040039
1.825000	-0.415039	0.498047
1.830000	-0.703125	-1.333008
1.835000	0.185547	-2.993164
1.840000	2.138672	-3.081055
1.845000	4.155273	-1.855469
1.850000	5.380859	-0.058594
1.855000	5.424805	1.538086
1.860000	4.414062	2.363281
1.865000	2.851562	2.285156
1.870000	1.337891	1.508789
1.875000	0.336914	0.473633
1.880000	0.014648	-0.390625
1.885000	0.258789	-0.786133
1.890000	0.771484	-0.668945
1.895000	1.206055	-0.185547
1.900000	1.313477	0.405273
1.905000	1.054688	0.864258
1.910000	0.473633	1.044922
1.915000	-0.219727	0.791016
1.920000	-0.712891	-0.688477
1.925000	-0.234375	-2.656250
1.930000	1.503906	-3.217773
1.935000	3.613281	-2.324219
1.940000	5.136719	-0.610352
1.945000	5.546875	1.123047
1.950000	4.804688	2.211914
1.955000	3.344727	2.402344
1.960000	1.757812	1.787109
1.965000	0.571289	0.781250
1.970000	0.043945	-0.170898
1.975000	0.141602	-0.722656
1.980000	0.615234	-0.751953
1.985000	1.103516	-0.351562
1.990000	1.323242	0.234375
1.995000	1.171875	0.751953
2.000000	0.673828	1.020508
2.005000	-0.009766	0.957031
2.010000	-0.625000	-0.102539
2.015000	-0.527344	-2.163086
2.020000	0.893555	-3.217773
2.025000	2.998047	-2.714844
2.030000	4.785156	-1.166992
2.035000	5.551758	0.644531
2.040000	5.126953	1.977539
2.045000	3.823242	2.441406
2.050000	2.216797	2.036133
2.055000	0.864258	1.098633
2.060000	0.122070	0.083008
2.065000	0.053711	-0.615234
2.070000	0.449219	-0.795898
2.075000	0.966797	-0.507812
2.080000	1.289062	0.053711
2.085000	1.250000	0.615234
2.090000	0.849609	0.976562
2.095000	0.200195	1.030273
2.100000	-0.478516	0.361328
2.105000	-0.678711	-1.562500
2.110000	0.351562	-3.085938
2.115000	2.373047	-3.012695
2.120000	4.350586	-1.684570
2.125000	5.458984	0.131836
2.130000	5.375977	1.669922
2.135000	4.277344	2.412109
2.140000	2.690430	2.250977
2.145000	1.206055	1.425781
2.150000	0.249023	0.390625
2.155000	-0.019531	-0.439453
2.160000	0.258789	-0.800781
2.165000	0.776367	-0.639648
2.170000	1.196289	-0.131836
2.175000	1.269531	0.468750
2.180000	0.961914	0.917969
2.185000	0.351562	1.074219
2.190000	-0.356445	0.659180
2.195000	-0.751953	-1.118164
2.200000	-0.004883	-3.002930
2.205000	1.953125	-3.300781
2.210000	4.121094	-2.158203
2.215000	5.541992	-0.302734
2.220000	5.585938	1.435547
2.225000	4.711914	2.431641
2.230000	3.110352	2.456055
2.235000	1.484375	1.708984
2.240000	0.351562	0.620117
2.245000	-0.073242	-0.366211
2.250000	0.161133	-0.932617
2.255000	0.771484	-0.888672
2.260000	1.337891	-0.380859
2.265000	1.586914	0.312500
2.270000	1.376953	0.888672
2.275000	0.786133	1.162109
2.280000	0.019531	1.049805
2.285000	-0.649414	-0.097656
2.290000	-0.561523	-2.299805
2.295000	0.947266	-3.442383
2.300000	3.198242	-2.915039
2.305000	5.112305	-1.264648
2.310000	5.590820	0.659180
2.315000	5.341797	2.094727
2.320000	3.969727	2.592773
2.325000	2.255859	2.177734
2.330000	0.815430	1.176758
2.335000	0.024414	0.073242
2.340000	-0.034180	-0.786133
2.345000	0.473633	-1.049805
2.350000	1.157227	-0.727539
2.355000	1.621094	-0.053711
2.360000	1.655273	0.644531
2.365000	1.235352	1.103516
2.370000	0.498047	1.196289
2.375000	-0.297852	0.756836
2.380000	-0.761719	-1.015625
2.385000	-0.078125	-3.027344
2.390000	1.899414	-3.427734
2.395000	4.145508	-2.319336
2.400000	5.585938	-0.429688
2.405000	5.595703	1.376953
2.410000	4.863281	2.446289
2.415000	3.247070	2.519531
2.420000	1.572266	1.801758
2.425000	0.380859	0.693359
2.430000	-0.087891	-0.356445
2.435000	0.131836	-1.010742
2.440000	0.786133	-1.005859
2.445000	1.435547	-0.483398
2.450000	1.752930	0.253906
2.455000	1.582031	0.888672
2.460000	0.996094	1.206055
2.465000	0.195312	1.152344
2.470000	-0.551758	0.244141
2.475000	-0.673828	-1.914062
2.480000	0.585938	-3.388672
2.485000	2.792969	-3.144531
2.490000	4.863281	-1.630859
2.495000	5.595703	0.317383
2.500000	5.537109	1.899414
2.505000	4.287109	2.587891
2.510000	2.573242	2.324219
2.515000	1.040039	1.391602
2.520000	0.107422	0.273438
2.525000	-0.078125	-0.678711
2.530000	0.356445	-1.074219
2.535000	1.064453	-0.854492
2.540000	1.611328	-0.205078
2.545000	1.738281	0.527344
2.550000	1.386719	1.054688
2.555000	0.688477	1.225586
2.560000	-0.126953	0.957031
2.565000	-0.727539	-0.517578
2.570000	-0.361328	-2.700195
2.575000	1.396484	-3.486328
2.580000	3.686523	-2.661133
2.585000	5.439453	-0.878906
2.590000	5.595703	1.025391
2.595000	5.141602	2.294922
2.600000	3.637695	2.592773
2.605000	1.918945	2.011719
2.610000	0.585938	0.947266
2.615000	-0.053711	-0.141602
2.620000	0.034180	-0.927734
2.625000	0.629883	-1.064453
2.630000	1.318359	-0.629883
2.635000	1.728516	0.087891
2.640000	1.665039	0.771484
2.645000	1.162109	1.171875
2.650000	0.380859	1.196289
2.655000	-0.410156	0.576172
2.660000	-0.751953	-1.386719
2.665000	0.175781	-3.208008
2.670000	2.270508	-3.334961
2.675000	4.462891	-2.045898
2.680000	5.590820	-0.117188
2.685000	5.585938	1.606445
2.690000	4.628906	2.519531
2.695000	2.968750	2.456055
2.700000	1.337891	1.635742
2.705000	0.253906	0.512695
2.710000	-0.097656	-0.498047
2.715000	0.219727	-1.040039
2.720000	0.898438	-0.942383
2.725000	1.508789	-0.366211
2.730000	1.743164	0.371094
2.735000	1.494141	0.961914
2.740000	0.864258	1.220703
2.745000	0.053711	1.083984
2.750000	-0.639648	-0.063477
2.755000	-0.571289	-2.285156
2.760000	0.927734	-3.461914
2.765000	3.188477	-2.954102
2.770000	5.126953	-1.303711
2.775000	5.595703	0.634766
2.780000	5.380859	2.084961
2.785000	4.003906	2.602539
2.790000	2.285156	2.197266
2.795000	0.830078	1.201172
2.800000	0.024414	0.087891
2.805000	-0.043945	-0.791016
2.810000	0.473633	-1.074219
2.815000	1.171875	-0.756836
2.820000	1.655273	-0.073242
2.825000	1.704102	0.634766
2.830000	1.279297	1.108398
2.835000	0.546875	1.215820
2.840000	-0.258789	0.805664
2.845000	-0.761719	-0.913086
2.850000	-0.136719	-2.963867
2.855000	1.796875	-3.437500
2.860000	4.052734	-2.392578
2.865000	5.581055	-0.522461
2.870000	5.595703	1.303711
2.875000	4.921875	2.416992
2.880000	3.330078	2.539062
2.885000	1.640625	1.845703
2.890000	0.419922	0.742188
2.895000	-0.083008	-0.312500
2.900000	0.112305	-0.981445
2.905000	0.751953	-1.005859
2.910000	1.396484	-0.507812
2.915000	1.733398	0.224609
2.920000	1.586914	0.864258
2.925000	1.010742	1.196289
2.930000	0.219727	1.157227
2.935000	-0.541992	0.292969
2.940000	-0.688477	-1.845703
2.945000	0.522461	-3.369141
2.950000	2.719727	-3.183594
2.955000	4.814453	-1.694336
2.960000	5.595703	0.258789
2.965000	5.561523	1.865234
2.970000	4.335938	2.587891
2.975000	2.626953	2.348633
2.980000	1.079102	1.425781
2.985000	0.126953	0.302734
2.990000	-0.087891	-0.664062
2.995000	0.336914	-1.093750
3.000000	1.049805	-0.878906
3.005000	1.616211	-0.234375
3.010000	1.777344	0.502930
3.015000	1.430664	1.054688
3.020000	0.742188	1.240234
3.025000	-0.078125	0.996094
3.030000	-0.708008	-0.405273
3.035000	-0.410156	-2.617188
3.040000	1.289062	-3.491211
3.045000	3.583984	-2.739258
3.050000	5.380859	-0.976562
3.055000	5.595703	0.937500
3.060000	5.205078	2.255859
3.065000	3.725586	2.602539
3.070000	2.001953	2.060547
3.075000	0.634766	1.000977
3.080000	-0.039062	-0.092773
3.085000	0.009766	-0.908203
3.090000	0.600586	-1.079102
3.095000	1.298828	-0.673828
3.100000	1.733398	0.043945
3.105000	1.699219	0.742188
3.110000	1.215820	1.162109
3.115000	0.439453	1.210938
3.120000	-0.361328	0.659180
3.125000	-0.756836	-1.235352
3.130000	0.068359	-3.134766
3.135000	2.119141	-3.374023
3.140000	4.331055	-2.153320
3.145000	5.590820	-0.244141
3.150000	5.590820	1.513672
3.155000	4.721680	2.490234
3.160000	3.081055	2.485352
3.165000	1.435547	1.699219
3.170000	0.307617	0.590820
3.175000	-0.087891	-0.434570
3.180000	0.180664	-1.015625
3.185000	0.844727	-0.952148
3.190000	1.459961	-0.405273
3.195000	1.718750	0.327148
3.200000	1.503906	0.927734
3.205000	0.893555	1.201172
3.210000	0.087891	1.098633
3.215000	-0.620117	0.024414
3.220000	-0.605469	-2.182617
3.225000	0.820312	-3.437500
3.230000	3.071289	-3.007812
3.235000	5.048828	-1.396484
3.240000	5.595703	0.546875
3.245000	5.419922	2.036133
3.250000	4.082031	2.602539
3.255000	2.368164	2.231445
3.260000	0.888672	1.250000
3.265000	0.048828	0.136719
3.270000	-0.048828	-0.756836
3.275000	0.434570	-1.064453
3.280000	1.127930	-0.766602
3.285000	1.621094	-0.102539
3.290000	1.689453	0.605469
3.295000	1.284180	1.083984
3.300000	0.566406	1.210938
3.305000	-0.239258	0.834961
3.310000	-0.751953	-0.834961
3.315000	-0.180664	-2.919922
3.320000	1.718750	-3.452148
3.325000	3.979492	-2.441406
3.330000	5.576172	-0.585938
3.335000	5.590820	1.254883
3.340000	4.960938	2.397461
3.345000	3.383789	2.548828
3.350000	1.694336	1.875000
3.355000	0.449219	0.781250
3.360000	-0.083008	-0.283203
3.365000	0.097656	-0.976562
3.370000	0.727539	-1.020508
3.375000	1.391602	-0.532227
3.380000	1.738281	0.195312
3.385000	1.606445	0.849609
3.390000	1.044922	1.191406
3.395000	0.253906	1.166992
3.400000	-0.512695	0.356445
3.405000	-0.708008	-1.752930
3.410000	0.444336	-3.339844
3.415000	2.631836	-3.217773
3.420000	4.746094	-1.767578
3.425000	5.595703	0.180664
3.430000	5.581055	1.811523
3.435000	4.399414	2.573242
3.440000	2.700195	2.377930
3.445000	1.132812	1.469727
3.450000	0.146484	0.346680
3.455000	-0.092773	-0.634766
3.460000	0.312500	-1.088867
3.465000	1.020508	-0.898438
3.470000	1.596680	-0.268555
3.475000	1.772461	0.478516
3.480000	1.450195	1.035156
3.485000	0.771484	1.235352
3.490000	-0.048828	1.020508
3.495000	-0.698242	-0.322266
3.500000	-0.454102	-2.543945
3.505000	1.206055	-3.491211
3.510000	3.491211	-2.797852
3.515000	5.327148	-1.054688
3.520000	5.590820	0.874023
3.525000	5.249023	2.221680
3.530000	3.779297	2.607422
3.535000	2.065430	2.094727
3.540000	0.673828	1.049805
3.545000	-0.029297	-0.048828
3.550000	-0.009766	-0.888672
3.555000	0.571289	-1.088867
3.560000	1.274414	-0.703125
3.565000	1.728516	0.014648
3.570000	1.713867	0.717773
3.575000	1.240234	1.162109
3.580000	0.473633	1.215820
3.585000	-0.332031	0.703125
3.590000	-0.761719	-1.152344
3.595000	0.009766	-3.100586
3.600000	2.036133	-3.403320
3.605000	4.262695	-2.231445
3.610000	5.590820	-0.327148
3.615000	5.590820	1.464844
3.620000	4.785156	2.485352
3.625000	3.149414	2.509766
3.630000	1.489258	1.748047
3.635000	0.327148	0.629883
3.640000	-0.102539	-0.410156
3.645000	0.161133	-1.035156
3.650000	0.839844	-0.996094
3.655000	1.479492	-0.454102
3.660000	1.782227	0.292969
3.665000	1.577148	0.922852
3.670000	0.971680	1.220703
3.675000	0.161133	1.142578
3.680000	-0.581055	0.170898
3.685000	-0.649414	-2.016602
3.690000	0.664062	-3.417969
3.695000	2.900391	-3.105469
3.700000	4.941406	-1.557617
3.705000	5.595703	0.400391
3.710000	5.507812	1.953125
3.715000	4.218750	2.597656
3.720000	2.500000	2.299805
3.725000	0.981445	1.342773
3.730000	0.078125	0.224609
3.735000	-0.078125	-0.717773
3.740000	0.380859	-1.098633
3.745000	1.103516	-0.839844
3.750000	1.645508	-0.180664
3.755000	1.762695	0.551758
3.760000	1.391602	1.079102
3.765000	0.678711	1.240234
3.770000	-0.136719	0.942383
3.775000	-0.732422	-0.561523
3.780000	-0.341797	-2.734375
3.785000	1.445312	-3.491211
3.790000	3.735352	-2.631836
3.795000	5.468750	-0.834961
3.800000	5.595703	1.064453
3.805000	5.117188	2.309570
3.810000	3.603516	2.568359
3.815000	1.899414	1.962891
3.820000	0.600586	0.883789
3.825000	-0.004883	-0.170898
3.830000	0.102539	-0.830078
3.835000	0.634766	-0.908203
3.840000	1.235352	-0.498047
3.845000	1.547852	0.156250
3.850000	1.435547	0.751953
3.855000	0.947266	1.079102
3.860000	0.229492	1.074219
3.865000	-0.478516	0.341797
3.870000	-0.664062	-1.616211
3.875000	0.400391	-3.100586
3.880000	2.426758	-2.998047
3.885000	4.389648	-1.660156
3.890000	5.483398	0.156250
3.895000	5.385742	1.674805
3.900000	4.282227	2.392578
3.905000	2.705078	2.207031
3.910000	1.245117	1.372070
3.915000	0.332031	0.336914
3.920000	0.097656	-0.473633
3.925000	0.395508	-0.800781
3.930000	0.917969	-0.629883
3.935000	1.318359	-0.122070
3.940000	1.391602	0.463867
3.945000	1.088867	0.893555
3.950000	0.493164	1.040039
3.955000	-0.200195	0.766602
3.960000	-0.673828	-0.659180
3.965000	-0.224609	-2.534180
3.970000	1.430664	-3.071289
3.975000	3.452148	-2.216797
3.980000	4.907227	-0.581055
3.985000	5.283203	1.079102
3.990000	4.580078	2.124023
3.995000	3.178711	2.299805
4.000000	1.655273	1.718750
4.005000	0.517578	0.756836
4.010000	0.004883	-0.156250
4.015000	0.097656	-0.698242
4.020000	0.551758	-0.722656
4.025000	1.020508	-0.341797
4.030000	1.240234	0.229492
4.035000	1.088867	0.732422
4.040000	0.605469	0.996094
4.045000	-0.063477	0.917969
4.050000	-0.639648	-0.219727
4.055000	-0.468750	-2.255859
4.060000	1.000977	-3.198242
4.065000	3.095703	-2.612305
4.070000	4.819336	-1.044922
4.075000	5.502930	0.727539
4.080000	5.024414	1.997070
4.085000	3.710938	2.407227
4.090000	2.124023	1.962891
4.095000	0.825195	1.015625
4.100000	0.141602	0.024414
4.105000	0.112305	-0.634766
4.110000	0.517578	-0.781250
4.115000	1.030273	-0.473633
4.120000	1.323242	0.083008
4.125000	1.264648	0.629883
4.130000	0.849609	0.966797
4.135000	0.205078	1.010742
4.140000	-0.463867	0.356445
4.145000	-0.654297	-1.503906
4.150000	0.336914	-2.978516
4.155000	2.290039	-2.905273
4.160000	4.189453	-1.625977
4.165000	5.263672	0.122070
4.170000	5.180664	1.606445
4.175000	4.121094	2.324219
4.180000	2.587891	2.158203
4.185000	1.166992	1.357422
4.190000	0.258789	0.356445
4.195000	0.004883	-0.434570
4.200000	0.283203	-0.766602
4.205000	0.776367	-0.605469
4.210000	1.171875	-0.112305
4.215000	1.240234	0.454102
4.220000	0.937500	0.869141
4.225000	0.356445	1.015625
4.230000	-0.312500	0.644531
4.235000	-0.708008	-0.981445
4.240000	-0.043945	-2.788086
4.245000	1.777344	-3.110352
4.250000	3.813477	-2.065430
4.255000	5.170898	-0.336914
4.260000	5.400391	1.298828
4.265000	4.545898	2.250977
4.270000	3.066406	2.304688
4.275000	1.538086	1.621094
4.280000	0.458984	0.615234
4.285000	0.039062	-0.278320
4.290000	0.214844	-0.742188
4.295000	0.693359	-0.698242
4.300000	1.152344	-0.268555
4.305000	1.313477	0.312500
4.310000	1.113281	0.791016
4.315000	0.581055	1.015625
4.320000	-0.092773	0.878906
4.325000	-0.649414	-0.332031
4.330000	-0.405273	-2.324219
4.335000	1.113281	-3.149414
4.340000	3.168945	-2.490234
4.345000	4.814453	-0.908203
4.350000	5.405273	0.825195
4.355000	4.868164	2.031250
4.360000	3.530273	2.368164
4.365000	1.967773	1.884766
4.370000	0.717773	0.937500
4.375000	0.083008	-0.024414
4.380000	0.087891	-0.639648
4.385000	0.502930	-0.756836
4.390000	0.996094	-0.429688
4.395000	1.264648	0.126953
4.400000	1.181641	0.654297
4.405000	0.742188	0.971680
4.410000	0.097656	0.981445
4.415000	-0.546875	0.156250
4.420000	-0.610352	-1.811523
4.425000	0.581055	-3.095703
4.430000	2.602539	-2.817383
4.435000	4.453125	-1.411133
4.440000	5.385742	0.361328
4.445000	5.146484	1.772461
4.450000	3.979492	2.368164
4.455000	2.416992	2.094727
4.460000	1.030273	1.235352
4.465000	0.205078	0.224609
4.470000	0.043945	-0.517578
4.475000	0.375977	-0.781250
4.480000	0.888672	-0.561523
4.485000	1.245117	-0.039062
4.490000	1.264648	0.527344
4.495000	0.917969	0.913086
4.500000	0.307617	1.020508
4.505000	-0.366211	0.551758
4.510000	-0.698242	-1.171875
4.515000	0.083008	-2.861328
4.520000	1.953125	-3.041992
4.525000	3.945312	-1.914062
4.530000	5.205078	-0.166016
4.535000	5.317383	1.416016
4.540000	4.394531	2.285156
4.545000	2.885742	2.255859
4.550000	1.391602	1.528320
4.555000	0.380859	0.522461
4.560000	0.019531	-0.332031
4.565000	0.234375	-0.756836
4.570000	0.722656	-0.664062
4.575000	1.157227	-0.214844
4.580000	1.284180	0.361328
4.585000	1.044922	0.820312
4.590000	0.493164	1.015625
4.595000	-0.175781	0.810547
4.600000	-0.683594	-0.561523
4.605000	-0.292969	-2.514648
4.610000	1.352539	-3.154297
4.615000	3.417969	-2.348633
4.620000	4.960938	-0.698242
4.625000	5.419922	1.010742
4.630000	4.765625	2.124023
4.635000	3.364258	2.353516
4.640000	1.806641	1.796875
4.645000	0.615234	0.825195
4.650000	0.063477	-0.126953
4.655000	0.131836	-0.688477
4.660000	0.576172	-0.742188
4.665000	1.059570	-0.371094
4.670000	1.293945	0.195312
4.675000	1.162109	0.712891
4.680000	0.688477	0.996094
4.685000	0.024414	0.952148
4.690000	-0.585938	-0.004883
4.695000	-0.551758	-2.006836
4.700000	0.766602	-3.125000
4.705000	2.807617	-2.709961
4.710000	4.594727	-1.230469
4.715000	5.400391	0.532227
4.720000	5.048828	1.875000
4.725000	3.813477	2.373047
4.730000	2.250977	2.026367
4.735000	0.913086	1.132812
4.740000	0.151367	0.131836
4.745000	0.053711	-0.566406
4.750000	0.419922	-0.781250
4.755000	0.927734	-0.512695
4.760000	1.250000	0.019531
4.765000	1.240234	0.576172
4.770000	0.859375	0.937500
4.775000	0.229492	1.010742
4.780000	-0.434570	0.424805
4.785000	-0.673828	-1.401367
4.790000	0.258789	-2.963867
4.795000	2.192383	-2.973633
4.800000	4.140625	-1.738281
4.805000	5.288086	0.024414
4.810000	5.268555	1.557617
4.815000	4.248047	2.329102
4.820000	2.714844	2.202148
4.825000	1.259766	1.420898
4.830000	0.307617	0.415039
4.835000	0.019531	-0.405273
4.840000	0.283203	-0.766602
4.845000	0.781250	-0.634766
4.850000	1.191406	-0.151367
4.855000	1.279297	0.424805
4.860000	1.005859	0.859375
4.865000	0.429688	1.020508
4.870000	-0.249023	0.732422
4.875000	-0.698242	-0.776367
4.880000	-0.166016	-2.656250
4.885000	1.567383	-3.129883
4.890000	3.623047	-2.197266
4.895000	5.058594	-0.502930
4.900000	5.400391	1.162109
4.905000	4.633789	2.187500
4.910000	3.188477	2.324219
4.915000	1.650391	1.704102
4.920000	0.522461	0.712891
4.925000	0.039062	-0.205078
4.930000	0.166016	-0.717773
4.935000	0.625000	-0.717773
4.940000	1.093750	-0.317383
4.945000	1.293945	0.253906
4.950000	1.127930	0.756836
4.955000	0.620117	1.000977
4.960000	-0.043945	0.917969
4.965000	-0.625000	-0.195312
4.970000	-0.468750	-2.207031
4.975000	0.976562	-3.149414
4.980000	3.032227	-2.587891
4.985000	4.736328	-1.044922
4.990000	5.419922	0.712891
4.995000	4.956055	1.972656
5.000000	3.657227	2.377930
5.005000	2.084961	1.943359
5.010000	0.795898	1.015625
5.015000	0.112305	0.039062
5.020000	0.073242	-0.615234
5.025000	0.473633	-0.766602
5.030000	0.971680	-0.463867
5.035000	1.269531	0.083008
5.040000	1.215820	0.625000
5.045000	0.795898	0.957031
5.050000	0.156250	0.996094
5.055000	-0.493164	0.278320
5.060000	-0.639648	-1.630859
5.065000	0.429688	-3.041992
5.070000	2.416992	-2.890625
5.075000	4.316406	-1.557617
5.080000	5.341797	0.214844
5.085000	5.200195	1.674805
5.090000	4.091797	2.353516
5.095000	2.539062	2.143555
5.100000	1.127930	1.318359
5.105000	0.249023	0.307617
5.110000	0.029297	-0.468750
5.115000	0.332031	-0.776367
5.120000	0.834961	-0.595703
5.125000	1.220703	-0.087891
5.130000	1.264648	0.478516
5.135000	0.952148	0.888672
5.140000	0.356445	1.025391
5.145000	-0.317383	0.634766
5.150000	-0.703125	-1.005859
5.155000	-0.024414	-2.788086
5.160000	1.791992	-3.085938
5.165000	3.813477	-2.036133
5.170000	5.151367	-0.312500
5.175000	5.361328	1.308594
5.180000	4.501953	2.250977
5.185000	3.017578	2.290039
5.190000	1.503906	1.606445
5.195000	0.439453	0.600586
5.200000	0.029297	-0.283203
5.205000	0.205078	-0.742188
5.210000	0.683594	-0.693359
5.215000	1.137695	-0.253906
5.220000	1.289062	0.317383
5.225000	1.088867	0.795898
5.230000	0.556641	1.010742
5.235000	-0.122070	0.859375
5.240000	-0.664062	-0.395508
5.245000	-0.375977	-2.387695
5.250000	1.186523	-3.154297
5.255000	3.251953	-2.456055
5.260000	4.863281	-0.849609
5.265000	5.424805	0.883789
5.270000	4.843750	2.060547
5.275000	3.486328	2.368164
5.280000	1.923828	1.865234
5.285000	0.693359	0.908203
5.290000	0.083008	-0.053711
5.295000	0.107422	-0.659180
5.300000	0.527344	-0.751953
5.305000	1.020508	-0.410156
5.310000	1.279297	0.146484
5.315000	1.191406	0.673828
5.320000	0.737305	0.976562
5.325000	0.083008	0.976562
5.330000	-0.551758	0.122070
5.335000	-0.600586	-1.855469
5.340000	0.620117	-3.100586
5.345000	2.641602	-2.792969
5.350000	4.477539	-1.367188
5.355000	5.385742	0.400391
5.360000	5.117188	1.796875
5.365000	3.935547	2.368164
5.370000	2.373047	2.075195
5.375000	1.005859	1.215820
5.380000	0.190430	0.209961
5.385000	0.043945	-0.532227
5.390000	0.380859	-0.781250
5.395000	0.883789	-0.551758
5.400000	1.240234	-0.024414
5.405000	1.250000	0.537109
5.410000	0.903320	0.922852
5.415000	0.288086	1.015625
5.420000	-0.385742	0.522461
5.425000	-0.693359	-1.235352
5.430000	0.126953	-2.895508
5.435000	2.016602	-3.027344
5.440000	3.999023	-1.870117
5.445000	5.234375	-0.122070
5.450000	5.312500	1.450195
5.455000	4.360352	2.294922
5.460000	2.846680	2.246094
5.465000	1.362305	1.503906
5.470000	0.361328	0.493164
5.475000	0.024414	-0.356445
5.480000	0.244141	-0.761719
5.485000	0.737305	-0.659180
5.490000	1.166992	-0.200195
5.495000	1.289062	0.380859
5.500000	1.040039	0.834961
5.505000	0.483398	1.020508
5.510000	-0.190430	0.791016
5.515000	-0.683594	-0.610352
5.520000	-0.263672	-2.548828
5.525000	1.401367	-3.149414
5.530000	3.461914	-2.314453
5.535000	4.985352	-0.654297
5.540000	5.415039	1.044922
5.545000	4.731445	2.143555
5.550000	3.320312	2.343750
5.555000	1.767578	1.772461
5.560000	0.595703	0.795898
5.565000	0.053711	-0.141602
5.570000	0.136719	-0.693359
5.575000	0.585938	-0.737305
5.580000	1.064453	-0.356445
5.585000	1.289062	0.209961
5.590000	1.152344	0.722656
5.595000	0.668945	0.996094
5.600000	0.009766	0.947266
5.605000	-0.600586	-0.058594
5.610000	-0.532227	-2.060547
5.615000	0.815430	-3.134766
5.620000	2.866211	-2.680664
5.625000	4.628906	-1.186523
5.630000	5.410156	0.581055
5.635000	5.029297	1.899414
5.640000	3.774414	2.373047
5.645000	2.211914	2.006836
5.650000	0.883789	1.103516
5.655000	0.146484	0.112305
5.660000	0.058594	-0.581055
5.665000	0.429688	-0.776367
5.670000	0.937500	-0.507812
5.675000	1.259766	0.034180
5.680000	1.235352	0.590820
5.685000	0.844727	0.942383
5.690000	0.214844	1.005859
5.695000	-0.449219	0.390625
5.700000	-0.668945	-1.459961
5.705000	0.297852	-2.983398
5.710000	2.246094	-2.958984
5.715000	4.184570	-1.689453
5.720000	5.302734	0.073242
5.725000	5.253906	1.586914
5.730000	4.208984	2.333984
5.735000	2.670898	2.187500
5.740000	1.225586	1.396484
5.745000	0.292969	0.385742
5.750000	0.024414	-0.424805
5.755000	0.297852	-0.771484
5.760000	0.795898	-0.625000
5.765000	1.201172	-0.136719
5.770000	1.274414	0.439453
5.775000	0.996094	0.869141
5.780000	0.415039	1.020508
5.785000	-0.268555	0.708008
5.790000	-0.703125	-0.834961
5.795000	-0.136719	-2.685547
5.800000	1.621094	-3.120117
5.805000	3.671875	-2.158203
5.810000	5.083008	-0.458984
5.815000	5.390625	1.201172
5.820000	4.599609	2.207031
5.825000	3.144531	2.319336
5.830000	1.616211	1.679688
5.835000	0.502930	0.683594
5.840000	0.034180	-0.224609
5.845000	0.175781	-0.722656
5.850000	0.639648	-0.712891
5.855000	1.103516	-0.302734
5.860000	1.293945	0.273438
5.865000	1.113281	0.766602
5.870000	0.605469	1.005859
5.875000	-0.063477	0.903320
5.880000	-0.634766	-0.244141
5.885000	-0.449219	-2.260742
5.890000	1.025391	-3.154297
5.895000	3.085938	-2.558594
5.900000	4.770508	-0.991211
5.905000	5.424805	0.756836
5.910000	4.931641	1.997070
5.915000	3.613281	2.377930
5.920000	2.050781	1.923828
5.925000	0.771484	0.986328
5.930000	0.107422	0.009766
5.935000	0.087891	-0.629883
5.940000	0.488281	-0.766602
5.945000	0.986328	-0.454102
5.950000	1.274414	0.102539
5.955000	1.210938	0.639648
5.960000	0.781250	0.966797
5.965000	0.136719	0.991211
5.970000	-0.512695	0.244141
5.975000	-0.634766	-1.689453
5.980000	0.478516	-3.056641
5.985000	2.475586	-2.866211
5.990000	4.355469	-1.513672
5.995000	5.351562	0.258789
6.000000	5.180664	1.708984
6.005000	4.057617	2.358398
6.010000	2.504883	2.128906
6.015000	1.098633	1.293945
6.020000	0.234375	0.283203
6.025000	0.029297	-0.483398
6.030000	0.341797	-0.776367
6.035000	0.844727	-0.585938
6.040000	1.230469	-0.078125
6.045000	1.259766	0.498047
6.050000	0.942383	0.898438
6.055000	0.346680	1.020508
6.060000	-0.336914	0.610352
6.065000	-0.703125	-1.059570
6.070000	0.009766	-2.812500
6.075000	1.845703	-3.071289
6.080000	3.862305	-1.997070
6.085000	5.170898	-0.268555
6.090000	5.346680	1.347656
6.095000	4.462891	2.260742
6.100000	2.978516	2.275391
6.105000	1.464844	1.582031
6.110000	0.415039	0.576172
6.115000	0.029297	-0.302734
6.120000	0.214844	-0.747070
6.125000	0.698242	-0.678711
6.130000	1.142578	-0.239258
6.135000	1.293945	0.332031
6.140000	1.074219	0.805664
6.145000	0.537109	1.010742
6.150000	-0.141602	0.844727
6.155000	-0.668945	-0.449219
6.160000	-0.351562	-2.431641
6.165000	1.235352	-3.159180
6.170000	3.305664	-2.421875
6.175000	4.897461	-0.800781
6.180000	5.424805	0.922852
6.185000	4.819336	2.084961
6.190000	3.447266	2.358398
6.195000	1.889648	1.840820
6.200000	0.664062	0.878906
6.205000	0.073242	-0.078125
6.210000	0.112305	-0.668945
6.215000	0.541992	-0.756836
6.220000	1.035156	-0.400391
6.225000	1.284180	0.161133
6.230000	1.176758	0.683594
6.235000	0.717773	0.986328
6.240000	0.063477	0.966797
6.245000	-0.566406	0.078125
6.250000	-0.581055	-1.904297
6.255000	0.664062	-3.110352
6.260000	2.700195	-2.768555
6.265000	4.516602	-1.323242
6.270000	5.390625	0.444336
6.275000	5.097656	1.821289
6.280000	3.896484	2.373047
6.285000	2.338867	2.065430
6.290000	0.971680	1.181641
6.295000	0.180664	0.180664
6.300000	0.048828	-0.546875
6.305000	0.390625	-0.781250
6.310000	0.898438	-0.537109
6.315000	1.245117	-0.009766
6.320000	1.245117	0.546875
6.325000	0.883789	0.927734
6.330000	0.268555	1.010742
6.335000	-0.405273	0.493164
6.340000	-0.693359	-1.284180
6.345000	0.166016	-2.919922
6.350000	2.075195	-3.012695
6.355000	4.042969	-1.826172
6.360000	5.249023	-0.068359
6.365000	5.297852	1.484375
6.370000	4.321289	2.304688
6.375000	2.802734	2.231445
6.380000	1.323242	1.474609
6.385000	0.341797	0.463867
6.390000	0.019531	-0.371094
6.395000	0.258789	-0.761719
6.400000	0.751953	-0.649414
6.405000	1.176758	-0.180664
6.410000	1.284180	0.390625
6.415000	1.030273	0.844727
6.420000	0.463867	1.020508
6.425000	-0.209961	0.771484
6.430000	-0.693359	-0.664062
6.435000	-0.234375	-2.583008
6.440000	1.450195	-3.139648
6.445000	3.515625	-2.270508
6.450000	5.009766	-0.605469
6.455000	5.405273	1.083984
6.460000	4.697266	2.153320
6.465000	3.276367	2.338867
6.470000	1.728516	1.748047
6.475000	0.571289	0.766602
6.480000	0.048828	-0.166016
6.485000	0.146484	-0.703125
6.490000	0.600586	-0.732422
6.495000	1.079102	-0.341797
6.500000	1.293945	0.224609
6.505000	1.142578	0.732422
6.510000	0.654297	0.996094
6.515000	-0.009766	0.937500
6.520000	-0.615234	-0.092773
6.525000	-0.512695	-2.114258
6.530000	0.869141	-3.139648
6.535000	2.924805	-2.651367
6.540000	4.663086	-1.142578
6.545000	5.415039	0.625000
6.550000	5.000000	1.923828
6.555000	3.735352	2.377930
6.560000	2.172852	1.987305
6.565000	0.854492	1.069336
6.570000	0.131836	0.083008
6.575000	0.068359	-0.600586
6.580000	0.449219	-0.776367
6.585000	0.947266	-0.493164
6.590000	1.259766	0.053711
6.595000	1.230469	0.600586
6.600000	0.830078	0.947266
6.605000	0.195312	1.005859
6.610000	-0.468750	0.356445
6.615000	-0.664062	-1.518555
6.620000	0.336914	-3.002930
6.625000	2.299805	-2.939453
6.630000	4.223633	-1.650391
6.635000	5.312500	0.117188
6.640000	5.239258	1.616211
6.645000	4.174805	2.338867
6.650000	2.631836	2.172852
6.655000	1.196289	1.372070
6.660000	0.273438	0.361328
6.665000	0.024414	-0.439453
6.670000	0.307617	-0.776367
6.675000	0.805664	-0.615234
6.680000	1.206055	-0.122070
6.685000	1.274414	0.449219
6.690000	0.976562	0.874023
6.695000	0.395508	1.020508
6.700000	-0.288086	0.683594
6.705000	-0.703125	-0.893555
6.710000	-0.097656	-2.724609
6.715000	1.674805	-3.110352
6.720000	3.720703	-2.119141
6.725000	5.107422	-0.410156
6.730000	5.375977	1.235352
6.735000	4.570312	2.216797
6.740000	3.105469	2.309570
6.745000	1.582031	1.655273
6.750000	0.483398	0.654297
6.755000	0.034180	-0.244141
6.760000	0.180664	-0.727539
6.765000	0.654297	-0.708008
6.770000	1.118164	-0.292969
6.775000	1.289062	0.288086
6.780000	1.108398	0.776367
6.785000	0.590820	1.005859
6.790000	-0.083008	0.888672
6.795000	-0.644531	-0.292969
6.800000	-0.429688	-2.299805
6.805000	1.079102	-3.159180
6.810000	3.139648	-2.524414
6.815000	4.804688	-0.947266
6.820000	5.424805	0.795898
6.825000	4.902344	2.016602
6.830000	3.574219	2.373047
6.835000	2.006836	1.904297
6.840000	0.747070	0.961914
6.845000	0.097656	-0.009766
6.850000	0.087891	-0.639648
6.855000	0.502930	-0.761719
6.860000	0.996094	-0.444336
6.865000	1.274414	0.117188
6.870000	1.201172	0.654297
6.875000	0.766602	0.966797
6.880000	0.117188	0.991211
6.885000	-0.527344	0.205078
6.890000	-0.620117	-1.743164
6.895000	0.522461	-3.066406
6.900000	2.524414	-2.841797
6.905000	4.394531	-1.464844
6.910000	5.361328	0.307617
6.915000	5.161133	1.738281
6.920000	4.023438	2.363281
6.925000	2.465820	2.114258
6.930000	1.064453	1.264648
6.935000	0.219727	0.258789
6.940000	0.034180	-0.502930
6.945000	0.356445	-0.786133
6.950000	0.859375	-0.571289
6.955000	1.240234	-0.058594
6.960000	1.259766	0.507812
6.965000	0.927734	0.908203
6.970000	0.322266	1.015625
6.975000	-0.356445	0.581055
6.980000	-0.703125	-1.118164
6.985000	0.043945	-2.841797
6.990000	1.904297	-3.056641
6.995000	3.911133	-1.953125
7.000000	5.200195	-0.214844
7.005000	5.341797	1.381836
7.010000	4.428711	2.270508
7.015000	2.934570	2.265625
7.020000	1.435547	1.552734
7.025000	0.395508	0.546875
7.030000	0.024414	-0.322266
7.035000	0.224609	-0.751953
7.040000	0.712891	-0.678711
7.045000	1.152344	-0.229492
7.050000	1.293945	0.346680
7.055000	1.059570	0.815430
7.060000	0.522461	1.015625
7.065000	-0.156250	0.830078
7.070000	-0.673828	-0.502930
7.075000	-0.322266	-2.465820
7.080000	1.284180	-3.154297
7.085000	3.354492	-2.387695
7.090000	4.926758	-0.751953
7.095000	5.419922	0.966797
7.100000	4.790039	2.099609
7.105000	3.408203	2.358398
7.110000	1.845703	1.816406
7.115000	0.639648	0.849609
7.120000	0.068359	-0.092773
7.125000	0.122070	-0.673828
7.130000	0.561523	-0.747070
7.135000	1.040039	-0.385742
7.140000	1.289062	0.175781
7.145000	1.166992	0.698242
7.150000	0.703125	0.986328
7.155000	0.048828	0.961914
7.160000	-0.576172	0.034180
7.165000	-0.571289	-1.958008
7.170000	0.712891	-3.115234
7.175000	2.749023	-2.739258
7.180000	4.550781	-1.279297
7.185000	5.395508	0.488281
7.190000	5.073242	1.850586
7.195000	3.857422	2.373047
7.200000	2.294922	2.041016
7.205000	0.942383	1.157227
7.210000	0.166016	0.156250
7.215000	0.048828	-0.556641
7.220000	0.405273	-0.776367
7.225000	0.913086	-0.527344
7.230000	1.250000	0.000000
7.235000	1.245117	0.561523
7.240000	0.874023	0.932617
7.245000	0.253906	1.015625
7.250000	-0.415039	0.458984
7.255000	-0.688477	-1.342773
7.260000	0.209961	-2.944336
7.265000	2.133789	-2.993164
7.270000	4.096680	-1.782227
7.275000	5.268555	-0.024414
7.280000	5.283203	1.518555
7.285000	4.287109	2.314453
7.290000	2.753906	2.221680
7.295000	1.289062	1.450195
7.300000	0.327148	0.439453
7.305000	0.019531	-0.390625
7.310000	0.268555	-0.766602
7.315000	0.766602	-0.644531
7.320000	1.186523	-0.170898
7.325000	1.284180	0.410156
7.330000	1.015625	0.849609
7.335000	0.449219	1.020508
7.340000	-0.234375	0.751953
7.345000	-0.693359	-0.717773
7.350000	-0.205078	-2.622070
7.355000	1.508789	-3.134766
7.360000	3.564453	-2.236328
7.365000	5.029297	-0.556641
7.370000	5.405273	1.118164
7.375000	4.667969	2.172852
7.380000	3.237305	2.333984
7.385000	1.689453	1.728516
7.390000	0.546875	0.742188
7.395000	0.048828	-0.185547
7.400000	0.151367	-0.708008
7.405000	0.615234	-0.722656
7.410000	1.083984	-0.332031
7.415000	1.293945	0.239258
7.420000	1.137695	0.742188
7.425000	0.639648	1.000977
7.430000	-0.024414	0.927734
7.435000	-0.620117	-0.146484
7.440000	-0.493164	-2.158203
7.445000	0.917969	-3.149414
7.450000	2.973633	-2.622070
7.455000	4.702148	-1.093750
7.460000	5.419922	0.664062
7.465000	4.980469	1.948242
7.470000	3.696289	2.373047
7.475000	2.128906	1.962891
7.480000	0.825195	1.044922
7.485000	0.122070	0.058594
7.490000	0.068359	-0.605469
7.495000	0.458984	-0.771484
7.500000	0.961914	-0.478516
7.505000	1.264648	0.068359
7.510000	1.225586	0.610352
7.515000	0.810547	0.957031
7.520000	0.175781	1.000977
7.525000	-0.483398	0.317383
7.530000	-0.654297	-1.572266
7.535000	0.385742	-3.027344
7.540000	2.363281	-2.915039
7.545000	4.272461	-1.601562
7.550000	5.327148	0.166016
7.555000	5.219727	1.650391
7.560000	4.140625	2.343750
7.565000	2.587891	2.163086
7.570000	1.162109	1.342773
7.575000	0.263672	0.336914
7.580000	0.029297	-0.458984
7.585000	0.317383	-0.776367
7.590000	0.820312	-0.605469
7.595000	1.215820	-0.102539
7.600000	1.274414	0.468750
7.605000	0.966797	0.883789
7.610000	0.375977	1.020508
7.615000	-0.302734	0.659180
7.620000	-0.703125	-0.942383
7.625000	-0.068359	-2.749023
7.630000	1.728516	-3.095703
7.635000	3.759766	-2.080078
7.640000	5.126953	-0.361328
7.645000	5.371094	1.269531
7.650000	4.536133	2.231445
7.655000	3.061523	2.294922
7.660000	1.542969	1.625977
7.665000	0.458984	0.629883
7.670000	0.029297	-0.263672
7.675000	0.195312	-0.737305
7.680000	0.668945	-0.703125
7.685000	1.123047	-0.273438
7.690000	1.293945	0.302734
7.695000	1.088867	0.781250
7.700000	0.576172	1.010742
7.705000	-0.102539	0.874023
7.710000	-0.654297	-0.341797
7.715000	-0.400391	-2.343750
7.720000	1.132812	-3.164062
7.725000	3.193359	-2.495117
7.730000	4.833984	-0.898438
7.735000	5.424805	0.839844
7.740000	4.877930	2.036133
7.745000	3.535156	2.373047
7.750000	1.967773	1.884766
7.755000	0.717773	0.937500
7.760000	0.092773	-0.029297
7.765000	0.097656	-0.644531
7.770000	0.512695	-0.761719
7.775000	1.010742	-0.429688
7.780000	1.279297	0.131836
7.785000	1.196289	0.664062
7.790000	0.756836	0.971680
7.795000	0.102539	0.981445
7.800000	-0.537109	0.166016
7.805000	-0.610352	-1.796875
7.810000	0.566406	-3.085938
7.815000	2.583008	-2.817383
7.820000	4.433594	-1.420898
7.825000	5.371094	0.351562
7.830000	5.141602	1.767578
7.835000	3.979492	2.368164
7.840000	2.421875	2.099609
7.845000	1.035156	1.240234
7.850000	0.205078	0.234375
7.855000	0.039062	-0.512695
7.860000	0.371094	-0.781250
7.865000	0.874023	-0.561523
7.870000	1.240234	-0.043945
7.875000	1.254883	0.527344
7.880000	0.913086	0.913086
7.885000	0.302734	1.015625
7.890000	-0.366211	0.551758
7.895000	-0.698242	-1.171875
7.900000	0.083008	-2.866211
7.905000	1.958008	-3.046875
7.910000	3.955078	-1.909180
7.915000	5.214844	-0.170898
7.920000	5.327148	1.416016
7.925000	4.394531	2.285156
7.930000	2.890625	2.260742
7.935000	1.396484	1.533203
7.940000	0.380859	0.522461
7.945000	0.024414	-0.336914
7.950000	0.234375	-0.751953
7.955000	0.727539	-0.668945
7.960000	1.162109	-0.209961
7.965000	1.289062	0.361328
7.970000	1.049805	0.820312
7.975000	0.502930	1.015625
7.980000	-0.170898	0.810547
7.985000	-0.683594	-0.551758
7.990000	-0.297852	-2.509766
7.995000	1.333008	-3.149414
8.000000	3.403320	-2.348633
8.005000	4.956055	-0.703125
8.010000	5.419922	1.000977
8.015000	4.760742	2.119141
8.020000	3.364258	2.353516
8.025000	1.811523	1.801758
8.030000	0.620117	0.825195
8.035000	0.063477	-0.117188
8.040000	0.131836	-0.683594
8.045000	0.571289	-0.742188
8.050000	1.054688	-0.375977
8.055000	1.289062	0.195312
8.060000	1.162109	0.708008
8.065000	0.683594	0.991211
8.070000	0.029297	0.957031
8.075000	-0.590820	-0.004883
8.080000	-0.551758	-2.006836
8.085000	0.766602	-3.129883
8.090000	2.807617	-2.709961
8.095000	4.594727	-1.235352
8.100000	5.400391	0.532227
8.105000	5.053711	1.875000
8.110000	3.818359	2.373047
8.115000	2.255859	2.026367
8.120000	0.913086	1.132812
8.125000	0.156250	0.131836
8.130000	0.058594	-0.571289
8.135000	0.419922	-0.776367
8.140000	0.922852	-0.517578
8.145000	1.254883	0.019531
8.150000	1.240234	0.576172
8.155000	0.859375	0.937500
8.160000	0.234375	1.010742
8.165000	-0.434570	0.429688
8.170000	-0.678711	-1.396484
8.175000	0.249023	-2.963867
8.180000	2.187500	-2.973633
8.185000	4.130859	-1.738281
8.190000	5.283203	0.019531
8.195000	5.268555	1.547852
8.200000	4.252930	2.324219
8.205000	2.714844	2.207031
8.210000	1.259766	1.425781
8.215000	0.307617	0.415039
8.220000	0.019531	-0.405273
8.225000	0.283203	-0.766602
8.230000	0.776367	-0.634766
8.235000	1.196289	-0.151367
8.240000	1.279297	0.424805
8.245000	1.005859	0.859375
8.250000	0.434570	1.020508
8.255000	-0.249023	0.732422
8.260000	-0.698242	-0.771484
8.265000	-0.170898	-2.656250
8.270000	1.562500	-3.129883
8.275000	3.618164	-2.197266
8.280000	5.058594	-0.507812
8.285000	5.395508	1.162109
8.290000	4.633789	2.187500
8.295000	3.188477	2.329102
8.300000	1.655273	1.704102
8.305000	0.527344	0.712891
8.310000	0.043945	-0.200195
8.315000	0.161133	-0.712891
8.320000	0.625000	-0.717773
8.325000	1.093750	-0.317383
8.330000	1.293945	0.258789
8.335000	1.123047	0.751953
8.340000	0.620117	1.005859
8.345000	-0.043945	0.913086
8.350000	-0.629883	-0.190430
8.355000	-0.473633	-2.202148
8.360000	0.966797	-3.154297
8.365000	3.027344	-2.592773
8.370000	4.731445	-1.044922
8.375000	5.419922	0.708008
8.380000	4.960938	1.967773
8.385000	3.662109	2.373047
8.390000	2.089844	1.943359
8.395000	0.800781	1.015625
8.400000	0.117188	0.039062
8.405000	0.073242	-0.615234
8.410000	0.473633	-0.766602
8.415000	0.971680	-0.468750
8.420000	1.269531	0.078125
8.425000	1.215820	0.625000
8.430000	0.800781	0.957031
8.435000	0.156250	0.996094
8.440000	-0.498047	0.283203
8.445000	-0.639648	-1.625977
8.450000	0.424805	-3.041992
8.455000	2.416992	-2.890625
8.460000	4.311523	-1.562500
8.465000	5.336914	0.209961
8.470000	5.200195	1.679688
8.475000	4.101562	2.348633
8.480000	2.548828	2.143555
8.485000	1.132812	1.318359
8.490000	0.249023	0.307617
8.495000	0.024414	-0.468750
8.500000	0.332031	-0.776367
8.505000	0.834961	-0.595703
8.510000	1.220703	-0.092773
8.515000	1.269531	0.478516
8.520000	0.952148	0.888672
8.525000	0.361328	1.020508
8.530000	-0.317383	0.634766
8.535000	-0.703125	-1.000977
8.540000	-0.029297	-2.788086
8.545000	1.787109	-3.085938
8.550000	3.808594	-2.036133
8.555000	5.151367	-0.317383
8.560000	5.356445	1.308594
8.565000	4.501953	2.246094
8.570000	3.022461	2.290039
8.575000	1.503906	1.606445
8.580000	0.439453	0.605469
8.585000	0.029297	-0.283203
8.590000	0.205078	-0.742188
8.595000	0.678711	-0.693359
8.600000	1.132812	-0.258789
8.605000	1.293945	0.317383
8.610000	1.083984	0.791016
8.615000	0.556641	1.010742
8.620000	-0.122070	0.859375
8.625000	-0.664062	-0.390625
8.630000	-0.380859	-2.387695
8.635000	1.181641	-3.159180
8.640000	3.247070	-2.460938
8.645000	4.868164	-0.854492
8.650000	5.424805	0.878906
8.655000	4.848633	2.055664
8.660000	3.491211	2.368164
8.665000	1.928711	1.860352
8.670000	0.693359	0.908203
8.675000	0.078125	-0.053711
8.680000	0.102539	-0.659180
8.685000	0.532227	-0.756836
8.690000	1.020508	-0.410156
8.695000	1.279297	0.146484
8.700000	1.191406	0.673828
8.705000	0.737305	0.981445
8.710000	0.083008	0.976562
8.715000	-0.551758	0.126953
8.720000	-0.600586	-1.850586
8.725000	0.615234	-3.095703
8.730000	2.636719	-2.797852
8.735000	4.472656	-1.372070
8.740000	5.375977	0.395508
8.745000	5.117188	1.787109
8.750000	3.945312	2.373047
8.755000	2.377930	2.080078
8.760000	1.005859	1.210938
8.765000	0.190430	0.205078
8.770000	0.039062	-0.532227
8.775000	0.375977	-0.781250
8.780000	0.888672	-0.551758
8.785000	1.240234	-0.024414
8.790000	1.250000	0.532227
8.795000	0.903320	0.922852
8.800000	0.288086	1.015625
8.805000	-0.385742	0.522461
8.810000	-0.693359	-1.230469
8.815000	0.122070	-2.895508
8.820000	2.016602	-3.032227
8.825000	4.003906	-1.870117
8.830000	5.229492	-0.122070
8.835000	5.312500	1.450195
8.840000	4.360352	2.294922
8.845000	2.846680	2.246094
8.850000	1.362305	1.503906
8.855000	0.366211	0.493164
8.860000	0.024414	-0.356445
8.865000	0.249023	-0.761719
8.870000	0.737305	-0.659180
8.875000	1.166992	-0.200195
8.880000	1.289062	0.380859
8.885000	1.040039	0.830078
8.890000	0.488281	1.020508
8.895000	-0.190430	0.791016
8.900000	-0.688477	-0.610352
8.905000	-0.263672	-2.543945
8.910000	1.391602	-3.144531
8.915000	3.461914	-2.314453
8.920000	4.980469	-0.654297
8.925000	5.415039	1.040039
8.930000	4.731445	2.138672
8.935000	3.320312	2.343750
8.940000	1.772461	1.772461
8.945000	0.595703	0.795898
8.950000	0.058594	-0.141602
8.955000	0.136719	-0.698242
8.960000	0.590820	-0.737305
8.965000	1.069336	-0.361328
8.970000	1.293945	0.209961
8.975000	1.157227	0.722656
8.980000	0.673828	0.996094
8.985000	0.009766	0.942383
8.990000	-0.600586	-0.048828
8.995000	-0.532227	-2.055664
9.000000	0.815430	-3.129883
9.005000	2.861328	-2.680664
9.010000	4.628906	-1.191406
9.015000	5.410156	0.576172
9.020000	5.029297	1.899414
9.025000	3.774414	2.373047
9.030000	2.216797	2.011719
9.035000	0.883789	1.103516
9.040000	0.141602	0.112305
9.045000	0.058594	-0.581055
9.050000	0.429688	-0.776367
9.055000	0.937500	-0.507812
9.060000	1.254883	0.039062
9.065000	1.240234	0.590820
9.070000	0.844727	0.942383
9.075000	0.214844	1.005859
9.080000	-0.449219	0.390625
9.085000	-0.668945	-1.455078
9.090000	0.292969	-2.983398
9.095000	2.241211	-2.958984
9.100000	4.184570	-1.699219
9.105000	5.297852	0.068359
9.110000	5.258789	1.582031
9.115000	4.213867	2.333984
9.120000	2.675781	2.192383
9.125000	1.230469	1.396484
9.130000	0.292969	0.385742
9.135000	0.024414	-0.419922
9.140000	0.292969	-0.771484
9.145000	0.791016	-0.625000
9.150000	1.196289	-0.136719
9.155000	1.274414	0.439453
9.160000	0.991211	0.869141
9.165000	0.419922	1.020508
9.170000	-0.263672	0.708008
9.175000	-0.698242	-0.825195
9.180000	-0.136719	-2.690430
9.185000	1.611328	-3.120117
9.190000	3.666992	-2.158203
9.195000	5.083008	-0.463867
9.200000	5.390625	1.201172
9.205000	4.604492	2.202148
9.210000	3.149414	2.319336
9.215000	1.621094	1.679688
9.220000	0.507812	0.683594
9.225000	0.034180	-0.224609
9.230000	0.170898	-0.722656
9.235000	0.639648	-0.712891
9.240000	1.103516	-0.302734
9.245000	1.289062	0.268555
9.250000	1.113281	0.766602
9.255000	0.610352	1.005859
9.260000	-0.063477	0.903320
9.265000	-0.629883	-0.239258
9.270000	-0.454102	-2.250977
9.275000	1.020508	-3.154297
9.280000	3.085938	-2.558594
9.285000	4.765625	-0.996094
9.290000	5.424805	0.751953
9.295000	4.931641	1.997070
9.300000	3.618164	2.373047
9.305000	2.045898	1.928711
9.310000	0.776367	0.991211
9.315000	0.102539	0.014648
9.320000	0.083008	-0.625000
9.325000	0.488281	-0.766602
9.330000	0.986328	-0.454102
9.335000	1.274414	0.097656
9.340000	1.210938	0.634766
9.345000	0.781250	0.966797
9.350000	0.136719	0.996094
9.355000	-0.507812	0.249023
9.360000	-0.634766	-1.684570
9.365000	0.473633	-3.056641
9.370000	2.470703	-2.871094
9.375000	4.355469	-1.513672
9.380000	5.356445	0.258789
9.385000	5.185547	1.704102
9.390000	4.057617	2.358398
9.395000	2.504883	2.128906
9.400000	1.098633	1.289062
9.405000	0.229492	0.283203
9.410000	0.029297	-0.488281
9.415000	0.336914	-0.781250
9.420000	0.844727	-0.585938
9.425000	1.230469	-0.078125
9.430000	1.264648	0.488281
9.435000	0.937500	0.898438
9.440000	0.346680	1.020508
9.445000	-0.332031	0.610352
9.450000	-0.703125	-1.054688
9.455000	0.004883	-2.812500
9.460000	1.840820	-3.071289
9.465000	3.852539	-1.997070
9.470000	5.170898	-0.268555
9.475000	5.346680	1.342773
9.480000	4.462891	2.260742
9.485000	2.978516	2.280273
9.490000	1.474609	1.582031
9.495000	0.424805	0.576172
9.500000	0.029297	-0.302734
9.505000	0.214844	-0.751953
9.510000	0.693359	-0.683594
9.515000	1.142578	-0.249023
9.520000	1.293945	0.332031
9.525000	1.079102	0.805664
9.530000	0.537109	1.015625
9.535000	-0.136719	0.844727
9.540000	-0.668945	-0.444336
9.545000	-0.351562	-2.426758
9.550000	1.230469	-3.159180
9.555000	3.300781	-2.426758
9.560000	4.892578	-0.805664
9.565000	5.419922	0.917969
9.570000	4.819336	2.080078
9.575000	3.447266	2.358398
9.580000	1.889648	1.845703
9.585000	0.668945	0.878906
9.590000	0.073242	-0.068359
9.595000	0.112305	-0.668945
9.600000	0.541992	-0.751953
9.605000	1.030273	-0.400391
9.610000	1.284180	0.161133
9.615000	1.176758	0.688477
9.620000	0.717773	0.981445
9.625000	0.063477	0.971680
9.630000	-0.566406	0.083008
9.635000	-0.585938	-1.904297
9.640000	0.664062	-3.110352
9.645000	2.690430	-2.768555
9.650000	4.511719	-1.328125
9.655000	5.390625	0.444336
9.660000	5.102539	1.816406
9.665000	3.901367	2.368164
9.670000	2.338867	2.060547
9.675000	0.976562	1.186523
9.680000	0.180664	0.180664
9.685000	0.048828	-0.541992
9.690000	0.390625	-0.786133
9.695000	0.898438	-0.541992
9.700000	1.245117	-0.014648
9.705000	1.245117	0.541992
9.710000	0.883789	0.927734
9.715000	0.268555	1.015625
9.720000	-0.400391	0.493164
9.725000	-0.688477	-1.284180
9.730000	0.166016	-2.919922
9.735000	2.075195	-3.012695
9.740000	4.042969	-1.826172
9.745000	5.253906	-0.073242
9.750000	5.302734	1.479492
9.755000	4.326172	2.304688
9.760000	2.802734	2.231445
9.765000	1.328125	1.479492
9.770000	0.346680	0.468750
9.775000	0.019531	-0.371094
9.780000	0.258789	-0.761719
9.785000	0.751953	-0.649414
9.790000	1.176758	-0.185547
9.795000	1.284180	0.395508
9.800000	1.030273	0.839844
9.805000	0.468750	1.015625
9.810000	-0.209961	0.771484
9.815000	-0.688477	-0.659180
9.820000	-0.234375	-2.583008
9.825000	1.450195	-3.139648
9.830000	3.510742	-2.275391
9.835000	5.004883	-0.605469
9.840000	5.410156	1.083984
9.845000	4.697266	2.158203
9.850000	3.276367	2.338867
9.855000	1.733398	1.752930
9.860000	0.571289	0.771484
9.865000	0.048828	-0.161133
9.870000	0.146484	-0.703125
9.875000	0.600586	-0.732422
9.880000	1.079102	-0.346680
9.885000	1.293945	0.224609
9.890000	1.147461	0.732422
9.895000	0.659180	1.000977
9.900000	-0.009766	0.937500
9.905000	-0.610352	-0.097656
9.910000	-0.512695	-2.104492
9.915000	0.864258	-3.139648
9.920000	2.919922	-2.651367
9.925000	4.663086	-1.142578
9.930000	5.415039	0.620117
9.935000	5.004883	1.923828
9.940000	3.740234	2.373047
9.945000	2.177734	1.992188
9.950000	0.859375	1.074219
9.955000	0.136719	0.083008
9.960000	0.063477	-0.595703
9.965000	0.449219	-0.771484
9.970000	0.947266	-0.488281
9.975000	1.259766	0.048828
9.980000	1.235352	0.600586
9.985000	0.830078	0.947266
9.990000	0.195312	1.005859
9.995000	-0.463867	0.361328
10.000000	-0.664062	-1.513672
