# Time_s	x	xdot
0.000000	0.639648	-0.859375
0.005000	1.201172	-0.444336
0.010000	1.479492	0.185547
0.015000	1.352539	0.761719
0.020000	0.854492	1.079102
0.025000	0.141602	1.044922
0.030000	-0.541992	0.190430
0.035000	-0.625000	-1.870117
0.040000	0.595703	-3.242188
0.045000	2.709961	-2.988281
0.050000	4.677734	-1.528320
0.055000	5.581055	0.341797
0.060000	5.400391	1.855469
0.065000	4.179688	2.509766
0.070000	2.519531	2.231445
0.075000	1.049805	1.303711
0.080000	0.166016	0.219727
0.085000	0.019531	-0.605469
0.090000	0.405273	-0.898438
0.095000	0.986328	-0.659180
0.100000	1.406250	-0.083008
0.105000	1.459961	0.546875
0.110000	1.098633	0.981445
0.115000	0.449219	1.103516
0.120000	-0.288086	0.712891
0.125000	-0.722656	-0.952148
0.130000	-0.078125	-2.871094
0.135000	1.796875	-3.276367
0.140000	3.940430	-2.231445
0.145000	5.415039	-0.429688
0.150000	5.585938	1.313477
0.155000	4.775391	2.358398
0.160000	3.222656	2.446289
0.165000	1.596680	1.738281
0.170000	0.444336	0.659180
0.175000	0.000000	-0.317383
0.180000	0.195312	-0.839844
0.185000	0.742188	-0.810547
0.190000	1.264648	-0.346680
0.195000	1.489258	0.297852
0.200000	1.293945	0.839844
0.205000	0.742188	1.093750
0.210000	0.009766	0.996094
0.215000	-0.625000	-0.107422
0.220000	-0.522461	-2.216797
0.225000	0.927734	-3.305664
0.230000	3.085938	-2.802734
0.235000	4.931641	-1.220703
0.240000	5.585938	0.649414
0.245000	5.249023	2.041016
0.250000	3.906250	2.519531
0.255000	2.241211	2.109375
0.260000	0.844727	1.118164
0.265000	0.097656	0.043945
0.270000	0.053711	-0.693359
0.275000	0.502930	-0.888672
0.280000	1.079102	-0.576172
0.285000	1.450195	0.024414
0.290000	1.425781	0.639648
0.295000	1.000977	1.025391
0.300000	0.317383	1.093750
0.305000	-0.400391	0.527344
0.310000	-0.708008	-1.333008
0.315000	0.175781	-3.061523
0.320000	2.177734	-3.183594
0.325000	4.267578	-1.948242
0.330000	5.551758	-0.097656
0.335000	5.566406	1.557617
0.340000	4.536133	2.446289
0.345000	2.929688	2.373047
0.350000	1.352539	1.562500
0.355000	0.312500	0.468750
0.360000	-0.009766	-0.449219
0.365000	0.273438	-0.878906
0.370000	0.849609	-0.756836
0.375000	1.333008	-0.239258
0.380000	1.489258	0.405273
0.385000	1.225586	0.903320
0.390000	0.620117	1.108398
0.395000	-0.112305	0.903320
0.400000	-0.683594	-0.439453
0.405000	-0.371094	-2.524414
0.410000	1.274414	-3.325195
0.415000	3.457031	-2.583008
0.420000	5.156250	-0.883789
0.425000	5.581055	0.947266
0.430000	5.063477	2.192383
0.435000	3.623047	2.504883
0.440000	1.962891	1.962891
0.445000	0.664062	0.927734
0.450000	0.039062	-0.112305
0.455000	0.102539	-0.771484
0.460000	0.605469	-0.869141
0.465000	1.166992	-0.483398
0.470000	1.474609	0.141602
0.475000	1.376953	0.727539
0.480000	0.898438	1.064453
0.485000	0.190430	1.069336
0.490000	-0.507812	0.297852
0.495000	-0.664062	-1.718750
0.500000	0.468750	-3.198242
0.505000	2.558594	-3.051758
0.510000	4.565430	-1.650391
0.515000	5.581055	0.219727
0.520000	5.454102	1.777344
0.525000	4.282227	2.495117
0.530000	2.631836	2.275391
0.535000	1.132812	1.381836
0.540000	0.205078	0.283203
0.545000	0.000000	-0.561523
0.550000	0.366211	-0.898438
0.555000	0.947266	-0.688477
0.560000	1.391602	-0.126953
0.565000	1.469727	0.507812
0.570000	1.137695	0.961914
0.575000	0.498047	1.108398
0.580000	-0.239258	0.776367
0.585000	-0.712891	-0.800781
0.590000	-0.175781	-2.783203
0.595000	1.645508	-3.300781
0.600000	3.803711	-2.333984
0.605000	5.341797	-0.561523
0.610000	5.585938	1.215820
0.615000	4.868164	2.319336
0.620000	3.334961	2.475586
0.625000	1.699219	1.806641
0.630000	0.502930	0.732422
0.635000	0.004883	-0.263672
0.640000	0.166016	-0.830078
0.645000	0.703125	-0.830078
0.650000	1.240234	-0.385742
0.655000	1.489258	0.253906
0.660000	1.313477	0.810547
0.665000	0.786133	1.088867
0.670000	0.063477	1.020508
0.675000	-0.600586	0.019531
0.680000	-0.576172	-2.084961
0.685000	0.786133	-3.286133
0.690000	2.939453	-2.880859
0.695000	4.833984	-1.337891
0.700000	5.585938	0.532227
0.705000	5.312500	1.967773
0.710000	4.013672	2.519531
0.715000	2.353516	2.158203
0.720000	0.927734	1.196289
0.725000	0.126953	0.112305
0.730000	0.034180	-0.659180
0.735000	0.463867	-0.893555
0.740000	1.044922	-0.610352
0.745000	1.430664	-0.014648
0.750000	1.440430	0.605469
0.755000	1.044922	1.010742
0.760000	0.371094	1.093750
0.765000	-0.356445	0.610352
0.770000	-0.717773	-1.186523
0.775000	0.068359	-2.988281
0.780000	2.021484	-3.222656
0.785000	4.135742	-2.070312
0.790000	5.502930	-0.234375
0.795000	5.581055	1.464844
0.800000	4.633789	2.412109
0.805000	3.046875	2.407227
0.810000	1.450195	1.635742
0.815000	0.366211	0.546875
0.820000	-0.009766	-0.395508
0.825000	0.244141	-0.869141
0.830000	0.805664	-0.781250
0.835000	1.308594	-0.283203
0.840000	1.489258	0.356445
0.845000	1.250000	0.878906
0.850000	0.668945	1.103516
0.855000	-0.063477	0.947266
0.860000	-0.664062	-0.297852
0.865000	-0.439453	-2.407227
0.870000	1.137695	-3.325195
0.875000	3.310547	-2.675781
0.880000	5.068359	-1.020508
0.885000	5.585938	0.830078
0.890000	5.141602	2.138672
0.895000	3.740234	2.514648
0.900000	2.075195	2.021484
0.905000	0.737305	1.005859
0.910000	0.058594	-0.053711
0.915000	0.078125	-0.742188
0.920000	0.561523	-0.878906
0.925000	1.132812	-0.522461
0.930000	1.469727	0.097656
0.935000	1.396484	0.688477
0.940000	0.942383	1.049805
0.945000	0.244141	1.083984
0.950000	-0.468750	0.395508
0.955000	-0.688477	-1.567383
0.960000	0.346680	-3.149414
0.965000	2.407227	-3.110352
0.970000	4.448242	-1.777344
0.975000	5.576172	0.087891
0.980000	5.502930	1.694336
0.985000	4.384766	2.480469
0.990000	2.753906	2.319336
0.995000	1.225586	1.459961
1.000000	0.249023	0.361328
1.005000	-0.004883	-0.517578
1.010000	0.327148	-0.888672
1.015000	0.908203	-0.717773
1.020000	1.367188	-0.170898
1.025000	1.479492	0.468750
1.030000	1.171875	0.937500
1.035000	0.546875	1.108398
1.040000	-0.190430	0.834961
1.045000	-0.708008	-0.654297
1.050000	-0.253906	-2.685547
1.055000	1.494141	-3.315430
1.060000	3.671875	-2.441406
1.065000	5.268555	-0.693359
1.070000	5.585938	1.108398
1.075000	4.951172	2.270508
1.080000	3.447266	2.490234
1.085000	1.806641	1.870117
1.090000	0.566406	0.815430
1.095000	0.019531	-0.205078
1.100000	0.141602	-0.805664
1.105000	0.659180	-0.849609
1.110000	1.215820	-0.424805
1.115000	1.484375	0.209961
1.120000	1.342773	0.776367
1.125000	0.834961	1.083984
1.130000	0.117188	1.040039
1.135000	-0.561523	0.131836
1.140000	-0.615234	-1.943359
1.145000	0.659180	-3.256836
1.150000	2.783203	-2.954102
1.155000	4.731445	-1.469727
1.160000	5.581055	0.405273
1.165000	5.371094	1.899414
1.170000	4.121094	2.514648
1.175000	2.465820	2.207031
1.180000	1.005859	1.269531
1.185000	0.151367	0.175781
1.190000	0.024414	-0.625000
1.195000	0.419922	-0.898438
1.200000	1.005859	-0.639648
1.205000	1.416016	-0.063477
1.210000	1.455078	0.566406
1.215000	1.079102	0.991211
1.220000	0.424805	1.098633
1.225000	-0.312500	0.683594
1.230000	-0.727539	-1.025391
1.235000	-0.034180	-2.915039
1.240000	1.875000	-3.256836
1.245000	4.003906	-2.177734
1.250000	5.444336	-0.361328
1.255000	5.581055	1.367188
1.260000	4.726562	2.377930
1.265000	3.164062	2.441406
1.270000	1.547852	1.704102
1.275000	0.415039	0.620117
1.280000	-0.009766	-0.341797
1.285000	0.214844	-0.854492
1.290000	0.766602	-0.800781
1.295000	1.279297	-0.322266
1.300000	1.489258	0.317383
1.305000	1.279297	0.849609
1.310000	0.717773	1.093750
1.315000	-0.014648	0.976562
1.320000	-0.634766	-0.166016
1.325000	-0.502930	-2.280273
1.330000	0.996094	-3.315430
1.335000	3.159180	-2.763672
1.340000	4.980469	-1.152344
1.345000	5.585938	0.708008
1.350000	5.214844	2.070312
1.355000	3.847656	2.524414
1.360000	2.182617	2.080078
1.365000	0.805664	1.083984
1.370000	0.078125	0.009766
1.375000	0.058594	-0.708008
1.380000	0.522461	-0.883789
1.385000	1.098633	-0.561523
1.390000	1.455078	0.048828
1.395000	1.416016	0.654297
1.400000	0.981445	1.035156
1.405000	0.297852	1.083984
1.410000	-0.424805	0.483398
1.415000	-0.708008	-1.411133
1.420000	0.229492	-3.095703
1.425000	2.255859	-3.159180
1.430000	4.326172	-1.889648
1.435000	5.571289	-0.039062
1.440000	5.546875	1.606445
1.445000	4.487305	2.456055
1.450000	2.871094	2.358398
1.455000	1.308594	1.528320
1.460000	0.288086	0.434570
1.465000	-0.009766	-0.473633
1.470000	0.292969	-0.883789
1.475000	0.864258	-0.747070
1.480000	1.347656	-0.214844
1.485000	1.484375	0.429688
1.490000	1.210938	0.917969
1.495000	0.595703	1.108398
1.500000	-0.141602	0.883789
1.505000	-0.693359	-0.507812
1.510000	-0.332031	-2.578125
1.515000	1.347656	-3.325195
1.520000	3.530273	-2.539062
1.525000	5.195312	-0.825195
1.530000	5.581055	0.996094
1.535000	5.029297	2.221680
1.540000	3.569336	2.500000
1.545000	1.909180	1.933594
1.550000	0.629883	0.888672
1.555000	0.029297	-0.146484
1.560000	0.117188	-0.786133
1.565000	0.625000	-0.864258
1.570000	1.186523	-0.468750
1.575000	1.479492	0.161133
1.580000	1.367188	0.742188
1.585000	0.878906	1.069336
1.590000	0.170898	1.059570
1.595000	-0.527344	0.244141
1.600000	-0.644531	-1.791992
1.605000	0.532227	-3.217773
1.610000	2.631836	-3.022461
1.615000	4.619141	-1.591797
1.620000	5.581055	0.283203
1.625000	5.429688	1.821289
1.630000	4.233398	2.500000
1.635000	2.578125	2.250977
1.640000	1.088867	1.347656
1.645000	0.190430	0.253906
1.650000	0.004883	-0.581055
1.655000	0.385742	-0.898438
1.660000	0.966797	-0.673828
1.665000	1.401367	-0.102539
1.670000	1.464844	0.522461
1.675000	1.118164	0.971680
1.680000	0.473633	1.103516
1.685000	-0.263672	0.747070
1.690000	-0.722656	-0.878906
1.695000	-0.122070	-2.827148
1.700000	1.718750	-3.286133
1.705000	3.876953	-2.290039
1.710000	5.375977	-0.493164
1.715000	5.585938	1.264648
1.720000	4.819336	2.343750
1.725000	3.276367	2.465820
1.730000	1.650391	1.772461
1.735000	0.473633	0.693359
1.740000	0.000000	-0.292969
1.745000	0.180664	-0.834961
1.750000	0.727539	-0.825195
1.755000	1.250000	-0.361328
1.760000	1.489258	0.278320
1.765000	1.303711	0.825195
1.770000	0.761719	1.088867
1.775000	0.039062	1.010742
1.780000	-0.615234	-0.043945
1.785000	-0.551758	-2.153320
1.790000	0.859375	-3.300781
1.795000	3.012695	-2.846680
1.800000	4.882812	-1.279297
1.805000	5.581055	0.590820
1.810000	5.278320	2.001953
1.815000	3.959961	2.519531
1.820000	2.294922	2.133789
1.825000	0.883789	1.157227
1.830000	0.107422	0.078125
1.835000	0.043945	-0.678711
1.840000	0.478516	-0.888672
1.845000	1.059570	-0.595703
1.850000	1.440430	0.004883
1.855000	1.430664	0.620117
1.860000	1.025391	1.020508
1.865000	0.346680	1.093750
1.870000	-0.380859	0.571289
1.875000	-0.712891	-1.254883
1.880000	0.122070	-3.027344
1.885000	2.104492	-3.203125
1.890000	4.204102	-2.006836
1.895000	5.522461	-0.166016
1.900000	5.576172	1.513672
1.905000	4.584961	2.431641
1.910000	2.983398	2.392578
1.915000	1.396484	1.596680
1.920000	0.341797	0.507812
1.925000	-0.009766	-0.424805
1.930000	0.258789	-0.874023
1.935000	0.825195	-0.771484
1.940000	1.318359	-0.263672
1.945000	1.484375	0.380859
1.950000	1.235352	0.888672
1.955000	0.644531	1.103516
1.960000	-0.083008	0.927734
1.965000	-0.673828	-0.366211
1.970000	-0.405273	-2.470703
1.975000	1.210938	-3.325195
1.980000	3.383789	-2.636719
1.985000	5.107422	-0.952148
1.990000	5.585938	0.888672
1.995000	5.102539	2.163086
2.000000	3.681641	2.509766
2.005000	2.021484	1.992188
2.010000	0.698242	0.966797
2.015000	0.048828	-0.083008
2.020000	0.092773	-0.756836
2.025000	0.581055	-0.874023
2.030000	1.152344	-0.507812
2.035000	1.469727	0.117188
2.040000	1.391602	0.708008
2.045000	0.917969	1.054688
2.050000	0.219727	1.074219
2.055000	-0.488281	0.346680
2.060000	-0.673828	-1.640625
2.065000	0.410156	-3.173828
2.070000	2.480469	-3.081055
2.075000	4.506836	-1.718750
2.080000	5.576172	0.156250
2.085000	5.478516	1.733398
2.090000	4.335938	2.490234
2.095000	2.690430	2.294922
2.100000	1.176758	1.420898
2.105000	0.224609	0.322266
2.110000	0.000000	-0.541992
2.115000	0.346680	-0.893555
2.120000	0.932617	-0.703125
2.125000	1.376953	-0.151367
2.130000	1.469727	0.483398
2.135000	1.157227	0.947266
2.140000	0.522461	1.108398
2.145000	-0.214844	0.805664
2.150000	-0.708008	-0.727539
2.155000	-0.214844	-2.734375
2.160000	1.567383	-3.305664
2.165000	3.735352	-2.387695
2.170000	5.312500	-0.625000
2.175000	5.585938	1.162109
2.180000	4.907227	2.294922
2.185000	3.398438	2.485352
2.190000	1.752930	1.840820
2.195000	0.537109	0.771484
2.200000	0.009766	-0.239258
2.205000	0.151367	-0.815430
2.210000	0.678711	-0.839844
2.215000	1.235352	-0.405273
2.220000	1.484375	0.229492
2.225000	1.328125	0.791016
2.230000	0.810547	1.083984
2.235000	0.087891	1.030273
2.240000	-0.581055	0.078125
2.245000	-0.595703	-2.011719
2.250000	0.722656	-3.276367
2.255000	2.861328	-2.919922
2.260000	4.785156	-1.401367
2.265000	5.581055	0.473633
2.270000	5.341797	1.933594
2.275000	4.067383	2.514648
2.280000	2.412109	2.182617
2.285000	0.961914	1.235352
2.290000	0.136719	0.141602
2.295000	0.029297	-0.639648
2.300000	0.444336	-0.893555
2.305000	1.025391	-0.629883
2.310000	1.425781	-0.039062
2.315000	1.450195	0.585938
2.320000	1.064453	1.000977
2.325000	0.395508	1.103516
2.330000	-0.332031	0.644531
2.335000	-0.722656	-1.103516
2.340000	0.014648	-2.954102
2.345000	1.943359	-3.242188
2.350000	4.072266	-2.124023
2.355000	5.473633	-0.297852
2.360000	5.581055	1.416016
2.365000	4.682617	2.402344
2.370000	3.100586	2.416992
2.375000	1.499023	1.669922
2.380000	0.390625	0.585938
2.385000	-0.004883	-0.371094
2.390000	0.224609	-0.864258
2.395000	0.786133	-0.791016
2.400000	1.293945	-0.302734
2.405000	1.489258	0.336914
2.410000	1.259766	0.864258
2.415000	0.693359	1.103516
2.420000	-0.039062	0.961914
2.425000	-0.654297	-0.234375
2.430000	-0.468750	-2.343750
2.435000	1.064453	-3.320312
2.440000	3.237305	-2.719727
2.445000	5.019531	-1.088867
2.450000	5.585938	0.766602
2.455000	5.180664	2.104492
2.460000	3.789062	2.519531
2.465000	2.128906	2.045898
2.470000	0.771484	1.044922
2.475000	0.068359	-0.024414
2.480000	0.068359	-0.727539
2.485000	0.541992	-0.883789
2.490000	1.113281	-0.541992
2.495000	1.459961	0.073242
2.500000	1.406250	0.673828
2.505000	0.961914	1.044922
2.510000	0.268555	1.083984
2.515000	-0.444336	0.439453
2.520000	-0.698242	-1.489258
2.525000	0.292969	-3.120117
2.530000	2.333984	-3.134766
2.535000	4.384766	-1.835938
2.540000	5.576172	0.029297
2.545000	5.522461	1.650391
2.550000	4.438477	2.470703
2.555000	2.812500	2.338867
2.560000	1.259766	1.494141
2.565000	0.273438	0.395508
2.570000	-0.009766	-0.498047
2.575000	0.312500	-0.888672
2.580000	0.888672	-0.727539
2.585000	1.357422	-0.195312
2.590000	1.479492	0.449219
2.595000	1.191406	0.927734
2.600000	0.576172	1.103516
2.605000	-0.166016	0.864258
2.610000	-0.703125	-0.581055
2.615000	-0.297852	-2.636719
2.620000	1.420898	-3.325195
2.625000	3.603516	-2.490234
2.630000	5.234375	-0.761719
2.635000	5.585938	1.054688
2.640000	4.985352	2.250977
2.645000	3.510742	2.495117
2.650000	1.855469	1.904297
2.655000	0.600586	0.849609
2.660000	0.024414	-0.180664
2.665000	0.126953	-0.791016
2.670000	0.639648	-0.854492
2.675000	1.201172	-0.449219
2.680000	1.484375	0.185547
2.685000	1.352539	0.761719
2.690000	0.854492	1.079102
2.695000	0.136719	1.049805
2.700000	-0.546875	0.185547
2.705000	-0.629883	-1.870117
2.710000	0.595703	-3.242188
2.715000	2.709961	-2.988281
2.720000	4.677734	-1.528320
2.725000	5.585938	0.346680
2.730000	5.400391	1.860352
2.735000	4.174805	2.504883
2.740000	2.514648	2.231445
2.745000	1.049805	1.308594
2.750000	0.170898	0.214844
2.755000	0.014648	-0.605469
2.760000	0.400391	-0.903320
2.765000	0.986328	-0.659180
2.770000	1.406250	-0.083008
2.775000	1.464844	0.541992
2.780000	1.103516	0.986328
2.785000	0.449219	1.103516
2.790000	-0.283203	0.712891
2.795000	-0.727539	-0.952148
2.800000	-0.078125	-2.875977
2.805000	1.796875	-3.276367
2.810000	3.940430	-2.236328
2.815000	5.415039	-0.429688
2.820000	5.585938	1.318359
2.825000	4.775391	2.363281
2.830000	3.217773	2.451172
2.835000	1.596680	1.738281
2.840000	0.444336	0.659180
2.845000	-0.004883	-0.322266
2.850000	0.200195	-0.844727
2.855000	0.747070	-0.810547
2.860000	1.264648	-0.346680
2.865000	1.489258	0.297852
2.870000	1.289062	0.834961
2.875000	0.742188	1.093750
2.880000	0.009766	0.991211
2.885000	-0.625000	-0.102539
2.890000	-0.527344	-2.216797
2.895000	0.927734	-3.305664
2.900000	3.090820	-2.807617
2.905000	4.936523	-1.215820
2.910000	5.585938	0.654297
2.915000	5.249023	2.041016
2.920000	3.901367	2.519531
2.925000	2.241211	2.109375
2.930000	0.849609	1.118164
2.935000	0.092773	0.043945
2.940000	0.053711	-0.693359
2.945000	0.502930	-0.888672
2.950000	1.083984	-0.576172
2.955000	1.445312	0.024414
2.960000	1.425781	0.639648
2.965000	1.005859	1.030273
2.970000	0.317383	1.088867
2.975000	-0.400391	0.527344
2.980000	-0.712891	-1.333008
2.985000	0.175781	-3.061523
2.990000	2.177734	-3.183594
2.995000	4.262695	-1.953125
3.000000	5.551758	-0.097656
3.005000	5.566406	1.562500
3.010000	4.536133	2.446289
3.015000	2.924805	2.373047
3.020000	1.357422	1.562500
3.025000	0.312500	0.468750
3.030000	-0.009766	-0.449219
3.035000	0.278320	-0.878906
3.040000	0.844727	-0.756836
3.045000	1.333008	-0.239258
3.050000	1.489258	0.405273
3.055000	1.225586	0.903320
3.060000	0.620117	1.103516
3.065000	-0.112305	0.908203
3.070000	-0.683594	-0.439453
3.075000	-0.375977	-2.524414
3.080000	1.279297	-3.325195
3.085000	3.457031	-2.587891
3.090000	5.156250	-0.893555
3.095000	5.581055	0.942383
3.100000	5.068359	2.197266
3.105000	3.627930	2.509766
3.110000	1.962891	1.962891
3.115000	0.664062	0.927734
3.120000	0.039062	-0.112305
3.125000	0.102539	-0.771484
3.130000	0.605469	-0.869141
3.135000	1.166992	-0.483398
3.140000	1.474609	0.136719
3.145000	1.381836	0.727539
3.150000	0.898438	1.064453
3.155000	0.190430	1.069336
3.160000	-0.507812	0.297852
3.165000	-0.664062	-1.718750
3.170000	0.468750	-3.198242
3.175000	2.558594	-3.056641
3.180000	4.565430	-1.655273
3.185000	5.581055	0.219727
3.190000	5.454102	1.777344
3.195000	4.282227	2.495117
3.200000	2.636719	2.280273
3.205000	1.132812	1.381836
3.210000	0.209961	0.288086
3.215000	0.004883	-0.561523
3.220000	0.366211	-0.893555
3.225000	0.947266	-0.688477
3.230000	1.391602	-0.131836
3.235000	1.464844	0.507812
3.240000	1.137695	0.961914
3.245000	0.498047	1.108398
3.250000	-0.234375	0.776367
3.255000	-0.717773	-0.800781
3.260000	-0.175781	-2.783203
3.265000	1.645508	-3.300781
3.270000	3.803711	-2.343750
3.275000	5.346680	-0.561523
3.280000	5.581055	1.215820
3.285000	4.863281	2.319336
3.290000	3.339844	2.470703
3.295000	1.699219	1.806641
3.300000	0.507812	0.737305
3.305000	0.000000	-0.258789
3.310000	0.166016	-0.825195
3.315000	0.703125	-0.830078
3.320000	1.245117	-0.390625
3.325000	1.489258	0.253906
3.330000	1.318359	0.810547
3.335000	0.786133	1.088867
3.340000	0.063477	1.015625
3.345000	-0.595703	0.019531
3.350000	-0.576172	-2.080078
3.355000	0.791016	-3.286133
3.360000	2.939453	-2.880859
3.365000	4.833984	-1.342773
3.370000	5.585938	0.532227
3.375000	5.312500	1.972656
3.380000	4.018555	2.519531
3.385000	2.353516	2.158203
3.390000	0.927734	1.196289
3.395000	0.122070	0.112305
3.400000	0.034180	-0.659180
3.405000	0.454102	-0.893555
3.410000	1.044922	-0.610352
3.415000	1.430664	-0.014648
3.420000	1.440430	0.605469
3.425000	1.044922	1.010742
3.430000	0.371094	1.098633
3.435000	-0.351562	0.610352
3.440000	-0.717773	-1.186523
3.445000	0.068359	-2.988281
3.450000	2.021484	-3.227539
3.455000	4.140625	-2.065430
3.460000	5.502930	-0.229492
3.465000	5.576172	1.459961
3.470000	4.638672	2.416992
3.475000	3.046875	2.412109
3.480000	1.455078	1.635742
3.485000	0.361328	0.546875
3.490000	-0.009766	-0.395508
3.495000	0.244141	-0.869141
3.500000	0.805664	-0.786133
3.505000	1.303711	-0.288086
3.510000	1.489258	0.361328
3.515000	1.250000	0.878906
3.520000	0.668945	1.103516
3.525000	-0.063477	0.942383
3.530000	-0.708008	-1.372070
3.535000	0.205078	-3.076172
3.540000	2.216797	-3.173828
3.545000	4.296875	-1.923828
3.550000	5.566406	-0.068359
3.555000	5.556641	1.582031
3.560000	4.516602	2.446289
3.565000	2.900391	2.368164
3.570000	1.333008	1.547852
3.575000	0.307617	0.454102
3.580000	-0.009766	-0.454102
3.585000	0.288086	-0.878906
3.590000	0.854492	-0.751953
3.595000	1.337891	-0.229492
3.600000	1.484375	0.415039
3.605000	1.215820	0.913086
3.610000	0.610352	1.103516
3.615000	-0.122070	0.893555
3.620000	-0.688477	-0.473633
3.625000	-0.356445	-2.548828
3.630000	1.308594	-3.325195
3.635000	3.491211	-2.568359
3.640000	5.170898	-0.859375
3.645000	5.585938	0.966797
3.650000	5.048828	2.207031
3.655000	3.598633	2.504883
3.660000	1.938477	1.953125
3.665000	0.649414	0.908203
3.670000	0.034180	-0.131836
3.675000	0.107422	-0.776367
3.680000	0.610352	-0.869141
3.685000	1.171875	-0.478516
3.690000	1.474609	0.146484
3.695000	1.372070	0.737305
3.700000	0.888672	1.064453
3.705000	0.180664	1.064453
3.710000	-0.512695	0.268555
3.715000	-0.654297	-1.752930
3.720000	0.498047	-3.208008
3.725000	2.592773	-3.041992
3.730000	4.589844	-1.625977
3.735000	5.581055	0.249023
3.740000	5.444336	1.796875
3.745000	4.257812	2.495117
3.750000	2.607422	2.265625
3.755000	1.113281	1.362305
3.760000	0.195312	0.268555
3.765000	0.004883	-0.571289
3.770000	0.371094	-0.898438
3.775000	0.957031	-0.683594
3.780000	1.396484	-0.122070
3.785000	1.469727	0.517578
3.790000	1.127930	0.966797
3.795000	0.483398	1.103516
3.800000	-0.249023	0.766602
3.805000	-0.717773	-0.834961
3.810000	-0.151367	-2.802734
3.815000	1.679688	-3.295898
3.820000	3.842773	-2.319336
3.825000	5.361328	-0.527344
3.830000	5.581055	1.240234
3.835000	4.843750	2.329102
3.840000	3.310547	2.470703
3.845000	1.679688	1.791992
3.850000	0.493164	0.717773
3.855000	0.000000	-0.273438
3.860000	0.170898	-0.830078
3.865000	0.712891	-0.830078
3.870000	1.245117	-0.380859
3.875000	1.489258	0.263672
3.880000	1.313477	0.810547
3.885000	0.776367	1.088867
3.890000	0.048828	1.010742
3.895000	-0.605469	-0.009766
3.900000	-0.566406	-2.114258
3.905000	0.820312	-3.291016
3.910000	2.973633	-2.866211
3.915000	4.858398	-1.308594
3.920000	5.581055	0.561523
3.925000	5.297852	1.992188
3.930000	3.989258	2.519531
3.935000	2.329102	2.143555
3.940000	0.908203	1.176758
3.945000	0.112305	0.097656
3.950000	0.034180	-0.668945
3.955000	0.468750	-0.893555
3.960000	1.049805	-0.600586
3.965000	1.435547	-0.004883
3.970000	1.440430	0.610352
3.975000	1.035156	1.015625
3.980000	0.356445	1.093750
3.985000	-0.366211	0.595703
3.990000	-0.722656	-1.220703
3.995000	0.092773	-3.007812
4.000000	2.055664	-3.217773
4.005000	4.165039	-2.041016
4.010000	5.517578	-0.205078
4.015000	5.576172	1.489258
4.020000	4.614258	2.421875
4.025000	3.017578	2.402344
4.030000	1.430664	1.621094
4.035000	0.351562	0.527344
4.040000	-0.009766	-0.410156
4.045000	0.249023	-0.869141
4.050000	0.815430	-0.776367
4.055000	1.313477	-0.273438
4.060000	1.489258	0.371094
4.065000	1.245117	0.883789
4.070000	0.659180	1.103516
4.075000	-0.073242	0.937500
4.080000	-0.668945	-0.332031
4.085000	-0.424805	-2.436523
4.090000	1.171875	-3.325195
4.095000	3.344727	-2.656250
4.100000	5.087891	-0.996094
4.105000	5.581055	0.854492
4.110000	5.126953	2.148438
4.115000	3.720703	2.514648
4.120000	2.045898	2.011719
4.125000	0.717773	0.986328
4.130000	0.053711	-0.063477
4.135000	0.087891	-0.747070
4.140000	0.566406	-0.878906
4.145000	1.137695	-0.517578
4.150000	1.469727	0.107422
4.155000	1.391602	0.698242
4.160000	0.932617	1.049805
4.165000	0.234375	1.079102
4.170000	-0.473633	0.371094
4.175000	-0.683594	-1.596680
4.180000	0.371094	-3.164062
4.185000	2.441406	-3.100586
4.190000	4.472656	-1.748047
4.195000	5.576172	0.122070
4.200000	5.493164	1.713867
4.205000	4.365234	2.485352
4.210000	2.729492	2.309570
4.215000	1.206055	1.440430
4.220000	0.239258	0.341797
4.225000	-0.004883	-0.527344
4.230000	0.336914	-0.893555
4.235000	0.917969	-0.712891
4.240000	1.372070	-0.166016
4.245000	1.474609	0.473633
4.250000	1.166992	0.942383
4.255000	0.537109	1.108398
4.260000	-0.200195	0.820312
4.265000	-0.708008	-0.678711
4.270000	-0.239258	-2.705078
4.275000	1.523438	-3.315430
4.280000	3.701172	-2.421875
4.285000	5.288086	-0.664062
4.290000	5.585938	1.132812
4.295000	4.931641	2.285156
4.300000	3.427734	2.490234
4.305000	1.787109	1.860352
4.310000	0.551758	0.791016
4.315000	0.014648	-0.219727
4.320000	0.146484	-0.810547
4.325000	0.668945	-0.844727
4.330000	1.225586	-0.419922
4.335000	1.484375	0.219727
4.340000	1.337891	0.781250
4.345000	0.825195	1.079102
4.350000	0.107422	1.040039
4.355000	-0.571289	0.107422
4.360000	-0.610352	-1.967773
4.365000	0.683594	-3.261719
4.370000	2.822266	-2.939453
4.375000	4.750977	-1.440430
4.380000	5.585938	0.434570
4.385000	5.366211	1.914062
4.390000	4.101562	2.514648
4.395000	2.446289	2.202148
4.400000	0.986328	1.254883
4.405000	0.141602	0.166016
4.410000	0.024414	-0.629883
4.415000	0.429688	-0.898438
4.420000	1.010742	-0.629883
4.425000	1.420898	-0.053711
4.430000	1.455078	0.576172
4.435000	1.079102	0.996094
4.440000	0.410156	1.103516
4.445000	-0.317383	0.664062
4.450000	-0.722656	-1.059570
4.455000	-0.014648	-2.929688
4.460000	1.899414	-3.256836
4.465000	4.033203	-2.153320
4.470000	5.454102	-0.332031
4.475000	5.581055	1.391602
4.480000	4.711914	2.387695
4.485000	3.139648	2.431641
4.490000	1.528320	1.689453
4.495000	0.410156	0.605469
4.500000	-0.009766	-0.351562
4.505000	0.219727	-0.859375
4.510000	0.771484	-0.795898
4.515000	1.289062	-0.317383
4.520000	1.489258	0.322266
4.525000	1.269531	0.859375
4.530000	0.708008	1.093750
4.535000	-0.019531	0.971680
4.540000	-0.639648	-0.195312
4.545000	-0.483398	-2.309570
4.550000	1.020508	-3.320312
4.555000	3.193359	-2.744141
4.560000	5.000000	-1.127930
4.565000	5.585938	0.737305
4.570000	5.200195	2.084961
4.575000	3.823242	2.519531
4.580000	2.163086	2.070312
4.585000	0.791016	1.064453
4.590000	0.078125	-0.004883
4.595000	0.063477	-0.717773
4.600000	0.527344	-0.883789
4.605000	1.103516	-0.551758
4.610000	1.459961	0.063477
4.615000	1.411133	0.664062
4.620000	0.971680	1.040039
4.625000	0.283203	1.088867
4.630000	-0.434570	0.463867
4.635000	-0.703125	-1.445312
4.640000	0.253906	-3.105469
4.645000	2.285156	-3.149414
4.650000	4.345703	-1.875000
4.655000	5.576172	-0.009766
4.660000	5.537109	1.621094
4.665000	4.467773	2.460938
4.670000	2.841797	2.348633
4.675000	1.289062	1.513672
4.680000	0.283203	0.415039
4.685000	-0.009766	-0.483398
4.690000	0.302734	-0.883789
4.695000	0.874023	-0.737305
4.700000	1.347656	-0.209961
4.705000	1.484375	0.434570
4.710000	1.201172	0.922852
4.715000	0.590820	1.103516
4.720000	-0.151367	0.874023
4.725000	-0.703125	-0.541992
4.730000	-0.317383	-2.602539
4.735000	1.376953	-3.325195
4.740000	3.559570	-2.519531
4.745000	5.214844	-0.795898
4.750000	5.585938	1.020508
4.755000	5.014648	2.236328
4.760000	3.549805	2.500000
4.765000	1.889648	1.918945
4.770000	0.620117	0.874023
4.775000	0.024414	-0.156250
4.780000	0.112305	-0.786133
4.785000	0.625000	-0.859375
4.790000	1.191406	-0.458984
4.795000	1.479492	0.175781
4.800000	1.362305	0.751953
4.805000	0.869141	1.069336
4.810000	0.156250	1.054688
4.815000	-0.537109	0.219727
4.820000	-0.639648	-1.826172
4.825000	0.556641	-3.227539
4.830000	2.666016	-3.012695
4.835000	4.643555	-1.567383
4.840000	5.581055	0.312500
4.845000	5.419922	1.835938
4.850000	4.208984	2.504883
4.855000	2.553711	2.246094
4.860000	1.074219	1.333008
4.865000	0.180664	0.239258
4.870000	0.009766	-0.590820
4.875000	0.390625	-0.898438
4.880000	0.976562	-0.668945
4.885000	1.401367	-0.097656
4.890000	1.464844	0.537109
4.895000	1.113281	0.976562
4.900000	0.458984	1.103516
4.905000	-0.268555	0.737305
4.910000	-0.722656	-0.908203
4.915000	-0.112305	-2.841797
4.920000	1.748047	-3.286133
4.925000	3.901367	-2.265625
4.930000	5.390625	-0.468750
4.935000	5.585938	1.284180
4.940000	4.804688	2.348633
4.945000	3.256836	2.456055
4.950000	1.630859	1.762695
4.955000	0.463867	0.678711
4.960000	0.000000	-0.302734
4.965000	0.185547	-0.834961
4.970000	0.732422	-0.820312
4.975000	1.259766	-0.356445
4.980000	1.484375	0.283203
4.985000	1.298828	0.830078
4.990000	0.756836	1.093750
4.995000	0.024414	1.000977
5.000000	-0.620117	-0.063477
5.005000	-0.541992	-2.177734
5.010000	0.883789	-3.305664
5.015000	3.046875	-2.832031
5.020000	4.902344	-1.254883
5.025000	5.581055	0.615234
5.030000	5.268555	2.016602
5.035000	3.935547	2.519531
5.040000	2.270508	2.124023
5.045000	0.869141	1.137695
5.050000	0.102539	0.063477
5.055000	0.043945	-0.683594
5.060000	0.488281	-0.893555
5.065000	1.069336	-0.585938
5.070000	1.445312	0.014648
5.075000	1.425781	0.625000
5.080000	1.015625	1.025391
5.085000	0.332031	1.093750
5.090000	-0.390625	0.556641
5.095000	-0.712891	-1.284180
5.100000	0.141602	-3.041992
5.105000	2.128906	-3.198242
5.110000	4.228516	-1.987305
5.115000	5.541992	-0.141602
5.120000	5.571289	1.528320
5.125000	4.570312	2.436523
5.130000	2.963867	2.387695
5.135000	1.386719	1.586914
5.140000	0.327148	0.493164
5.145000	-0.009766	-0.434570
5.150000	0.268555	-0.878906
5.155000	0.834961	-0.761719
5.160000	1.328125	-0.253906
5.165000	1.484375	0.385742
5.170000	1.235352	0.898438
5.175000	0.634766	1.103516
5.180000	-0.097656	0.917969
5.185000	-0.678711	-0.390625
5.190000	-0.390625	-2.490234
5.195000	1.230469	-3.325195
5.200000	3.413086	-2.617188
5.205000	5.131836	-0.932617
5.210000	5.585938	0.908203
5.215000	5.092773	2.177734
5.220000	3.662109	2.509766
5.225000	2.001953	1.982422
5.230000	0.683594	0.952148
5.235000	0.043945	-0.097656
5.240000	0.092773	-0.761719
5.245000	0.585938	-0.874023
5.250000	1.157227	-0.498047
5.255000	1.469727	0.126953
5.260000	1.386719	0.717773
5.265000	0.917969	1.059570
5.270000	0.209961	1.069336
5.275000	-0.493164	0.327148
5.280000	-0.673828	-1.669922
5.285000	0.434570	-3.183594
5.290000	2.509766	-3.071289
5.295000	4.526367	-1.689453
5.300000	5.581055	0.175781
5.305000	5.473633	1.752930
5.310000	4.316406	2.490234
5.315000	2.675781	2.290039
5.320000	1.166992	1.406250
5.325000	0.219727	0.307617
5.330000	0.000000	-0.546875
5.335000	0.351562	-0.893555
5.340000	0.932617	-0.698242
5.345000	1.381836	-0.141602
5.350000	1.469727	0.498047
5.355000	1.152344	0.957031
5.360000	0.517578	1.108398
5.365000	-0.219727	0.795898
5.370000	-0.712891	-0.751953
5.375000	-0.200195	-2.753906
5.380000	1.596680	-3.300781
5.385000	3.759766	-2.373047
5.390000	5.327148	-0.605469
5.395000	5.581055	1.176758
5.400000	4.892578	2.304688
5.405000	3.374023	2.480469
5.410000	1.733398	1.826172
5.415000	0.522461	0.756836
5.420000	0.009766	-0.244141
5.425000	0.156250	-0.820312
5.430000	0.688477	-0.834961
5.435000	1.235352	-0.400391
5.440000	1.484375	0.239258
5.445000	1.323242	0.795898
5.450000	0.800781	1.083984
5.455000	0.078125	1.030273
5.460000	-0.585938	0.053711
5.465000	-0.590820	-2.036133
5.470000	0.747070	-3.281250
5.475000	2.890625	-2.910156
5.480000	4.804688	-1.381836
5.485000	5.585938	0.493164
5.490000	5.332031	1.948242
5.495000	4.052734	2.514648
5.500000	2.392578	2.177734
5.505000	0.952148	1.220703
5.510000	0.131836	0.136719
5.515000	0.029297	-0.644531
5.520000	0.449219	-0.898438
5.525000	1.030273	-0.620117
5.530000	1.430664	-0.029297
5.535000	1.445312	0.590820
5.540000	1.059570	1.005859
5.545000	0.390625	1.098633
5.550000	-0.341797	0.634766
5.555000	-0.722656	-1.137695
5.560000	0.034180	-2.968750
5.565000	1.972656	-3.242188
5.570000	4.091797	-2.104492
5.575000	5.478516	-0.273438
5.580000	5.581055	1.435547
5.585000	4.667969	2.402344
5.590000	3.085938	2.412109
5.595000	1.484375	1.655273
5.600000	0.380859	0.571289
5.605000	-0.009766	-0.380859
5.610000	0.234375	-0.864258
5.615000	0.791016	-0.786133
5.620000	1.303711	-0.297852
5.625000	1.489258	0.346680
5.630000	1.259766	0.869141
5.635000	0.683594	1.098633
5.640000	-0.048828	0.957031
5.645000	-0.659180	-0.258789
5.650000	-0.458984	-2.368164
5.655000	1.088867	-3.325195
5.660000	3.266602	-2.700195
5.665000	5.039062	-1.064453
5.670000	5.581055	0.791016
5.675000	5.170898	2.114258
5.680000	3.769531	2.514648
5.685000	2.114258	2.041016
5.690000	0.756836	1.030273
5.695000	0.068359	-0.034180
5.700000	0.073242	-0.732422
5.705000	0.546875	-0.883789
5.710000	1.118164	-0.532227
5.715000	1.464844	0.083008
5.720000	1.401367	0.678711
5.725000	0.952148	1.040039
5.730000	0.258789	1.083984
5.735000	-0.454102	0.424805
5.740000	-0.698242	-1.513672
5.745000	0.307617	-3.129883
5.750000	2.363281	-3.125000
5.755000	4.409180	-1.811523
5.760000	5.576172	0.048828
5.765000	5.517578	1.665039
5.770000	4.418945	2.475586
5.775000	2.788086	2.333984
5.780000	1.250000	1.479492
5.785000	0.263672	0.380859
5.790000	-0.004883	-0.507812
5.795000	0.317383	-0.888672
5.800000	0.893555	-0.727539
5.805000	1.362305	-0.185547
5.810000	1.479492	0.454102
5.815000	1.186523	0.932617
5.820000	0.561523	1.108398
5.825000	-0.170898	0.849609
5.830000	-0.703125	-0.605469
5.835000	-0.283203	-2.651367
5.840000	1.445312	-3.320312
5.845000	3.623047	-2.475586
5.850000	5.249023	-0.737305
5.855000	5.585938	1.074219
5.860000	4.975586	2.255859
5.865000	3.486328	2.490234
5.870000	1.840820	1.889648
5.875000	0.590820	0.834961
5.880000	0.019531	-0.185547
5.885000	0.131836	-0.795898
5.890000	0.644531	-0.859375
5.895000	1.206055	-0.439453
5.900000	1.484375	0.190430
5.905000	1.352539	0.766602
5.910000	0.844727	1.079102
5.915000	0.131836	1.044922
5.920000	-0.551758	0.166016
5.925000	-0.625000	-1.894531
5.930000	0.620117	-3.247070
5.935000	2.739258	-2.978516
5.940000	4.692383	-1.508789
5.945000	5.585938	0.366211
5.950000	5.390625	1.875000
5.955000	4.160156	2.509766
5.960000	2.500000	2.221680
5.965000	1.035156	1.293945
5.970000	0.166016	0.200195
5.975000	0.014648	-0.615234
5.980000	0.410156	-0.898438
5.985000	0.991211	-0.654297
5.990000	1.406250	-0.078125
5.995000	1.459961	0.551758
6.000000	1.098633	0.991211
6.005000	0.439453	1.103516
6.010000	-0.297852	0.703125
6.015000	-0.722656	-0.981445
6.020000	-0.063477	-2.885742
6.025000	1.821289	-3.271484
6.030000	3.959961	-2.216797
6.035000	5.424805	-0.410156
6.040000	5.576172	1.333008
6.045000	4.760742	2.368164
6.050000	3.198242	2.446289
6.055000	1.582031	1.728516
6.060000	0.434570	0.644531
6.065000	-0.004883	-0.327148
6.070000	0.200195	-0.844727
6.075000	0.751953	-0.810547
6.080000	1.269531	-0.336914
6.085000	1.489258	0.302734
6.090000	1.284180	0.844727
6.095000	0.732422	1.093750
6.100000	0.000000	0.991211
6.105000	-0.629883	-0.126953
6.110000	-0.517578	-2.236328
6.115000	0.947266	-3.310547
6.120000	3.115234	-2.792969
6.125000	4.951172	-1.196289
6.130000	5.581055	0.668945
6.135000	5.239258	2.050781
6.140000	3.881836	2.524414
6.145000	2.221680	2.094727
6.150000	0.834961	1.108398
6.155000	0.087891	0.034180
6.160000	0.053711	-0.703125
6.165000	0.507812	-0.893555
6.170000	1.088867	-0.571289
6.175000	1.445312	0.034180
6.180000	1.420898	0.644531
6.185000	0.996094	1.030273
6.190000	0.312500	1.088867
6.195000	-0.410156	0.512695
6.200000	-0.712891	-1.357422
6.205000	0.195312	-3.071289
6.210000	2.202148	-3.178711
6.215000	4.287109	-1.933594
6.220000	5.561523	-0.078125
6.225000	5.561523	1.577148
6.230000	4.521484	2.451172
6.235000	2.905273	2.368164
6.240000	1.342773	1.547852
6.245000	0.307617	0.454102
6.250000	-0.009766	-0.458984
6.255000	0.278320	-0.878906
6.260000	0.854492	-0.756836
6.265000	1.337891	-0.234375
6.270000	1.489258	0.410156
6.275000	1.220703	0.908203
6.280000	0.610352	1.103516
6.285000	-0.122070	0.898438
6.290000	-0.683594	-0.463867
6.295000	-0.356445	-2.539062
6.300000	1.298828	-3.330078
6.305000	3.481445	-2.568359
6.310000	5.170898	-0.874023
6.315000	5.585938	0.961914
6.320000	5.053711	2.202148
6.325000	3.608398	2.504883
6.330000	1.948242	1.953125
6.335000	0.654297	0.913086
6.340000	0.034180	-0.126953
6.345000	0.107422	-0.771484
6.350000	0.605469	-0.864258
6.355000	1.171875	-0.483398
6.360000	1.474609	0.146484
6.365000	1.372070	0.732422
6.370000	0.893555	1.064453
6.375000	0.180664	1.064453
6.380000	-0.512695	0.278320
6.385000	-0.659180	-1.743164
6.390000	0.488281	-3.203125
6.395000	2.578125	-3.046875
6.400000	4.580078	-1.630859
6.405000	5.581055	0.239258
6.410000	5.444336	1.791992
6.415000	4.267578	2.495117
6.420000	2.617188	2.265625
6.425000	1.118164	1.372070
6.430000	0.200195	0.278320
6.435000	0.004883	-0.571289
6.440000	0.371094	-0.893555
6.445000	0.952148	-0.683594
6.450000	1.391602	-0.122070
6.455000	1.469727	0.512695
6.460000	1.132812	0.961914
6.465000	0.488281	1.103516
6.470000	-0.249023	0.771484
6.475000	-0.722656	-0.825195
6.480000	-0.156250	-2.797852
6.485000	1.665039	-3.295898
6.490000	3.823242	-2.324219
6.495000	5.356445	-0.541992
6.500000	5.581055	1.230469
6.505000	4.853516	2.329102
6.510000	3.320312	2.470703
6.515000	1.684570	1.791992
6.520000	0.493164	0.722656
6.525000	0.004883	-0.273438
6.530000	0.170898	-0.830078
6.535000	0.712891	-0.830078
6.540000	1.245117	-0.380859
6.545000	1.489258	0.258789
6.550000	1.313477	0.810547
6.555000	0.776367	1.083984
6.560000	0.053711	1.015625
6.565000	-0.605469	0.000000
6.570000	-0.571289	-2.104492
6.575000	0.810547	-3.291016
6.580000	2.958984	-2.871094
6.585000	4.853516	-1.318359
6.590000	5.585938	0.546875
6.595000	5.302734	1.977539
6.600000	3.999023	2.514648
6.605000	2.333984	2.153320
6.610000	0.917969	1.186523
6.615000	0.117188	0.102539
6.620000	0.034180	-0.668945
6.625000	0.468750	-0.898438
6.630000	1.044922	-0.605469
6.635000	1.435547	-0.009766
6.640000	1.435547	0.610352
6.645000	1.040039	1.010742
6.650000	0.361328	1.093750
6.655000	-0.366211	0.590820
6.660000	-0.722656	-1.206055
6.665000	0.087891	-3.002930
6.670000	2.045898	-3.217773
6.675000	4.160156	-2.045898
6.680000	5.512695	-0.214844
6.685000	5.576172	1.484375
6.690000	4.619141	2.421875
6.695000	3.027344	2.402344
6.700000	1.440430	1.625977
6.705000	0.356445	0.537109
6.710000	-0.009766	-0.405273
6.715000	0.249023	-0.869141
6.720000	0.810547	-0.781250
6.725000	1.313477	-0.273438
6.730000	1.489258	0.366211
6.735000	1.245117	0.888672
6.740000	0.659180	1.103516
6.745000	-0.073242	0.937500
6.750000	-0.668945	-0.322266
6.755000	-0.424805	-2.426758
6.760000	1.157227	-3.325195
6.765000	3.334961	-2.666016
6.770000	5.083008	-1.005859
6.775000	5.585938	0.844727
6.780000	5.131836	2.148438
6.785000	3.720703	2.514648
6.790000	2.055664	2.011719
6.795000	0.722656	0.991211
6.800000	0.053711	-0.058594
6.805000	0.083008	-0.747070
6.810000	0.566406	-0.874023
6.815000	1.142578	-0.517578
6.820000	1.469727	0.102539
6.825000	1.391602	0.698242
6.830000	0.937500	1.049805
6.835000	0.239258	1.083984
6.840000	-0.473633	0.380859
6.845000	-0.683594	-1.586914
6.850000	0.366211	-3.154297
6.855000	2.431641	-3.105469
6.860000	4.462891	-1.757812
6.865000	5.576172	0.107422
6.870000	5.498047	1.708984
6.875000	4.375000	2.485352
6.880000	2.734375	2.314453
6.885000	1.210938	1.445312
6.890000	0.239258	0.346680
6.895000	0.000000	-0.527344
6.900000	0.332031	-0.893555
6.905000	0.913086	-0.712891
6.910000	1.372070	-0.166016
6.915000	1.474609	0.468750
6.920000	1.166992	0.942383
6.925000	0.537109	1.108398
6.930000	-0.200195	0.825195
6.935000	-0.712891	-0.673828
6.940000	-0.244141	-2.700195
6.945000	1.513672	-3.315430
6.950000	3.691406	-2.426758
6.955000	5.288086	-0.673828
6.960000	5.585938	1.123047
6.965000	4.941406	2.275391
6.970000	3.437500	2.490234
6.975000	1.791992	1.865234
6.980000	0.556641	0.800781
6.985000	0.014648	-0.214844
6.990000	0.146484	-0.810547
6.995000	0.668945	-0.844727
7.000000	1.220703	-0.419922
7.005000	1.484375	0.214844
7.010000	1.337891	0.781250
7.015000	0.825195	1.083984
7.020000	0.107422	1.040039
7.025000	-0.571289	0.122070
7.030000	-0.610352	-1.962891
7.035000	0.673828	-3.261719
7.040000	2.807617	-2.949219
7.045000	4.741211	-1.450195
7.050000	5.581055	0.424805
7.055000	5.366211	1.909180
7.060000	4.111328	2.514648
7.065000	2.451172	2.202148
7.070000	0.996094	1.259766
7.075000	0.151367	0.170898
7.080000	0.024414	-0.629883
7.085000	0.429688	-0.898438
7.090000	1.010742	-0.634766
7.095000	1.420898	-0.053711
7.100000	1.455078	0.571289
7.105000	1.079102	0.996094
7.110000	0.415039	1.103516
7.115000	-0.317383	0.668945
7.120000	-0.727539	-1.049805
7.125000	-0.019531	-2.924805
7.130000	1.889648	-3.256836
7.135000	4.023438	-2.163086
7.140000	5.449219	-0.346680
7.145000	5.581055	1.381836
7.150000	4.716797	2.382812
7.155000	3.144531	2.431641
7.160000	1.533203	1.699219
7.165000	0.405273	0.610352
7.170000	-0.009766	-0.356445
7.175000	0.219727	-0.859375
7.180000	0.771484	-0.795898
7.185000	1.284180	-0.317383
7.190000	1.489258	0.317383
7.195000	1.274414	0.854492
7.200000	0.708008	1.098633
7.205000	-0.019531	0.976562
7.210000	-0.639648	-0.185547
7.215000	-0.488281	-2.299805
7.220000	1.010742	-3.320312
7.225000	3.183594	-2.753906
7.230000	4.990234	-1.137695
7.235000	5.585938	0.727539
7.240000	5.205078	2.084961
7.245000	3.833008	2.519531
7.250000	2.172852	2.075195
7.255000	0.800781	1.069336
7.260000	0.073242	0.000000
7.265000	0.058594	-0.712891
7.270000	0.527344	-0.888672
7.275000	1.103516	-0.556641
7.280000	1.455078	0.053711
7.285000	1.416016	0.664062
7.290000	0.981445	1.040039
7.295000	0.288086	1.083984
7.300000	-0.429688	0.473633
7.305000	-0.708008	-1.430664
7.310000	0.249023	-3.095703
7.315000	2.275391	-3.149414
7.320000	4.340820	-1.879883
7.325000	5.571289	-0.019531
7.330000	5.541992	1.621094
7.335000	4.472656	2.460938
7.340000	2.851562	2.353516
7.345000	1.298828	1.523438
7.350000	0.283203	0.424805
7.355000	-0.009766	-0.478516
7.360000	0.297852	-0.883789
7.365000	0.869141	-0.742188
7.370000	1.347656	-0.209961
7.375000	1.484375	0.429688
7.380000	1.206055	0.922852
7.385000	0.590820	1.108398
7.390000	-0.146484	0.874023
7.395000	-0.698242	-0.527344
7.400000	-0.327148	-2.592773
7.405000	1.367188	-3.325195
7.410000	3.549805	-2.524414
7.415000	5.209961	-0.810547
7.420000	5.585938	1.015625
7.425000	5.014648	2.226562
7.430000	3.554688	2.495117
7.435000	1.894531	1.923828
7.440000	0.625000	0.874023
7.445000	0.029297	-0.151367
7.450000	0.112305	-0.786133
7.455000	0.625000	-0.859375
7.460000	1.186523	-0.463867
7.465000	1.479492	0.166016
7.470000	1.362305	0.747070
7.475000	0.869141	1.069336
7.480000	0.156250	1.059570
7.485000	-0.532227	0.224609
7.490000	-0.639648	-1.811523
7.495000	0.546875	-3.227539
7.500000	2.656250	-3.012695
7.505000	4.633789	-1.577148
7.510000	5.581055	0.297852
7.515000	5.424805	1.831055
7.520000	4.218750	2.500000
7.525000	2.563477	2.250977
7.530000	1.079102	1.333008
7.535000	0.185547	0.239258
7.540000	0.009766	-0.590820
7.545000	0.385742	-0.898438
7.550000	0.971680	-0.668945
7.555000	1.401367	-0.097656
7.560000	1.464844	0.532227
7.565000	1.118164	0.971680
7.570000	0.468750	1.103516
7.575000	-0.268555	0.742188
7.580000	-0.722656	-0.898438
7.585000	-0.112305	-2.841797
7.590000	1.738281	-3.286133
7.595000	3.891602	-2.275391
7.600000	5.385742	-0.478516
7.605000	5.581055	1.279297
7.610000	4.809570	2.343750
7.615000	3.266602	2.456055
7.620000	1.635742	1.767578
7.625000	0.468750	0.683594
7.630000	0.000000	-0.302734
7.635000	0.180664	-0.834961
7.640000	0.727539	-0.820312
7.645000	1.254883	-0.361328
7.650000	1.489258	0.283203
7.655000	1.303711	0.825195
7.660000	0.756836	1.088867
7.665000	0.024414	1.005859
7.670000	-0.615234	-0.053711
7.675000	-0.546875	-2.167969
7.680000	0.874023	-3.300781
7.685000	3.032227	-2.836914
7.690000	4.892578	-1.259766
7.695000	5.585938	0.605469
7.700000	5.273438	2.016602
7.705000	3.945312	2.519531
7.710000	2.285156	2.124023
7.715000	0.878906	1.147461
7.720000	0.107422	0.073242
7.725000	0.043945	-0.683594
7.730000	0.483398	-0.883789
7.735000	1.064453	-0.590820
7.740000	1.445312	0.009766
7.745000	1.425781	0.620117
7.750000	1.015625	1.020508
7.755000	0.332031	1.093750
7.760000	-0.385742	0.561523
7.765000	-0.717773	-1.274414
7.770000	0.136719	-3.037109
7.775000	2.119141	-3.203125
7.780000	4.218750	-1.997070
7.785000	5.532227	-0.146484
7.790000	5.571289	1.523438
7.795000	4.575195	2.431641
7.800000	2.968750	2.387695
7.805000	1.391602	1.591797
7.810000	0.332031	0.498047
7.815000	-0.009766	-0.429688
7.820000	0.263672	-0.874023
7.825000	0.834961	-0.766602
7.830000	1.323242	-0.258789
7.835000	1.484375	0.385742
7.840000	1.240234	0.893555
7.845000	0.639648	1.103516
7.850000	-0.097656	0.922852
7.855000	-0.678711	-0.385742
7.860000	-0.400391	-2.480469
7.865000	1.220703	-3.325195
7.870000	3.403320	-2.622070
7.875000	5.122070	-0.937500
7.880000	5.585938	0.898438
7.885000	5.097656	2.172852
7.890000	3.671875	2.514648
7.895000	2.011719	1.987305
7.900000	0.693359	0.957031
7.905000	0.048828	-0.087891
7.910000	0.092773	-0.756836
7.915000	0.585938	-0.869141
7.920000	1.157227	-0.502930
7.925000	1.469727	0.122070
7.930000	1.386719	0.712891
7.935000	0.917969	1.059570
7.940000	0.209961	1.074219
7.945000	-0.493164	0.332031
7.950000	-0.668945	-1.660156
7.955000	0.419922	-3.178711
7.960000	2.500000	-3.076172
7.965000	4.521484	-1.699219
7.970000	5.576172	0.170898
7.975000	5.473633	1.748047
7.980000	4.326172	2.490234
7.985000	2.680664	2.290039
7.990000	1.166992	1.411133
7.995000	0.219727	0.317383
8.000000	0.000000	-0.546875
8.005000	0.351562	-0.893555
8.010000	0.932617	-0.698242
8.015000	1.381836	-0.146484
8.020000	1.474609	0.488281
8.025000	1.152344	0.952148
8.030000	0.517578	1.108398
8.035000	-0.219727	0.800781
8.040000	-0.712891	-0.742188
8.045000	-0.205078	-2.749023
8.050000	1.586914	-3.310547
8.055000	3.754883	-2.377930
8.060000	5.317383	-0.610352
8.065000	5.581055	1.171875
8.070000	4.897461	2.299805
8.075000	3.378906	2.480469
8.080000	1.738281	1.831055
8.085000	0.527344	0.761719
8.090000	0.009766	-0.244141
8.095000	0.156250	-0.820312
8.100000	0.683594	-0.839844
8.105000	1.240234	-0.400391
8.110000	1.489258	0.234375
8.115000	1.328125	0.791016
8.120000	0.805664	1.083984
8.125000	0.083008	1.030273
8.130000	-0.581055	0.063477
8.135000	-0.590820	-2.026367
8.140000	0.737305	-3.276367
8.145000	2.880859	-2.910156
8.150000	4.794922	-1.386719
8.155000	5.585938	0.483398
8.160000	5.332031	1.943359
8.165000	4.057617	2.514648
8.170000	2.397461	2.177734
8.175000	0.957031	1.225586
8.180000	0.136719	0.136719
8.185000	0.029297	-0.644531
8.190000	0.444336	-0.898438
8.195000	1.025391	-0.625000
8.200000	1.430664	-0.034180
8.205000	1.445312	0.585938
8.210000	1.059570	1.000977
8.215000	0.390625	1.098633
8.220000	-0.336914	0.634766
8.225000	-0.722656	-1.123047
8.230000	0.029297	-2.958984
8.235000	1.962891	-3.242188
8.240000	4.086914	-2.109375
8.245000	5.478516	-0.283203
8.250000	5.576172	1.425781
8.255000	4.672852	2.402344
8.260000	3.090820	2.416992
8.265000	1.484375	1.665039
8.270000	0.380859	0.571289
8.275000	-0.009766	-0.380859
8.280000	0.229492	-0.864258
8.285000	0.786133	-0.791016
8.290000	1.298828	-0.297852
8.295000	1.489258	0.341797
8.300000	1.259766	0.869141
8.305000	0.683594	1.103516
8.310000	-0.043945	0.957031
8.315000	-0.649414	-0.249023
8.320000	-0.463867	-2.358398
8.325000	1.079102	-3.325195
8.330000	3.256836	-2.709961
8.335000	5.034180	-1.074219
8.340000	5.585938	0.786133
8.345000	5.170898	2.109375
8.350000	3.774414	2.514648
8.355000	2.119141	2.041016
8.360000	0.761719	1.030273
8.365000	0.063477	-0.029297
8.370000	0.073242	-0.727539
8.375000	0.546875	-0.883789
8.380000	1.118164	-0.537109
8.385000	1.464844	0.078125
8.390000	1.401367	0.678711
8.395000	0.957031	1.044922
8.400000	0.263672	1.079102
8.405000	-0.449219	0.429688
8.410000	-0.693359	-1.508789
8.415000	0.297852	-3.129883
8.420000	2.348633	-3.129883
8.425000	4.399414	-1.821289
8.430000	5.576172	0.043945
8.435000	5.522461	1.660156
8.440000	4.428711	2.470703
8.445000	2.797852	2.333984
8.450000	1.254883	1.484375
8.455000	0.263672	0.390625
8.460000	-0.009766	-0.502930
8.465000	0.312500	-0.893555
8.470000	0.893555	-0.727539
8.475000	1.357422	-0.190430
8.480000	1.479492	0.449219
8.485000	1.186523	0.932617
8.490000	0.566406	1.108398
8.495000	-0.170898	0.849609
8.500000	-0.708008	-0.595703
8.505000	-0.288086	-2.646484
8.510000	1.440430	-3.325195
8.515000	3.618164	-2.480469
8.520000	5.249023	-0.747070
8.525000	5.585938	1.064453
8.530000	4.980469	2.255859
8.535000	3.500977	2.495117
8.540000	1.845703	1.894531
8.545000	0.590820	0.839844
8.550000	0.019531	-0.180664
8.555000	0.126953	-0.795898
8.560000	0.644531	-0.859375
8.565000	1.206055	-0.439453
8.570000	1.479492	0.190430
8.575000	1.352539	0.761719
8.580000	0.849609	1.079102
8.585000	0.136719	1.049805
8.590000	-0.551758	0.175781
8.595000	-0.625000	-1.879883
8.600000	0.610352	-3.247070
8.605000	2.729492	-2.983398
8.610000	4.687500	-1.518555
8.615000	5.585938	0.361328
8.620000	5.395508	1.870117
8.625000	4.165039	2.509766
8.630000	2.509766	2.226562
8.635000	1.035156	1.298828
8.640000	0.170898	0.209961
8.645000	0.014648	-0.610352
8.650000	0.405273	-0.898438
8.655000	0.986328	-0.659180
8.660000	1.411133	-0.078125
8.665000	1.459961	0.551758
8.670000	1.098633	0.986328
8.675000	0.444336	1.103516
8.680000	-0.292969	0.708008
8.685000	-0.722656	-0.971680
8.690000	-0.068359	-2.880859
8.695000	1.806641	-3.276367
8.700000	3.950195	-2.221680
8.705000	5.419922	-0.415039
8.710000	5.581055	1.328125
8.715000	4.765625	2.363281
8.720000	3.208008	2.451172
8.725000	1.586914	1.728516
8.730000	0.439453	0.649414
8.735000	-0.004883	-0.327148
8.740000	0.200195	-0.849609
8.745000	0.751953	-0.810547
8.750000	1.269531	-0.341797
8.755000	1.489258	0.302734
8.760000	1.289062	0.839844
8.765000	0.732422	1.093750
8.770000	0.004883	0.986328
8.775000	-0.625000	-0.117188
8.780000	-0.517578	-2.236328
8.785000	0.942383	-3.310547
8.790000	3.105469	-2.797852
8.795000	4.946289	-1.201172
8.800000	5.585938	0.664062
8.805000	5.239258	2.045898
8.810000	3.891602	2.519531
8.815000	2.231445	2.099609
8.820000	0.834961	1.113281
8.825000	0.092773	0.039062
8.830000	0.048828	-0.698242
8.835000	0.502930	-0.888672
8.840000	1.083984	-0.571289
8.845000	1.450195	0.039062
8.850000	1.425781	0.639648
8.855000	1.000977	1.030273
8.860000	0.317383	1.088867
8.865000	-0.405273	0.522461
8.870000	-0.708008	-1.352539
8.875000	0.185547	-3.066406
8.880000	2.192383	-3.183594
8.885000	4.282227	-1.938477
8.890000	5.561523	-0.083008
8.895000	5.556641	1.572266
8.900000	4.526367	2.446289
8.905000	2.915039	2.373047
8.910000	1.347656	1.557617
8.915000	0.307617	0.463867
8.920000	-0.009766	-0.454102
8.925000	0.283203	-0.878906
8.930000	0.849609	-0.756836
8.935000	1.333008	-0.234375
8.940000	1.489258	0.410156
8.945000	1.220703	0.908203
8.950000	0.615234	1.103516
8.955000	-0.117188	0.903320
8.960000	-0.688477	-0.449219
8.965000	-0.366211	-2.539062
8.970000	1.284180	-3.325195
8.975000	3.466797	-2.578125
8.980000	5.161133	-0.878906
8.985000	5.585938	0.952148
8.990000	5.058594	2.197266
8.995000	3.613281	2.504883
9.000000	1.953125	1.958008
9.005000	0.654297	0.917969
9.010000	0.039062	-0.117188
9.015000	0.102539	-0.771484
9.020000	0.610352	-0.869141
9.025000	1.171875	-0.483398
9.030000	1.474609	0.141602
9.035000	1.376953	0.732422
9.040000	0.893555	1.064453
9.045000	0.185547	1.064453
9.050000	-0.512695	0.283203
9.055000	-0.659180	-1.733398
9.060000	0.478516	-3.203125
9.065000	2.573242	-3.051758
9.070000	4.575195	-1.640625
9.075000	5.581055	0.234375
9.080000	5.449219	1.782227
9.085000	4.272461	2.495117
9.090000	2.622070	2.270508
9.095000	1.123047	1.376953
9.100000	0.205078	0.283203
9.105000	0.004883	-0.566406
9.110000	0.371094	-0.893555
9.115000	0.952148	-0.683594
9.120000	1.391602	-0.122070
9.125000	1.469727	0.507812
9.130000	1.137695	0.961914
9.135000	0.493164	1.103516
9.140000	-0.244141	0.771484
9.145000	-0.717773	-0.815430
9.150000	-0.161133	-2.792969
9.155000	1.660156	-3.295898
9.160000	3.818359	-2.329102
9.165000	5.356445	-0.546875
9.170000	5.581055	1.225586
9.175000	4.853516	2.329102
9.180000	3.325195	2.470703
9.185000	1.694336	1.801758
9.190000	0.498047	0.727539
9.195000	0.004883	-0.268555
9.200000	0.170898	-0.830078
9.205000	0.708008	-0.825195
9.210000	1.245117	-0.380859
9.215000	1.489258	0.258789
9.220000	1.313477	0.810547
9.225000	0.781250	1.083984
9.230000	0.053711	1.015625
9.235000	-0.600586	0.004883
9.240000	-0.571289	-2.094727
9.245000	0.800781	-3.291016
9.250000	2.954102	-2.875977
9.255000	4.843750	-1.328125
9.260000	5.585938	0.541992
9.265000	5.302734	1.977539
9.270000	4.003906	2.514648
9.275000	2.338867	2.153320
9.280000	0.917969	1.191406
9.285000	0.117188	0.102539
9.290000	0.034180	-0.664062
9.295000	0.463867	-0.893555
9.300000	1.044922	-0.605469
9.305000	1.435547	-0.014648
9.310000	1.440430	0.605469
9.315000	1.040039	1.010742
9.320000	0.366211	1.093750
9.325000	-0.361328	0.600586
9.330000	-0.717773	-1.201172
9.335000	0.078125	-2.998047
9.340000	2.036133	-3.222656
9.345000	4.155273	-2.055664
9.350000	5.502930	-0.219727
9.355000	5.576172	1.474609
9.360000	4.624023	2.416992
9.365000	3.032227	2.407227
9.370000	1.440430	1.625977
9.375000	0.361328	0.537109
9.380000	-0.009766	-0.405273
9.385000	0.249023	-0.869141
9.390000	0.810547	-0.776367
9.395000	1.308594	-0.278320
9.400000	1.489258	0.366211
9.405000	1.245117	0.878906
9.410000	0.664062	1.103516
9.415000	-0.068359	0.937500
9.420000	-0.668945	-0.312500
9.425000	-0.429688	-2.421875
9.430000	1.152344	-3.325195
9.435000	3.330078	-2.666016
9.440000	5.078125	-1.010742
9.445000	5.581055	0.839844
9.450000	5.136719	2.143555
9.455000	3.725586	2.514648
9.460000	2.065430	2.016602
9.465000	0.727539	0.996094
9.470000	0.058594	-0.058594
9.475000	0.083008	-0.747070
9.480000	0.561523	-0.874023
9.485000	1.132812	-0.517578
9.490000	1.469727	0.097656
9.495000	1.396484	0.693359
9.500000	0.937500	1.049805
9.505000	0.239258	1.079102
9.510000	-0.473633	0.385742
9.515000	-0.683594	-1.582031
9.520000	0.361328	-3.154297
9.525000	2.426758	-3.105469
9.530000	4.458008	-1.762695
9.535000	5.576172	0.102539
9.540000	5.502930	1.704102
9.545000	4.375000	2.485352
9.550000	2.744141	2.314453
9.555000	1.215820	1.450195
9.560000	0.244141	0.356445
9.565000	-0.004883	-0.522461
9.570000	0.332031	-0.888672
9.575000	0.913086	-0.712891
9.580000	1.372070	-0.166016
9.585000	1.474609	0.468750
9.590000	1.171875	0.942383
9.595000	0.546875	1.103516
9.600000	-0.195312	0.830078
9.605000	-0.708008	-0.668945
9.610000	-0.249023	-2.695312
9.615000	1.508789	-3.310547
9.620000	3.686523	-2.431641
9.625000	5.278320	-0.678711
9.630000	5.585938	1.118164
9.635000	4.946289	2.275391
9.640000	3.442383	2.490234
9.645000	1.796875	1.865234
9.650000	0.556641	0.800781
9.655000	0.019531	-0.209961
9.660000	0.141602	-0.805664
9.665000	0.664062	-0.849609
9.670000	1.220703	-0.419922
9.675000	1.489258	0.214844
9.680000	1.342773	0.776367
9.685000	0.830078	1.079102
9.690000	0.107422	1.040039
9.695000	-0.566406	0.122070
9.700000	-0.610352	-1.953125
9.705000	0.668945	-3.261719
9.710000	2.802734	-2.949219
9.715000	4.736328	-1.455078
9.720000	5.585938	0.419922
9.725000	5.371094	1.904297
9.730000	4.111328	2.514648
9.735000	2.456055	2.202148
9.740000	0.996094	1.259766
9.745000	0.151367	0.170898
9.750000	0.024414	-0.625000
9.755000	0.429688	-0.898438
9.760000	1.010742	-0.639648
9.765000	1.420898	-0.058594
9.770000	1.450195	0.571289
9.775000	1.083984	0.996094
9.780000	0.415039	1.103516
9.785000	-0.312500	0.673828
9.790000	-0.722656	-1.044922
9.795000	-0.019531	-2.915039
9.800000	1.884766	-3.256836
9.805000	4.018555	-2.167969
9.810000	5.444336	-0.346680
9.815000	5.581055	1.376953
9.820000	4.721680	2.382812
9.825000	3.149414	2.431641
9.830000	1.542969	1.699219
9.835000	0.415039	0.615234
9.840000	-0.009766	-0.351562
9.845000	0.214844	-0.854492
9.850000	0.771484	-0.800781
9.855000	1.279297	-0.322266
9.860000	1.489258	0.322266
9.865000	1.269531	0.849609
9.870000	0.712891	1.098633
9.875000	-0.014648	0.976562
9.880000	-0.634766	-0.180664
9.885000	-0.493164	-2.294922
9.890000	1.010742	-3.320312
9.895000	3.178711	-2.758789
9.900000	4.985352	-1.142578
9.905000	5.585938	0.722656
9.910000	5.209961	2.080078
9.915000	3.837891	2.519531
9.920000	2.177734	2.075195
9.925000	0.800781	1.074219
9.930000	0.078125	0.004883
9.935000	0.063477	-0.717773
9.940000	0.522461	-0.888672
9.945000	1.103516	-0.561523
9.950000	1.455078	0.058594
9.955000	1.416016	0.659180
9.960000	0.976562	1.035156
9.965000	0.288086	1.083984
9.970000	-0.429688	0.478516
9.975000	-0.703125	-1.430664
9.980000	0.244141	-3.100586
9.985000	2.265625	-3.154297
9.990000	4.335938	-1.884766
9.995000	5.576172	-0.029297
10.000000	5.541992	1.616211
