# Time_s	x	xdot
0.000000	3.808594	2.670898
0.005000	2.050781	2.153320
0.010000	0.625000	1.059570
0.015000	-0.092773	-0.136719
0.020000	-0.004883	-1.108398
0.025000	0.712891	-1.347656
0.030000	1.591797	-0.913086
0.035000	2.192383	-0.068359
0.040000	2.231445	0.776367
0.045000	1.718750	1.303711
0.050000	0.859375	1.376953
0.055000	-0.058594	0.996094
0.060000	-0.693359	-0.507812
0.065000	-0.332031	-2.685547
0.070000	1.420898	-3.486328
0.075000	3.710938	-2.690430
0.080000	5.473633	-0.893555
0.085000	5.595703	1.030273
0.090000	5.156250	2.338867
0.095000	3.618164	2.646484
0.100000	1.865234	2.045898
0.105000	0.507812	0.927734
0.110000	-0.117188	-0.258789
0.115000	0.048828	-1.162109
0.120000	0.805664	-1.313477
0.125000	1.665039	-0.815430
0.130000	2.197266	0.039062
0.135000	2.167969	0.849609
0.140000	1.606445	1.318359
0.145000	0.727539	1.347656
0.150000	-0.170898	0.883789
0.155000	-0.722656	-0.791016
0.160000	-0.175781	-2.890625
0.165000	1.708984	-3.476562
0.170000	3.984375	-2.500000
0.175000	5.585938	-0.639648
0.180000	5.595703	1.245117
0.185000	4.995117	2.441406
0.190000	3.393555	2.617188
0.195000	1.660156	1.923828
0.200000	0.380859	0.776367
0.205000	-0.136719	-0.405273
0.210000	0.122070	-1.235352
0.215000	0.927734	-1.293945
0.220000	1.767578	-0.727539
0.225000	2.246094	0.146484
0.230000	2.143555	0.937500
0.235000	1.523438	1.357422
0.240000	0.625000	1.328125
0.245000	-0.258789	0.766602
0.250000	-0.732422	-1.059570
0.255000	-0.019531	-3.046875
0.260000	1.972656	-3.427734
0.265000	4.218750	-2.314453
0.270000	5.590820	-0.405273
0.275000	5.595703	1.425781
0.280000	4.843750	2.504883
0.285000	3.183594	2.573242
0.290000	1.479492	1.801758
0.295000	0.283203	0.634766
0.300000	-0.146484	-0.532227
0.305000	0.195312	-1.264648
0.310000	1.025391	-1.250000
0.315000	1.845703	-0.629883
0.320000	2.250977	0.249023
0.325000	2.084961	1.005859
0.330000	1.416016	1.376953
0.335000	0.507812	1.293945
0.340000	-0.351562	0.615234
0.345000	-0.722656	-1.342773
0.350000	0.175781	-3.188477
0.355000	2.260742	-3.364258
0.360000	4.462891	-2.099609
0.365000	5.595703	-0.156250
0.370000	5.595703	1.616211
0.375000	4.667969	2.568359
0.380000	2.963867	2.514648
0.385000	1.293945	1.669922
0.390000	0.185547	0.483398
0.395000	-0.151367	-0.664062
0.400000	0.283203	-1.308594
0.405000	1.137695	-1.210938
0.410000	1.923828	-0.532227
0.415000	2.270508	0.356445
0.420000	2.031250	1.079102
0.425000	1.318359	1.391602
0.430000	0.400391	1.259766
0.435000	-0.434570	0.449219
0.440000	-0.698242	-1.621094
0.445000	0.375977	-3.295898
0.450000	2.529297	-3.276367
0.455000	4.687500	-1.889648
0.460000	5.595703	0.073242
0.465000	5.590820	1.777344
0.470000	4.482422	2.617188
0.475000	2.753906	2.456055
0.480000	1.137695	1.533203
0.485000	0.107422	0.351562
0.490000	-0.131836	-0.781250
0.495000	0.371094	-1.333008
0.500000	1.245117	-1.152344
0.505000	1.987305	-0.424805
0.510000	2.270508	0.454102
0.515000	1.958008	1.137695
0.520000	1.215820	1.391602
0.525000	0.288086	1.220703
0.530000	-0.517578	0.258789
0.535000	-0.644531	-1.904297
0.540000	0.605469	-3.388672
0.545000	2.817383	-3.168945
0.550000	4.902344	-1.660156
0.555000	5.590820	0.317383
0.560000	5.561523	1.933594
0.565000	4.287109	2.646484
0.570000	2.534180	2.373047
0.575000	0.971680	1.396484
0.580000	0.034180	0.205078
0.585000	-0.107422	-0.888672
0.590000	0.468750	-1.352539
0.595000	1.347656	-1.088867
0.600000	2.060547	-0.322266
0.605000	2.265625	0.556641
0.610000	1.894531	1.191406
0.615000	1.108398	1.391602
0.620000	0.180664	1.166992
0.625000	-0.585938	0.048828
0.630000	-0.585938	-2.163086
0.635000	0.839844	-3.447266
0.640000	3.085938	-3.046875
0.645000	5.087891	-1.435547
0.650000	5.595703	0.537109
0.655000	5.454102	2.070312
0.660000	4.091797	2.661133
0.665000	2.329102	2.290039
0.670000	0.820312	1.254883
0.675000	-0.024414	0.063477
0.680000	-0.073242	-0.986328
0.685000	0.566406	-1.352539
0.690000	1.450195	-1.010742
0.695000	2.104492	-0.214844
0.700000	2.250977	0.649414
0.705000	1.816406	1.240234
0.710000	0.996094	1.391602
0.715000	0.068359	1.098633
0.720000	-0.634766	-0.185547
0.725000	-0.488281	-2.416992
0.730000	1.093750	-3.481445
0.735000	3.369141	-2.905273
0.740000	5.273438	-1.206055
0.745000	5.595703	0.761719
0.750000	5.332031	2.197266
0.755000	3.886719	2.670898
0.760000	2.124023	2.187500
0.765000	0.673828	1.113281
0.770000	-0.068359	-0.078125
0.775000	-0.019531	-1.074219
0.780000	0.668945	-1.347656
0.785000	1.547852	-0.932617
0.790000	2.163086	-0.107422
0.795000	2.226562	0.742188
0.800000	1.733398	1.284180
0.805000	0.888672	1.381836
0.810000	-0.029297	1.020508
0.815000	-0.678711	-0.434570
0.820000	-0.375977	-2.626953
0.825000	1.342773	-3.491211
0.830000	3.637695	-2.739258
0.835000	5.429688	-0.961914
0.840000	5.590820	0.971680
0.845000	5.195312	2.309570
0.850000	3.681641	2.651367
0.855000	1.923828	2.080078
0.860000	0.546875	0.971680
0.865000	-0.107422	-0.219727
0.870000	0.029297	-1.142578
0.875000	0.776367	-1.328125
0.880000	1.645508	-0.849609
0.885000	2.197266	0.004883
0.890000	2.187500	0.825195
0.895000	1.640625	1.313477
0.900000	0.771484	1.357422
0.905000	-0.131836	0.927734
0.910000	-0.712891	-0.693359
0.915000	-0.234375	-2.827148
0.920000	1.606445	-3.481445
0.925000	3.891602	-2.563477
0.930000	5.566406	-0.722656
0.935000	5.595703	1.176758
0.940000	5.048828	2.402344
0.945000	3.466797	2.631836
0.950000	1.728516	1.962891
0.955000	0.424805	0.820312
0.960000	-0.131836	-0.356445
0.965000	0.097656	-1.210938
0.970000	0.883789	-1.298828
0.975000	1.733398	-0.756836
0.980000	2.226562	0.107422
0.985000	2.153320	0.908203
0.990000	1.547852	1.347656
0.995000	0.659180	1.333008
1.000000	-0.224609	0.805664
1.005000	-0.732422	-0.971680
1.010000	-0.073242	-2.998047
1.015000	1.884766	-3.447266
1.020000	4.145508	-2.373047
1.025000	5.590820	-0.478516
1.030000	5.595703	1.372070
1.035000	4.892578	2.490234
1.040000	3.251953	2.587891
1.045000	1.538086	1.840820
1.050000	0.317383	0.678711
1.055000	-0.146484	-0.493164
1.060000	0.170898	-1.254883
1.065000	0.991211	-1.259766
1.070000	1.816406	-0.659180
1.075000	2.250977	0.214844
1.080000	2.109375	0.986328
1.085000	1.455078	1.367188
1.090000	0.546875	1.303711
1.095000	-0.327148	0.668945
1.100000	-0.727539	-1.254883
1.105000	0.107422	-3.144531
1.110000	2.163086	-3.388672
1.115000	4.384766	-2.172852
1.120000	5.595703	-0.239258
1.125000	5.595703	1.552734
1.130000	4.721680	2.548828
1.135000	3.037109	2.534180
1.140000	1.357422	1.713867
1.145000	0.214844	0.541992
1.150000	-0.146484	-0.625000
1.155000	0.253906	-1.293945
1.160000	1.103516	-1.225586
1.165000	1.894531	-0.561523
1.170000	2.265625	0.322266
1.175000	2.045898	1.054688
1.180000	1.347656	1.381836
1.185000	0.434570	1.269531
1.190000	-0.410156	0.512695
1.195000	-0.708008	-1.538086
1.200000	0.307617	-3.266602
1.205000	2.441406	-3.305664
1.210000	4.614258	-1.958008
1.215000	5.590820	0.000000
1.220000	5.590820	1.723633
1.225000	4.541016	2.602539
1.230000	2.817383	2.480469
1.235000	1.186523	1.577148
1.240000	0.131836	0.395508
1.245000	-0.136719	-0.742188
1.250000	0.341797	-1.328125
1.255000	1.210938	-1.171875
1.260000	1.967773	-0.458984
1.265000	2.265625	0.424805
1.270000	1.982422	1.118164
1.275000	1.245117	1.396484
1.280000	0.322266	1.235352
1.285000	-0.493164	0.322266
1.290000	-0.668945	-1.816406
1.295000	0.527344	-3.359375
1.300000	2.719727	-3.208008
1.305000	4.833984	-1.738281
1.310000	5.595703	0.239258
1.315000	5.581055	1.884766
1.320000	4.350586	2.636719
1.325000	2.607422	2.402344
1.330000	1.025391	1.440430
1.335000	0.058594	0.253906
1.340000	-0.112305	-0.854492
1.345000	0.434570	-1.342773
1.350000	1.313477	-1.103516
1.355000	2.036133	-0.351562
1.360000	2.265625	0.527344
1.365000	1.918945	1.176758
1.370000	1.147461	1.396484
1.375000	0.214844	1.186523
1.380000	-0.561523	0.117188
1.385000	-0.605469	-2.080078
1.390000	0.761719	-3.427734
1.395000	3.002930	-3.085938
1.400000	5.024414	-1.508789
1.405000	5.595703	0.468750
1.410000	5.493164	2.031250
1.415000	4.155273	2.661133
1.420000	2.402344	2.319336
1.425000	0.869141	1.298828
1.430000	-0.004883	0.107422
1.435000	-0.083008	-0.952148
1.440000	0.532227	-1.352539
1.445000	1.416016	-1.040039
1.450000	2.094727	-0.244141
1.455000	2.250977	0.620117
1.460000	1.840820	1.230469
1.465000	1.030273	1.396484
1.470000	0.102539	1.123047
1.475000	-0.620117	-0.107422
1.480000	-0.517578	-2.333984
1.485000	1.005859	-3.476562
1.490000	3.281250	-2.949219
1.495000	5.209961	-1.279297
1.500000	5.595703	0.688477
1.505000	5.371094	2.158203
1.510000	3.950195	2.670898
1.515000	2.192383	2.221680
1.520000	0.722656	1.162109
1.525000	-0.053711	-0.029297
1.530000	-0.039062	-1.044922
1.535000	0.634766	-1.347656
1.540000	1.513672	-0.957031
1.545000	2.143555	-0.141602
1.550000	2.231445	0.708008
1.555000	1.762695	1.269531
1.560000	0.922852	1.381836
1.565000	0.000000	1.049805
1.570000	-0.668945	-0.346680
1.575000	-0.410156	-2.558594
1.580000	1.259766	-3.491211
1.585000	3.549805	-2.792969
1.590000	5.380859	-1.044922
1.595000	5.595703	0.903320
1.600000	5.244141	2.275391
1.605000	3.750000	2.661133
1.610000	1.987305	2.114258
1.615000	0.585938	1.015625
1.620000	-0.092773	-0.175781
1.625000	0.014648	-1.123047
1.630000	0.742188	-1.333008
1.635000	1.616211	-0.874023
1.640000	2.182617	-0.029297
1.645000	2.207031	0.800781
1.650000	1.674805	1.308594
1.655000	0.815430	1.367188
1.660000	-0.097656	0.957031
1.665000	-0.708008	-0.605469
1.670000	-0.283203	-2.763672
1.675000	1.523438	-3.486328
1.680000	3.803711	-2.622070
1.685000	5.532227	-0.805664
1.690000	5.595703	1.113281
1.695000	5.097656	2.377930
1.700000	3.540039	2.636719
1.705000	1.791992	2.001953
1.710000	0.463867	0.874023
1.715000	-0.126953	-0.312500
1.720000	0.073242	-1.186523
1.725000	0.849609	-1.308594
1.730000	1.704102	-0.786133
1.735000	2.216797	0.073242
1.740000	2.167969	0.883789
1.745000	1.577148	1.337891
1.750000	0.693359	1.337891
1.755000	-0.200195	0.844727
1.760000	-0.727539	-0.883789
1.765000	-0.122070	-2.944336
1.770000	1.791992	-3.461914
1.775000	4.062500	-2.436523
1.780000	5.590820	-0.556641
1.785000	5.595703	1.303711
1.790000	4.946289	2.465820
1.795000	3.325195	2.602539
1.800000	1.601562	1.879883
1.805000	0.346680	0.722656
1.810000	-0.136719	-0.449219
1.815000	0.146484	-1.245117
1.820000	0.957031	-1.274414
1.825000	1.791992	-0.693359
1.830000	2.250977	0.180664
1.835000	2.124023	0.961914
1.840000	1.484375	1.362305
1.845000	0.585938	1.313477
1.850000	-0.292969	0.717773
1.855000	-0.727539	-1.162109
1.860000	0.048828	-3.095703
1.865000	2.070312	-3.413086
1.870000	4.306641	-2.236328
1.875000	5.590820	-0.317383
1.880000	5.595703	1.494141
1.885000	4.780273	2.529297
1.890000	3.110352	2.553711
1.895000	1.416016	1.757812
1.900000	0.249023	0.585938
1.905000	-0.146484	-0.581055
1.910000	0.224609	-1.279297
1.915000	1.064453	-1.240234
1.920000	1.870117	-0.595703
1.925000	2.260742	0.288086
1.930000	2.070312	1.030273
1.935000	1.381836	1.381836
1.940000	0.473633	1.284180
1.945000	-0.380859	0.566406
1.950000	-0.712891	-1.440430
1.955000	0.239258	-3.227539
1.960000	2.353516	-3.339844
1.965000	4.536133	-2.031250
1.970000	5.595703	-0.078125
1.975000	5.590820	1.669922
1.980000	4.599609	2.587891
1.985000	2.895508	2.495117
1.990000	1.245117	1.625977
1.995000	0.156250	0.444336
2.000000	-0.141602	-0.703125
2.005000	0.307617	-1.318359
2.010000	1.176758	-1.191406
2.015000	1.948242	-0.493164
2.020000	2.270508	0.390625
2.025000	2.006836	1.098633
2.030000	1.279297	1.396484
2.035000	0.361328	1.245117
2.040000	-0.463867	0.385742
2.045000	-0.683594	-1.718750
2.050000	0.454102	-3.330078
2.055000	2.626953	-3.242188
2.060000	4.760742	-1.816406
2.065000	5.595703	0.161133
2.070000	5.585938	1.835938
2.075000	4.414062	2.631836
2.080000	2.675781	2.431641
2.085000	1.074219	1.489258
2.090000	0.078125	0.302734
2.095000	-0.122070	-0.820312
2.100000	0.405273	-1.337891
2.105000	1.279297	-1.127930
2.110000	2.016602	-0.390625
2.115000	2.270508	0.493164
2.120000	1.943359	1.157227
2.125000	1.181641	1.396484
2.130000	0.244141	1.201172
2.135000	-0.537109	0.190430
2.140000	-0.625000	-1.997070
2.145000	0.683594	-3.408203
2.150000	2.905273	-3.129883
2.155000	4.965820	-1.586914
2.160000	5.595703	0.385742
2.165000	5.522461	1.982422
2.170000	4.218750	2.651367
2.175000	2.470703	2.343750
2.180000	0.917969	1.347656
2.185000	0.014648	0.156250
2.190000	-0.092773	-0.922852
2.195000	0.498047	-1.352539
2.200000	1.381836	-1.059570
2.205000	2.075195	-0.283203
2.210000	2.255859	0.585938
2.215000	1.865234	1.210938
2.220000	1.074219	1.396484
2.225000	0.141602	1.147461
2.230000	-0.605469	-0.029297
2.235000	-0.551758	-2.250977
2.240000	0.922852	-3.461914
2.245000	3.183594	-2.993164
2.250000	5.151367	-1.357422
2.255000	5.595703	0.615234
2.260000	5.415039	2.114258
2.265000	4.018555	2.666016
2.270000	2.265625	2.255859
2.275000	0.771484	1.206055
2.280000	-0.039062	0.014648
2.285000	-0.053711	-1.015625
2.290000	0.600586	-1.347656
2.295000	1.484375	-0.981445
2.300000	2.128906	-0.175781
2.305000	2.241211	0.678711
2.310000	1.787109	1.254883
2.315000	0.957031	1.386719
2.320000	0.034180	1.079102
2.325000	-0.654297	-0.263672
2.330000	-0.454102	-2.490234
2.335000	1.171875	-3.491211
2.340000	3.461914	-2.846680
2.345000	5.327148	-1.123047
2.350000	5.595703	0.834961
2.355000	5.288086	2.236328
2.360000	3.813477	2.666016
2.365000	2.055664	2.153320
2.370000	0.629883	1.064453
2.375000	-0.083008	-0.126953
2.380000	-0.004883	-1.098633
2.385000	0.708008	-1.337891
2.390000	1.582031	-0.908203
2.395000	2.172852	-0.068359
2.400000	2.216797	0.771484
2.405000	1.704102	1.298828
2.410000	0.849609	1.376953
2.415000	-0.063477	0.991211
2.420000	-0.698242	-0.517578
2.425000	-0.332031	-2.695312
2.430000	1.425781	-3.496094
2.435000	3.720703	-2.680664
2.440000	5.483398	-0.883789
2.445000	5.595703	1.044922
2.450000	5.146484	2.343750
2.455000	3.613281	2.651367
2.460000	1.855469	2.041016
2.465000	0.502930	0.922852
2.470000	-0.117188	-0.263672
2.475000	0.053711	-1.171875
2.480000	0.815430	-1.318359
2.485000	1.674805	-0.820312
2.490000	2.207031	0.039062
2.495000	2.177734	0.859375
2.500000	1.611328	1.328125
2.505000	0.737305	1.352539
2.510000	-0.166016	0.888672
2.515000	-0.717773	-0.781250
2.520000	-0.180664	-2.885742
2.525000	1.699219	-3.476562
2.530000	3.969727	-2.500000
2.535000	5.585938	-0.644531
2.540000	5.595703	1.240234
2.545000	5.000000	2.436523
2.550000	3.398438	2.617188
2.555000	1.665039	1.923828
2.560000	0.385742	0.776367
2.565000	-0.136719	-0.405273
2.570000	0.117188	-1.225586
2.575000	0.922852	-1.289062
2.580000	1.767578	-0.727539
2.585000	2.236328	0.146484
2.590000	2.138672	0.932617
2.595000	1.518555	1.357422
2.600000	0.620117	1.328125
2.605000	-0.258789	0.766602
2.610000	-0.727539	-1.064453
2.615000	-0.019531	-3.051758
2.620000	1.977539	-3.432617
2.625000	4.223633	-2.309570
2.630000	5.590820	-0.405273
2.635000	5.590820	1.430664
2.640000	4.838867	2.509766
2.645000	3.178711	2.573242
2.650000	1.479492	1.801758
2.655000	0.283203	0.629883
2.660000	-0.146484	-0.537109
2.665000	0.200195	-1.269531
2.670000	1.030273	-1.254883
2.675000	1.850586	-0.629883
2.680000	2.260742	0.253906
2.685000	2.089844	1.005859
2.690000	1.416016	1.376953
2.695000	0.512695	1.293945
2.700000	-0.351562	0.620117
2.705000	-0.722656	-1.333008
2.710000	0.170898	-3.183594
2.715000	2.250977	-3.364258
2.720000	4.458008	-2.104492
2.725000	5.595703	-0.166016
2.730000	5.590820	1.606445
2.735000	4.667969	2.563477
2.740000	2.973633	2.519531
2.745000	1.298828	1.674805
2.750000	0.190430	0.493164
2.755000	-0.141602	-0.659180
2.760000	0.283203	-1.303711
2.765000	1.137695	-1.210938
2.770000	1.918945	-0.527344
2.775000	2.265625	0.351562
2.780000	2.031250	1.074219
2.785000	1.313477	1.391602
2.790000	0.400391	1.254883
2.795000	-0.434570	0.449219
2.800000	-0.698242	-1.621094
2.805000	0.375977	-3.295898
2.810000	2.529297	-3.281250
2.815000	4.687500	-1.889648
2.820000	5.595703	0.073242
2.825000	5.590820	1.777344
2.830000	4.482422	2.617188
2.835000	2.749023	2.451172
2.840000	1.132812	1.538086
2.845000	0.107422	0.351562
2.850000	-0.131836	-0.776367
2.855000	0.371094	-1.333008
2.860000	1.245117	-1.152344
2.865000	1.992188	-0.429688
2.870000	2.270508	0.458984
2.875000	1.967773	1.137695
2.880000	1.215820	1.396484
2.885000	0.288086	1.225586
2.890000	-0.512695	0.263672
2.895000	-0.644531	-1.899414
2.900000	0.595703	-3.378906
2.905000	2.807617	-3.168945
2.910000	4.892578	-1.669922
2.915000	5.595703	0.307617
2.920000	5.561523	1.928711
2.925000	4.291992	2.646484
2.930000	2.539062	2.382812
2.935000	0.971680	1.401367
2.940000	0.034180	0.205078
2.945000	-0.102539	-0.888672
2.950000	0.463867	-1.347656
2.955000	1.342773	-1.088867
2.960000	2.050781	-0.322266
2.965000	2.265625	0.556641
2.970000	1.894531	1.191406
2.975000	1.108398	1.396484
2.980000	0.180664	1.166992
2.985000	-0.581055	0.053711
2.990000	-0.581055	-2.163086
2.995000	0.834961	-3.442383
3.000000	3.085938	-3.046875
3.005000	5.083008	-1.440430
3.010000	5.595703	0.532227
3.015000	5.454102	2.070312
3.020000	4.091797	2.666016
3.025000	2.338867	2.290039
3.030000	0.825195	1.259766
3.035000	-0.019531	0.068359
3.040000	-0.068359	-0.981445
3.045000	0.561523	-1.352539
3.050000	1.445312	-1.015625
3.055000	2.109375	-0.219727
3.060000	2.246094	0.644531
3.065000	1.816406	1.240234
3.070000	0.996094	1.396484
3.075000	0.073242	1.103516
3.080000	-0.634766	-0.175781
3.085000	-0.488281	-2.407227
3.090000	1.083984	-3.481445
3.095000	3.364258	-2.905273
3.100000	5.268555	-1.210938
3.105000	5.590820	0.756836
3.110000	5.332031	2.197266
3.115000	3.891602	2.666016
3.120000	2.128906	2.192383
3.125000	0.673828	1.118164
3.130000	-0.073242	-0.078125
3.135000	-0.024414	-1.069336
3.140000	0.668945	-1.347656
3.145000	1.547852	-0.937500
3.150000	2.163086	-0.107422
3.155000	2.226562	0.737305
3.160000	1.733398	1.284180
3.165000	0.888672	1.381836
3.170000	-0.029297	1.025391
3.175000	-0.678711	-0.424805
3.180000	-0.371094	-2.622070
3.185000	1.333008	-3.491211
3.190000	3.627930	-2.744141
3.195000	5.429688	-0.971680
3.200000	5.590820	0.971680
3.205000	5.205078	2.309570
3.210000	3.686523	2.656250
3.215000	1.928711	2.080078
3.220000	0.546875	0.966797
3.225000	-0.107422	-0.214844
3.230000	0.029297	-1.142578
3.235000	0.771484	-1.333008
3.240000	1.640625	-0.849609
3.245000	2.197266	0.000000
3.250000	2.192383	0.820312
3.255000	1.645508	1.313477
3.260000	0.771484	1.357422
3.265000	-0.131836	0.927734
3.270000	-0.712891	-0.688477
3.275000	-0.239258	-2.822266
3.280000	1.601562	-3.486328
3.285000	3.881836	-2.573242
3.290000	5.571289	-0.727539
3.295000	5.595703	1.171875
3.300000	5.053711	2.407227
3.305000	3.476562	2.626953
3.310000	1.733398	1.967773
3.315000	0.429688	0.830078
3.320000	-0.131836	-0.356445
3.325000	0.097656	-1.206055
3.330000	0.883789	-1.298828
3.335000	1.733398	-0.761719
3.340000	2.226562	0.107422
3.345000	2.153320	0.908203
3.350000	1.552734	1.347656
3.355000	0.664062	1.333008
3.360000	-0.229492	0.810547
3.365000	-0.727539	-0.961914
3.370000	-0.078125	-2.988281
3.375000	1.879883	-3.447266
3.380000	4.135742	-2.377930
3.385000	5.590820	-0.488281
3.390000	5.595703	1.367188
3.395000	4.902344	2.485352
3.400000	3.261719	2.592773
3.405000	1.542969	1.845703
3.410000	0.317383	0.678711
3.415000	-0.146484	-0.488281
3.420000	0.170898	-1.254883
3.425000	0.991211	-1.264648
3.430000	1.816406	-0.664062
3.435000	2.250977	0.209961
3.440000	2.109375	0.976562
3.445000	1.455078	1.372070
3.450000	0.551758	1.308594
3.455000	-0.322266	0.668945
3.460000	-0.727539	-1.240234
3.465000	0.102539	-3.139648
3.470000	2.153320	-3.388672
3.475000	4.375000	-2.177734
3.480000	5.595703	-0.244141
3.485000	5.595703	1.547852
3.490000	4.726562	2.548828
3.495000	3.046875	2.539062
3.500000	1.362305	1.718750
3.505000	0.219727	0.541992
3.510000	-0.146484	-0.615234
3.515000	0.249023	-1.298828
3.520000	1.098633	-1.225586
3.525000	1.894531	-0.571289
3.530000	2.260742	0.317383
3.535000	2.050781	1.049805
3.540000	1.352539	1.386719
3.545000	0.439453	1.269531
3.550000	-0.405273	0.517578
3.555000	-0.708008	-1.523438
3.560000	0.302734	-3.261719
3.565000	2.436523	-3.310547
3.570000	4.609375	-1.967773
3.575000	5.595703	-0.009766
3.580000	5.595703	1.718750
3.585000	4.545898	2.602539
3.590000	2.832031	2.480469
3.595000	1.191406	1.586914
3.600000	0.131836	0.395508
3.605000	-0.136719	-0.737305
3.610000	0.341797	-1.333008
3.615000	1.206055	-1.171875
3.620000	1.967773	-0.463867
3.625000	2.270508	0.419922
3.630000	1.987305	1.118164
3.635000	1.250000	1.396484
3.640000	0.322266	1.235352
3.645000	-0.488281	0.332031
3.650000	-0.664062	-1.806641
3.655000	0.517578	-3.359375
3.660000	2.705078	-3.212891
3.665000	4.819336	-1.752930
3.670000	5.595703	0.224609
3.675000	5.581055	1.875000
3.680000	4.360352	2.641602
3.685000	2.617188	2.407227
3.690000	1.030273	1.450195
3.695000	0.058594	0.258789
3.700000	-0.112305	-0.849609
3.705000	0.429688	-1.347656
3.710000	1.303711	-1.108398
3.715000	2.031250	-0.361328
3.720000	2.265625	0.517578
3.725000	1.918945	1.171875
3.730000	1.147461	1.396484
3.735000	0.219727	1.191406
3.740000	-0.561523	0.126953
3.745000	-0.610352	-2.075195
3.750000	0.751953	-3.427734
3.755000	2.993164	-3.090820
3.760000	5.019531	-1.523438
3.765000	5.595703	0.454102
3.770000	5.498047	2.021484
3.775000	4.160156	2.661133
3.780000	2.412109	2.324219
3.785000	0.874023	1.303711
3.790000	-0.004883	0.117188
3.795000	-0.083008	-0.947266
3.800000	0.527344	-1.352539
3.805000	1.411133	-1.040039
3.810000	2.089844	-0.253906
3.815000	2.250977	0.615234
3.820000	1.850586	1.225586
3.825000	1.040039	1.396484
3.830000	0.112305	1.127930
3.835000	-0.615234	-0.092773
3.840000	-0.527344	-2.319336
3.845000	0.991211	-3.471680
3.850000	3.266602	-2.954102
3.855000	5.205078	-1.284180
3.860000	5.595703	0.678711
3.865000	5.375977	2.153320
3.870000	3.959961	2.670898
3.875000	2.202148	2.226562
3.880000	0.727539	1.166992
3.885000	-0.048828	-0.024414
3.890000	-0.043945	-1.040039
3.895000	0.634766	-1.347656
3.900000	1.508789	-0.961914
3.905000	2.143555	-0.146484
3.910000	2.236328	0.703125
3.915000	1.762695	1.264648
3.920000	0.927734	1.381836
3.925000	0.004883	1.054688
3.930000	-0.664062	-0.336914
3.935000	-0.419922	-2.548828
3.940000	1.250000	-3.491211
3.945000	3.535156	-2.802734
3.950000	5.371094	-1.054688
3.955000	5.595703	0.893555
3.960000	5.253906	2.270508
3.965000	3.754883	2.661133
3.970000	1.997070	2.114258
3.975000	0.595703	1.025391
3.980000	-0.092773	-0.166016
3.985000	0.009766	-1.118164
3.990000	0.737305	-1.333008
3.995000	1.606445	-0.883789
4.000000	2.187500	-0.039062
4.005000	2.207031	0.791016
4.010000	1.679688	1.303711
4.015000	0.815430	1.367188
4.020000	-0.092773	0.961914
4.025000	-0.708008	-0.595703
4.030000	-0.292969	-2.753906
4.035000	1.508789	-3.486328
4.040000	3.793945	-2.631836
4.045000	5.527344	-0.815430
4.050000	5.595703	1.103516
4.055000	5.107422	2.373047
4.060000	3.549805	2.641602
4.065000	1.801758	2.006836
4.070000	0.468750	0.878906
4.075000	-0.126953	-0.307617
4.080000	0.073242	-1.191406
4.085000	0.839844	-1.313477
4.090000	1.699219	-0.795898
4.095000	2.221680	0.068359
4.100000	2.172852	0.878906
4.105000	1.586914	1.337891
4.110000	0.703125	1.347656
4.115000	-0.190430	0.854492
4.120000	-0.722656	-0.864258
4.125000	-0.136719	-2.934570
4.130000	1.782227	-3.461914
4.135000	4.047852	-2.446289
4.140000	5.590820	-0.571289
4.145000	5.595703	1.298828
4.150000	4.960938	2.460938
4.155000	3.339844	2.607422
4.160000	1.611328	1.889648
4.165000	0.356445	0.737305
4.170000	-0.136719	-0.439453
4.175000	0.141602	-1.245117
4.180000	0.952148	-1.279297
4.185000	1.787109	-0.698242
4.190000	2.246094	0.175781
4.195000	2.128906	0.957031
4.200000	1.494141	1.362305
4.205000	0.595703	1.318359
4.210000	-0.288086	0.722656
4.215000	-0.727539	-1.147461
4.220000	0.029297	-3.090820
4.225000	2.050781	-3.413086
4.230000	4.291992	-2.250977
4.235000	5.595703	-0.332031
4.240000	5.595703	1.484375
4.245000	4.790039	2.524414
4.250000	3.120117	2.558594
4.255000	1.420898	1.767578
4.260000	0.253906	0.595703
4.265000	-0.146484	-0.581055
4.270000	0.219727	-1.284180
4.275000	1.059570	-1.245117
4.280000	1.870117	-0.600586
4.285000	2.260742	0.283203
4.290000	2.070312	1.030273
4.295000	1.386719	1.381836
4.300000	0.478516	1.284180
4.305000	-0.371094	0.576172
4.310000	-0.712891	-1.416016
4.315000	0.229492	-3.217773
4.320000	2.329102	-3.344727
4.325000	4.526367	-2.050781
4.330000	5.595703	-0.097656
4.335000	5.590820	1.660156
4.340000	4.614258	2.583008
4.345000	2.905273	2.495117
4.350000	1.250000	1.630859
4.355000	0.161133	0.454102
4.360000	-0.141602	-0.698242
4.365000	0.302734	-1.313477
4.370000	1.166992	-1.191406
4.375000	1.943359	-0.502930
4.380000	2.270508	0.385742
4.385000	2.011719	1.088867
4.390000	1.284180	1.391602
4.395000	0.366211	1.250000
4.400000	-0.458984	0.395508
4.405000	-0.683594	-1.704102
4.410000	0.439453	-3.320312
4.415000	2.612305	-3.247070
4.420000	4.741211	-1.831055
4.425000	5.590820	0.141602
4.430000	5.585938	1.821289
4.435000	4.428711	2.631836
4.440000	2.695312	2.436523
4.445000	1.088867	1.499023
4.450000	0.083008	0.312500
4.455000	-0.126953	-0.810547
4.460000	0.395508	-1.333008
4.465000	1.269531	-1.132812
4.470000	2.011719	-0.395508
4.475000	2.265625	0.483398
4.480000	1.948242	1.152344
4.485000	1.186523	1.396484
4.490000	0.253906	1.201172
4.495000	-0.532227	0.205078
4.500000	-0.629883	-1.977539
4.505000	0.664062	-3.403320
4.510000	2.890625	-3.139648
4.515000	4.951172	-1.601562
4.520000	5.595703	0.375977
4.525000	5.537109	1.972656
4.530000	4.238281	2.651367
4.535000	2.480469	2.353516
4.540000	0.927734	1.357422
4.545000	0.014648	0.166016
4.550000	-0.092773	-0.917969
4.555000	0.493164	-1.352539
4.560000	1.372070	-1.069336
4.565000	2.075195	-0.292969
4.570000	2.260742	0.581055
4.575000	1.870117	1.210938
4.580000	1.079102	1.391602
4.585000	0.151367	1.152344
4.590000	-0.600586	-0.009766
4.595000	-0.561523	-2.231445
4.600000	0.903320	-3.452148
4.605000	3.164062	-3.007812
4.610000	5.136719	-1.367188
4.615000	5.595703	0.600586
4.620000	5.424805	2.104492
4.625000	4.033203	2.670898
4.630000	2.280273	2.260742
4.635000	0.776367	1.220703
4.640000	-0.039062	0.024414
4.645000	-0.058594	-1.005859
4.650000	0.595703	-1.352539
4.655000	1.474609	-0.991211
4.660000	2.124023	-0.185547
4.665000	2.246094	0.673828
4.670000	1.796875	1.250000
4.675000	0.966797	1.391602
4.680000	0.043945	1.083984
4.685000	-0.649414	-0.244141
4.690000	-0.458984	-2.465820
4.695000	1.157227	-3.486328
4.700000	3.437500	-2.856445
4.705000	5.312500	-1.142578
4.710000	5.595703	0.815430
4.715000	5.297852	2.231445
4.720000	3.828125	2.666016
4.725000	2.070312	2.163086
4.730000	0.639648	1.074219
4.735000	-0.078125	-0.117188
4.740000	-0.009766	-1.093750
4.745000	0.698242	-1.337891
4.750000	1.572266	-0.913086
4.755000	2.172852	-0.073242
4.760000	2.216797	0.766602
4.765000	1.713867	1.293945
4.770000	0.859375	1.372070
4.775000	-0.058594	1.000977
4.780000	-0.688477	-0.502930
4.785000	-0.341797	-2.685547
4.790000	1.411133	-3.496094
4.795000	3.701172	-2.695312
4.800000	5.473633	-0.903320
4.805000	5.590820	1.030273
4.810000	5.161133	2.338867
4.815000	3.632812	2.646484
4.820000	1.875000	2.050781
4.825000	0.512695	0.927734
4.830000	-0.112305	-0.258789
4.835000	0.048828	-1.166992
4.840000	0.805664	-1.323242
4.845000	1.669922	-0.825195
4.850000	2.207031	0.029297
4.855000	2.187500	0.844727
4.860000	1.621094	1.323242
4.865000	0.742188	1.352539
4.870000	-0.161133	0.898438
4.875000	-0.717773	-0.766602
4.880000	-0.190430	-2.871094
4.885000	1.679688	-3.476562
4.890000	3.955078	-2.514648
4.895000	5.581055	-0.659180
4.900000	5.590820	1.225586
4.905000	5.009766	2.431641
4.910000	3.413086	2.617188
4.915000	1.679688	1.938477
4.920000	0.395508	0.786133
4.925000	-0.131836	-0.390625
4.930000	0.112305	-1.225586
4.935000	0.913086	-1.293945
4.940000	1.757812	-0.732422
4.945000	2.236328	0.136719
4.950000	2.143555	0.927734
4.955000	1.523438	1.352539
4.960000	0.629883	1.328125
4.965000	-0.253906	0.776367
4.970000	-0.727539	-1.040039
4.975000	-0.029297	-3.032227
4.980000	1.953125	-3.432617
4.985000	4.208984	-2.324219
4.990000	5.590820	-0.419922
4.995000	5.590820	1.416016
5.000000	4.853516	2.500000
5.005000	3.198242	2.573242
5.010000	1.489258	1.811523
5.015000	0.292969	0.644531
5.020000	-0.146484	-0.527344
5.025000	0.190430	-1.264648
5.030000	1.020508	-1.250000
5.035000	1.835938	-0.634766
5.040000	2.250977	0.244141
5.045000	2.094727	1.000977
5.050000	1.425781	1.372070
5.055000	0.517578	1.298828
5.060000	-0.346680	0.629883
5.065000	-0.722656	-1.318359
5.070000	0.156250	-3.173828
5.075000	2.236328	-3.369141
5.080000	4.443359	-2.119141
5.085000	5.595703	-0.180664
5.090000	5.595703	1.601562
5.095000	4.682617	2.563477
5.100000	2.988281	2.524414
5.105000	1.308594	1.679688
5.110000	0.195312	0.498047
5.115000	-0.146484	-0.654297
5.120000	0.278320	-1.303711
5.125000	1.132812	-1.215820
5.130000	1.918945	-0.537109
5.135000	2.265625	0.346680
5.140000	2.036133	1.069336
5.145000	1.323242	1.386719
5.150000	0.405273	1.259766
5.155000	-0.429688	0.463867
5.160000	-0.698242	-1.596680
5.165000	0.356445	-3.286133
5.170000	2.504883	-3.286133
5.175000	4.667969	-1.909180
5.180000	5.595703	0.053711
5.185000	5.590820	1.762695
5.190000	4.497070	2.612305
5.195000	2.773438	2.460938
5.200000	1.147461	1.547852
5.205000	0.112305	0.361328
5.210000	-0.126953	-0.766602
5.215000	0.361328	-1.333008
5.220000	1.235352	-1.157227
5.225000	1.987305	-0.439453
5.230000	2.275391	0.449219
5.235000	1.967773	1.132812
5.240000	1.225586	1.396484
5.245000	0.297852	1.220703
5.250000	-0.507812	0.278320
5.255000	-0.649414	-1.879883
5.260000	0.581055	-3.378906
5.265000	2.788086	-3.178711
5.270000	4.877930	-1.684570
5.275000	5.595703	0.292969
5.280000	5.571289	1.918945
5.285000	4.306641	2.646484
5.290000	2.558594	2.382812
5.295000	0.986328	1.411133
5.300000	0.039062	0.219727
5.305000	-0.107422	-0.883789
5.310000	0.458984	-1.347656
5.315000	1.337891	-1.093750
5.320000	2.050781	-0.327148
5.325000	2.270508	0.551758
5.330000	1.899414	1.191406
5.335000	1.118164	1.396484
5.340000	0.185547	1.171875
5.345000	-0.576172	0.068359
5.350000	-0.590820	-2.143555
5.355000	0.810547	-3.437500
5.360000	3.061523	-3.061523
5.365000	5.073242	-1.450195
5.370000	5.590820	0.517578
5.375000	5.463867	2.060547
5.380000	4.106445	2.666016
5.385000	2.353516	2.294922
5.390000	0.830078	1.269531
5.395000	-0.014648	0.078125
5.400000	-0.078125	-0.971680
5.405000	0.561523	-1.352539
5.410000	1.440430	-1.020508
5.415000	2.104492	-0.224609
5.420000	2.246094	0.644531
5.425000	1.826172	1.240234
5.430000	1.005859	1.396484
5.435000	0.083008	1.108398
5.440000	-0.629883	-0.161133
5.445000	-0.498047	-2.387695
5.450000	1.064453	-3.476562
5.455000	3.339844	-2.910156
5.460000	5.249023	-1.225586
5.465000	5.595703	0.737305
5.470000	5.346680	2.187500
5.475000	3.906250	2.670898
5.480000	2.143555	2.197266
5.485000	0.688477	1.127930
5.490000	-0.063477	-0.063477
5.495000	-0.029297	-1.059570
5.500000	0.659180	-1.342773
5.505000	1.538086	-0.942383
5.510000	2.153320	-0.112305
5.515000	2.226562	0.727539
5.520000	1.738281	1.274414
5.525000	0.898438	1.376953
5.530000	-0.024414	1.030273
5.535000	-0.673828	-0.410156
5.540000	-0.380859	-2.612305
5.545000	1.318359	-3.491211
5.550000	3.613281	-2.753906
5.555000	5.419922	-0.986328
5.560000	5.595703	0.952148
5.565000	5.209961	2.299805
5.570000	3.701172	2.661133
5.575000	1.938477	2.094727
5.580000	0.556641	0.981445
5.585000	-0.102539	-0.209961
5.590000	0.029297	-1.142578
5.595000	0.766602	-1.328125
5.600000	1.635742	-0.859375
5.605000	2.202148	-0.004883
5.610000	2.197266	0.815430
5.615000	1.650391	1.313477
5.620000	0.786133	1.362305
5.625000	-0.122070	0.937500
5.630000	-0.708008	-0.668945
5.635000	-0.253906	-2.807617
5.640000	1.582031	-3.481445
5.645000	3.862305	-2.578125
5.650000	5.566406	-0.747070
5.655000	5.590820	1.157227
5.660000	5.063477	2.397461
5.665000	3.491211	2.631836
5.670000	1.743164	1.972656
5.675000	0.434570	0.839844
5.680000	-0.126953	-0.346680
5.685000	0.092773	-1.206055
5.690000	0.874023	-1.303711
5.695000	1.723633	-0.766602
5.700000	2.226562	0.097656
5.705000	2.158203	0.898438
5.710000	1.562500	1.342773
5.715000	0.668945	1.337891
5.720000	-0.224609	0.820312
5.725000	-0.727539	-0.947266
5.730000	-0.087891	-2.983398
5.735000	1.860352	-3.447266
5.740000	4.116211	-2.392578
5.745000	5.590820	-0.502930
5.750000	5.590820	1.352539
5.755000	4.912109	2.480469
5.760000	3.276367	2.597656
5.765000	1.557617	1.855469
5.770000	0.327148	0.698242
5.775000	-0.146484	-0.478516
5.780000	0.166016	-1.250000
5.785000	0.981445	-1.264648
5.790000	1.811523	-0.673828
5.795000	2.250977	0.209961
5.800000	2.109375	0.976562
5.805000	1.464844	1.367188
5.810000	0.561523	1.308594
5.815000	-0.312500	0.683594
5.820000	-0.727539	-1.225586
5.825000	0.087891	-3.129883
5.830000	2.133789	-3.393555
5.835000	4.355469	-2.192383
5.840000	5.595703	-0.263672
5.845000	5.595703	1.538086
5.850000	4.741211	2.543945
5.855000	3.061523	2.543945
5.860000	1.372070	1.728516
5.865000	0.229492	0.551758
5.870000	-0.151367	-0.605469
5.875000	0.244141	-1.293945
5.880000	1.088867	-1.230469
5.885000	1.889648	-0.571289
5.890000	2.265625	0.312500
5.895000	2.055664	1.049805
5.900000	1.362305	1.386719
5.905000	0.449219	1.274414
5.910000	-0.400391	0.527344
5.915000	-0.712891	-1.503906
5.920000	0.288086	-3.251953
5.925000	2.412109	-3.315430
5.930000	4.584961	-1.982422
5.935000	5.595703	-0.024414
5.940000	5.595703	1.708984
5.945000	4.565430	2.597656
5.950000	2.841797	2.485352
5.955000	1.206055	1.596680
5.960000	0.141602	0.410156
5.965000	-0.136719	-0.732422
5.970000	0.327148	-1.323242
5.975000	1.201172	-1.176758
5.980000	1.962891	-0.473633
5.985000	2.265625	0.415039
5.990000	1.992188	1.113281
5.995000	1.254883	1.396484
6.000000	0.332031	1.240234
6.005000	-0.483398	0.346680
6.010000	-0.668945	-1.787109
6.015000	0.502930	-3.349609
6.020000	2.690430	-3.217773
6.025000	4.809570	-1.762695
6.030000	5.595703	0.209961
6.035000	5.581055	1.865234
6.040000	4.375000	2.631836
6.045000	2.631836	2.412109
6.050000	1.040039	1.455078
6.055000	0.063477	0.268555
6.060000	-0.117188	-0.839844
6.065000	0.424805	-1.337891
6.070000	1.298828	-1.118164
6.075000	2.031250	-0.366211
6.080000	2.270508	0.512695
6.085000	1.923828	1.171875
6.090000	1.157227	1.396484
6.095000	0.224609	1.191406
6.100000	-0.556641	0.146484
6.105000	-0.615234	-2.050781
6.110000	0.727539	-3.422852
6.115000	2.968750	-3.100586
6.120000	5.004883	-1.538086
6.125000	5.590820	0.439453
6.130000	5.502930	2.011719
6.135000	4.174805	2.661133
6.140000	2.426758	2.324219
6.145000	0.888672	1.318359
6.150000	0.000000	0.126953
6.155000	-0.087891	-0.942383
6.160000	0.522461	-1.352539
6.165000	1.401367	-1.044922
6.170000	2.089844	-0.263672
6.175000	2.255859	0.605469
6.180000	1.855469	1.220703
6.185000	1.044922	1.391602
6.190000	0.122070	1.132812
6.195000	-0.615234	-0.078125
6.200000	-0.532227	-2.299805
6.205000	0.976562	-3.466797
6.210000	3.242188	-2.963867
6.215000	5.190430	-1.298828
6.220000	5.595703	0.664062
6.225000	5.390625	2.143555
6.230000	3.974609	2.670898
6.235000	2.216797	2.236328
6.240000	0.737305	1.176758
6.245000	-0.048828	-0.014648
6.250000	-0.043945	-1.030273
6.255000	0.625000	-1.352539
6.260000	1.503906	-0.971680
6.265000	2.138672	-0.156250
6.270000	2.236328	0.693359
6.275000	1.772461	1.264648
6.280000	0.937500	1.386719
6.285000	0.014648	1.059570
6.290000	-0.664062	-0.322266
6.295000	-0.424805	-2.539062
6.300000	1.230469	-3.491211
6.305000	3.520508	-2.812500
6.310000	5.361328	-1.074219
6.315000	5.595703	0.883789
6.320000	5.263672	2.260742
6.325000	3.769531	2.661133
6.330000	2.011719	2.128906
6.335000	0.605469	1.035156
6.340000	-0.092773	-0.156250
6.345000	0.000000	-1.113281
6.350000	0.727539	-1.333008
6.355000	1.601562	-0.883789
6.360000	2.182617	-0.043945
6.365000	2.211914	0.791016
6.370000	1.684570	1.303711
6.375000	0.825195	1.367188
6.380000	-0.087891	0.971680
6.385000	-0.703125	-0.576172
6.390000	-0.297852	-2.739258
6.395000	1.494141	-3.486328
6.400000	3.774414	-2.641602
6.405000	5.517578	-0.834961
6.410000	5.595703	1.088867
6.415000	5.117188	2.363281
6.420000	3.564453	2.641602
6.425000	1.821289	2.021484
6.430000	0.478516	0.888672
6.435000	-0.122070	-0.297852
6.440000	0.068359	-1.181641
6.445000	0.839844	-1.313477
6.450000	1.694336	-0.795898
6.455000	2.216797	0.058594
6.460000	2.172852	0.874023
6.465000	1.591797	1.337891
6.470000	0.708008	1.347656
6.475000	-0.185547	0.864258
6.480000	-0.722656	-0.844727
6.485000	-0.146484	-2.919922
6.490000	1.762695	-3.466797
6.495000	4.028320	-2.460938
6.500000	5.585938	-0.590820
6.505000	5.595703	1.279297
6.510000	4.965820	2.456055
6.515000	3.349609	2.607422
6.520000	1.621094	1.899414
6.525000	0.361328	0.747070
6.530000	-0.141602	-0.429688
6.535000	0.136719	-1.235352
6.540000	0.942383	-1.284180
6.545000	1.782227	-0.708008
6.550000	2.246094	0.166016
6.555000	2.128906	0.952148
6.560000	1.499023	1.362305
6.565000	0.600586	1.318359
6.570000	-0.278320	0.737305
6.575000	-0.727539	-1.127930
6.580000	0.024414	-3.081055
6.585000	2.036133	-3.417969
6.590000	4.272461	-2.270508
6.595000	5.590820	-0.351562
6.600000	5.595703	1.469727
6.605000	4.804688	2.519531
6.610000	3.134766	2.558594
6.615000	1.435547	1.777344
6.620000	0.263672	0.600586
6.625000	-0.146484	-0.566406
6.630000	0.214844	-1.279297
6.635000	1.054688	-1.245117
6.640000	1.865234	-0.610352
6.645000	2.260742	0.273438
6.650000	2.075195	1.020508
6.655000	1.396484	1.376953
6.660000	0.483398	1.289062
6.665000	-0.366211	0.585938
6.670000	-0.717773	-1.401367
6.675000	0.214844	-3.212891
6.680000	2.314453	-3.349609
6.685000	4.506836	-2.060547
6.690000	5.595703	-0.112305
6.695000	5.590820	1.645508
6.700000	4.628906	2.578125
6.705000	2.919922	2.504883
6.710000	1.264648	1.640625
6.715000	0.170898	0.458984
6.720000	-0.141602	-0.688477
6.725000	0.297852	-1.313477
6.730000	1.162109	-1.201172
6.735000	1.938477	-0.507812
6.740000	2.270508	0.375977
6.745000	2.016602	1.093750
6.750000	1.293945	1.391602
6.755000	0.375977	1.245117
6.760000	-0.454102	0.415039
6.765000	-0.683594	-1.679688
6.770000	0.424805	-3.315430
6.775000	2.587891	-3.256836
6.780000	4.726562	-1.840820
6.785000	5.590820	0.122070
6.790000	5.590820	1.811523
6.795000	4.438477	2.626953
6.800000	2.709961	2.441406
6.805000	1.098633	1.508789
6.810000	0.092773	0.322266
6.815000	-0.126953	-0.800781
6.820000	0.390625	-1.333008
6.825000	1.259766	-1.137695
6.830000	2.001953	-0.400391
6.835000	2.270508	0.473633
6.840000	1.948242	1.147461
6.845000	1.196289	1.396484
6.850000	0.263672	1.206055
6.855000	-0.527344	0.219727
6.860000	-0.634766	-1.958008
6.865000	0.649414	-3.398438
6.870000	2.871094	-3.144531
6.875000	4.936523	-1.616211
6.880000	5.590820	0.356445
6.885000	5.541992	1.958008
6.890000	4.248047	2.651367
6.895000	2.500000	2.363281
6.900000	0.937500	1.367188
6.905000	0.024414	0.175781
6.910000	-0.097656	-0.908203
6.915000	0.488281	-1.347656
6.920000	1.367188	-1.074219
6.925000	2.065430	-0.302734
6.930000	2.260742	0.576172
6.935000	1.879883	1.206055
6.940000	1.083984	1.396484
6.945000	0.156250	1.157227
6.950000	-0.600586	0.004883
6.955000	-0.566406	-2.216797
6.960000	0.888672	-3.452148
6.965000	3.144531	-3.017578
6.970000	5.126953	-1.386719
6.975000	5.595703	0.585938
6.980000	5.429688	2.099609
6.985000	4.047852	2.670898
6.990000	2.290039	2.270508
6.995000	0.786133	1.225586
7.000000	-0.034180	0.034180
7.005000	-0.058594	-1.000977
7.010000	0.590820	-1.357422
7.015000	1.464844	-0.996094
7.020000	2.124023	-0.190430
7.025000	2.246094	0.668945
7.030000	1.801758	1.250000
7.035000	0.981445	1.391602
7.040000	0.048828	1.088867
7.045000	-0.644531	-0.229492
7.050000	-0.468750	-2.456055
7.055000	1.132812	-3.486328
7.060000	3.417969	-2.871094
7.065000	5.297852	-1.162109
7.070000	5.595703	0.800781
7.075000	5.307617	2.221680
7.080000	3.842773	2.666016
7.085000	2.084961	2.172852
7.090000	0.649414	1.088867
7.095000	-0.078125	-0.102539
7.100000	-0.014648	-1.088867
7.105000	0.693359	-1.337891
7.110000	1.562500	-0.917969
7.115000	2.167969	-0.083008
7.120000	2.216797	0.761719
7.125000	1.713867	1.289062
7.130000	0.864258	1.376953
7.135000	-0.048828	1.000977
7.140000	-0.688477	-0.483398
7.145000	-0.346680	-2.670898
7.150000	1.396484	-3.491211
7.155000	3.686523	-2.705078
7.160000	5.463867	-0.917969
7.165000	5.595703	1.015625
7.170000	5.170898	2.329102
7.175000	3.642578	2.646484
7.180000	1.884766	2.055664
7.185000	0.522461	0.942383
7.190000	-0.112305	-0.249023
7.195000	0.043945	-1.162109
7.200000	0.800781	-1.328125
7.205000	1.665039	-0.830078
7.210000	2.207031	0.024414
7.215000	2.187500	0.844727
7.220000	1.625977	1.323242
7.225000	0.751953	1.352539
7.230000	-0.146484	0.903320
7.235000	-0.717773	-0.742188
7.240000	-0.205078	-2.861328
7.245000	1.655273	-3.481445
7.250000	3.935547	-2.529297
7.255000	5.581055	-0.678711
7.260000	5.595703	1.215820
7.265000	5.019531	2.421875
7.270000	3.427734	2.622070
7.275000	1.689453	1.938477
7.280000	0.405273	0.795898
7.285000	-0.136719	-0.385742
7.290000	0.112305	-1.220703
7.295000	0.903320	-1.293945
7.300000	1.748047	-0.737305
7.305000	2.236328	0.131836
7.310000	2.148438	0.922852
7.315000	1.528320	1.352539
7.320000	0.634766	1.328125
7.325000	-0.244141	0.781250
7.330000	-0.732422	-1.025391
7.335000	-0.039062	-3.027344
7.340000	1.933594	-3.437500
7.345000	4.184570	-2.338867
7.350000	5.590820	-0.439453
7.355000	5.595703	1.401367
7.360000	4.863281	2.500000
7.365000	3.217773	2.583008
7.370000	1.503906	1.816406
7.375000	0.292969	0.654297
7.380000	-0.146484	-0.517578
7.385000	0.185547	-1.259766
7.390000	1.010742	-1.254883
7.395000	1.835938	-0.644531
7.400000	2.255859	0.234375
7.405000	2.094727	0.996094
7.410000	1.435547	1.372070
7.415000	0.527344	1.298828
7.420000	-0.341797	0.639648
7.425000	-0.727539	-1.303711
7.430000	0.141602	-3.164062
7.435000	2.211914	-3.378906
7.440000	4.423828	-2.138672
7.445000	5.595703	-0.200195
7.450000	5.595703	1.582031
7.455000	4.692383	2.558594
7.460000	2.998047	2.524414
7.465000	1.323242	1.689453
7.470000	0.200195	0.512695
7.475000	-0.146484	-0.644531
7.480000	0.268555	-1.298828
7.485000	1.123047	-1.215820
7.490000	1.914062	-0.541992
7.495000	2.270508	0.336914
7.500000	2.041016	1.069336
7.505000	1.333008	1.391602
7.510000	0.410156	1.269531
7.515000	-0.424805	0.478516
7.520000	-0.703125	-1.582031
7.525000	0.346680	-3.281250
7.530000	2.490234	-3.291016
7.535000	4.653320	-1.923828
7.540000	5.590820	0.039062
7.545000	5.595703	1.757812
7.550000	4.511719	2.612305
7.555000	2.783203	2.465820
7.560000	1.157227	1.557617
7.565000	0.117188	0.371094
7.570000	-0.131836	-0.766602
7.575000	0.351562	-1.333008
7.580000	1.230469	-1.157227
7.585000	1.977539	-0.444336
7.590000	2.270508	0.444336
7.595000	1.972656	1.132812
7.600000	1.235352	1.401367
7.605000	0.302734	1.230469
7.610000	-0.502930	0.292969
7.615000	-0.654297	-1.860352
7.620000	0.566406	-3.374023
7.625000	2.768555	-3.188477
7.630000	4.863281	-1.699219
7.635000	5.595703	0.273438
7.640000	5.571289	1.909180
7.645000	4.321289	2.641602
7.650000	2.568359	2.387695
7.655000	0.996094	1.420898
7.660000	0.048828	0.229492
7.665000	-0.112305	-0.874023
7.670000	0.449219	-1.342773
7.675000	1.333008	-1.098633
7.680000	2.045898	-0.336914
7.685000	2.265625	0.541992
7.690000	1.904297	1.186523
7.695000	1.127930	1.396484
7.700000	0.195312	1.176758
7.705000	-0.576172	0.083008
7.710000	-0.595703	-2.124023
7.715000	0.795898	-3.437500
7.720000	3.046875	-3.071289
7.725000	5.058594	-1.469727
7.730000	5.595703	0.507812
7.735000	5.473633	2.050781
7.740000	4.116211	2.661133
7.745000	2.368164	2.304688
7.750000	0.844727	1.279297
7.755000	-0.014648	0.087891
7.760000	-0.078125	-0.971680
7.765000	0.551758	-1.352539
7.770000	1.435547	-1.025391
7.775000	2.104492	-0.229492
7.780000	2.250977	0.634766
7.785000	1.831055	1.240234
7.790000	1.020508	1.391602
7.795000	0.087891	1.113281
7.800000	-0.629883	-0.141602
7.805000	-0.502930	-2.368164
7.810000	1.044922	-3.481445
7.815000	3.320312	-2.924805
7.820000	5.239258	-1.240234
7.825000	5.595703	0.722656
7.830000	5.351562	2.177734
7.835000	3.920898	2.670898
7.840000	2.158203	2.202148
7.845000	0.698242	1.137695
7.850000	-0.058594	-0.053711
7.855000	-0.034180	-1.054688
7.860000	0.654297	-1.342773
7.865000	1.533203	-0.942383
7.870000	2.153320	-0.122070
7.875000	2.231445	0.722656
7.880000	1.748047	1.274414
7.885000	0.908203	1.381836
7.890000	-0.014648	1.035156
7.895000	-0.673828	-0.390625
7.900000	-0.390625	-2.592773
7.905000	1.293945	-3.496094
7.910000	3.593750	-2.768555
7.915000	5.405273	-1.005859
7.920000	5.595703	0.937500
7.925000	5.224609	2.294922
7.930000	3.715820	2.656250
7.935000	1.958008	2.099609
7.940000	0.566406	0.991211
7.945000	-0.097656	-0.195312
7.950000	0.019531	-1.137695
7.955000	0.761719	-1.333008
7.960000	1.625977	-0.864258
7.965000	2.197266	-0.019531
7.970000	2.202148	0.810547
7.975000	1.660156	1.308594
7.980000	0.795898	1.362305
7.985000	-0.117188	0.942383
7.990000	-0.708008	-0.644531
7.995000	-0.258789	-2.792969
8.000000	1.562500	-3.481445
8.005000	3.847656	-2.597656
8.010000	5.556641	-0.766602
8.015000	5.590820	1.142578
8.020000	5.073242	2.392578
8.025000	3.505859	2.636719
8.030000	1.762695	1.987305
8.035000	0.444336	0.849609
8.040000	-0.131836	-0.332031
8.045000	0.083008	-1.201172
8.050000	0.869141	-1.308594
8.055000	1.718750	-0.771484
8.060000	2.226562	0.092773
8.065000	2.163086	0.893555
8.070000	1.567383	1.342773
8.075000	0.683594	1.342773
8.080000	-0.214844	0.830078
8.085000	-0.727539	-0.922852
8.090000	-0.102539	-2.968750
8.095000	1.835938	-3.452148
8.100000	4.096680	-2.412109
8.105000	5.585938	-0.527344
8.110000	5.595703	1.337891
8.115000	4.926758	2.475586
8.120000	3.295898	2.597656
8.125000	1.567383	1.865234
8.130000	0.332031	0.703125
8.135000	-0.146484	-0.468750
8.140000	0.156250	-1.250000
8.145000	0.971680	-1.269531
8.150000	1.801758	-0.678711
8.155000	2.246094	0.200195
8.160000	2.119141	0.966797
8.165000	1.469727	1.367188
8.170000	0.571289	1.313477
8.175000	-0.307617	0.693359
8.180000	-0.732422	-1.206055
8.185000	0.073242	-3.120117
8.190000	2.114258	-3.403320
8.195000	4.340820	-2.211914
8.200000	5.595703	-0.288086
8.205000	5.595703	1.523438
8.210000	4.755859	2.539062
8.215000	3.081055	2.548828
8.220000	1.386719	1.738281
8.225000	0.234375	0.561523
8.230000	-0.146484	-0.600586
8.235000	0.239258	-1.293945
8.240000	1.083984	-1.235352
8.245000	1.884766	-0.581055
8.250000	2.265625	0.302734
8.255000	2.060547	1.040039
8.260000	1.372070	1.386719
8.265000	0.454102	1.279297
8.270000	-0.390625	0.541992
8.275000	-0.712891	-1.474609
8.280000	0.268555	-3.242188
8.285000	2.392578	-3.325195
8.290000	4.570312	-2.001953
8.295000	5.595703	-0.043945
8.300000	5.590820	1.694336
8.305000	4.575195	2.592773
8.310000	2.861328	2.490234
8.315000	1.220703	1.606445
8.320000	0.146484	0.424805
8.325000	-0.141602	-0.717773
8.330000	0.322266	-1.323242
8.335000	1.196289	-1.186523
8.340000	1.958008	-0.478516
8.345000	2.270508	0.405273
8.350000	2.001953	1.108398
8.355000	1.269531	1.391602
8.360000	0.341797	1.240234
8.365000	-0.473633	0.361328
8.370000	-0.673828	-1.757812
8.375000	0.483398	-3.339844
8.380000	2.661133	-3.227539
8.385000	4.785156	-1.782227
8.390000	5.595703	0.190430
8.395000	5.590820	1.850586
8.400000	4.389648	2.636719
8.405000	2.651367	2.421875
8.410000	1.049805	1.469727
8.415000	0.068359	0.283203
8.420000	-0.122070	-0.830078
8.425000	0.415039	-1.337891
8.430000	1.289062	-1.118164
8.435000	2.021484	-0.375977
8.440000	2.270508	0.507812
8.445000	1.928711	1.162109
8.450000	1.162109	1.396484
8.455000	0.239258	1.196289
8.460000	-0.551758	0.161133
8.465000	-0.620117	-2.031250
8.470000	0.712891	-3.417969
8.475000	2.944336	-3.110352
8.480000	4.990234	-1.552734
8.485000	5.595703	0.419922
8.490000	5.512695	2.001953
8.495000	4.199219	2.656250
8.500000	2.446289	2.333984
8.505000	0.903320	1.328125
8.510000	0.000000	0.141602
8.515000	-0.087891	-0.937500
8.520000	0.517578	-1.352539
8.525000	1.396484	-1.054688
8.530000	2.089844	-0.268555
8.535000	2.255859	0.600586
8.540000	1.860352	1.215820
8.545000	1.059570	1.396484
8.550000	0.131836	1.142578
8.555000	-0.610352	-0.053711
8.560000	-0.541992	-2.280273
8.565000	0.952148	-3.461914
8.570000	3.217773	-2.978516
8.575000	5.175781	-1.323242
8.580000	5.595703	0.639648
8.585000	5.400391	2.128906
8.590000	3.994141	2.670898
8.595000	2.236328	2.241211
8.600000	0.751953	1.186523
8.605000	-0.043945	-0.004883
8.610000	-0.048828	-1.025391
8.615000	0.615234	-1.347656
8.620000	1.494141	-0.976562
8.625000	2.138672	-0.166016
8.630000	2.236328	0.693359
8.635000	1.777344	1.259766
8.640000	0.942383	1.386719
8.645000	0.019531	1.064453
8.650000	-0.659180	-0.297852
8.655000	-0.439453	-2.514648
8.660000	1.206055	-3.491211
8.665000	3.496094	-2.827148
8.670000	5.346680	-1.093750
8.675000	5.595703	0.864258
8.680000	5.268555	2.250977
8.685000	3.784180	2.666016
8.690000	2.026367	2.138672
8.695000	0.615234	1.049805
8.700000	-0.087891	-0.141602
8.705000	0.000000	-1.108398
8.710000	0.717773	-1.337891
8.715000	1.591797	-0.893555
8.720000	2.177734	-0.053711
8.725000	2.211914	0.781250
8.730000	1.689453	1.303711
8.735000	0.834961	1.372070
8.740000	-0.078125	0.981445
8.745000	-0.703125	-0.551758
8.750000	-0.307617	-2.724609
8.755000	1.464844	-3.491211
8.760000	3.750000	-2.661133
8.765000	5.502930	-0.849609
8.770000	5.595703	1.069336
8.775000	5.131836	2.353516
8.780000	3.583984	2.641602
8.785000	1.831055	2.031250
8.790000	0.488281	0.903320
8.795000	-0.122070	-0.288086
8.800000	0.063477	-1.176758
8.805000	0.830078	-1.323242
8.810000	1.689453	-0.810547
8.815000	2.211914	0.048828
8.820000	2.172852	0.864258
8.825000	1.601562	1.333008
8.830000	0.722656	1.352539
8.835000	-0.175781	0.874023
8.840000	-0.722656	-0.820312
8.845000	-0.161133	-2.905273
8.850000	1.733398	-3.466797
8.855000	4.003906	-2.480469
8.860000	5.585938	-0.610352
8.865000	5.590820	1.264648
8.870000	4.980469	2.446289
8.875000	3.374023	2.612305
8.880000	1.640625	1.909180
8.885000	0.375977	0.756836
8.890000	-0.136719	-0.419922
8.895000	0.131836	-1.235352
8.900000	0.932617	-1.284180
8.905000	1.777344	-0.712891
8.910000	2.241211	0.156250
8.915000	2.128906	0.937500
8.920000	1.503906	1.357422
8.925000	0.610352	1.318359
8.930000	-0.273438	0.742188
8.935000	-0.727539	-1.103516
8.940000	0.009766	-3.066406
8.945000	2.016602	-3.422852
8.950000	4.257812	-2.280273
8.955000	5.595703	-0.366211
8.960000	5.595703	1.450195
8.965000	4.814453	2.514648
8.970000	3.159180	2.563477
8.975000	1.450195	1.782227
8.980000	0.268555	0.615234
8.985000	-0.146484	-0.551758
8.990000	0.209961	-1.274414
8.995000	1.044922	-1.245117
9.000000	1.855469	-0.615234
9.005000	2.255859	0.268555
9.010000	2.080078	1.015625
9.015000	1.406250	1.376953
9.020000	0.493164	1.293945
9.025000	-0.366211	0.600586
9.030000	-0.717773	-1.376953
9.035000	0.195312	-3.203125
9.040000	2.294922	-3.349609
9.045000	4.492188	-2.075195
9.050000	5.595703	-0.126953
9.055000	5.595703	1.635742
9.060000	4.638672	2.573242
9.065000	2.939453	2.509766
9.070000	1.274414	1.655273
9.075000	0.175781	0.473633
9.080000	-0.141602	-0.678711
9.085000	0.297852	-1.308594
9.090000	1.157227	-1.201172
9.095000	1.933594	-0.512695
9.100000	2.265625	0.366211
9.105000	2.021484	1.083984
9.110000	1.303711	1.391602
9.115000	0.385742	1.254883
9.120000	-0.449219	0.429688
9.125000	-0.688477	-1.660156
9.130000	0.405273	-3.310547
9.135000	2.568359	-3.266602
9.140000	4.711914	-1.860352
9.145000	5.595703	0.102539
9.150000	5.590820	1.801758
9.155000	4.458008	2.622070
9.160000	2.719727	2.446289
9.165000	1.108398	1.513672
9.170000	0.097656	0.332031
9.175000	-0.126953	-0.795898
9.180000	0.380859	-1.333008
9.185000	1.250000	-1.142578
9.190000	2.001953	-0.410156
9.195000	2.270508	0.473633
9.200000	1.953125	1.142578
9.205000	1.201172	1.396484
9.210000	0.268555	1.210938
9.215000	-0.527344	0.234375
9.220000	-0.639648	-1.943359
9.225000	0.634766	-3.393555
9.230000	2.851562	-3.154297
9.235000	4.926758	-1.635742
9.240000	5.590820	0.341797
9.245000	5.546875	1.953125
9.250000	4.262695	2.651367
9.255000	2.509766	2.363281
9.260000	0.947266	1.376953
9.265000	0.024414	0.185547
9.270000	-0.102539	-0.903320
9.275000	0.483398	-1.347656
9.280000	1.357422	-1.079102
9.285000	2.060547	-0.307617
9.290000	2.265625	0.571289
9.295000	1.884766	1.201172
9.300000	1.093750	1.396484
9.305000	0.161133	1.157227
9.310000	-0.590820	0.019531
9.315000	-0.571289	-2.202148
9.320000	0.874023	-3.452148
9.325000	3.129883	-3.022461
9.330000	5.112305	-1.406250
9.335000	5.595703	0.571289
9.340000	5.439453	2.089844
9.345000	4.067383	2.666016
9.350000	2.304688	2.280273
9.355000	0.800781	1.235352
9.360000	-0.034180	0.043945
9.365000	-0.063477	-0.996094
9.370000	0.581055	-1.352539
9.375000	1.459961	-1.005859
9.380000	2.119141	-0.200195
9.385000	2.241211	0.664062
9.390000	1.811523	1.245117
9.395000	0.986328	1.391602
9.400000	0.058594	1.093750
9.405000	-0.639648	-0.214844
9.410000	-0.473633	-2.441406
9.415000	1.123047	-3.481445
9.420000	3.408203	-2.875977
9.425000	5.292969	-1.171875
9.430000	5.595703	0.791016
9.435000	5.317383	2.211914
9.440000	3.857422	2.666016
9.445000	2.094727	2.172852
9.450000	0.659180	1.093750
9.455000	-0.078125	-0.092773
9.460000	-0.014648	-1.079102
9.465000	0.683594	-1.342773
9.470000	1.562500	-0.922852
9.475000	2.167969	-0.087891
9.480000	2.216797	0.751953
9.485000	1.718750	1.289062
9.490000	0.869141	1.372070
9.495000	-0.048828	1.010742
9.500000	-0.688477	-0.463867
9.505000	-0.356445	-2.651367
9.510000	1.376953	-3.491211
9.515000	3.671875	-2.719727
9.520000	5.454102	-0.932617
9.525000	5.595703	1.000977
9.530000	5.180664	2.324219
9.535000	3.657227	2.646484
9.540000	1.894531	2.065430
9.545000	0.527344	0.947266
9.550000	-0.107422	-0.239258
9.555000	0.039062	-1.152344
9.560000	0.791016	-1.328125
9.565000	1.655273	-0.839844
9.570000	2.202148	0.014648
9.575000	2.187500	0.834961
9.580000	1.630859	1.318359
9.585000	0.756836	1.352539
9.590000	-0.151367	0.908203
9.595000	-0.717773	-0.727539
9.600000	-0.209961	-2.846680
9.605000	1.645508	-3.476562
9.610000	3.920898	-2.539062
9.615000	5.576172	-0.693359
9.620000	5.595703	1.206055
9.625000	5.029297	2.416992
9.630000	3.442383	2.626953
9.635000	1.704102	1.948242
9.640000	0.410156	0.800781
9.645000	-0.136719	-0.375977
9.650000	0.107422	-1.215820
9.655000	0.903320	-1.298828
9.660000	1.748047	-0.747070
9.665000	2.231445	0.126953
9.670000	2.148438	0.917969
9.675000	1.533203	1.352539
9.680000	0.649414	1.333008
9.685000	-0.244141	0.786133
9.690000	-0.732422	-1.010742
9.695000	-0.053711	-3.017578
9.700000	1.918945	-3.437500
9.705000	4.174805	-2.348633
9.710000	5.590820	-0.449219
9.715000	5.590820	1.396484
9.720000	4.873047	2.495117
9.725000	3.227539	2.587891
9.730000	1.513672	1.821289
9.735000	0.302734	0.664062
9.740000	-0.146484	-0.507812
9.745000	0.175781	-1.259766
9.750000	1.005859	-1.254883
9.755000	1.831055	-0.649414
9.760000	2.250977	0.229492
9.765000	2.099609	0.991211
9.770000	1.440430	1.372070
9.775000	0.532227	1.303711
9.780000	-0.332031	0.649414
9.785000	-0.727539	-1.284180
9.790000	0.131836	-3.159180
9.795000	2.197266	-3.383789
9.800000	4.414062	-2.148438
9.805000	5.590820	-0.209961
9.810000	5.595703	1.577148
9.815000	4.697266	2.553711
9.820000	3.012695	2.529297
9.825000	1.333008	1.699219
9.830000	0.205078	0.522461
9.835000	-0.141602	-0.634766
9.840000	0.263672	-1.298828
9.845000	1.118164	-1.220703
9.850000	1.909180	-0.551758
9.855000	2.270508	0.336914
9.860000	2.045898	1.064453
9.865000	1.333008	1.386719
9.870000	0.419922	1.264648
9.875000	-0.419922	0.483398
9.880000	-0.703125	-1.567383
9.885000	0.332031	-3.276367
9.890000	2.480469	-3.295898
9.895000	4.638672	-1.933594
9.900000	5.590820	0.029297
9.905000	5.590820	1.743164
9.910000	4.516602	2.607422
9.915000	2.797852	2.470703
9.920000	1.166992	1.562500
9.925000	0.122070	0.380859
9.930000	-0.136719	-0.756836
9.935000	0.356445	-1.328125
9.940000	1.225586	-1.157227
9.945000	1.977539	-0.444336
9.950000	2.265625	0.439453
9.955000	1.977539	1.123047
9.960000	1.240234	1.396484
9.965000	0.307617	1.235352
9.970000	-0.498047	0.297852
9.975000	-0.659180	-1.850586
9.980000	0.556641	-3.369141
9.985000	2.753906	-3.193359
9.990000	4.853516	-1.708984
9.995000	5.590820	0.268555
10.000000	5.576172	1.894531
