# Time_s	x	xdot
0.000000	2.001953	2.119141
0.005000	0.600586	1.025391
0.010000	-0.087891	-0.156250
0.015000	0.014648	-1.093750
0.020000	0.722656	-1.303711
0.025000	1.572266	-0.859375
0.030000	2.133789	-0.029297
0.035000	2.153320	0.786133
0.040000	1.625977	1.284180
0.045000	0.776367	1.347656
0.050000	-0.122070	0.937500
0.055000	-0.708008	-0.644531
0.060000	-0.263672	-2.783203
0.065000	1.557617	-3.481445
0.070000	3.837891	-2.592773
0.075000	5.551758	-0.766602
0.080000	5.590820	1.137695
0.085000	5.078125	2.382812
0.090000	3.505859	2.626953
0.095000	1.767578	1.977539
0.100000	0.454102	0.849609
0.105000	-0.122070	-0.322266
0.110000	0.083008	-1.171875
0.115000	0.844727	-1.269531
0.120000	1.674805	-0.751953
0.125000	2.167969	0.097656
0.130000	2.099609	0.883789
0.135000	1.508789	1.318359
0.140000	0.639648	1.318359
0.145000	-0.239258	0.795898
0.150000	-0.732422	-0.986328
0.155000	-0.063477	-3.007812
0.160000	1.894531	-3.442383
0.165000	4.150391	-2.363281
0.170000	5.590820	-0.468750
0.175000	5.595703	1.376953
0.180000	4.887695	2.485352
0.185000	3.242188	2.583008
0.190000	1.538086	1.831055
0.195000	0.317383	0.673828
0.200000	-0.136719	-0.483398
0.205000	0.175781	-1.235352
0.210000	0.976562	-1.235352
0.215000	1.782227	-0.634766
0.220000	2.197266	0.224609
0.225000	2.045898	0.976562
0.230000	1.391602	1.352539
0.235000	0.502930	1.279297
0.240000	-0.351562	0.625000
0.245000	-0.727539	-1.323242
0.250000	0.161133	-3.173828
0.255000	2.236328	-3.369141
0.260000	4.443359	-2.114258
0.265000	5.595703	-0.175781
0.270000	5.590820	1.591797
0.275000	4.672852	2.558594
0.280000	2.988281	2.514648
0.285000	1.318359	1.674805
0.290000	0.200195	0.502930
0.295000	-0.136719	-0.634766
0.300000	0.273438	-1.269531
0.305000	1.103516	-1.171875
0.310000	1.870117	-0.517578
0.315000	2.197266	0.351562
0.320000	1.967773	1.054688
0.325000	1.264648	1.362305
0.330000	0.361328	1.240234
0.335000	-0.458984	0.410156
0.340000	-0.688477	-1.684570
0.345000	0.424805	-3.315430
0.350000	2.587891	-3.256836
0.355000	4.726562	-1.840820
0.360000	5.595703	0.126953
0.365000	5.585938	1.806641
0.370000	4.443359	2.617188
0.375000	2.714844	2.436523
0.380000	1.108398	1.503906
0.385000	0.102539	0.322266
0.390000	-0.117188	-0.781250
0.395000	0.380859	-1.293945
0.400000	1.235352	-1.103516
0.405000	1.948242	-0.385742
0.410000	2.197266	0.473633
0.415000	1.884766	1.132812
0.420000	1.142578	1.372070
0.425000	0.229492	1.186523
0.430000	-0.551758	0.166016
0.435000	-0.620117	-2.021484
0.440000	0.703125	-3.417969
0.445000	2.939453	-3.115234
0.450000	4.980469	-1.557617
0.455000	5.595703	0.415039
0.460000	5.512695	1.997070
0.465000	4.199219	2.651367
0.470000	2.451172	2.329102
0.475000	0.908203	1.328125
0.480000	0.014648	0.146484
0.485000	-0.083008	-0.908203
0.490000	0.502930	-1.313477
0.495000	1.357422	-1.020508
0.500000	2.026367	-0.258789
0.505000	2.192383	0.595703
0.510000	1.796875	1.196289
0.515000	1.005859	1.372070
0.520000	0.092773	1.113281
0.525000	-0.625000	-0.112305
0.530000	-0.522461	-2.338867
0.535000	1.005859	-3.471680
0.540000	3.276367	-2.944336
0.545000	5.209961	-1.269531
0.550000	5.595703	0.693359
0.555000	5.366211	2.158203
0.560000	3.950195	2.656250
0.565000	2.192383	2.207031
0.570000	0.727539	1.152344
0.575000	-0.043945	-0.029297
0.580000	-0.034180	-1.015625
0.585000	0.625000	-1.313477
0.590000	1.474609	-0.927734
0.595000	2.084961	-0.122070
0.600000	2.163086	0.703125
0.605000	1.689453	1.250000
0.610000	0.869141	1.357422
0.615000	-0.039062	1.015625
0.620000	-0.678711	-0.429688
0.625000	-0.375977	-2.622070
0.630000	1.333008	-3.496094
0.635000	3.623047	-2.739258
0.640000	5.419922	-0.971680
0.645000	5.595703	0.961914
0.650000	5.205078	2.304688
0.655000	3.691406	2.646484
0.660000	1.933594	2.080078
0.665000	0.556641	0.971680
0.670000	-0.092773	-0.205078
0.675000	0.029297	-1.113281
0.680000	0.756836	-1.293945
0.685000	1.596680	-0.820312
0.690000	2.133789	0.004883
0.695000	2.124023	0.815430
0.700000	1.582031	1.298828
0.705000	0.727539	1.333008
0.710000	-0.161133	0.893555
0.715000	-0.722656	-0.756836
0.720000	-0.200195	-2.866211
0.725000	1.669922	-3.476562
0.730000	3.945312	-2.519531
0.735000	5.581055	-0.664062
0.740000	5.595703	1.220703
0.745000	5.014648	2.426758
0.750000	3.427734	2.617188
0.755000	1.689453	1.933594
0.760000	0.410156	0.791016
0.765000	-0.126953	-0.375977
0.770000	0.112305	-1.186523
0.775000	0.888672	-1.254883
0.780000	1.704102	-0.708008
0.785000	2.172852	0.141602
0.790000	2.070312	0.913086
0.795000	1.464844	1.328125
0.800000	0.590820	1.303711
0.805000	-0.283203	0.737305
0.810000	-0.727539	-1.108398
0.815000	0.014648	-3.071289
0.820000	2.016602	-3.417969
0.825000	4.257812	-2.275391
0.830000	5.595703	-0.361328
0.835000	5.600586	1.459961
0.840000	4.809570	2.514648
0.845000	3.149414	2.553711
0.850000	1.455078	1.772461
0.855000	0.273438	0.610352
0.860000	-0.136719	-0.541992
0.865000	0.209961	-1.245117
0.870000	1.025391	-1.210938
0.875000	1.806641	-0.590820
0.880000	2.192383	0.273438
0.885000	2.006836	1.000977
0.890000	1.337891	1.352539
0.895000	0.444336	1.264648
0.900000	-0.395508	0.541992
0.905000	-0.712891	-1.464844
0.910000	0.258789	-3.237305
0.915000	2.373047	-3.325195
0.920000	4.555664	-2.011719
0.925000	5.595703	-0.058594
0.930000	5.590820	1.679688
0.935000	4.589844	2.583008
0.940000	2.875977	2.485352
0.945000	1.235352	1.606445
0.950000	0.161133	0.429688
0.955000	-0.131836	-0.693359
0.960000	0.312500	-1.284180
0.965000	1.157227	-1.152344
0.970000	1.899414	-0.463867
0.975000	2.202148	0.400391
0.980000	1.938477	1.083984
0.985000	1.220703	1.367188
0.990000	0.307617	1.225586
0.995000	-0.493164	0.322266
1.000000	-0.659180	-1.821289
1.005000	0.527344	-3.359375
1.010000	2.724609	-3.203125
1.015000	4.829102	-1.733398
1.020000	5.595703	0.239258
1.025000	5.581055	1.879883
1.030000	4.350586	2.636719
1.035000	2.607422	2.397461
1.040000	1.025391	1.440430
1.045000	0.068359	0.253906
1.050000	-0.107422	-0.830078
1.055000	0.429688	-1.308594
1.060000	1.279297	-1.074219
1.065000	1.982422	-0.336914
1.070000	2.202148	0.527344
1.075000	1.850586	1.157227
1.080000	1.088867	1.372070
1.085000	0.175781	1.162109
1.090000	-0.585938	0.058594
1.095000	-0.585938	-2.148438
1.100000	0.820312	-3.437500
1.105000	3.071289	-3.046875
1.110000	5.073242	-1.450195
1.115000	5.595703	0.522461
1.120000	5.458984	2.060547
1.125000	4.101562	2.661133
1.130000	2.348633	2.285156
1.135000	0.839844	1.259766
1.140000	-0.009766	0.078125
1.145000	-0.063477	-0.952148
1.150000	0.551758	-1.313477
1.155000	1.406250	-0.986328
1.160000	2.050781	-0.205078
1.165000	2.182617	0.639648
1.170000	1.757812	1.220703
1.175000	0.947266	1.367188
1.180000	0.039062	1.083984
1.185000	-0.649414	-0.229492
1.190000	-0.468750	-2.456055
1.195000	1.137695	-3.481445
1.200000	3.417969	-2.866211
1.205000	5.297852	-1.157227
1.210000	5.595703	0.800781
1.215000	5.307617	2.216797
1.220000	3.847656	2.661133
1.225000	2.089844	2.163086
1.230000	0.659180	1.079102
1.235000	-0.068359	-0.097656
1.240000	-0.009766	-1.059570
1.245000	0.673828	-1.303711
1.250000	1.533203	-0.893555
1.255000	2.109375	-0.073242
1.260000	2.153320	0.751953
1.265000	1.655273	1.269531
1.270000	0.820312	1.352539
1.275000	-0.083008	0.976562
1.280000	-0.703125	-0.546875
1.285000	-0.317383	-2.714844
1.290000	1.455078	-3.491211
1.295000	3.745117	-2.661133
1.300000	5.493164	-0.864258
1.305000	5.595703	1.059570
1.310000	5.131836	2.348633
1.315000	3.593750	2.641602
1.320000	1.845703	2.031250
1.325000	0.498047	0.908203
1.330000	-0.107422	-0.268555
1.335000	0.063477	-1.142578
1.340000	0.810547	-1.279297
1.345000	1.640625	-0.781250
1.350000	2.153320	0.058594
1.355000	2.114258	0.854492
1.360000	1.542969	1.308594
1.365000	0.678711	1.323242
1.370000	-0.205078	0.839844
1.375000	-0.727539	-0.878906
1.380000	-0.126953	-2.939453
1.385000	1.796875	-3.457031
1.390000	4.057617	-2.431641
1.395000	5.590820	-0.561523
1.400000	5.595703	1.303711
1.405000	4.946289	2.456055
1.410000	3.325195	2.597656
1.415000	1.606445	1.879883
1.420000	0.356445	0.722656
1.425000	-0.131836	-0.434570
1.430000	0.146484	-1.210938
1.435000	0.937500	-1.245117
1.440000	1.743164	-0.664062
1.445000	2.182617	0.190430
1.450000	2.055664	0.947266
1.455000	1.425781	1.342773
1.460000	0.541992	1.293945
1.465000	-0.322266	0.673828
1.470000	-0.732422	-1.235352
1.475000	0.092773	-3.129883
1.480000	2.138672	-3.393555
1.485000	4.360352	-2.187500
1.490000	5.595703	-0.253906
1.495000	5.595703	1.538086
1.500000	4.736328	2.543945
1.505000	3.056641	2.534180
1.510000	1.376953	1.718750
1.515000	0.234375	0.551758
1.520000	-0.136719	-0.595703
1.525000	0.244141	-1.254883
1.530000	1.074219	-1.196289
1.535000	1.850586	-0.546875
1.540000	2.202148	0.317383
1.545000	1.987305	1.035156
1.550000	1.298828	1.357422
1.555000	0.400391	1.250000
1.560000	-0.429688	0.473633
1.565000	-0.703125	-1.582031
1.570000	0.341797	-3.281250
1.575000	2.490234	-3.286133
1.580000	4.643555	-1.918945
1.585000	5.590820	0.043945
1.590000	5.590820	1.748047
1.595000	4.506836	2.602539
1.600000	2.788086	2.460938
1.605000	1.166992	1.552734
1.610000	0.126953	0.371094
1.615000	-0.126953	-0.742188
1.620000	0.351562	-1.293945
1.625000	1.201172	-1.127930
1.630000	1.928711	-0.419922
1.635000	2.202148	0.444336
1.640000	1.909180	1.113281
1.645000	1.176758	1.376953
1.650000	0.268555	1.201172
1.655000	-0.527344	0.234375
1.660000	-0.639648	-1.933594
1.665000	0.625000	-3.388672
1.670000	2.836914	-3.154297
1.675000	4.916992	-1.640625
1.680000	5.595703	0.332031
1.685000	5.551758	1.943359
1.690000	4.272461	2.641602
1.695000	2.519531	2.363281
1.700000	0.961914	1.381836
1.705000	0.039062	0.195312
1.710000	-0.092773	-0.874023
1.715000	0.473633	-1.313477
1.720000	1.323242	-1.044922
1.725000	2.006836	-0.292969
1.730000	2.192383	0.561523
1.735000	1.821289	1.181641
1.740000	1.044922	1.372070
1.745000	0.131836	1.137695
1.750000	-0.610352	-0.034180
1.755000	-0.556641	-2.255859
1.760000	0.927734	-3.461914
1.765000	3.188477	-2.993164
1.770000	5.151367	-1.347656
1.775000	5.595703	0.615234
1.780000	5.410156	2.114258
1.785000	4.018555	2.661133
1.790000	2.265625	2.250977
1.795000	0.776367	1.206055
1.800000	-0.029297	0.019531
1.805000	-0.048828	-0.991211
1.810000	0.595703	-1.313477
1.815000	1.450195	-0.952148
1.820000	2.075195	-0.161133
1.825000	2.177734	0.678711
1.830000	1.723633	1.240234
1.835000	0.908203	1.357422
1.840000	0.000000	1.049805
1.845000	-0.668945	-0.332031
1.850000	-0.419922	-2.543945
1.855000	1.240234	-3.491211
1.860000	3.525391	-2.802734
1.865000	5.366211	-1.059570
1.870000	5.595703	0.888672
1.875000	5.253906	2.260742
1.880000	3.759766	2.651367
1.885000	2.011719	2.114258
1.890000	0.605469	1.025391
1.895000	-0.083008	-0.156250
1.900000	0.009766	-1.083984
1.905000	0.712891	-1.298828
1.910000	1.562500	-0.854492
1.915000	2.124023	-0.029297
1.920000	2.138672	0.786133
1.925000	1.616211	1.279297
1.930000	0.766602	1.342773
1.935000	-0.126953	0.932617
1.940000	-0.712891	-0.664062
1.945000	-0.253906	-2.797852
1.950000	1.572266	-3.481445
1.955000	3.852539	-2.587891
1.960000	5.551758	-0.751953
1.965000	5.595703	1.147461
1.970000	5.068359	2.387695
1.975000	3.496094	2.626953
1.980000	1.757812	1.977539
1.985000	0.449219	0.839844
1.990000	-0.117188	-0.327148
1.995000	0.087891	-1.166992
2.000000	0.849609	-1.264648
2.005000	1.679688	-0.742188
2.010000	2.167969	0.102539
2.015000	2.094727	0.883789
2.020000	1.499023	1.318359
2.025000	0.625000	1.313477
2.030000	-0.249023	0.786133
2.035000	-0.732422	-1.010742
2.040000	-0.053711	-3.017578
2.045000	1.918945	-3.442383
2.050000	4.169922	-2.343750
2.055000	5.590820	-0.449219
2.060000	5.595703	1.391602
2.065000	4.873047	2.490234
2.070000	3.227539	2.573242
2.075000	1.518555	1.821289
2.080000	0.312500	0.664062
2.085000	-0.136719	-0.498047
2.090000	0.180664	-1.235352
2.095000	0.981445	-1.230469
2.100000	1.782227	-0.625000
2.105000	2.192383	0.234375
2.110000	2.031250	0.976562
2.115000	1.381836	1.347656
2.120000	0.488281	1.279297
2.125000	-0.361328	0.605469
2.130000	-0.717773	-1.357422
2.135000	0.180664	-3.188477
2.140000	2.265625	-3.359375
2.145000	4.467773	-2.094727
2.150000	5.590820	-0.151367
2.155000	5.590820	1.611328
2.160000	4.658203	2.563477
2.165000	2.963867	2.509766
2.170000	1.298828	1.665039
2.175000	0.195312	0.483398
2.180000	-0.131836	-0.649414
2.185000	0.278320	-1.269531
2.190000	1.113281	-1.166992
2.195000	1.870117	-0.502930
2.200000	2.202148	0.361328
2.205000	1.958008	1.064453
2.210000	1.250000	1.362305
2.215000	0.351562	1.240234
2.220000	-0.468750	0.390625
2.225000	-0.683594	-1.708984
2.230000	0.449219	-3.325195
2.235000	2.617188	-3.242188
2.240000	4.750977	-1.816406
2.245000	5.590820	0.146484
2.250000	5.585938	1.821289
2.255000	4.418945	2.622070
2.260000	2.690430	2.426758
2.265000	1.088867	1.494141
2.270000	0.092773	0.307617
2.275000	-0.112305	-0.791016
2.280000	0.390625	-1.298828
2.285000	1.245117	-1.093750
2.290000	1.958008	-0.375977
2.295000	2.202148	0.483398
2.300000	1.875000	1.137695
2.305000	1.132812	1.372070
2.310000	0.214844	1.176758
2.315000	-0.556641	0.136719
2.320000	-0.615234	-2.050781
2.325000	0.732422	-3.417969
2.330000	2.968750	-3.100586
2.335000	5.000000	-1.533203
2.340000	5.590820	0.439453
2.345000	5.498047	2.006836
2.350000	4.179688	2.656250
2.355000	2.431641	2.319336
2.360000	0.893555	1.313477
2.365000	0.009766	0.131836
2.370000	-0.083008	-0.917969
2.375000	0.512695	-1.313477
2.380000	1.367188	-1.015625
2.385000	2.031250	-0.244141
2.390000	2.192383	0.605469
2.395000	1.787109	1.201172
2.400000	0.991211	1.367188
2.405000	0.083008	1.108398
2.410000	-0.629883	-0.141602
2.415000	-0.512695	-2.368164
2.420000	1.040039	-3.476562
2.425000	3.315430	-2.919922
2.430000	5.229492	-1.245117
2.435000	5.595703	0.717773
2.440000	5.356445	2.172852
2.445000	3.920898	2.661133
2.450000	2.167969	2.202148
2.455000	0.712891	1.137695
2.460000	-0.053711	-0.043945
2.465000	-0.024414	-1.025391
2.470000	0.634766	-1.308594
2.475000	1.489258	-0.917969
2.480000	2.089844	-0.112305
2.485000	2.163086	0.717773
2.490000	1.679688	1.250000
2.495000	0.854492	1.357422
2.500000	-0.048828	1.005859
2.505000	-0.688477	-0.454102
2.510000	-0.366211	-2.646484
2.515000	1.362305	-3.491211
2.520000	3.657227	-2.724609
2.525000	5.444336	-0.942383
2.530000	5.595703	0.991211
2.535000	5.185547	2.314453
2.540000	3.666992	2.641602
2.545000	1.914062	2.065430
2.550000	0.546875	0.952148
2.555000	-0.097656	-0.224609
2.560000	0.039062	-1.118164
2.565000	0.766602	-1.289062
2.570000	1.611328	-0.810547
2.575000	2.138672	0.019531
2.580000	2.124023	0.820312
2.585000	1.572266	1.298828
2.590000	0.717773	1.333008
2.595000	-0.170898	0.878906
2.600000	-0.722656	-0.786133
2.605000	-0.180664	-2.880859
2.610000	1.694336	-3.471680
2.615000	3.969727	-2.500000
2.620000	5.585938	-0.639648
2.625000	5.595703	1.240234
2.630000	5.000000	2.431641
2.635000	3.403320	2.612305
2.640000	1.669922	1.923828
2.645000	0.395508	0.776367
2.650000	-0.126953	-0.390625
2.655000	0.122070	-1.196289
2.660000	0.898438	-1.254883
2.665000	1.718750	-0.698242
2.670000	2.172852	0.151367
2.675000	2.065430	0.922852
2.680000	1.455078	1.333008
2.685000	0.576172	1.303711
2.690000	-0.288086	0.722656
2.695000	-0.727539	-1.137695
2.700000	0.024414	-3.085938
2.705000	2.045898	-3.413086
2.710000	4.282227	-2.255859
2.715000	5.590820	-0.336914
2.720000	5.595703	1.474609
2.725000	4.794922	2.514648
2.730000	3.129883	2.558594
2.735000	1.435547	1.762695
2.740000	0.268555	0.595703
2.745000	-0.136719	-0.551758
2.750000	0.214844	-1.250000
2.755000	1.030273	-1.206055
2.760000	1.816406	-0.576172
2.765000	2.192383	0.283203
2.770000	2.006836	1.010742
2.775000	1.333008	1.352539
2.780000	0.439453	1.259766
2.785000	-0.400391	0.532227
2.790000	-0.708008	-1.489258
2.795000	0.273438	-3.242188
2.800000	2.402344	-3.315430
2.805000	4.575195	-1.992188
2.810000	5.595703	-0.039062
2.815000	5.595703	1.699219
2.820000	4.570312	2.592773
2.825000	2.861328	2.480469
2.830000	1.225586	1.596680
2.835000	0.151367	0.419922
2.840000	-0.131836	-0.703125
2.845000	0.322266	-1.284180
2.850000	1.171875	-1.147461
2.855000	1.909180	-0.454102
2.860000	2.207031	0.410156
2.865000	1.928711	1.093750
2.870000	1.215820	1.367188
2.875000	0.302734	1.215820
2.880000	-0.502930	0.302734
2.885000	-0.659180	-1.835938
2.890000	0.546875	-3.364258
2.895000	2.744141	-3.198242
2.900000	4.848633	-1.713867
2.905000	5.595703	0.258789
2.910000	5.576172	1.889648
2.915000	4.335938	2.636719
2.920000	2.592773	2.387695
2.925000	1.015625	1.425781
2.930000	0.058594	0.239258
2.935000	-0.102539	-0.839844
2.940000	0.434570	-1.308594
2.945000	1.284180	-1.064453
2.950000	1.987305	-0.327148
2.955000	2.197266	0.532227
2.960000	1.845703	1.162109
2.965000	1.079102	1.372070
2.970000	0.161133	1.157227
2.975000	-0.590820	0.039062
2.980000	-0.576172	-2.172852
2.985000	0.844727	-3.442383
2.990000	3.095703	-3.037109
2.995000	5.087891	-1.425781
3.000000	5.595703	0.546875
3.005000	5.449219	2.070312
3.010000	4.086914	2.656250
3.015000	2.329102	2.275391
3.020000	0.820312	1.250000
3.025000	-0.014648	0.063477
3.030000	-0.063477	-0.961914
3.035000	0.556641	-1.313477
3.040000	1.416016	-0.976562
3.045000	2.050781	-0.195312
3.050000	2.177734	0.649414
3.055000	1.748047	1.225586
3.060000	0.942383	1.362305
3.065000	0.034180	1.074219
3.070000	-0.649414	-0.258789
3.075000	-0.458984	-2.475586
3.080000	1.162109	-3.486328
3.085000	3.437500	-2.851562
3.090000	5.312500	-1.137695
3.095000	5.595703	0.820312
3.100000	5.297852	2.226562
3.105000	3.828125	2.656250
3.110000	2.075195	2.153320
3.115000	0.644531	1.069336
3.120000	-0.073242	-0.112305
3.125000	-0.004883	-1.064453
3.130000	0.688477	-1.303711
3.135000	1.538086	-0.878906
3.140000	2.109375	-0.058594
3.145000	2.148438	0.761719
3.150000	1.645508	1.269531
3.155000	0.805664	1.352539
3.160000	-0.092773	0.961914
3.165000	-0.703125	-0.576172
3.170000	-0.302734	-2.739258
3.175000	1.479492	-3.486328
3.180000	3.769531	-2.641602
3.185000	5.507812	-0.830078
3.190000	5.595703	1.083984
3.195000	5.117188	2.358398
3.200000	3.569336	2.636719
3.205000	1.826172	2.016602
3.210000	0.493164	0.893555
3.215000	-0.112305	-0.283203
3.220000	0.068359	-1.147461
3.225000	0.815430	-1.269531
3.230000	1.645508	-0.766602
3.235000	2.153320	0.073242
3.240000	2.099609	0.859375
3.245000	1.533203	1.308594
3.250000	0.664062	1.323242
3.255000	-0.219727	0.825195
3.260000	-0.727539	-0.917969
3.265000	-0.102539	-2.963867
3.270000	1.831055	-3.452148
3.275000	4.086914	-2.407227
3.280000	5.590820	-0.527344
3.285000	5.595703	1.333008
3.290000	4.926758	2.470703
3.295000	3.295898	2.597656
3.300000	1.577148	1.865234
3.305000	0.346680	0.708008
3.310000	-0.131836	-0.449219
3.315000	0.156250	-1.220703
3.320000	0.947266	-1.245117
3.325000	1.752930	-0.654297
3.330000	2.182617	0.200195
3.335000	2.045898	0.957031
3.340000	1.411133	1.342773
3.345000	0.522461	1.289062
3.350000	-0.332031	0.659180
3.355000	-0.732422	-1.264648
3.360000	0.117188	-3.149414
3.365000	2.177734	-3.378906
3.370000	4.389648	-2.158203
3.375000	5.590820	-0.224609
3.380000	5.595703	1.562500
3.385000	4.711914	2.553711
3.390000	3.027344	2.529297
3.395000	1.352539	1.704102
3.400000	0.219727	0.527344
3.405000	-0.136719	-0.610352
3.410000	0.258789	-1.259766
3.415000	1.083984	-1.186523
3.420000	1.855469	-0.532227
3.425000	2.202148	0.327148
3.430000	1.977539	1.044922
3.435000	1.289062	1.357422
3.440000	0.385742	1.245117
3.445000	-0.439453	0.449219
3.450000	-0.698242	-1.621094
3.455000	0.375977	-3.295898
3.460000	2.524414	-3.276367
3.465000	4.672852	-1.889648
3.470000	5.595703	0.073242
3.475000	5.590820	1.772461
3.480000	4.487305	2.612305
3.485000	2.758789	2.451172
3.490000	1.147461	1.538086
3.495000	0.117188	0.351562
3.500000	-0.126953	-0.756836
3.505000	0.361328	-1.293945
3.510000	1.215820	-1.113281
3.515000	1.938477	-0.405273
3.520000	2.202148	0.454102
3.525000	1.894531	1.118164
3.530000	1.162109	1.372070
3.535000	0.249023	1.196289
3.540000	-0.537109	0.205078
3.545000	-0.634766	-1.967773
3.550000	0.659180	-3.403320
3.555000	2.875977	-3.139648
3.560000	4.946289	-1.606445
3.565000	5.595703	0.366211
3.570000	5.537109	1.967773
3.575000	4.243164	2.641602
3.580000	2.495117	2.348633
3.585000	0.942383	1.357422
3.590000	0.029297	0.175781
3.595000	-0.092773	-0.888672
3.600000	0.483398	-1.313477
3.605000	1.337891	-1.030273
3.610000	2.016602	-0.273438
3.615000	2.192383	0.576172
3.620000	1.806641	1.186523
3.625000	1.025391	1.372070
3.630000	0.117188	1.127930
3.635000	-0.615234	-0.063477
3.640000	-0.537109	-2.294922
3.645000	0.961914	-3.461914
3.650000	3.227539	-2.968750
3.655000	5.170898	-1.308594
3.660000	5.595703	0.649414
3.665000	5.390625	2.133789
3.670000	3.989258	2.661133
3.675000	2.231445	2.231445
3.680000	0.751953	1.186523
3.685000	-0.039062	0.000000
3.690000	-0.043945	-1.005859
3.695000	0.605469	-1.313477
3.700000	1.464844	-0.937500
3.705000	2.080078	-0.146484
3.710000	2.172852	0.693359
3.715000	1.708984	1.240234
3.720000	0.888672	1.357422
3.725000	-0.014648	1.035156
3.730000	-0.673828	-0.371094
3.735000	-0.405273	-2.578125
3.740000	1.274414	-3.491211
3.745000	3.564453	-2.773438
3.750000	5.390625	-1.020508
3.755000	5.595703	0.922852
3.760000	5.229492	2.275391
3.765000	3.730469	2.651367
3.770000	1.977539	2.104492
3.775000	0.585938	1.000977
3.780000	-0.087891	-0.175781
3.785000	0.024414	-1.098633
3.790000	0.732422	-1.293945
3.795000	1.572266	-0.839844
3.800000	2.124023	-0.014648
3.805000	2.128906	0.795898
3.810000	1.601562	1.289062
3.815000	0.751953	1.337891
3.820000	-0.146484	0.917969
3.825000	-0.712891	-0.703125
3.830000	-0.229492	-2.827148
3.835000	1.611328	-3.481445
3.840000	3.891602	-2.558594
3.845000	5.566406	-0.717773
3.850000	5.595703	1.181641
3.855000	5.043945	2.402344
3.860000	3.466797	2.622070
3.865000	1.728516	1.958008
3.870000	0.434570	0.820312
3.875000	-0.126953	-0.351562
3.880000	0.102539	-1.181641
3.885000	0.869141	-1.259766
3.890000	1.694336	-0.727539
3.895000	2.167969	0.117188
3.900000	2.089844	0.903320
3.905000	1.494141	1.323242
3.910000	0.610352	1.313477
3.915000	-0.263672	0.766602
3.920000	-0.727539	-1.049805
3.925000	-0.024414	-3.037109
3.930000	1.958008	-3.432617
3.935000	4.208984	-2.319336
3.940000	5.590820	-0.419922
3.945000	5.595703	1.416016
3.950000	4.848633	2.500000
3.955000	3.198242	2.568359
3.960000	1.494141	1.801758
3.965000	0.297852	0.639648
3.970000	-0.136719	-0.512695
3.975000	0.190430	-1.240234
3.980000	1.000977	-1.225586
3.985000	1.791992	-0.610352
3.990000	2.187500	0.253906
3.995000	2.021484	0.986328
4.000000	1.367188	1.357422
4.005000	0.473633	1.274414
4.010000	-0.375977	0.581055
4.015000	-0.717773	-1.401367
4.020000	0.214844	-3.208008
4.025000	2.314453	-3.349609
4.030000	4.506836	-2.060547
4.035000	5.595703	-0.107422
4.040000	5.595703	1.645508
4.045000	4.628906	2.573242
4.050000	2.929688	2.500000
4.055000	1.269531	1.640625
4.060000	0.180664	0.463867
4.065000	-0.131836	-0.664062
4.070000	0.292969	-1.279297
4.075000	1.132812	-1.162109
4.080000	1.884766	-0.488281
4.085000	2.202148	0.380859
4.090000	1.948242	1.069336
4.095000	1.240234	1.367188
4.100000	0.332031	1.230469
4.105000	-0.478516	0.366211
4.110000	-0.673828	-1.752930
4.115000	0.478516	-3.339844
4.120000	2.656250	-3.227539
4.125000	4.780273	-1.782227
4.130000	5.590820	0.180664
4.135000	5.585938	1.845703
4.140000	4.394531	2.631836
4.145000	2.656250	2.416992
4.150000	1.064453	1.469727
4.155000	0.083008	0.288086
4.160000	-0.112305	-0.810547
4.165000	0.410156	-1.303711
4.170000	1.259766	-1.088867
4.175000	1.967773	-0.356445
4.180000	2.202148	0.502930
4.185000	1.865234	1.147461
4.190000	1.113281	1.376953
4.195000	0.200195	1.171875
4.200000	-0.571289	0.107422
4.205000	-0.605469	-2.089844
4.210000	0.766602	-3.427734
4.215000	3.007812	-3.081055
4.220000	5.029297	-1.503906
4.225000	5.595703	0.473633
4.230000	5.488281	2.026367
4.235000	4.150391	2.656250
4.240000	2.402344	2.309570
4.245000	0.874023	1.293945
4.250000	0.004883	0.107422
4.255000	-0.073242	-0.932617
4.260000	0.532227	-1.313477
4.265000	1.381836	-1.000977
4.270000	2.036133	-0.229492
4.275000	2.182617	0.620117
4.280000	1.772461	1.210938
4.285000	0.971680	1.367188
4.290000	0.068359	1.093750
4.295000	-0.634766	-0.175781
4.300000	-0.488281	-2.402344
4.305000	1.079102	-3.476562
4.310000	3.359375	-2.905273
4.315000	5.263672	-1.210938
4.320000	5.595703	0.747070
4.325000	5.336914	2.192383
4.330000	3.891602	2.661133
4.335000	2.138672	2.182617
4.340000	0.688477	1.113281
4.345000	-0.058594	-0.068359
4.350000	-0.019531	-1.040039
4.355000	0.654297	-1.308594
4.360000	1.508789	-0.908203
4.365000	2.104492	-0.097656
4.370000	2.163086	0.732422
4.375000	1.674805	1.259766
4.380000	0.839844	1.357422
4.385000	-0.063477	0.996094
4.390000	-0.693359	-0.488281
4.395000	-0.346680	-2.675781
4.400000	1.396484	-3.491211
4.405000	3.691406	-2.700195
4.410000	5.463867	-0.913086
4.415000	5.595703	1.020508
4.420000	5.166016	2.324219
4.425000	3.637695	2.646484
4.430000	1.884766	2.050781
4.435000	0.532227	0.937500
4.440000	-0.102539	-0.239258
4.445000	0.048828	-1.127930
4.450000	0.781250	-1.284180
4.455000	1.621094	-0.800781
4.460000	2.148438	0.034180
4.465000	2.119141	0.834961
4.470000	1.562500	1.303711
4.475000	0.703125	1.328125
4.480000	-0.180664	0.864258
4.485000	-0.727539	-0.820312
4.490000	-0.161133	-2.905273
4.495000	1.733398	-3.466797
4.500000	4.003906	-2.470703
4.505000	5.585938	-0.610352
4.510000	5.595703	1.264648
4.515000	4.980469	2.441406
4.520000	3.374023	2.607422
4.525000	1.645508	1.899414
4.530000	0.380859	0.751953
4.535000	-0.126953	-0.405273
4.540000	0.131836	-1.206055
4.545000	0.913086	-1.250000
4.550000	1.728516	-0.688477
4.555000	2.177734	0.166016
4.560000	2.065430	0.932617
4.565000	1.450195	1.333008
4.570000	0.561523	1.298828
4.575000	-0.297852	0.703125
4.580000	-0.732422	-1.176758
4.585000	0.053711	-3.105469
4.590000	2.080078	-3.408203
4.595000	4.311523	-2.231445
4.600000	5.595703	-0.312500
4.605000	5.590820	1.499023
4.610000	4.775391	2.529297
4.615000	3.105469	2.548828
4.620000	1.416016	1.748047
4.625000	0.253906	0.581055
4.630000	-0.136719	-0.571289
4.635000	0.229492	-1.254883
4.640000	1.049805	-1.201172
4.645000	1.826172	-0.571289
4.650000	2.202148	0.292969
4.655000	2.001953	1.015625
4.660000	1.323242	1.352539
4.665000	0.429688	1.259766
4.670000	-0.410156	0.512695
4.675000	-0.708008	-1.523438
4.680000	0.297852	-3.256836
4.685000	2.436523	-3.310547
4.690000	4.604492	-1.962891
4.695000	5.595703	-0.009766
4.700000	5.590820	1.713867
4.705000	4.550781	2.592773
4.710000	2.836914	2.475586
4.715000	1.201172	1.582031
4.720000	0.141602	0.400391
4.725000	-0.126953	-0.722656
4.730000	0.332031	-1.293945
4.735000	1.181641	-1.137695
4.740000	1.918945	-0.444336
4.745000	2.211914	0.424805
4.750000	1.928711	1.103516
4.755000	1.206055	1.372070
4.760000	0.292969	1.215820
4.765000	-0.507812	0.288086
4.770000	-0.659180	-1.865234
4.775000	0.571289	-3.369141
4.780000	2.773438	-3.183594
4.785000	4.863281	-1.694336
4.790000	5.595703	0.278320
4.795000	5.571289	1.909180
4.800000	4.316406	2.641602
4.805000	2.568359	2.382812
4.810000	1.000977	1.411133
4.815000	0.053711	0.229492
4.820000	-0.102539	-0.854492
4.825000	0.449219	-1.313477
4.830000	1.298828	-1.059570
4.835000	1.992188	-0.317383
4.840000	2.202148	0.541992
4.845000	1.835938	1.166992
4.850000	1.069336	1.376953
4.855000	0.156250	1.152344
4.860000	-0.595703	0.019531
4.865000	-0.571289	-2.192383
4.870000	0.864258	-3.452148
4.875000	3.120117	-3.027344
4.880000	5.107422	-1.406250
4.885000	5.595703	0.566406
4.890000	5.439453	2.080078
4.895000	4.067383	2.656250
4.900000	2.314453	2.270508
4.905000	0.810547	1.235352
4.910000	-0.019531	0.048828
4.915000	-0.058594	-0.971680
4.920000	0.566406	-1.318359
4.925000	1.425781	-0.971680
4.930000	2.065430	-0.190430
4.935000	2.182617	0.654297
4.940000	1.743164	1.235352
4.945000	0.937500	1.367188
4.950000	0.024414	1.069336
4.955000	-0.659180	-0.268555
4.960000	-0.449219	-2.490234
4.965000	1.176758	-3.486328
4.970000	3.457031	-2.841797
4.975000	5.322266	-1.118164
4.980000	5.595703	0.834961
4.985000	5.283203	2.236328
4.990000	3.813477	2.656250
4.995000	2.060547	2.148438
5.000000	0.634766	1.059570
5.005000	-0.073242	-0.117188
5.010000	0.000000	-1.069336
5.015000	0.693359	-1.303711
5.020000	1.542969	-0.874023
5.025000	2.119141	-0.053711
5.030000	2.148438	0.761719
5.035000	1.640625	1.274414
5.040000	0.795898	1.347656
5.045000	-0.097656	0.961914
5.050000	-0.703125	-0.590820
5.055000	-0.292969	-2.749023
5.060000	1.499023	-3.486328
5.065000	3.784180	-2.631836
5.070000	5.517578	-0.820312
5.075000	5.595703	1.093750
5.080000	5.107422	2.363281
5.085000	3.559570	2.636719
5.090000	1.816406	2.006836
5.095000	0.483398	0.883789
5.100000	-0.112305	-0.292969
5.105000	0.068359	-1.152344
5.110000	0.820312	-1.279297
5.115000	1.655273	-0.766602
5.120000	2.158203	0.078125
5.125000	2.099609	0.864258
5.130000	1.528320	1.313477
5.135000	0.659180	1.318359
5.140000	-0.224609	0.825195
5.145000	-0.727539	-0.932617
5.150000	-0.097656	-2.973633
5.155000	1.845703	-3.447266
5.160000	4.101562	-2.402344
5.165000	5.590820	-0.512695
5.170000	5.595703	1.337891
5.175000	4.916992	2.475586
5.180000	3.295898	2.592773
5.185000	1.572266	1.855469
5.190000	0.341797	0.703125
5.195000	-0.131836	-0.458984
5.200000	0.161133	-1.220703
5.205000	0.957031	-1.235352
5.210000	1.757812	-0.649414
5.215000	2.182617	0.205078
5.220000	2.045898	0.957031
5.225000	1.406250	1.342773
5.230000	0.517578	1.284180
5.235000	-0.336914	0.649414
5.240000	-0.727539	-1.279297
5.245000	0.126953	-3.154297
5.250000	2.192383	-3.374023
5.255000	4.404297	-2.153320
5.260000	5.595703	-0.214844
5.265000	5.595703	1.567383
5.270000	4.707031	2.548828
5.275000	3.017578	2.524414
5.280000	1.342773	1.694336
5.285000	0.219727	0.527344
5.290000	-0.136719	-0.620117
5.295000	0.258789	-1.264648
5.300000	1.088867	-1.186523
5.305000	1.855469	-0.527344
5.310000	2.202148	0.336914
5.315000	1.977539	1.049805
5.320000	1.279297	1.362305
5.325000	0.385742	1.240234
5.330000	-0.444336	0.439453
5.335000	-0.693359	-1.635742
5.340000	0.380859	-3.295898
5.345000	2.534180	-3.271484
5.350000	4.682617	-1.879883
5.355000	5.595703	0.083008
5.360000	5.590820	1.777344
5.365000	4.477539	2.612305
5.370000	2.753906	2.446289
5.375000	1.137695	1.528320
5.380000	0.112305	0.346680
5.385000	-0.122070	-0.761719
5.390000	0.366211	-1.293945
5.395000	1.220703	-1.113281
5.400000	1.938477	-0.405273
5.405000	2.202148	0.458984
5.410000	1.894531	1.123047
5.415000	1.157227	1.372070
5.420000	0.244141	1.196289
5.425000	-0.541992	0.200195
5.430000	-0.629883	-1.977539
5.435000	0.659180	-3.408203
5.440000	2.890625	-3.134766
5.445000	4.946289	-1.601562
5.450000	5.595703	0.375977
5.455000	5.532227	1.967773
5.460000	4.238281	2.646484
5.465000	2.485352	2.348633
5.470000	0.937500	1.352539
5.475000	0.024414	0.170898
5.480000	-0.087891	-0.893555
5.485000	0.488281	-1.313477
5.490000	1.347656	-1.035156
5.495000	2.016602	-0.273438
5.500000	2.192383	0.581055
5.505000	1.806641	1.191406
5.510000	1.025391	1.372070
5.515000	0.112305	1.127930
5.520000	-0.615234	-0.073242
5.525000	-0.537109	-2.294922
5.530000	0.966797	-3.461914
5.535000	3.227539	-2.968750
5.540000	5.180664	-1.308594
5.545000	5.595703	0.654297
5.550000	5.390625	2.133789
5.555000	3.984375	2.661133
5.560000	2.226562	2.231445
5.565000	0.751953	1.181641
5.570000	-0.039062	-0.004883
5.575000	-0.039062	-1.000977
5.580000	0.610352	-1.313477
5.585000	1.459961	-0.937500
5.590000	2.080078	-0.141602
5.595000	2.172852	0.688477
5.600000	1.708984	1.240234
5.605000	0.888672	1.357422
5.610000	-0.019531	1.030273
5.615000	-0.673828	-0.380859
5.620000	-0.405273	-2.583008
5.625000	1.284180	-3.491211
5.630000	3.574219	-2.773438
5.635000	5.395508	-1.015625
5.640000	5.590820	0.927734
5.645000	5.224609	2.280273
5.650000	3.725586	2.651367
5.655000	1.972656	2.099609
5.660000	0.581055	0.996094
5.665000	-0.092773	-0.180664
5.670000	0.019531	-1.103516
5.675000	0.737305	-1.293945
5.680000	1.582031	-0.834961
5.685000	2.128906	-0.009766
5.690000	2.128906	0.800781
5.695000	1.596680	1.289062
5.700000	0.747070	1.337891
5.705000	-0.141602	0.913086
5.710000	-0.712891	-0.708008
5.715000	-0.224609	-2.832031
5.720000	1.621094	-3.481445
5.725000	3.896484	-2.553711
5.730000	5.571289	-0.712891
5.735000	5.595703	1.186523
5.740000	5.039062	2.407227
5.745000	3.461914	2.622070
5.750000	1.728516	1.958008
5.755000	0.434570	0.820312
5.760000	-0.126953	-0.351562
5.765000	0.097656	-1.181641
5.770000	0.869141	-1.254883
5.775000	1.694336	-0.727539
5.780000	2.172852	0.122070
5.785000	2.084961	0.903320
5.790000	1.489258	1.323242
5.795000	0.610352	1.313477
5.800000	-0.263672	0.761719
5.805000	-0.732422	-1.054688
5.810000	-0.024414	-3.037109
5.815000	1.962891	-3.432617
5.820000	4.208984	-2.314453
5.825000	5.590820	-0.405273
5.830000	5.595703	1.420898
5.835000	4.848633	2.500000
5.840000	3.193359	2.563477
5.845000	1.499023	1.801758
5.850000	0.297852	0.639648
5.855000	-0.136719	-0.512695
5.860000	0.195312	-1.240234
5.865000	1.000977	-1.220703
5.870000	1.791992	-0.610352
5.875000	2.192383	0.253906
5.880000	2.016602	0.991211
5.885000	1.362305	1.352539
5.890000	0.468750	1.274414
5.895000	-0.375977	0.581055
5.900000	-0.717773	-1.401367
5.905000	0.214844	-3.212891
5.910000	2.314453	-3.344727
5.915000	4.501953	-2.055664
5.920000	5.595703	-0.107422
5.925000	5.595703	1.645508
5.930000	4.628906	2.573242
5.935000	2.919922	2.495117
5.940000	1.269531	1.640625
5.945000	0.180664	0.463867
5.950000	-0.131836	-0.673828
5.955000	0.292969	-1.279297
5.960000	1.132812	-1.162109
5.965000	1.889648	-0.483398
5.970000	2.207031	0.375977
5.975000	1.948242	1.074219
5.980000	1.240234	1.362305
5.985000	0.332031	1.235352
5.990000	-0.478516	0.356445
5.995000	-0.673828	-1.757812
6.000000	0.478516	-3.339844
6.005000	2.661133	-3.227539
6.010000	4.785156	-1.782227
6.015000	5.595703	0.185547
6.020000	5.585938	1.850586
6.025000	4.389648	2.626953
6.030000	2.651367	2.416992
6.035000	1.064453	1.464844
6.040000	0.083008	0.283203
6.045000	-0.112305	-0.810547
6.050000	0.410156	-1.303711
6.055000	1.259766	-1.088867
6.060000	1.967773	-0.356445
6.065000	2.202148	0.498047
6.070000	1.870117	1.147461
6.075000	1.113281	1.372070
6.080000	0.200195	1.171875
6.085000	-0.566406	0.107422
6.090000	-0.605469	-2.094727
6.095000	0.771484	-3.427734
6.100000	3.012695	-3.081055
6.105000	5.029297	-1.499023
6.110000	5.590820	0.473633
6.115000	5.483398	2.031250
6.120000	4.145508	2.656250
6.125000	2.397461	2.309570
6.130000	0.869141	1.289062
6.135000	0.000000	0.107422
6.140000	-0.073242	-0.932617
6.145000	0.532227	-1.313477
6.150000	1.386719	-1.000977
6.155000	2.041016	-0.224609
6.160000	2.182617	0.620117
6.165000	1.772461	1.210938
6.170000	0.976562	1.367188
6.175000	0.063477	1.093750
6.180000	-0.634766	-0.180664
6.185000	-0.493164	-2.407227
6.190000	1.088867	-3.476562
6.195000	3.359375	-2.895508
6.200000	5.263672	-1.206055
6.205000	5.595703	0.751953
6.210000	5.332031	2.187500
6.215000	3.891602	2.661133
6.220000	2.133789	2.182617
6.225000	0.688477	1.113281
6.230000	-0.063477	-0.068359
6.235000	-0.014648	-1.040039
6.240000	0.654297	-1.308594
6.245000	1.508789	-0.903320
6.250000	2.099609	-0.092773
6.255000	2.163086	0.732422
6.260000	1.669922	1.259766
6.265000	0.839844	1.352539
6.270000	-0.063477	0.996094
6.275000	-0.693359	-0.498047
6.280000	-0.341797	-2.675781
6.285000	1.401367	-3.491211
6.290000	3.691406	-2.695312
6.295000	5.463867	-0.908203
6.300000	5.590820	1.020508
6.305000	5.166016	2.329102
6.310000	3.632812	2.646484
6.315000	1.879883	2.050781
6.320000	0.527344	0.932617
6.325000	-0.102539	-0.244141
6.330000	0.048828	-1.127930
6.335000	0.786133	-1.284180
6.340000	1.625977	-0.800781
6.345000	2.148438	0.034180
6.350000	2.114258	0.834961
6.355000	1.562500	1.303711
6.360000	0.698242	1.328125
6.365000	-0.190430	0.864258
6.370000	-0.727539	-0.830078
6.375000	-0.161133	-2.910156
6.380000	1.738281	-3.461914
6.385000	4.008789	-2.470703
6.390000	5.585938	-0.600586
6.395000	5.595703	1.269531
6.400000	4.975586	2.446289
6.405000	3.364258	2.602539
6.410000	1.640625	1.904297
6.415000	0.380859	0.751953
6.420000	-0.126953	-0.410156
6.425000	0.136719	-1.206055
6.430000	0.917969	-1.250000
6.435000	1.728516	-0.688477
6.440000	2.172852	0.166016
6.445000	2.065430	0.932617
6.450000	1.440430	1.333008
6.455000	0.556641	1.298828
6.460000	-0.307617	0.703125
6.465000	-0.727539	-1.181641
6.470000	0.058594	-3.110352
6.475000	2.089844	-3.403320
6.480000	4.316406	-2.221680
6.485000	5.590820	-0.302734
6.490000	5.595703	1.503906
6.495000	4.770508	2.529297
6.500000	3.095703	2.548828
6.505000	1.406250	1.743164
6.510000	0.253906	0.576172
6.515000	-0.136719	-0.571289
6.520000	0.229492	-1.254883
6.525000	1.049805	-1.201172
6.530000	1.831055	-0.566406
6.535000	2.202148	0.297852
6.540000	1.997070	1.020508
6.545000	1.318359	1.357422
6.550000	0.419922	1.254883
6.555000	-0.410156	0.507812
6.560000	-0.703125	-1.528320
6.565000	0.307617	-3.261719
6.570000	2.441406	-3.300781
6.575000	4.609375	-1.958008
6.580000	5.595703	-0.004883
6.585000	5.590820	1.723633
6.590000	4.541016	2.597656
6.595000	2.827148	2.475586
6.600000	1.196289	1.577148
6.605000	0.141602	0.395508
6.610000	-0.126953	-0.717773
6.615000	0.336914	-1.289062
6.620000	1.181641	-1.137695
6.625000	1.918945	-0.444336
6.630000	2.202148	0.424805
6.635000	1.923828	1.103516
6.640000	1.201172	1.372070
6.645000	0.283203	1.210938
6.650000	-0.512695	0.278320
6.655000	-0.654297	-1.879883
6.660000	0.581055	-3.374023
6.665000	2.788086	-3.178711
6.670000	4.873047	-1.684570
6.675000	5.595703	0.292969
6.680000	5.566406	1.914062
6.685000	4.306641	2.641602
6.690000	2.563477	2.377930
6.695000	0.991211	1.406250
6.700000	0.048828	0.219727
6.705000	-0.102539	-0.854492
6.710000	0.454102	-1.308594
6.715000	1.303711	-1.059570
6.720000	1.992188	-0.312500
6.725000	2.197266	0.541992
6.730000	1.831055	1.171875
6.735000	1.064453	1.372070
6.740000	0.146484	1.147461
6.745000	-0.600586	0.004883
6.750000	-0.566406	-2.211914
6.755000	0.878906	-3.452148
6.760000	3.139648	-3.017578
6.765000	5.112305	-1.391602
6.770000	5.595703	0.576172
6.775000	5.434570	2.089844
6.780000	4.052734	2.661133
6.785000	2.299805	2.265625
6.790000	0.795898	1.230469
6.795000	-0.024414	0.043945
6.800000	-0.053711	-0.971680
6.805000	0.576172	-1.313477
6.810000	1.430664	-0.966797
6.815000	2.060547	-0.175781
6.820000	2.177734	0.659180
6.825000	1.738281	1.235352
6.830000	0.932617	1.362305
6.835000	0.019531	1.059570
6.840000	-0.664062	-0.288086
6.845000	-0.439453	-2.504883
6.850000	1.196289	-3.486328
6.855000	3.476562	-2.832031
6.860000	5.332031	-1.103516
6.865000	5.595703	0.849609
6.870000	5.278320	2.241211
6.875000	3.798828	2.656250
6.880000	2.045898	2.138672
6.885000	0.629883	1.054688
6.890000	-0.078125	-0.131836
6.895000	0.000000	-1.069336
6.900000	0.698242	-1.293945
6.905000	1.547852	-0.869141
6.910000	2.114258	-0.048828
6.915000	2.143555	0.771484
6.920000	1.635742	1.274414
6.925000	0.786133	1.342773
6.930000	-0.107422	0.947266
6.935000	-0.708008	-0.615234
6.940000	-0.283203	-2.763672
6.945000	1.518555	-3.481445
6.950000	3.803711	-2.622070
6.955000	5.527344	-0.800781
6.960000	5.595703	1.113281
6.965000	5.097656	2.377930
6.970000	3.535156	2.636719
6.975000	1.801758	1.997070
6.980000	0.473633	0.864258
6.985000	-0.112305	-0.302734
6.990000	0.078125	-1.157227
6.995000	0.834961	-1.269531
7.000000	1.660156	-0.756836
7.005000	2.163086	0.083008
7.010000	2.099609	0.874023
7.015000	1.518555	1.313477
7.020000	0.649414	1.318359
7.025000	-0.229492	0.810547
7.030000	-0.732422	-0.952148
7.035000	-0.083008	-2.988281
7.040000	1.865234	-3.447266
7.045000	4.121094	-2.387695
7.050000	5.590820	-0.498047
7.055000	5.595703	1.357422
7.060000	4.907227	2.480469
7.065000	3.271484	2.587891
7.070000	1.557617	1.845703
7.075000	0.332031	0.688477
7.080000	-0.131836	-0.468750
7.085000	0.166016	-1.225586
7.090000	0.961914	-1.240234
7.095000	1.767578	-0.644531
7.100000	2.187500	0.214844
7.105000	2.041016	0.966797
7.110000	1.401367	1.347656
7.115000	0.512695	1.284180
7.120000	-0.341797	0.634766
7.125000	-0.727539	-1.303711
7.130000	0.141602	-3.164062
7.135000	2.211914	-3.378906
7.140000	4.418945	-2.133789
7.145000	5.595703	-0.195312
7.150000	5.600586	1.582031
7.155000	4.692383	2.553711
7.160000	3.002930	2.519531
7.165000	1.328125	1.684570
7.170000	0.209961	0.512695
7.175000	-0.136719	-0.625000
7.180000	0.268555	-1.264648
7.185000	1.093750	-1.181641
7.190000	1.860352	-0.522461
7.195000	2.202148	0.341797
7.200000	1.972656	1.049805
7.205000	1.279297	1.362305
7.210000	0.375977	1.240234
7.215000	-0.454102	0.429688
7.220000	-0.693359	-1.660156
7.225000	0.400391	-3.305664
7.230000	2.558594	-3.266602
7.235000	4.702148	-1.860352
7.240000	5.595703	0.102539
7.245000	5.590820	1.787109
7.250000	4.462891	2.612305
7.255000	2.734375	2.441406
7.260000	1.123047	1.518555
7.265000	0.107422	0.332031
7.270000	-0.122070	-0.766602
7.275000	0.375977	-1.298828
7.280000	1.230469	-1.108398
7.285000	1.948242	-0.395508
7.290000	2.202148	0.463867
7.295000	1.889648	1.127930
7.300000	1.152344	1.372070
7.305000	0.234375	1.196289
7.310000	-0.541992	0.185547
7.315000	-0.625000	-1.997070
7.320000	0.683594	-3.408203
7.325000	2.910156	-3.120117
7.330000	4.965820	-1.582031
7.335000	5.590820	0.390625
7.340000	5.527344	1.982422
7.345000	4.218750	2.646484
7.350000	2.465820	2.338867
7.355000	0.922852	1.342773
7.360000	0.024414	0.156250
7.365000	-0.087891	-0.903320
7.370000	0.493164	-1.313477
7.375000	1.352539	-1.030273
7.380000	2.021484	-0.268555
7.385000	2.197266	0.590820
7.390000	1.801758	1.196289
7.395000	1.020508	1.372070
7.400000	0.107422	1.118164
7.405000	-0.620117	-0.087891
7.410000	-0.532227	-2.314453
7.415000	0.981445	-3.466797
7.420000	3.256836	-2.958984
7.425000	5.195312	-1.289062
7.430000	5.595703	0.668945
7.435000	5.380859	2.148438
7.440000	3.969727	2.661133
7.445000	2.211914	2.221680
7.450000	0.742188	1.166992
7.455000	-0.039062	-0.014648
7.460000	-0.039062	-1.010742
7.465000	0.615234	-1.313477
7.470000	1.469727	-0.932617
7.475000	2.084961	-0.136719
7.480000	2.167969	0.698242
7.485000	1.704102	1.245117
7.490000	0.883789	1.357422
7.495000	-0.024414	1.030273
7.500000	-0.678711	-0.395508
7.505000	-0.390625	-2.602539
7.510000	1.298828	-3.491211
7.515000	3.593750	-2.758789
7.520000	5.405273	-0.996094
7.525000	5.595703	0.937500
7.530000	5.214844	2.290039
7.535000	3.715820	2.651367
7.540000	1.958008	2.089844
7.545000	0.571289	0.991211
7.550000	-0.092773	-0.190430
7.555000	0.029297	-1.108398
7.560000	0.747070	-1.293945
7.565000	1.586914	-0.830078
7.570000	2.128906	-0.004883
7.575000	2.128906	0.805664
7.580000	1.591797	1.293945
7.585000	0.742188	1.337891
7.590000	-0.151367	0.908203
7.595000	-0.717773	-0.722656
7.600000	-0.214844	-2.846680
7.605000	1.640625	-3.476562
7.610000	3.916016	-2.539062
7.615000	5.576172	-0.693359
7.620000	5.595703	1.196289
7.625000	5.029297	2.412109
7.630000	3.447266	2.622070
7.635000	1.713867	1.948242
7.640000	0.419922	0.805664
7.645000	-0.122070	-0.361328
7.650000	0.107422	-1.181641
7.655000	0.878906	-1.259766
7.660000	1.699219	-0.722656
7.665000	2.167969	0.126953
7.670000	2.080078	0.908203
7.675000	1.484375	1.328125
7.680000	0.605469	1.308594
7.685000	-0.268555	0.756836
7.690000	-0.732422	-1.074219
7.695000	-0.009766	-3.051758
7.700000	1.987305	-3.427734
7.705000	4.228516	-2.299805
7.710000	5.590820	-0.395508
7.715000	5.595703	1.435547
7.720000	4.833984	2.504883
7.725000	3.178711	2.563477
7.730000	1.479492	1.791992
7.735000	0.288086	0.629883
7.740000	-0.136719	-0.522461
7.745000	0.200195	-1.245117
7.750000	1.005859	-1.220703
7.755000	1.801758	-0.605469
7.760000	2.192383	0.263672
7.765000	2.016602	0.996094
7.770000	1.357422	1.357422
7.775000	0.463867	1.269531
7.780000	-0.385742	0.566406
7.785000	-0.717773	-1.425781
7.790000	0.229492	-3.217773
7.795000	2.333984	-3.339844
7.800000	4.521484	-2.041016
7.805000	5.590820	-0.087891
7.810000	5.590820	1.655273
7.815000	4.614258	2.578125
7.820000	2.910156	2.495117
7.825000	1.254883	1.625977
7.830000	0.175781	0.454102
7.835000	-0.131836	-0.678711
7.840000	0.302734	-1.284180
7.845000	1.142578	-1.157227
7.850000	1.889648	-0.478516
7.855000	2.202148	0.385742
7.860000	1.943359	1.079102
7.865000	1.235352	1.367188
7.870000	0.322266	1.230469
7.875000	-0.483398	0.346680
7.880000	-0.673828	-1.782227
7.885000	0.493164	-3.349609
7.890000	2.680664	-3.222656
7.895000	4.799805	-1.767578
7.900000	5.595703	0.205078
7.905000	5.585938	1.860352
7.910000	4.375000	2.631836
7.915000	2.636719	2.412109
7.920000	1.054688	1.455078
7.925000	0.078125	0.273438
7.930000	-0.107422	-0.815430
7.935000	0.415039	-1.303711
7.940000	1.264648	-1.079102
7.945000	1.977539	-0.351562
7.950000	2.202148	0.512695
7.955000	1.865234	1.152344
7.960000	1.103516	1.372070
7.965000	0.190430	1.171875
7.970000	-0.576172	0.092773
7.975000	-0.600586	-2.114258
7.980000	0.786133	-3.432617
7.985000	3.032227	-3.066406
7.990000	5.048828	-1.479492
7.995000	5.590820	0.493164
8.000000	5.478516	2.036133
8.005000	4.130859	2.656250
8.010000	2.382812	2.299805
8.015000	0.854492	1.284180
8.020000	0.000000	0.097656
8.025000	-0.073242	-0.937500
8.030000	0.537109	-1.313477
8.035000	1.391602	-0.996094
8.040000	2.045898	-0.219727
8.045000	2.187500	0.629883
8.050000	1.767578	1.215820
8.055000	0.966797	1.362305
8.060000	0.058594	1.093750
8.065000	-0.639648	-0.200195
8.070000	-0.488281	-2.421875
8.075000	1.098633	-3.486328
8.080000	3.378906	-2.890625
8.085000	5.268555	-1.191406
8.090000	5.595703	0.766602
8.095000	5.327148	2.197266
8.100000	3.876953	2.661133
8.105000	2.124023	2.177734
8.110000	0.683594	1.103516
8.115000	-0.058594	-0.073242
8.120000	-0.019531	-1.044922
8.125000	0.659180	-1.308594
8.130000	1.513672	-0.898438
8.135000	2.104492	-0.087891
8.140000	2.163086	0.737305
8.145000	1.669922	1.259766
8.150000	0.834961	1.357422
8.155000	-0.068359	0.991211
8.160000	-0.693359	-0.507812
8.165000	-0.336914	-2.685547
8.170000	1.411133	-3.491211
8.175000	3.706055	-2.690430
8.180000	5.468750	-0.893555
8.185000	5.595703	1.030273
8.190000	5.156250	2.333984
8.195000	3.623047	2.641602
8.200000	1.875000	2.041016
8.205000	0.517578	0.927734
8.210000	-0.107422	-0.249023
8.215000	0.053711	-1.132812
8.220000	0.786133	-1.284180
8.225000	1.625977	-0.795898
8.230000	2.143555	0.043945
8.235000	2.119141	0.839844
8.240000	1.557617	1.303711
8.245000	0.693359	1.328125
8.250000	-0.190430	0.859375
8.255000	-0.722656	-0.844727
8.260000	-0.146484	-2.919922
8.265000	1.757812	-3.461914
8.270000	4.023438	-2.465820
8.275000	5.585938	-0.595703
8.280000	5.590820	1.279297
8.285000	4.970703	2.446289
8.290000	3.359375	2.607422
8.295000	1.635742	1.894531
8.300000	0.375977	0.747070
8.305000	-0.126953	-0.415039
8.310000	0.136719	-1.206055
8.315000	0.927734	-1.250000
8.320000	1.733398	-0.678711
8.325000	2.177734	0.175781
8.330000	2.060547	0.937500
8.335000	1.440430	1.337891
8.340000	0.556641	1.293945
8.345000	-0.307617	0.693359
8.350000	-0.732422	-1.196289
8.355000	0.063477	-3.115234
8.360000	2.104492	-3.403320
8.365000	4.331055	-2.216797
8.370000	5.595703	-0.288086
8.375000	5.590820	1.513672
8.380000	4.760742	2.529297
8.385000	3.090820	2.543945
8.390000	1.401367	1.738281
8.395000	0.249023	0.566406
8.400000	-0.136719	-0.576172
8.405000	0.234375	-1.259766
8.410000	1.054688	-1.201172
8.415000	1.835938	-0.561523
8.420000	2.207031	0.302734
8.425000	1.997070	1.025391
8.430000	1.318359	1.352539
8.435000	0.419922	1.254883
8.440000	-0.415039	0.502930
8.445000	-0.708008	-1.538086
8.450000	0.312500	-3.261719
8.455000	2.446289	-3.300781
8.460000	4.614258	-1.953125
8.465000	5.595703	0.004883
8.470000	5.595703	1.723633
8.475000	4.536133	2.597656
8.480000	2.822266	2.470703
8.485000	1.196289	1.577148
8.490000	0.141602	0.395508
8.495000	-0.126953	-0.722656
8.500000	0.336914	-1.289062
8.505000	1.186523	-1.132812
8.510000	1.923828	-0.439453
8.515000	2.207031	0.424805
8.520000	1.914062	1.103516
8.525000	1.201172	1.367188
8.530000	0.283203	1.210938
8.535000	-0.512695	0.268555
8.540000	-0.654297	-1.884766
8.545000	0.585938	-3.378906
8.550000	2.792969	-3.173828
8.555000	4.882812	-1.674805
8.560000	5.595703	0.297852
8.565000	5.566406	1.918945
8.570000	4.301758	2.641602
8.575000	2.553711	2.377930
8.580000	0.986328	1.406250
8.585000	0.048828	0.214844
8.590000	-0.097656	-0.854492
8.595000	0.454102	-1.313477
8.600000	1.298828	-1.054688
8.605000	1.997070	-0.307617
8.610000	2.197266	0.551758
8.615000	1.835938	1.166992
8.620000	1.059570	1.372070
8.625000	0.151367	1.147461
8.630000	-0.600586	0.000000
8.635000	-0.566406	-2.216797
8.640000	0.883789	-3.452148
8.645000	3.144531	-3.017578
8.650000	5.122070	-1.386719
8.655000	5.595703	0.585938
8.660000	5.429688	2.094727
8.665000	4.052734	2.661133
8.670000	2.294922	2.265625
8.675000	0.795898	1.230469
8.680000	-0.024414	0.043945
8.685000	-0.053711	-0.976562
8.690000	0.581055	-1.313477
8.695000	1.435547	-0.966797
8.700000	2.070312	-0.180664
8.705000	2.177734	0.664062
8.710000	1.743164	1.235352
8.715000	0.927734	1.362305
8.720000	0.019531	1.064453
8.725000	-0.659180	-0.288086
8.730000	-0.444336	-2.504883
8.735000	1.201172	-3.486328
8.740000	3.481445	-2.827148
8.745000	5.332031	-1.098633
8.750000	5.595703	0.849609
8.755000	5.278320	2.246094
8.760000	3.798828	2.656250
8.765000	2.041016	2.138672
8.770000	0.629883	1.049805
8.775000	-0.073242	-0.131836
8.780000	0.000000	-1.074219
8.785000	0.703125	-1.298828
8.790000	1.547852	-0.869141
8.795000	2.114258	-0.048828
8.800000	2.138672	0.771484
8.805000	1.630859	1.274414
8.810000	0.786133	1.342773
8.815000	-0.112305	0.947266
8.820000	-0.708008	-0.615234
8.825000	-0.278320	-2.768555
8.830000	1.528320	-3.486328
8.835000	3.808594	-2.617188
8.840000	5.532227	-0.795898
8.845000	5.595703	1.113281
8.850000	5.097656	2.377930
8.855000	3.535156	2.631836
8.860000	1.791992	1.997070
8.865000	0.468750	0.869141
8.870000	-0.117188	-0.302734
8.875000	0.078125	-1.157227
8.880000	0.834961	-1.274414
8.885000	1.665039	-0.761719
8.890000	2.163086	0.083008
8.895000	2.099609	0.874023
8.900000	1.523438	1.318359
8.905000	0.649414	1.318359
8.910000	-0.229492	0.810547
8.915000	-0.727539	-0.957031
8.920000	-0.083008	-2.983398
8.925000	1.865234	-3.447266
8.930000	4.121094	-2.382812
8.935000	5.590820	-0.493164
8.940000	5.595703	1.357422
8.945000	4.907227	2.480469
8.950000	3.271484	2.583008
8.955000	1.552734	1.845703
8.960000	0.327148	0.688477
8.965000	-0.131836	-0.473633
8.970000	0.166016	-1.225586
8.975000	0.961914	-1.235352
8.980000	1.767578	-0.639648
8.985000	2.187500	0.219727
8.990000	2.041016	0.966797
8.995000	1.396484	1.342773
9.000000	0.512695	1.284180
9.005000	-0.346680	0.634766
9.010000	-0.727539	-1.298828
9.015000	0.141602	-3.164062
9.020000	2.216797	-3.369141
9.025000	4.423828	-2.128906
9.030000	5.595703	-0.195312
9.035000	5.590820	1.582031
9.040000	4.687500	2.558594
9.045000	3.002930	2.519531
9.050000	1.328125	1.684570
9.055000	0.209961	0.507812
9.060000	-0.131836	-0.625000
9.065000	0.268555	-1.264648
9.070000	1.098633	-1.181641
9.075000	1.860352	-0.522461
9.080000	2.202148	0.341797
9.085000	1.967773	1.049805
9.090000	1.269531	1.362305
9.095000	0.375977	1.240234
9.100000	-0.449219	0.424805
9.105000	-0.693359	-1.660156
9.110000	0.400391	-3.305664
9.115000	2.563477	-3.261719
9.120000	4.707031	-1.860352
9.125000	5.595703	0.102539
9.130000	5.590820	1.796875
9.135000	4.462891	2.612305
9.140000	2.734375	2.446289
9.145000	1.118164	1.518555
9.150000	0.107422	0.332031
9.155000	-0.122070	-0.771484
9.160000	0.375977	-1.298828
9.165000	1.230469	-1.113281
9.170000	1.948242	-0.395508
9.175000	2.207031	0.468750
9.180000	1.894531	1.132812
9.185000	1.152344	1.372070
9.190000	0.234375	1.191406
9.195000	-0.546875	0.185547
9.200000	-0.625000	-2.001953
9.205000	0.683594	-3.408203
9.210000	2.910156	-3.125000
9.215000	4.960938	-1.582031
9.220000	5.595703	0.395508
9.225000	5.522461	1.977539
9.230000	4.218750	2.651367
9.235000	2.470703	2.338867
9.240000	0.922852	1.342773
9.245000	0.019531	0.156250
9.250000	-0.087891	-0.898438
9.255000	0.493164	-1.318359
9.260000	1.347656	-1.030273
9.265000	2.021484	-0.268555
9.270000	2.197266	0.590820
9.275000	1.806641	1.196289
9.280000	1.015625	1.372070
9.285000	0.102539	1.118164
9.290000	-0.620117	-0.092773
9.295000	-0.532227	-2.314453
9.300000	0.986328	-3.466797
9.305000	3.256836	-2.954102
9.310000	5.190430	-1.289062
9.315000	5.595703	0.673828
9.320000	5.380859	2.148438
9.325000	3.969727	2.661133
9.330000	2.207031	2.221680
9.335000	0.737305	1.166992
9.340000	-0.043945	-0.014648
9.345000	-0.039062	-1.010742
9.350000	0.615234	-1.308594
9.355000	1.469727	-0.937500
9.360000	2.084961	-0.136719
9.365000	2.172852	0.698242
9.370000	1.699219	1.245117
9.375000	0.878906	1.352539
9.380000	-0.024414	1.030273
9.385000	-0.678711	-0.400391
9.390000	-0.385742	-2.597656
9.395000	1.303711	-3.491211
9.400000	3.598633	-2.763672
9.405000	5.410156	-0.996094
9.410000	5.595703	0.942383
9.415000	5.219727	2.294922
9.420000	3.710938	2.651367
9.425000	1.953125	2.089844
9.430000	0.571289	0.986328
9.435000	-0.092773	-0.190430
9.440000	0.029297	-1.103516
9.445000	0.747070	-1.293945
9.450000	1.586914	-0.830078
9.455000	2.133789	-0.004883
9.460000	2.128906	0.805664
9.465000	1.591797	1.293945
9.470000	0.742188	1.337891
9.475000	-0.151367	0.908203
9.480000	-0.717773	-0.727539
9.485000	-0.219727	-2.846680
9.490000	1.635742	-3.481445
9.495000	3.916016	-2.539062
9.500000	5.576172	-0.698242
9.505000	5.595703	1.196289
9.510000	5.029297	2.412109
9.515000	3.447266	2.617188
9.520000	1.713867	1.948242
9.525000	0.424805	0.810547
9.530000	-0.126953	-0.361328
9.535000	0.107422	-1.186523
9.540000	0.878906	-1.259766
9.545000	1.699219	-0.717773
9.550000	2.172852	0.131836
9.555000	2.080078	0.908203
9.560000	1.479492	1.323242
9.565000	0.605469	1.308594
9.570000	-0.268555	0.756836
9.575000	-0.732422	-1.069336
9.580000	-0.014648	-3.046875
9.585000	1.982422	-3.422852
9.590000	4.228516	-2.299805
9.595000	5.595703	-0.390625
9.600000	5.595703	1.435547
9.605000	4.833984	2.504883
9.610000	3.178711	2.563477
9.615000	1.484375	1.791992
9.620000	0.288086	0.629883
9.625000	-0.136719	-0.527344
9.630000	0.200195	-1.245117
9.635000	1.005859	-1.215820
9.640000	1.796875	-0.605469
9.645000	2.192383	0.258789
9.650000	2.016602	0.996094
9.655000	1.357422	1.352539
9.660000	0.463867	1.269531
9.665000	-0.380859	0.566406
9.670000	-0.717773	-1.425781
9.675000	0.229492	-3.212891
9.680000	2.333984	-3.339844
9.685000	4.521484	-2.045898
9.690000	5.595703	-0.087891
9.695000	5.590820	1.655273
9.700000	4.614258	2.578125
9.705000	2.910156	2.495117
9.710000	1.254883	1.625977
9.715000	0.170898	0.449219
9.720000	-0.131836	-0.678711
9.725000	0.302734	-1.279297
9.730000	1.142578	-1.162109
9.735000	1.894531	-0.473633
9.740000	2.211914	0.385742
9.745000	1.948242	1.079102
9.750000	1.235352	1.372070
9.755000	0.327148	1.230469
9.760000	-0.483398	0.351562
9.765000	-0.673828	-1.772461
9.770000	0.488281	-3.344727
9.775000	2.675781	-3.217773
9.780000	4.790039	-1.772461
9.785000	5.595703	0.200195
9.790000	5.585938	1.855469
9.795000	4.379883	2.626953
9.800000	2.646484	2.412109
9.805000	1.059570	1.459961
9.810000	0.078125	0.278320
9.815000	-0.112305	-0.815430
9.820000	0.415039	-1.303711
9.825000	1.264648	-1.083984
9.830000	1.967773	-0.351562
9.835000	2.202148	0.507812
9.840000	1.860352	1.152344
9.845000	1.103516	1.376953
9.850000	0.190430	1.166992
9.855000	-0.571289	0.092773
9.860000	-0.600586	-2.114258
9.865000	0.781250	-3.432617
9.870000	3.027344	-3.071289
9.875000	5.039062	-1.484375
9.880000	5.595703	0.488281
9.885000	5.478516	2.045898
9.890000	4.135742	2.651367
9.895000	2.387695	2.304688
9.900000	0.859375	1.284180
9.905000	-0.004883	0.102539
9.910000	-0.078125	-0.937500
9.915000	0.537109	-1.313477
9.920000	1.386719	-0.996094
9.925000	2.041016	-0.219727
9.930000	2.182617	0.629883
9.935000	1.767578	1.210938
9.940000	0.971680	1.367188
9.945000	0.058594	1.093750
9.950000	-0.639648	-0.190430
9.955000	-0.488281	-2.416992
9.960000	1.093750	-3.481445
9.965000	3.374023	-2.890625
9.970000	5.268555	-1.196289
9.975000	5.595703	0.761719
9.980000	5.327148	2.197266
9.985000	3.876953	2.661133
9.990000	2.124023	2.177734
9.995000	0.678711	1.108398
10.000000	-0.058594	-0.073242
