# Time_s	x	xdot
0.000000	5.595703	1.357422
0.005000	4.882812	2.460938
0.010000	3.261719	2.558594
0.015000	1.572266	1.821289
0.020000	0.361328	0.678711
0.025000	-0.097656	-0.415039
0.030000	0.170898	-1.093750
0.035000	0.883789	-1.093750
0.040000	1.591797	-0.537109
0.045000	1.938477	0.244141
0.050000	1.777344	0.922852
0.055000	1.171875	1.254883
0.060000	0.332031	1.201172
0.065000	-0.458984	0.429688
0.070000	-0.698242	-1.630859
0.075000	0.375977	-3.281250
0.080000	2.519531	-3.251953
0.085000	4.663086	-1.865234
0.090000	5.595703	0.087891
0.095000	5.595703	1.762695
0.100000	4.472656	2.587891
0.105000	2.763672	2.421875
0.110000	1.166992	1.513672
0.115000	0.151367	0.356445
0.120000	-0.087891	-0.673828
0.125000	0.346680	-1.166992
0.130000	1.103516	-0.981445
0.135000	1.738281	-0.327148
0.140000	1.948242	0.458984
0.145000	1.640625	1.059570
0.150000	0.942383	1.274414
0.155000	0.087891	1.098633
0.160000	-0.615234	-0.048828
0.165000	-0.556641	-2.250977
0.170000	0.917969	-3.442383
0.175000	3.173828	-2.973633
0.180000	5.122070	-1.333008
0.185000	5.590820	0.615234
0.190000	5.395508	2.094727
0.195000	4.013672	2.631836
0.200000	2.275391	2.221680
0.205000	0.810547	1.191406
0.210000	0.004883	0.039062
0.215000	-0.024414	-0.883789
0.220000	0.546875	-1.171875
0.225000	1.308594	-0.830078
0.230000	1.850586	-0.102539
0.235000	1.914062	0.659180
0.240000	1.474609	1.166992
0.245000	0.708008	1.269531
0.250000	-0.136719	0.917969
0.255000	-0.712891	-0.629883
0.260000	-0.278320	-2.763672
0.265000	1.528320	-3.461914
0.270000	3.793945	-2.587891
0.275000	5.498047	-0.781250
0.280000	5.595703	1.113281
0.285000	5.083008	2.353516
0.290000	3.535156	2.602539
0.295000	1.811523	1.972656
0.300000	0.502930	0.859375
0.305000	-0.073242	-0.268555
0.310000	0.087891	-1.035156
0.315000	0.766602	-1.132812
0.320000	1.494141	-0.644531
0.325000	1.918945	0.126953
0.330000	1.831055	0.839844
0.335000	1.274414	1.240234
0.340000	0.463867	1.235352
0.345000	-0.356445	0.629883
0.350000	-0.727539	-1.279297
0.355000	0.122070	-3.144531
0.360000	2.182617	-3.359375
0.365000	4.375000	-2.133789
0.370000	5.595703	-0.205078
0.375000	5.595703	1.557617
0.380000	4.697266	2.524414
0.385000	3.027344	2.500000
0.390000	1.376953	1.684570
0.395000	0.258789	0.527344
0.400000	-0.097656	-0.546875
0.405000	0.249023	-1.132812
0.410000	0.986328	-1.040039
0.415000	1.660156	-0.439453
0.420000	1.943359	0.346680
0.425000	1.708984	0.991211
0.430000	1.064453	1.269531
0.435000	0.214844	1.157227
0.440000	-0.541992	0.214844
0.445000	-0.644531	-1.933594
0.450000	0.625000	-3.378906
0.455000	2.832031	-3.129883
0.460000	4.887695	-1.616211
0.465000	5.595703	0.341797
0.470000	5.527344	1.928711
0.475000	4.257812	2.617188
0.480000	2.529297	2.333984
0.485000	0.986328	1.362305
0.490000	0.078125	0.200195
0.495000	-0.063477	-0.786133
0.500000	0.439453	-1.176758
0.505000	1.206055	-0.908203
0.510000	1.791992	-0.219727
0.515000	1.938477	0.561523
0.520000	1.562500	1.113281
0.525000	0.830078	1.274414
0.530000	-0.019531	1.025391
0.535000	-0.673828	-0.317383
0.540000	-0.429688	-2.519531
0.545000	1.206055	-3.471680
0.550000	3.486328	-2.792969
0.555000	5.312500	-1.069336
0.560000	5.595703	0.869141
0.565000	5.253906	2.231445
0.570000	3.779297	2.626953
0.575000	2.045898	2.109375
0.580000	0.654297	1.035156
0.585000	-0.039062	-0.107422
0.590000	0.024414	-0.961914
0.595000	0.649414	-1.162109
0.600000	1.401367	-0.747070
0.605000	1.889648	0.004883
0.610000	1.879883	0.747070
0.615000	1.381836	1.201172
0.620000	0.590820	1.250000
0.625000	-0.249023	0.795898
0.630000	-0.732422	-0.937500
0.635000	-0.102539	-2.963867
0.640000	1.831055	-3.432617
0.645000	4.082031	-2.377930
0.650000	5.590820	-0.507812
0.655000	5.595703	1.333008
0.660000	4.907227	2.451172
0.665000	3.295898	2.563477
0.670000	1.591797	1.835938
0.675000	0.375977	0.698242
0.680000	-0.092773	-0.405273
0.685000	0.161133	-1.093750
0.690000	0.869141	-1.098633
0.695000	1.577148	-0.551758
0.700000	1.938477	0.234375
0.705000	1.777344	0.913086
0.710000	1.181641	1.250000
0.715000	0.341797	1.196289
0.720000	-0.449219	0.449219
0.725000	-0.703125	-1.601562
0.730000	0.351562	-3.271484
0.735000	2.495117	-3.261719
0.740000	4.633789	-1.889648
0.745000	5.595703	0.058594
0.750000	5.595703	1.743164
0.755000	4.497070	2.583008
0.760000	2.783203	2.431641
0.765000	1.181641	1.528320
0.770000	0.161133	0.371094
0.775000	-0.087891	-0.664062
0.780000	0.336914	-1.162109
0.785000	1.093750	-0.986328
0.790000	1.733398	-0.336914
0.795000	1.948242	0.449219
0.800000	1.645508	1.054688
0.805000	0.952148	1.274414
0.810000	0.097656	1.103516
0.815000	-0.615234	-0.029297
0.820000	-0.561523	-2.231445
0.825000	0.898438	-3.437500
0.830000	3.144531	-2.983398
0.835000	5.102539	-1.352539
0.840000	5.595703	0.595703
0.845000	5.410156	2.080078
0.850000	4.038086	2.631836
0.855000	2.299805	2.231445
0.860000	0.820312	1.206055
0.865000	0.014648	0.048828
0.870000	-0.024414	-0.874023
0.875000	0.537109	-1.171875
0.880000	1.298828	-0.834961
0.885000	1.850586	-0.107422
0.890000	1.914062	0.649414
0.895000	1.474609	1.162109
0.900000	0.712891	1.269531
0.905000	-0.126953	0.927734
0.910000	-0.708008	-0.605469
0.915000	-0.292969	-2.749023
0.920000	1.503906	-3.466797
0.925000	3.769531	-2.602539
0.930000	5.488281	-0.800781
0.935000	5.595703	1.093750
0.940000	5.092773	2.343750
0.945000	3.554688	2.607422
0.950000	1.826172	1.982422
0.955000	0.512695	0.874023
0.960000	-0.073242	-0.253906
0.965000	0.083008	-1.030273
0.970000	0.756836	-1.137695
0.975000	1.484375	-0.649414
0.980000	1.918945	0.117188
0.985000	1.835938	0.834961
0.990000	1.284180	1.235352
0.995000	0.473633	1.240234
1.000000	-0.351562	0.644531
1.005000	-0.732422	-1.254883
1.010000	0.102539	-3.125000
1.015000	2.148438	-3.364258
1.020000	4.355469	-2.148438
1.025000	5.595703	-0.234375
1.030000	5.590820	1.542969
1.035000	4.711914	2.519531
1.040000	3.051758	2.504883
1.045000	1.386719	1.694336
1.050000	0.268555	0.541992
1.055000	-0.097656	-0.537109
1.060000	0.239258	-1.127930
1.065000	0.976562	-1.044922
1.070000	1.655273	-0.449219
1.075000	1.943359	0.336914
1.080000	1.723633	0.986328
1.085000	1.074219	1.269531
1.090000	0.229492	1.162109
1.095000	-0.532227	0.234375
1.100000	-0.644531	-1.909180
1.105000	0.600586	-3.369141
1.110000	2.802734	-3.139648
1.115000	4.873047	-1.640625
1.120000	5.595703	0.322266
1.125000	5.541992	1.918945
1.130000	4.277344	2.617188
1.135000	2.543945	2.343750
1.140000	1.000977	1.376953
1.145000	0.083008	0.214844
1.150000	-0.068359	-0.771484
1.155000	0.429688	-1.176758
1.160000	1.201172	-0.917969
1.165000	1.791992	-0.229492
1.170000	1.938477	0.551758
1.175000	1.567383	1.103516
1.180000	0.844727	1.279297
1.185000	-0.009766	1.030273
1.190000	-0.668945	-0.292969
1.195000	-0.449219	-2.490234
1.200000	1.181641	-3.466797
1.205000	3.452148	-2.812500
1.210000	5.297852	-1.093750
1.215000	5.595703	0.844727
1.220000	5.268555	2.221680
1.225000	3.808594	2.631836
1.230000	2.070312	2.119141
1.235000	0.664062	1.044922
1.240000	-0.034180	-0.092773
1.245000	0.019531	-0.957031
1.250000	0.634766	-1.162109
1.255000	1.391602	-0.751953
1.260000	1.884766	-0.004883
1.265000	1.884766	0.737305
1.270000	1.386719	1.201172
1.275000	0.600586	1.254883
1.280000	-0.239258	0.810547
1.285000	-0.732422	-0.913086
1.290000	-0.117188	-2.944336
1.295000	1.806641	-3.437500
1.300000	4.062500	-2.397461
1.305000	5.585938	-0.532227
1.310000	5.595703	1.313477
1.315000	4.921875	2.441406
1.320000	3.315430	2.568359
1.325000	1.616211	1.850586
1.330000	0.385742	0.708008
1.335000	-0.092773	-0.390625
1.340000	0.156250	-1.088867
1.345000	0.859375	-1.098633
1.350000	1.577148	-0.561523
1.355000	1.938477	0.219727
1.360000	1.787109	0.908203
1.365000	1.191406	1.250000
1.370000	0.356445	1.206055
1.375000	-0.439453	0.463867
1.380000	-0.708008	-1.567383
1.385000	0.327148	-3.261719
1.390000	2.465820	-3.271484
1.395000	4.609375	-1.909180
1.400000	5.595703	0.029297
1.405000	5.590820	1.728516
1.410000	4.506836	2.568359
1.415000	2.812500	2.441406
1.420000	1.206055	1.547852
1.425000	0.170898	0.385742
1.430000	-0.087891	-0.654297
1.435000	0.327148	-1.157227
1.440000	1.083984	-0.991211
1.445000	1.728516	-0.341797
1.450000	1.948242	0.439453
1.455000	1.655273	1.044922
1.460000	0.966797	1.274414
1.465000	0.112305	1.108398
1.470000	-0.605469	0.000000
1.475000	-0.576172	-2.197266
1.480000	0.869141	-3.432617
1.485000	3.115234	-2.998047
1.490000	5.083008	-1.381836
1.495000	5.595703	0.576172
1.500000	5.419922	2.070312
1.505000	4.057617	2.631836
1.510000	2.324219	2.241211
1.515000	0.834961	1.220703
1.520000	0.019531	0.063477
1.525000	-0.029297	-0.869141
1.530000	0.532227	-1.176758
1.535000	1.289062	-0.839844
1.540000	1.840820	-0.122070
1.545000	1.914062	0.644531
1.550000	1.489258	1.157227
1.555000	0.727539	1.269531
1.560000	-0.122070	0.932617
1.565000	-0.712891	-0.581055
1.570000	-0.307617	-2.729492
1.575000	1.469727	-3.466797
1.580000	3.745117	-2.622070
1.585000	5.468750	-0.825195
1.590000	5.595703	1.074219
1.595000	5.107422	2.333984
1.600000	3.574219	2.607422
1.605000	1.850586	1.992188
1.610000	0.522461	0.883789
1.615000	-0.073242	-0.244141
1.620000	0.078125	-1.025391
1.625000	0.747070	-1.137695
1.630000	1.479492	-0.659180
1.635000	1.914062	0.302734
1.640000	1.743164	0.961914
1.645000	1.108398	1.264648
1.650000	0.268555	1.176758
1.655000	-0.502930	0.312500
1.660000	-0.668945	-1.801758
1.665000	0.512695	-3.339844
1.670000	2.690430	-3.188477
1.675000	4.785156	-1.728516
1.680000	5.590820	0.229492
1.685000	5.576172	1.855469
1.690000	4.355469	2.602539
1.695000	2.631836	2.373047
1.700000	1.069336	1.430664
1.705000	0.107422	0.273438
1.710000	-0.078125	-0.737305
1.715000	0.400391	-1.171875
1.720000	1.162109	-0.942383
1.725000	1.767578	-0.268555
1.730000	1.938477	0.512695
1.735000	1.596680	1.088867
1.740000	0.878906	1.279297
1.745000	0.029297	1.059570
1.750000	-0.649414	-0.195312
1.755000	-0.493164	-2.407227
1.760000	1.083984	-3.461914
1.765000	3.344727	-2.875977
1.770000	5.229492	-1.191406
1.775000	5.595703	0.756836
1.780000	5.317383	2.177734
1.785000	3.881836	2.631836
1.790000	2.148438	2.158203
1.795000	0.717773	1.098633
1.800000	-0.019531	-0.043945
1.805000	0.000000	-0.932617
1.810000	0.605469	-1.171875
1.815000	1.357422	-0.781250
1.820000	1.870117	-0.039062
1.825000	1.889648	0.708008
1.830000	1.420898	1.186523
1.835000	0.639648	1.259766
1.840000	-0.200195	0.854492
1.845000	-0.732422	-0.805664
1.850000	-0.180664	-2.880859
1.855000	1.704102	-3.447266
1.860000	3.959961	-2.470703
1.865000	5.581055	-0.625000
1.870000	5.590820	1.240234
1.875000	4.980469	2.412109
1.880000	3.398438	2.583008
1.885000	1.684570	1.894531
1.890000	0.429688	0.766602
1.895000	-0.087891	-0.346680
1.900000	0.131836	-1.069336
1.905000	0.825195	-1.113281
1.910000	1.547852	-0.590820
1.915000	1.933594	0.185547
1.920000	1.806641	0.883789
1.925000	1.225586	1.240234
1.930000	0.390625	1.215820
1.935000	-0.410156	0.532227
1.940000	-0.717773	-1.459961
1.945000	0.249023	-3.217773
1.950000	2.358398	-3.305664
1.955000	4.521484	-1.997070
1.960000	5.590820	-0.058594
1.965000	5.595703	1.665039
1.970000	4.584961	2.558594
1.975000	2.895508	2.465820
1.980000	1.259766	1.596680
1.985000	0.200195	0.434570
1.990000	-0.092773	-0.615234
1.995000	0.297852	-1.152344
2.000000	1.044922	-1.010742
2.005000	1.699219	-0.380859
2.010000	1.948242	0.410156
2.015000	1.674805	1.025391
2.020000	0.996094	1.274414
2.025000	0.151367	1.127930
2.030000	-0.585938	0.083008
2.035000	-0.605469	-2.109375
2.040000	0.776367	-3.413086
2.045000	3.012695	-3.051758
2.050000	5.009766	-1.469727
2.055000	5.595703	0.483398
2.060000	5.458984	2.016602
2.065000	4.135742	2.631836
2.070000	2.402344	2.275391
2.075000	0.898438	1.269531
2.080000	0.034180	0.117188
2.085000	-0.043945	-0.839844
2.090000	0.493164	-1.176758
2.095000	1.254883	-0.864258
2.100000	1.826172	-0.156250
2.105000	1.923828	0.610352
2.110000	1.513672	1.137695
2.115000	0.766602	1.269531
2.120000	-0.083008	0.971680
2.125000	-0.698242	-0.483398
2.130000	-0.356445	-2.651367
2.135000	1.372070	-3.476562
2.140000	3.647461	-2.690430
2.145000	5.415039	-0.917969
2.150000	5.595703	0.991211
2.155000	5.161133	2.299805
2.160000	3.657227	2.617188
2.165000	1.918945	2.036133
2.170000	0.571289	0.937500
2.175000	-0.058594	-0.190430
2.180000	0.058594	-1.005859
2.185000	0.708008	-1.147461
2.190000	1.455078	-0.693359
2.195000	1.904297	0.068359
2.200000	1.860352	0.795898
2.205000	1.328125	1.220703
2.210000	0.522461	1.240234
2.215000	-0.302734	0.712891
2.220000	-0.737305	-1.118164
2.225000	0.009766	-3.066406
2.230000	2.011719	-3.393555
2.235000	4.238281	-2.250977
2.240000	5.595703	-0.351562
2.245000	5.595703	1.450195
2.250000	4.799805	2.490234
2.255000	3.154297	2.529297
2.260000	1.479492	1.757812
2.265000	0.312500	0.605469
2.270000	-0.097656	-0.483398
2.275000	0.205078	-1.113281
2.280000	0.932617	-1.069336
2.285000	1.621094	-0.493164
2.290000	1.938477	0.292969
2.295000	1.743164	0.952148
2.300000	1.118164	1.264648
2.305000	0.278320	1.181641
2.310000	-0.498047	0.332031
2.315000	-0.673828	-1.772461
2.320000	0.493164	-3.330078
2.325000	2.666016	-3.193359
2.330000	4.765625	-1.748047
2.335000	5.595703	0.205078
2.340000	5.581055	1.845703
2.345000	4.370117	2.602539
2.350000	2.651367	2.382812
2.355000	1.083984	1.440430
2.360000	0.112305	0.283203
2.365000	-0.078125	-0.727539
2.370000	0.385742	-1.171875
2.375000	1.152344	-0.947266
2.380000	1.762695	-0.278320
2.385000	1.938477	0.507812
2.390000	1.606445	1.088867
2.395000	0.893555	1.279297
2.400000	0.034180	1.064453
2.405000	-0.644531	-0.175781
2.410000	-0.502930	-2.382812
2.415000	1.054688	-3.457031
2.420000	3.320312	-2.890625
2.425000	5.214844	-1.215820
2.430000	5.595703	0.737305
2.435000	5.327148	2.163086
2.440000	3.901367	2.636719
2.445000	2.167969	2.167969
2.450000	0.732422	1.113281
2.455000	-0.014648	-0.029297
2.460000	-0.004883	-0.927734
2.465000	0.595703	-1.166992
2.470000	1.352539	-0.786133
2.475000	1.865234	-0.048828
2.480000	1.894531	0.698242
2.485000	1.430664	1.186523
2.490000	0.649414	1.259766
2.495000	-0.190430	0.859375
2.500000	-0.732422	-0.776367
2.505000	-0.190430	-2.861328
2.510000	1.674805	-3.447266
2.515000	3.935547	-2.490234
2.520000	5.571289	-0.649414
2.525000	5.595703	1.220703
2.530000	4.995117	2.402344
2.535000	3.417969	2.587891
2.540000	1.704102	1.909180
2.545000	0.439453	0.781250
2.550000	-0.087891	-0.332031
2.555000	0.126953	-1.064453
2.560000	0.815430	-1.118164
2.565000	1.542969	-0.600586
2.570000	1.933594	0.175781
2.575000	1.811523	0.878906
2.580000	1.235352	1.240234
2.585000	0.405273	1.215820
2.590000	-0.400391	0.546875
2.595000	-0.727539	-1.430664
2.600000	0.224609	-3.212891
2.605000	2.329102	-3.315430
2.610000	4.501953	-2.016602
2.615000	5.590820	-0.083008
2.620000	5.590820	1.645508
2.625000	4.604492	2.553711
2.630000	2.919922	2.470703
2.635000	1.279297	1.611328
2.640000	0.214844	0.449219
2.645000	-0.097656	-0.605469
2.650000	0.288086	-1.147461
2.655000	1.040039	-1.015625
2.660000	1.699219	-0.395508
2.665000	1.948242	0.395508
2.670000	1.689453	1.020508
2.675000	1.015625	1.279297
2.680000	0.166016	1.132812
2.685000	-0.576172	0.107422
2.690000	-0.610352	-2.075195
2.695000	0.747070	-3.408203
2.700000	2.973633	-3.066406
2.705000	4.990234	-1.499023
2.710000	5.595703	0.458984
2.715000	5.478516	2.006836
2.720000	4.160156	2.626953
2.725000	2.426758	2.290039
2.730000	0.913086	1.289062
2.735000	0.043945	0.126953
2.740000	-0.053711	-0.825195
2.745000	0.483398	-1.181641
2.750000	1.245117	-0.878906
2.755000	1.821289	-0.170898
2.760000	1.928711	0.600586
2.765000	1.533203	1.137695
2.770000	0.781250	1.279297
2.775000	-0.068359	0.981445
2.780000	-0.693359	-0.439453
2.785000	-0.375977	-2.622070
2.790000	1.333008	-3.476562
2.795000	3.613281	-2.719727
2.800000	5.395508	-0.957031
2.805000	5.590820	0.966797
2.810000	5.185547	2.285156
2.815000	3.686523	2.622070
2.820000	1.953125	2.050781
2.825000	0.590820	0.961914
2.830000	-0.058594	-0.170898
2.835000	0.048828	-1.000977
2.840000	0.693359	-1.157227
2.845000	1.445312	-0.712891
2.850000	1.904297	0.053711
2.855000	1.865234	0.786133
2.860000	1.342773	1.220703
2.865000	0.541992	1.245117
2.870000	-0.288086	0.737305
2.875000	-0.742188	-1.069336
2.880000	-0.019531	-3.037109
2.885000	1.962891	-3.408203
2.890000	4.194336	-2.285156
2.895000	5.590820	-0.390625
2.900000	5.595703	1.416016
2.905000	4.833984	2.485352
2.910000	3.193359	2.539062
2.915000	1.508789	1.777344
2.920000	0.327148	0.634766
2.925000	-0.097656	-0.458984
2.930000	0.195312	-1.108398
2.935000	0.913086	-1.079102
2.940000	1.616211	-0.512695
2.945000	1.948242	0.273438
2.950000	1.762695	0.942383
2.955000	1.142578	1.264648
2.960000	0.302734	1.186523
2.965000	-0.483398	0.371094
2.970000	-0.683594	-1.718750
2.975000	0.444336	-3.310547
2.980000	2.612305	-3.217773
2.985000	4.721680	-1.791992
2.990000	5.595703	0.161133
2.995000	5.585938	1.811523
3.000000	4.409180	2.597656
3.005000	2.700195	2.402344
3.010000	1.118164	1.469727
3.015000	0.131836	0.307617
3.020000	-0.083008	-0.708008
3.025000	0.371094	-1.171875
3.030000	1.132812	-0.961914
3.035000	1.757812	-0.292969
3.040000	1.948242	0.488281
3.045000	1.621094	1.079102
3.050000	0.913086	1.279297
3.055000	0.058594	1.074219
3.060000	-0.629883	-0.117188
3.065000	-0.522461	-2.329102
3.070000	1.000977	-3.452148
3.075000	3.256836	-2.924805
3.080000	5.175781	-1.259766
3.085000	5.595703	0.683594
3.090000	5.356445	2.138672
3.095000	3.950195	2.631836
3.100000	2.211914	2.192383
3.105000	0.761719	1.142578
3.110000	-0.009766	-0.004883
3.115000	-0.014648	-0.913086
3.120000	0.576172	-1.176758
3.125000	1.333008	-0.805664
3.130000	1.865234	-0.068359
3.135000	1.904297	0.683594
3.140000	1.450195	1.171875
3.145000	0.678711	1.264648
3.150000	-0.166016	0.888672
3.155000	-0.722656	-0.712891
3.160000	-0.234375	-2.822266
3.165000	1.611328	-3.457031
3.170000	3.867188	-2.529297
3.175000	5.541992	-0.708008
3.180000	5.595703	1.176758
3.185000	5.034180	2.382812
3.190000	3.466797	2.597656
3.195000	1.752930	1.933594
3.200000	0.468750	0.815430
3.205000	-0.083008	-0.307617
3.210000	0.107422	-1.054688
3.215000	0.791016	-1.127930
3.220000	1.523438	-0.625000
3.225000	1.933594	0.156250
3.230000	1.821289	0.854492
3.235000	1.254883	1.245117
3.240000	0.434570	1.225586
3.245000	-0.375977	0.590820
3.250000	-0.727539	-1.352539
3.255000	0.175781	-3.173828
3.260000	2.255859	-3.334961
3.265000	4.438477	-2.075195
3.270000	5.595703	-0.146484
3.275000	5.590820	1.601562
3.280000	4.653320	2.539062
3.285000	2.973633	2.490234
3.290000	1.323242	1.645508
3.295000	0.234375	0.488281
3.300000	-0.097656	-0.581055
3.305000	0.273438	-1.137695
3.310000	1.015625	-1.030273
3.315000	1.684570	-0.415039
3.320000	1.953125	0.375977
3.325000	1.704102	1.005859
3.330000	1.040039	1.274414
3.335000	0.195312	1.152344
3.340000	-0.561523	0.166016
3.345000	-0.625000	-2.001953
3.350000	0.683594	-3.393555
3.355000	2.900391	-3.100586
3.360000	4.941406	-1.562500
3.365000	5.595703	0.395508
3.370000	5.507812	1.962891
3.375000	4.213867	2.622070
3.380000	2.480469	2.314453
3.385000	0.952148	1.328125
3.390000	0.058594	0.166016
3.395000	-0.053711	-0.805664
3.400000	0.463867	-1.181641
3.405000	1.230469	-0.898438
3.410000	1.811523	-0.195312
3.415000	1.933594	0.581055
3.420000	1.547852	1.123047
3.425000	0.805664	1.274414
3.430000	-0.043945	1.005859
3.435000	-0.683594	-0.375977
3.440000	-0.410156	-2.568359
3.445000	1.264648	-3.471680
3.450000	3.540039	-2.753906
3.455000	5.351562	-1.015625
3.460000	5.595703	0.913086
3.465000	5.224609	2.255859
3.470000	3.740234	2.626953
3.475000	2.001953	2.080078
3.480000	0.625000	1.000977
3.485000	-0.048828	-0.141602
3.490000	0.034180	-0.981445
3.495000	0.673828	-1.162109
3.500000	1.425781	-0.727539
3.505000	1.894531	0.029297
3.510000	1.875000	0.766602
3.515000	1.367188	1.210938
3.520000	0.571289	1.250000
3.525000	-0.263672	0.766602
3.530000	-0.737305	-0.996094
3.535000	-0.063477	-2.998047
3.540000	1.894531	-3.417969
3.545000	4.135742	-2.333984
3.550000	5.590820	-0.454102
3.555000	5.595703	1.372070
3.560000	4.873047	2.470703
3.565000	3.247070	2.553711
3.570000	1.557617	1.806641
3.575000	0.351562	0.668945
3.580000	-0.097656	-0.429688
3.585000	0.170898	-1.098633
3.590000	0.893555	-1.093750
3.595000	1.596680	-0.532227
3.600000	1.938477	0.253906
3.605000	1.772461	0.932617
3.610000	1.166992	1.259766
3.615000	0.322266	1.196289
3.620000	-0.463867	0.415039
3.625000	-0.698242	-1.650391
3.630000	0.390625	-3.291016
3.635000	2.543945	-3.242188
3.640000	4.672852	-1.845703
3.645000	5.595703	0.102539
3.650000	5.590820	1.777344
3.655000	4.458008	2.592773
3.660000	2.749023	2.416992
3.665000	1.152344	1.503906
3.670000	0.146484	0.341797
3.675000	-0.092773	-0.683594
3.680000	0.351562	-1.166992
3.685000	1.108398	-0.976562
3.690000	1.738281	-0.317383
3.695000	1.948242	0.473633
3.700000	1.635742	1.064453
3.705000	0.937500	1.279297
3.710000	0.083008	1.093750
3.715000	-0.625000	-0.063477
3.720000	-0.546875	-2.270508
3.725000	0.942383	-3.447266
3.730000	3.198242	-2.958984
3.735000	5.136719	-1.308594
3.740000	5.595703	0.634766
3.745000	5.385742	2.109375
3.750000	3.999023	2.636719
3.755000	2.260742	2.216797
3.760000	0.795898	1.181641
3.765000	0.004883	0.024414
3.770000	-0.024414	-0.893555
3.775000	0.551758	-1.181641
3.780000	1.313477	-0.825195
3.785000	1.855469	-0.092773
3.790000	1.914062	0.664062
3.795000	1.469727	1.166992
3.800000	0.698242	1.269531
3.805000	-0.146484	0.913086
3.810000	-0.717773	-0.649414
3.815000	-0.263672	-2.783203
3.820000	1.547852	-3.461914
3.825000	3.813477	-2.583008
3.830000	5.507812	-0.756836
3.835000	5.595703	1.127930
3.840000	5.068359	2.358398
3.845000	3.510742	2.597656
3.850000	1.796875	1.958008
3.855000	0.493164	0.844727
3.860000	-0.078125	-0.278320
3.865000	0.092773	-1.044922
3.870000	0.771484	-1.132812
3.875000	1.503906	-0.639648
3.880000	1.923828	0.131836
3.885000	1.831055	0.839844
3.890000	1.269531	1.240234
3.895000	0.454102	1.230469
3.900000	-0.361328	0.620117
3.905000	-0.732422	-1.293945
3.910000	0.131836	-3.149414
3.915000	2.197266	-3.354492
3.920000	4.394531	-2.119141
3.925000	5.595703	-0.200195
3.930000	5.590820	1.567383
3.935000	4.687500	2.524414
3.940000	3.022461	2.495117
3.945000	1.357422	1.674805
3.950000	0.249023	0.517578
3.955000	-0.102539	-0.551758
3.960000	0.253906	-1.137695
3.965000	0.996094	-1.040039
3.970000	1.669922	-0.439453
3.975000	1.948242	0.351562
3.980000	1.713867	0.996094
3.985000	1.059570	1.269531
3.990000	0.214844	1.157227
3.995000	-0.546875	0.205078
4.000000	-0.639648	-1.948242
4.005000	0.634766	-3.378906
4.010000	2.846680	-3.125000
4.015000	4.902344	-1.606445
4.020000	5.595703	0.351562
4.025000	5.527344	1.938477
4.030000	4.248047	2.622070
4.035000	2.519531	2.333984
4.040000	0.981445	1.352539
4.045000	0.068359	0.195312
4.050000	-0.063477	-0.786133
4.055000	0.444336	-1.176758
4.060000	1.210938	-0.913086
4.065000	1.801758	-0.214844
4.070000	1.933594	0.561523
4.075000	1.562500	1.118164
4.080000	0.830078	1.279297
4.085000	-0.024414	1.020508
4.090000	-0.673828	-0.317383
4.095000	-0.434570	-2.524414
4.100000	1.210938	-3.471680
4.105000	3.486328	-2.792969
4.110000	5.317383	-1.064453
4.115000	5.595703	0.869141
4.120000	5.249023	2.236328
4.125000	3.774414	2.631836
4.130000	2.041016	2.104492
4.135000	0.649414	1.025391
4.140000	-0.039062	-0.112305
4.145000	0.029297	-0.966797
4.150000	0.654297	-1.157227
4.155000	1.401367	-0.742188
4.160000	1.884766	0.009766
4.165000	1.879883	0.751953
4.170000	1.381836	1.206055
4.175000	0.585938	1.250000
4.180000	-0.249023	0.791016
4.185000	-0.737305	-0.947266
4.190000	-0.092773	-2.968750
4.195000	1.840820	-3.427734
4.200000	4.086914	-2.373047
4.205000	5.590820	-0.498047
4.210000	5.595703	1.337891
4.215000	4.902344	2.451172
4.220000	3.286133	2.563477
4.225000	1.591797	1.835938
4.230000	0.371094	0.693359
4.235000	-0.092773	-0.410156
4.240000	0.161133	-1.088867
4.245000	0.874023	-1.098633
4.250000	1.582031	-0.546875
4.255000	1.938477	0.234375
4.260000	1.787109	0.917969
4.265000	1.176758	1.254883
4.270000	0.341797	1.201172
4.275000	-0.449219	0.444336
4.280000	-0.703125	-1.601562
4.285000	0.356445	-3.276367
4.290000	2.495117	-3.261719
4.295000	4.638672	-1.879883
4.300000	5.600586	0.058594
4.305000	5.590820	1.748047
4.310000	4.487305	2.583008
4.315000	2.788086	2.426758
4.320000	1.186523	1.533203
4.325000	0.161133	0.366211
4.330000	-0.087891	-0.668945
4.335000	0.336914	-1.162109
4.340000	1.093750	-0.981445
4.345000	1.733398	-0.332031
4.350000	1.948242	0.454102
4.355000	1.645508	1.054688
4.360000	0.952148	1.279297
4.365000	0.102539	1.103516
4.370000	-0.615234	-0.024414
4.375000	-0.561523	-2.226562
4.380000	0.898438	-3.437500
4.385000	3.144531	-2.983398
4.390000	5.102539	-1.352539
4.395000	5.595703	0.595703
4.400000	5.405273	2.089844
4.405000	4.033203	2.631836
4.410000	2.294922	2.236328
4.415000	0.825195	1.206055
4.420000	0.009766	0.048828
4.425000	-0.029297	-0.874023
4.430000	0.537109	-1.176758
4.435000	1.293945	-0.834961
4.440000	1.845703	-0.107422
4.445000	1.914062	0.649414
4.450000	1.479492	1.157227
4.455000	0.712891	1.269531
4.460000	-0.131836	0.932617
4.465000	-0.712891	-0.600586
4.470000	-0.292969	-2.749023
4.475000	1.499023	-3.471680
4.480000	3.774414	-2.607422
4.485000	5.488281	-0.800781
4.490000	5.590820	1.093750
4.495000	5.092773	2.348633
4.500000	3.549805	2.607422
4.505000	1.826172	1.982422
4.510000	0.507812	0.869141
4.515000	-0.073242	-0.258789
4.520000	0.087891	-1.035156
4.525000	0.761719	-1.137695
4.530000	1.494141	-0.649414
4.535000	1.918945	0.117188
4.540000	1.840820	0.834961
4.545000	1.284180	1.235352
4.550000	0.473633	1.235352
4.555000	-0.341797	0.644531
4.560000	-0.737305	-1.250000
4.565000	0.097656	-3.129883
4.570000	2.148438	-3.364258
4.575000	4.350586	-2.153320
4.580000	5.595703	-0.234375
4.585000	5.595703	1.538086
4.590000	4.716797	2.519531
4.595000	3.056641	2.504883
4.600000	1.391602	1.699219
4.605000	0.268555	0.541992
4.610000	-0.097656	-0.532227
4.615000	0.234375	-1.132812
4.620000	0.976562	-1.044922
4.625000	1.655273	-0.449219
4.630000	1.948242	0.336914
4.635000	1.723633	0.981445
4.640000	1.079102	1.269531
4.645000	0.229492	1.162109
4.650000	-0.532227	0.239258
4.655000	-0.649414	-1.899414
4.660000	0.595703	-3.369141
4.665000	2.797852	-3.144531
4.670000	4.868164	-1.640625
4.675000	5.595703	0.312500
4.680000	5.541992	1.909180
4.685000	4.282227	2.617188
4.690000	2.558594	2.343750
4.695000	1.005859	1.376953
4.700000	0.083008	0.224609
4.705000	-0.068359	-0.771484
4.710000	0.429688	-1.176758
4.715000	1.196289	-0.922852
4.720000	1.787109	-0.234375
4.725000	1.938477	0.546875
4.730000	1.572266	1.108398
4.735000	0.844727	1.279297
4.740000	-0.004883	1.035156
4.745000	-0.668945	-0.283203
4.750000	-0.449219	-2.485352
4.755000	1.171875	-3.466797
4.760000	3.442383	-2.817383
4.765000	5.292969	-1.103516
4.770000	5.595703	0.834961
4.775000	5.273438	2.216797
4.780000	3.808594	2.631836
4.785000	2.075195	2.119141
4.790000	0.668945	1.049805
4.795000	-0.034180	-0.087891
4.800000	0.014648	-0.957031
4.805000	0.634766	-1.166992
4.810000	1.391602	-0.756836
4.815000	1.884766	-0.004883
4.820000	1.884766	0.742188
4.825000	1.396484	1.201172
4.830000	0.605469	1.254883
4.835000	-0.229492	0.810547
4.840000	-0.737305	-0.898438
4.845000	-0.122070	-2.939453
4.850000	1.791992	-3.437500
4.855000	4.047852	-2.407227
4.860000	5.585938	-0.541992
4.865000	5.595703	1.303711
4.870000	4.931641	2.436523
4.875000	3.325195	2.568359
4.880000	1.621094	1.850586
4.885000	0.390625	0.717773
4.890000	-0.087891	-0.385742
4.895000	0.151367	-1.083984
4.900000	0.859375	-1.103516
4.905000	1.567383	-0.566406
4.910000	1.933594	0.214844
4.915000	1.791992	0.903320
4.920000	1.191406	1.250000
4.925000	0.361328	1.201172
4.930000	-0.434570	0.473633
4.935000	-0.708008	-1.552734
4.940000	0.317383	-3.251953
4.945000	2.451172	-3.271484
4.950000	4.599609	-1.923828
4.955000	5.595703	0.019531
4.960000	5.595703	1.713867
4.965000	4.521484	2.568359
4.970000	2.822266	2.441406
4.975000	1.210938	1.547852
4.980000	0.175781	0.390625
4.985000	-0.087891	-0.649414
4.990000	0.327148	-1.157227
4.995000	1.079102	-0.991211
5.000000	1.718750	-0.351562
5.005000	1.948242	0.434570
5.010000	1.660156	1.044922
5.015000	0.971680	1.279297
5.020000	0.122070	1.113281
5.025000	-0.605469	0.014648
5.030000	-0.581055	-2.187500
5.035000	0.854492	-3.432617
5.040000	3.100586	-3.002930
5.045000	5.073242	-1.391602
5.050000	5.595703	0.561523
5.055000	5.424805	2.060547
5.060000	4.072266	2.631836
5.065000	2.333984	2.246094
5.070000	0.844727	1.230469
5.075000	0.019531	0.073242
5.080000	-0.034180	-0.869141
5.085000	0.522461	-1.181641
5.090000	1.284180	-0.844727
5.095000	1.840820	-0.126953
5.100000	1.918945	0.634766
5.105000	1.494141	1.157227
5.110000	0.737305	1.269531
5.115000	-0.112305	0.942383
5.120000	-0.708008	-0.556641
5.125000	-0.317383	-2.709961
5.130000	1.450195	-3.471680
5.135000	3.725586	-2.641602
5.140000	5.458984	-0.844727
5.145000	5.595703	1.059570
5.150000	5.122070	2.329102
5.155000	3.593750	2.607422
5.160000	1.860352	2.001953
5.165000	0.537109	0.893555
5.170000	-0.068359	-0.234375
5.175000	0.068359	-1.020508
5.180000	0.737305	-1.142578
5.185000	1.474609	-0.668945
5.190000	1.914062	0.097656
5.195000	1.845703	0.815430
5.200000	1.298828	1.230469
5.205000	0.493164	1.240234
5.210000	-0.332031	0.668945
5.215000	-0.737305	-1.206055
5.220000	0.068359	-3.105469
5.225000	2.094727	-3.374023
5.230000	4.311523	-2.187500
5.235000	5.595703	-0.278320
5.240000	5.595703	1.508789
5.245000	4.750977	2.504883
5.250000	3.090820	2.514648
5.255000	1.420898	1.713867
5.260000	0.283203	0.561523
5.265000	-0.102539	-0.512695
5.270000	0.229492	-1.127930
5.275000	0.957031	-1.054688
5.280000	1.645508	-0.468750
5.285000	1.948242	0.322266
5.290000	1.733398	0.971680
5.295000	1.093750	1.269531
5.300000	0.249023	1.166992
5.305000	-0.522461	0.273438
5.310000	-0.659180	-1.855469
5.315000	0.566406	-3.359375
5.320000	2.753906	-3.159180
5.325000	4.833984	-1.679688
5.330000	5.595703	0.273438
5.335000	5.561523	1.889648
5.340000	4.316406	2.612305
5.345000	2.587891	2.358398
5.350000	1.035156	1.401367
5.355000	0.097656	0.244141
5.360000	-0.073242	-0.756836
5.365000	0.410156	-1.176758
5.370000	1.186523	-0.932617
5.375000	1.782227	-0.249023
5.380000	1.938477	0.532227
5.385000	1.586914	1.098633
5.390000	0.864258	1.279297
5.395000	0.009766	1.044922
5.400000	-0.659180	-0.239258
5.405000	-0.468750	-2.451172
5.410000	1.127930	-3.466797
5.415000	3.398438	-2.846680
5.420000	5.263672	-1.142578
5.425000	5.595703	0.791016
5.430000	5.292969	2.197266
5.435000	3.842773	2.631836
5.440000	2.109375	2.143555
5.445000	0.693359	1.074219
5.450000	-0.029297	-0.068359
5.455000	0.009766	-0.947266
5.460000	0.620117	-1.166992
5.465000	1.376953	-0.766602
5.470000	1.879883	-0.019531
5.475000	1.889648	0.722656
5.480000	1.406250	1.191406
5.485000	0.620117	1.254883
5.490000	-0.219727	0.830078
5.495000	-0.727539	-0.849609
5.500000	-0.156250	-2.910156
5.505000	1.752930	-3.442383
5.510000	4.003906	-2.441406
5.515000	5.581055	-0.581055
5.520000	5.595703	1.274414
5.525000	4.956055	2.426758
5.530000	3.354492	2.578125
5.535000	1.655273	1.875000
5.540000	0.410156	0.737305
5.545000	-0.087891	-0.366211
5.550000	0.136719	-1.079102
5.555000	0.839844	-1.108398
5.560000	1.562500	-0.576172
5.565000	1.938477	0.205078
5.570000	1.801758	0.898438
5.575000	1.215820	1.245117
5.580000	0.375977	1.210938
5.585000	-0.419922	0.502930
5.590000	-0.712891	-1.508789
5.595000	0.283203	-3.237305
5.600000	2.402344	-3.291016
5.605000	4.560547	-1.958008
5.610000	5.595703	-0.019531
5.615000	5.595703	1.689453
5.620000	4.555664	2.563477
5.625000	2.861328	2.456055
5.630000	1.240234	1.572266
5.635000	0.185547	0.415039
5.640000	-0.092773	-0.634766
5.645000	0.307617	-1.157227
5.650000	1.064453	-1.005859
5.655000	1.713867	-0.366211
5.660000	1.953125	0.419922
5.665000	1.665039	1.040039
5.670000	0.986328	1.279297
5.675000	0.136719	1.123047
5.680000	-0.595703	0.053711
5.685000	-0.595703	-2.143555
5.690000	0.810547	-3.422852
5.695000	3.051758	-3.032227
5.700000	5.039062	-1.435547
5.705000	5.595703	0.517578
5.710000	5.444336	2.041016
5.715000	4.101562	2.631836
5.720000	2.373047	2.265625
5.725000	0.869141	1.254883
5.730000	0.029297	0.102539
5.735000	-0.039062	-0.849609
5.740000	0.507812	-1.176758
5.745000	1.269531	-0.864258
5.750000	1.831055	-0.146484
5.755000	1.923828	0.625000
5.760000	1.503906	1.147461
5.765000	0.751953	1.269531
5.770000	-0.092773	0.957031
5.775000	-0.703125	-0.512695
5.780000	-0.341797	-2.680664
5.785000	1.406250	-3.471680
5.790000	3.686523	-2.666016
5.795000	5.434570	-0.883789
5.800000	5.595703	1.025391
5.805000	5.141602	2.314453
5.810000	3.627930	2.617188
5.815000	1.894531	2.021484
5.820000	0.556641	0.917969
5.825000	-0.063477	-0.209961
5.830000	0.063477	-1.015625
5.835000	0.722656	-1.142578
5.840000	1.464844	-0.683594
5.845000	1.909180	0.083008
5.850000	1.855469	0.805664
5.855000	1.313477	1.225586
5.860000	0.512695	1.235352
5.865000	-0.312500	0.693359
5.870000	-0.737305	-1.157227
5.875000	0.039062	-3.081055
5.880000	2.045898	-3.388672
5.885000	4.267578	-2.226562
5.890000	5.595703	-0.322266
5.895000	5.595703	1.474609
5.900000	4.775391	2.500000
5.905000	3.125000	2.524414
5.910000	1.455078	1.733398
5.915000	0.297852	0.585938
5.920000	-0.097656	-0.502930
5.925000	0.214844	-1.123047
5.930000	0.942383	-1.064453
5.935000	1.630859	-0.483398
5.940000	1.948242	0.307617
5.945000	1.738281	0.961914
5.950000	1.108398	1.264648
5.955000	0.268555	1.176758
5.960000	-0.507812	0.312500
5.965000	-0.673828	-1.806641
5.970000	0.517578	-3.339844
5.975000	2.700195	-3.178711
5.980000	4.794922	-1.723633
5.985000	5.595703	0.234375
5.990000	5.576172	1.860352
5.995000	4.350586	2.607422
6.000000	2.626953	2.373047
6.005000	1.064453	1.430664
6.010000	0.107422	0.268555
6.015000	-0.078125	-0.742188
6.020000	0.400391	-1.171875
6.025000	1.166992	-0.937500
6.030000	1.772461	-0.263672
6.035000	1.938477	0.512695
6.040000	1.596680	1.088867
6.045000	0.883789	1.279297
6.050000	0.029297	1.059570
6.055000	-0.649414	-0.195312
6.060000	-0.493164	-2.412109
6.065000	1.088867	-3.461914
6.070000	3.349609	-2.871094
6.075000	5.234375	-1.186523
6.080000	5.595703	0.761719
6.085000	5.317383	2.177734
6.090000	3.881836	2.631836
6.095000	2.143555	2.158203
6.100000	0.712891	1.103516
6.105000	-0.024414	-0.043945
6.110000	0.000000	-0.932617
6.115000	0.605469	-1.171875
6.120000	1.362305	-0.781250
6.125000	1.870117	-0.039062
6.130000	1.894531	0.712891
6.135000	1.420898	1.186523
6.140000	0.639648	1.254883
6.145000	-0.200195	0.854492
6.150000	-0.727539	-0.800781
6.155000	-0.185547	-2.880859
6.160000	1.699219	-3.452148
6.165000	3.959961	-2.470703
6.170000	5.576172	-0.620117
6.175000	5.595703	1.240234
6.180000	4.980469	2.412109
6.185000	3.398438	2.583008
6.190000	1.684570	1.894531
6.195000	0.429688	0.766602
6.200000	-0.092773	-0.341797
6.205000	0.131836	-1.069336
6.210000	0.820312	-1.113281
6.215000	1.547852	-0.590820
6.220000	1.928711	0.190430
6.225000	1.806641	0.883789
6.230000	1.230469	1.245117
6.235000	0.395508	1.210938
6.240000	-0.410156	0.532227
6.245000	-0.717773	-1.455078
6.250000	0.249023	-3.222656
6.255000	2.353516	-3.310547
6.260000	4.521484	-1.997070
6.265000	5.590820	-0.058594
6.270000	5.590820	1.665039
6.275000	4.584961	2.558594
6.280000	2.895508	2.465820
6.285000	1.264648	1.596680
6.290000	0.200195	0.439453
6.295000	-0.092773	-0.615234
6.300000	0.297852	-1.147461
6.305000	1.044922	-1.010742
6.310000	1.699219	-0.380859
6.315000	1.948242	0.405273
6.320000	1.679688	1.025391
6.325000	1.000977	1.274414
6.330000	0.151367	1.127930
6.335000	-0.581055	0.083008
6.340000	-0.600586	-2.099609
6.345000	0.776367	-3.417969
6.350000	3.007812	-3.051758
6.355000	5.009766	-1.469727
6.360000	5.595703	0.488281
6.365000	5.463867	2.016602
6.370000	4.135742	2.626953
6.375000	2.402344	2.280273
6.380000	0.893555	1.269531
6.385000	0.043945	0.117188
6.390000	-0.043945	-0.834961
6.395000	0.493164	-1.181641
6.400000	1.254883	-0.869141
6.405000	1.826172	-0.161133
6.410000	1.923828	0.615234
6.415000	1.518555	1.142578
6.420000	0.761719	1.269531
6.425000	-0.083008	0.971680
6.430000	-0.698242	-0.478516
6.435000	-0.361328	-2.646484
6.440000	1.367188	-3.471680
6.445000	3.642578	-2.695312
6.450000	5.415039	-0.922852
6.455000	5.595703	0.991211
6.460000	5.166016	2.294922
6.465000	3.657227	2.617188
6.470000	1.923828	2.036133
6.475000	0.576172	0.942383
6.480000	-0.058594	-0.190430
6.485000	0.058594	-1.000977
6.490000	0.708008	-1.142578
6.495000	1.450195	-0.693359
6.500000	1.904297	0.063477
6.505000	1.855469	0.795898
6.510000	1.323242	1.220703
6.515000	0.517578	1.240234
6.520000	-0.302734	0.717773
6.525000	-0.742188	-1.113281
6.530000	0.009766	-3.061523
6.535000	2.006836	-3.398438
6.540000	4.233398	-2.250977
6.545000	5.595703	-0.356445
6.550000	5.595703	1.445312
6.555000	4.804688	2.495117
6.560000	3.154297	2.529297
6.565000	1.479492	1.752930
6.570000	0.312500	0.605469
6.575000	-0.097656	-0.478516
6.580000	0.209961	-1.113281
6.585000	0.932617	-1.069336
6.590000	1.621094	-0.493164
6.595000	1.943359	0.292969
6.600000	1.748047	0.952148
6.605000	1.123047	1.264648
6.610000	0.278320	1.181641
6.615000	-0.498047	0.332031
6.620000	-0.673828	-1.772461
6.625000	0.493164	-3.330078
6.630000	2.670898	-3.203125
6.635000	4.765625	-1.752930
6.640000	5.595703	0.205078
6.645000	5.581055	1.845703
6.650000	4.375000	2.602539
6.655000	2.656250	2.382812
6.660000	1.083984	1.445312
6.665000	0.117188	0.288086
6.670000	-0.083008	-0.727539
6.675000	0.390625	-1.171875
6.680000	1.157227	-0.947266
6.685000	1.767578	-0.273438
6.690000	1.943359	0.502930
6.695000	1.611328	1.088867
6.700000	0.893555	1.279297
6.705000	0.039062	1.069336
6.710000	-0.639648	-0.166016
6.715000	-0.507812	-2.377930
6.720000	1.049805	-3.461914
6.725000	3.315430	-2.890625
6.730000	5.214844	-1.215820
6.735000	5.595703	0.732422
6.740000	5.332031	2.158203
6.745000	3.906250	2.631836
6.750000	2.172852	2.167969
6.755000	0.737305	1.118164
6.760000	-0.014648	-0.029297
6.765000	-0.004883	-0.922852
6.770000	0.600586	-1.171875
6.775000	1.352539	-0.791016
6.780000	1.865234	-0.048828
6.785000	1.894531	0.698242
6.790000	1.425781	1.181641
6.795000	0.649414	1.254883
6.800000	-0.190430	0.869141
6.805000	-0.722656	-0.771484
6.810000	-0.200195	-2.856445
6.815000	1.669922	-3.447266
6.820000	3.930664	-2.490234
6.825000	5.571289	-0.649414
6.830000	5.590820	1.220703
6.835000	5.000000	2.402344
6.840000	3.422852	2.587891
6.845000	1.704102	1.904297
6.850000	0.444336	0.781250
6.855000	-0.087891	-0.327148
6.860000	0.122070	-1.059570
6.865000	0.815430	-1.118164
6.870000	1.538086	-0.605469
6.875000	1.933594	0.175781
6.880000	1.811523	0.874023
6.885000	1.230469	1.240234
6.890000	0.405273	1.220703
6.895000	-0.395508	0.551758
6.900000	-0.722656	-1.425781
6.905000	0.224609	-3.208008
6.910000	2.319336	-3.315430
6.915000	4.497070	-2.016602
6.920000	5.595703	-0.087891
6.925000	5.595703	1.645508
6.930000	4.604492	2.553711
6.935000	2.919922	2.470703
6.940000	1.279297	1.611328
6.945000	0.209961	0.454102
6.950000	-0.092773	-0.605469
6.955000	0.288086	-1.147461
6.960000	1.035156	-1.015625
6.965000	1.699219	-0.390625
6.970000	1.948242	0.395508
6.975000	1.689453	1.020508
6.980000	1.015625	1.274414
6.985000	0.161133	1.137695
6.990000	-0.576172	0.112305
6.995000	-0.610352	-2.070312
7.000000	0.742188	-3.408203
7.005000	2.973633	-3.061523
7.010000	4.990234	-1.494141
7.015000	5.595703	0.458984
7.020000	5.478516	2.001953
7.025000	4.160156	2.631836
7.030000	2.426758	2.290039
7.035000	0.913086	1.289062
7.040000	0.048828	0.131836
7.045000	-0.048828	-0.825195
7.050000	0.483398	-1.176758
7.055000	1.245117	-0.874023
7.060000	1.816406	-0.170898
7.065000	1.923828	0.600586
7.070000	1.528320	1.137695
7.075000	0.776367	1.274414
7.080000	-0.068359	0.981445
7.085000	-0.693359	-0.449219
7.090000	-0.371094	-2.626953
7.095000	1.337891	-3.476562
7.100000	3.618164	-2.709961
7.105000	5.395508	-0.947266
7.110000	5.595703	0.971680
7.115000	5.180664	2.290039
7.120000	3.681641	2.617188
7.125000	1.948242	2.050781
7.130000	0.585938	0.957031
7.135000	-0.058594	-0.180664
7.140000	0.048828	-0.996094
7.145000	0.698242	-1.147461
7.150000	1.445312	-0.703125
7.155000	1.904297	0.058594
7.160000	1.860352	0.786133
7.165000	1.333008	1.220703
7.170000	0.537109	1.240234
7.175000	-0.292969	0.732422
7.180000	-0.742188	-1.083984
7.185000	-0.009766	-3.041992
7.190000	1.977539	-3.408203
7.195000	4.208984	-2.275391
7.200000	5.590820	-0.380859
7.205000	5.595703	1.425781
7.210000	4.819336	2.485352
7.215000	3.178711	2.539062
7.220000	1.499023	1.772461
7.225000	0.322266	0.620117
7.230000	-0.097656	-0.463867
7.235000	0.195312	-1.108398
7.240000	0.922852	-1.074219
7.245000	1.616211	-0.502930
7.250000	1.943359	0.283203
7.255000	1.757812	0.947266
7.260000	1.132812	1.264648
7.265000	0.292969	1.181641
7.270000	-0.488281	0.356445
7.275000	-0.683594	-1.743164
7.280000	0.458984	-3.320312
7.285000	2.631836	-3.208008
7.290000	4.741211	-1.782227
7.295000	5.595703	0.175781
7.300000	5.585938	1.826172
7.305000	4.399414	2.602539
7.310000	2.680664	2.392578
7.315000	1.098633	1.459961
7.320000	0.122070	0.302734
7.325000	-0.083008	-0.712891
7.330000	0.375977	-1.171875
7.335000	1.142578	-0.952148
7.340000	1.752930	-0.288086
7.345000	1.938477	0.498047
7.350000	1.611328	1.079102
7.355000	0.903320	1.279297
7.360000	0.053711	1.074219
7.365000	-0.634766	-0.141602
7.370000	-0.517578	-2.358398
7.375000	1.025391	-3.457031
7.380000	3.286133	-2.910156
7.385000	5.190430	-1.235352
7.390000	5.595703	0.708008
7.395000	5.341797	2.148438
7.400000	3.930664	2.631836
7.405000	2.192383	2.182617
7.410000	0.747070	1.132812
7.415000	-0.009766	-0.014648
7.420000	-0.009766	-0.917969
7.425000	0.585938	-1.171875
7.430000	1.342773	-0.795898
7.435000	1.865234	-0.063477
7.440000	1.899414	0.693359
7.445000	1.435547	1.181641
7.450000	0.659180	1.259766
7.455000	-0.180664	0.878906
7.460000	-0.727539	-0.742188
7.465000	-0.214844	-2.841797
7.470000	1.640625	-3.457031
7.475000	3.901367	-2.509766
7.480000	5.561523	-0.678711
7.485000	5.595703	1.196289
7.490000	5.014648	2.387695
7.495000	3.447266	2.592773
7.500000	1.728516	1.923828
7.505000	0.454102	0.795898
7.510000	-0.087891	-0.317383
7.515000	0.117188	-1.059570
7.520000	0.800781	-1.118164
7.525000	1.528320	-0.610352
7.530000	1.928711	0.166016
7.535000	1.816406	0.864258
7.540000	1.245117	1.240234
7.545000	0.419922	1.220703
7.550000	-0.395508	0.571289
7.555000	-0.727539	-1.391602
7.560000	0.205078	-3.188477
7.565000	2.290039	-3.325195
7.570000	4.467773	-2.045898
7.575000	5.595703	-0.117188
7.580000	5.595703	1.625977
7.585000	4.624023	2.543945
7.590000	2.944336	2.475586
7.595000	1.298828	1.625977
7.600000	0.224609	0.468750
7.605000	-0.092773	-0.590820
7.610000	0.283203	-1.142578
7.615000	1.025391	-1.025391
7.620000	1.689453	-0.405273
7.625000	1.948242	0.385742
7.630000	1.694336	1.010742
7.635000	1.025391	1.274414
7.640000	0.175781	1.142578
7.645000	-0.571289	0.131836
7.650000	-0.620117	-2.045898
7.655000	0.722656	-3.403320
7.660000	2.944336	-3.081055
7.665000	4.965820	-1.523438
7.670000	5.595703	0.434570
7.675000	5.488281	1.987305
7.680000	4.179688	2.622070
7.685000	2.451172	2.294922
7.690000	0.927734	1.303711
7.695000	0.053711	0.151367
7.700000	-0.053711	-0.820312
7.705000	0.473633	-1.181641
7.710000	1.240234	-0.888672
7.715000	1.816406	-0.180664
7.720000	1.928711	0.595703
7.725000	1.538086	1.127930
7.730000	0.791016	1.274414
7.735000	-0.058594	0.991211
7.740000	-0.693359	-0.415039
7.745000	-0.385742	-2.602539
7.750000	1.303711	-3.476562
7.755000	3.588867	-2.734375
7.760000	5.380859	-0.976562
7.765000	5.595703	0.942383
7.770000	5.200195	2.275391
7.775000	3.706055	2.626953
7.780000	1.972656	2.065430
7.785000	0.600586	0.971680
7.790000	-0.053711	-0.161133
7.795000	0.043945	-0.986328
7.800000	0.683594	-1.147461
7.805000	1.435547	-0.708008
7.810000	1.899414	0.048828
7.815000	1.860352	0.776367
7.820000	1.347656	1.215820
7.825000	0.546875	1.245117
7.830000	-0.283203	0.747070
7.835000	-0.742188	-1.049805
7.840000	-0.034180	-3.022461
7.845000	1.948242	-3.413086
7.850000	4.174805	-2.299805
7.855000	5.590820	-0.410156
7.860000	5.590820	1.401367
7.865000	4.838867	2.480469
7.870000	3.203125	2.539062
7.875000	1.518555	1.782227
7.880000	0.336914	0.639648
7.885000	-0.092773	-0.454102
7.890000	0.190430	-1.108398
7.895000	0.913086	-1.074219
7.900000	1.611328	-0.517578
7.905000	1.938477	0.268555
7.910000	1.762695	0.937500
7.915000	1.142578	1.259766
7.920000	0.302734	1.186523
7.925000	-0.478516	0.375977
7.930000	-0.688477	-1.708984
7.935000	0.439453	-3.305664
7.940000	2.597656	-3.222656
7.945000	4.716797	-1.806641
7.950000	5.595703	0.151367
7.955000	5.585938	1.806641
7.960000	4.418945	2.597656
7.965000	2.705078	2.402344
7.970000	1.118164	1.479492
7.975000	0.131836	0.312500
7.980000	-0.083008	-0.708008
7.985000	0.371094	-1.171875
7.990000	1.132812	-0.961914
7.995000	1.752930	-0.297852
8.000000	1.943359	0.483398
8.005000	1.621094	1.074219
8.010000	0.917969	1.274414
8.015000	0.058594	1.079102
8.020000	-0.629883	-0.117188
8.025000	-0.527344	-2.329102
8.030000	0.991211	-3.452148
8.035000	3.256836	-2.924805
8.040000	5.175781	-1.264648
8.045000	5.590820	0.683594
8.050000	5.361328	2.133789
8.055000	3.959961	2.631836
8.060000	2.216797	2.192383
8.065000	0.766602	1.152344
8.070000	-0.004883	0.000000
8.075000	-0.009766	-0.908203
8.080000	0.576172	-1.171875
8.085000	1.328125	-0.805664
8.090000	1.860352	-0.073242
8.095000	1.904297	0.683594
8.100000	1.450195	1.176758
8.105000	0.673828	1.264648
8.110000	-0.166016	0.888672
8.115000	-0.727539	-0.708008
8.120000	-0.234375	-2.822266
8.125000	1.606445	-3.457031
8.130000	3.872070	-2.534180
8.135000	5.541992	-0.703125
8.140000	5.595703	1.176758
8.145000	5.034180	2.382812
8.150000	3.471680	2.592773
8.155000	1.752930	1.933594
8.160000	0.473633	0.810547
8.165000	-0.087891	-0.302734
8.170000	0.107422	-1.054688
8.175000	0.791016	-1.127930
8.180000	1.518555	-0.625000
8.185000	1.923828	0.156250
8.190000	1.821289	0.854492
8.195000	1.250000	1.240234
8.200000	0.429688	1.225586
8.205000	-0.380859	0.585938
8.210000	-0.727539	-1.362305
8.215000	0.180664	-3.173828
8.220000	2.260742	-3.334961
8.225000	4.448242	-2.070312
8.230000	5.590820	-0.136719
8.235000	5.595703	1.601562
8.240000	4.643555	2.539062
8.245000	2.963867	2.485352
8.250000	1.318359	1.640625
8.255000	0.234375	0.483398
8.260000	-0.097656	-0.581055
8.265000	0.273438	-1.142578
8.270000	1.015625	-1.030273
8.275000	1.684570	-0.410156
8.280000	1.948242	0.375977
8.285000	1.699219	1.005859
8.290000	1.040039	1.274414
8.295000	0.185547	1.152344
8.300000	-0.561523	0.151367
8.305000	-0.625000	-2.016602
8.310000	0.693359	-3.398438
8.315000	2.910156	-3.095703
8.320000	4.946289	-1.552734
8.325000	5.595703	0.405273
8.330000	5.502930	1.972656
8.335000	4.204102	2.622070
8.340000	2.470703	2.309570
8.345000	0.947266	1.323242
8.350000	0.058594	0.166016
8.355000	-0.053711	-0.810547
8.360000	0.463867	-1.176758
8.365000	1.230469	-0.893555
8.370000	1.806641	-0.195312
8.375000	1.923828	0.581055
8.380000	1.538086	1.123047
8.385000	0.800781	1.279297
8.390000	-0.043945	1.000977
8.395000	-0.683594	-0.390625
8.400000	-0.400391	-2.578125
8.405000	1.279297	-3.471680
8.410000	3.554688	-2.749023
8.415000	5.356445	-1.000977
8.420000	5.595703	0.922852
8.425000	5.214844	2.260742
8.430000	3.725586	2.626953
8.435000	1.992188	2.075195
8.440000	0.620117	0.991211
8.445000	-0.048828	-0.146484
8.450000	0.039062	-0.981445
8.455000	0.673828	-1.152344
8.460000	1.425781	-0.722656
8.465000	1.894531	0.034180
8.470000	1.865234	0.771484
8.475000	1.352539	1.206055
8.480000	0.556641	1.245117
8.485000	-0.273438	0.756836
8.490000	-0.737305	-1.020508
8.495000	-0.053711	-3.007812
8.500000	1.914062	-3.417969
8.505000	4.155273	-2.319336
8.510000	5.590820	-0.434570
8.515000	5.595703	1.386719
8.520000	4.863281	2.475586
8.525000	3.227539	2.543945
8.530000	1.538086	1.801758
8.535000	0.346680	0.654297
8.540000	-0.097656	-0.444336
8.545000	0.180664	-1.103516
8.550000	0.898438	-1.083984
8.555000	1.601562	-0.522461
8.560000	1.943359	0.258789
8.565000	1.767578	0.932617
8.570000	1.152344	1.259766
8.575000	0.312500	1.191406
8.580000	-0.473633	0.395508
8.585000	-0.693359	-1.674805
8.590000	0.415039	-3.300781
8.595000	2.568359	-3.232422
8.600000	4.692383	-1.826172
8.605000	5.595703	0.126953
8.610000	5.590820	1.787109
8.615000	4.438477	2.592773
8.620000	2.729492	2.412109
8.625000	1.137695	1.494141
8.630000	0.141602	0.332031
8.635000	-0.087891	-0.693359
8.640000	0.361328	-1.166992
8.645000	1.118164	-0.966797
8.650000	1.748047	-0.312500
8.655000	1.948242	0.478516
8.660000	1.630859	1.069336
8.665000	0.927734	1.279297
8.670000	0.073242	1.088867
8.675000	-0.625000	-0.087891
8.680000	-0.537109	-2.294922
8.685000	0.966797	-3.447266
8.690000	3.222656	-2.944336
8.695000	5.151367	-1.293945
8.700000	5.595703	0.659180
8.705000	5.375977	2.119141
8.710000	3.979492	2.631836
8.715000	2.241211	2.207031
8.720000	0.781250	1.166992
8.725000	-0.004883	0.014648
8.730000	-0.014648	-0.903320
8.735000	0.566406	-1.176758
8.740000	1.318359	-0.815430
8.745000	1.860352	-0.083008
8.750000	1.909180	0.673828
8.755000	1.459961	1.171875
8.760000	0.688477	1.269531
8.765000	-0.156250	0.903320
8.770000	-0.722656	-0.673828
8.775000	-0.253906	-2.797852
8.780000	1.572266	-3.457031
8.785000	3.837891	-2.558594
8.790000	5.527344	-0.737305
8.795000	5.595703	1.152344
8.800000	5.053711	2.373047
8.805000	3.496094	2.597656
8.810000	1.777344	1.948242
8.815000	0.483398	0.834961
8.820000	-0.083008	-0.288086
8.825000	0.097656	-1.049805
8.830000	0.781250	-1.127930
8.835000	1.513672	-0.625000
8.840000	1.923828	0.141602
8.845000	1.831055	0.849609
8.850000	1.259766	1.235352
8.855000	0.444336	1.225586
8.860000	-0.366211	0.605469
8.865000	-0.727539	-1.318359
8.870000	0.151367	-3.159180
8.875000	2.221680	-3.349609
8.880000	4.409180	-2.099609
8.885000	5.595703	-0.170898
8.890000	5.595703	1.582031
8.895000	4.667969	2.534180
8.900000	2.998047	2.490234
8.905000	1.347656	1.660156
8.910000	0.244141	0.507812
8.915000	-0.097656	-0.561523
8.920000	0.258789	-1.142578
8.925000	1.000977	-1.035156
8.930000	1.674805	-0.424805
8.935000	1.948242	0.361328
8.940000	1.708984	0.996094
8.945000	1.049805	1.274414
8.950000	0.205078	1.152344
8.955000	-0.556641	0.185547
8.960000	-0.634766	-1.972656
8.965000	0.659180	-3.388672
8.970000	2.871094	-3.110352
8.975000	4.921875	-1.582031
8.980000	5.595703	0.375977
8.985000	5.512695	1.953125
8.990000	4.233398	2.617188
8.995000	2.500000	2.319336
9.000000	0.961914	1.342773
9.005000	0.063477	0.180664
9.010000	-0.058594	-0.795898
9.015000	0.454102	-1.176758
9.020000	1.220703	-0.908203
9.025000	1.806641	-0.209961
9.030000	1.933594	0.576172
9.035000	1.552734	1.113281
9.040000	0.820312	1.279297
9.045000	-0.034180	1.010742
9.050000	-0.678711	-0.351562
9.055000	-0.419922	-2.543945
9.060000	1.245117	-3.471680
9.065000	3.515625	-2.773438
9.070000	5.336914	-1.040039
9.075000	5.595703	0.893555
9.080000	5.234375	2.246094
9.085000	3.754883	2.626953
9.090000	2.026367	2.094727
9.095000	0.629883	1.015625
9.100000	-0.043945	-0.126953
9.105000	0.029297	-0.976562
9.110000	0.659180	-1.157227
9.115000	1.411133	-0.737305
9.120000	1.894531	0.019531
9.125000	1.875000	0.761719
9.130000	1.372070	1.206055
9.135000	0.576172	1.250000
9.140000	-0.258789	0.781250
9.145000	-0.737305	-0.976562
9.150000	-0.078125	-2.983398
9.155000	1.875000	-3.422852
9.160000	4.111328	-2.353516
9.165000	5.590820	-0.478516
9.170000	5.595703	1.352539
9.175000	4.887695	2.456055
9.180000	3.266602	2.558594
9.185000	1.572266	1.821289
9.190000	0.361328	0.673828
9.195000	-0.092773	-0.419922
9.200000	0.170898	-1.098633
9.205000	0.883789	-1.093750
9.210000	1.586914	-0.541992
9.215000	1.938477	0.244141
9.220000	1.777344	0.927734
9.225000	1.166992	1.259766
9.230000	0.332031	1.201172
9.235000	-0.458984	0.424805
9.240000	-0.703125	-1.625977
9.245000	0.375977	-3.281250
9.250000	2.519531	-3.247070
9.255000	4.653320	-1.865234
9.260000	5.595703	0.087891
9.265000	5.590820	1.762695
9.270000	4.472656	2.583008
9.275000	2.763672	2.421875
9.280000	1.166992	1.513672
9.285000	0.151367	0.356445
9.290000	-0.087891	-0.678711
9.295000	0.346680	-1.162109
9.300000	1.103516	-0.981445
9.305000	1.743164	-0.327148
9.310000	1.948242	0.458984
9.315000	1.635742	1.059570
9.320000	0.947266	1.284180
9.325000	0.087891	1.098633
9.330000	-0.620117	-0.048828
9.335000	-0.556641	-2.250977
9.340000	0.917969	-3.442383
9.345000	3.173828	-2.968750
9.350000	5.122070	-1.328125
9.355000	5.595703	0.615234
9.360000	5.395508	2.099609
9.365000	4.013672	2.631836
9.370000	2.275391	2.221680
9.375000	0.805664	1.191406
9.380000	0.004883	0.034180
9.385000	-0.024414	-0.883789
9.390000	0.551758	-1.176758
9.395000	1.308594	-0.830078
9.400000	1.850586	-0.102539
9.405000	1.914062	0.659180
9.410000	1.474609	1.162109
9.415000	0.708008	1.269531
9.420000	-0.136719	0.917969
9.425000	-0.712891	-0.629883
9.430000	-0.278320	-2.763672
9.435000	1.528320	-3.466797
9.440000	3.789062	-2.592773
9.445000	5.498047	-0.781250
9.450000	5.595703	1.113281
9.455000	5.083008	2.353516
9.460000	3.530273	2.602539
9.465000	1.811523	1.972656
9.470000	0.502930	0.859375
9.475000	-0.073242	-0.268555
9.480000	0.092773	-1.040039
9.485000	0.766602	-1.137695
9.490000	1.499023	-0.649414
9.495000	1.918945	0.122070
9.500000	1.835938	0.834961
9.505000	1.274414	1.235352
9.510000	0.463867	1.235352
9.515000	-0.356445	0.629883
9.520000	-0.732422	-1.274414
9.525000	0.122070	-3.139648
9.530000	2.177734	-3.359375
9.535000	4.375000	-2.133789
9.540000	5.590820	-0.209961
9.545000	5.595703	1.547852
9.550000	4.702148	2.524414
9.555000	3.037109	2.500000
9.560000	1.372070	1.684570
9.565000	0.258789	0.527344
9.570000	-0.097656	-0.546875
9.575000	0.244141	-1.137695
9.580000	0.991211	-1.044922
9.585000	1.660156	-0.444336
9.590000	1.948242	0.346680
9.595000	1.718750	0.991211
9.600000	1.069336	1.269531
9.605000	0.219727	1.157227
9.610000	-0.537109	0.219727
9.615000	-0.644531	-1.923828
9.620000	0.620117	-3.374023
9.625000	2.827148	-3.129883
9.630000	4.882812	-1.621094
9.635000	5.595703	0.336914
9.640000	5.537109	1.928711
9.645000	4.262695	2.617188
9.650000	2.529297	2.333984
9.655000	0.996094	1.367188
9.660000	0.073242	0.205078
9.665000	-0.068359	-0.781250
9.670000	0.434570	-1.176758
9.675000	1.206055	-0.917969
9.680000	1.796875	-0.224609
9.685000	1.938477	0.556641
9.690000	1.567383	1.108398
9.695000	0.834961	1.279297
9.700000	-0.014648	1.025391
9.705000	-0.673828	-0.302734
9.710000	-0.444336	-2.504883
9.715000	1.196289	-3.471680
9.720000	3.466797	-2.802734
9.725000	5.307617	-1.079102
9.730000	5.595703	0.854492
9.735000	5.258789	2.226562
9.740000	3.789062	2.626953
9.745000	2.055664	2.109375
9.750000	0.654297	1.035156
9.755000	-0.039062	-0.107422
9.760000	0.019531	-0.961914
9.765000	0.644531	-1.162109
9.770000	1.396484	-0.751953
9.775000	1.889648	0.004883
9.780000	1.879883	0.747070
9.785000	1.386719	1.201172
9.790000	0.590820	1.254883
9.795000	-0.244141	0.800781
9.800000	-0.737305	-0.922852
9.805000	-0.112305	-2.958984
9.810000	1.821289	-3.432617
9.815000	4.067383	-2.387695
9.820000	5.585938	-0.517578
9.825000	5.595703	1.323242
9.830000	4.912109	2.446289
9.835000	3.305664	2.558594
9.840000	1.601562	1.845703
9.845000	0.380859	0.703125
9.850000	-0.097656	-0.400391
9.855000	0.161133	-1.093750
9.860000	0.864258	-1.098633
9.865000	1.582031	-0.556641
9.870000	1.938477	0.229492
9.875000	1.787109	0.913086
9.880000	1.186523	1.254883
9.885000	0.356445	1.206055
9.890000	-0.444336	0.458984
9.895000	-0.703125	-1.582031
9.900000	0.336914	-3.266602
9.905000	2.475586	-3.271484
9.910000	4.619141	-1.904297
9.915000	5.590820	0.039062
9.920000	5.590820	1.733398
9.925000	4.506836	2.578125
9.930000	2.802734	2.431641
9.935000	1.196289	1.538086
9.940000	0.166016	0.380859
9.945000	-0.092773	-0.654297
9.950000	0.332031	-1.162109
9.955000	1.088867	-0.991211
9.960000	1.723633	-0.346680
9.965000	1.948242	0.449219
9.970000	1.655273	1.049805
9.975000	0.961914	1.279297
9.980000	0.112305	1.108398
9.985000	-0.605469	-0.004883
9.990000	-0.571289	-2.207031
9.995000	0.874023	-3.432617
10.000000	3.125000	-2.993164
