# Time_s	x	xdot
0.000000	1.323242	0.454102
0.005000	1.030273	0.590820
0.010000	0.629883	0.595703
0.015000	0.234375	0.522461
0.020000	-0.117188	0.366211
0.025000	-0.356445	-0.190430
0.030000	-0.224609	-0.869141
0.035000	0.332031	-0.952148
0.040000	0.961914	-0.595703
0.045000	1.342773	-0.107422
0.050000	1.416016	0.297852
0.055000	1.230469	0.532227
0.060000	0.874023	0.605469
0.065000	0.468750	0.571289
0.070000	0.083008	0.488281
0.075000	-0.244141	0.190430
0.080000	-0.361328	-0.502930
0.085000	-0.034180	-0.986328
0.090000	0.610352	-0.839844
0.095000	1.162109	-0.390625
0.100000	1.411133	0.073242
0.105000	1.357422	0.415039
0.110000	1.088867	0.576172
0.115000	0.703125	0.595703
0.120000	0.302734	0.537109
0.125000	-0.063477	0.415039
0.130000	-0.322266	-0.068359
0.135000	-0.283203	-0.781250
0.140000	0.219727	-0.986328
0.145000	0.864258	-0.673828
0.150000	1.298828	-0.190430
0.155000	1.425781	0.234375
0.160000	1.269531	0.502930
0.165000	0.937500	0.595703
0.170000	0.537109	0.576172
0.175000	0.146484	0.498047
0.180000	-0.195312	0.273438
0.185000	-0.366211	-0.371094
0.190000	-0.117188	-0.947266
0.195000	0.498047	-0.898438
0.200000	1.083984	-0.478516
0.205000	1.391602	0.000000
0.210000	1.391602	0.371094
0.215000	1.152344	0.561523
0.220000	0.771484	0.605469
0.225000	0.371094	0.551758
0.230000	-0.004883	0.454102
0.235000	-0.297852	0.048828
0.240000	-0.322266	-0.673828
0.245000	0.112305	-0.996094
0.250000	0.761719	-0.747070
0.255000	1.245117	-0.278320
0.260000	1.425781	0.170898
0.265000	1.308594	0.468750
0.270000	1.000977	0.595703
0.275000	0.610352	0.585938
0.280000	0.209961	0.517578
0.285000	-0.136719	0.341797
0.290000	-0.361328	-0.239258
0.295000	-0.195312	-0.898438
0.300000	0.380859	-0.942383
0.305000	1.000977	-0.561523
0.310000	1.362305	-0.078125
0.315000	1.411133	0.312500
0.320000	1.206055	0.537109
0.325000	0.844727	0.605469
0.330000	0.434570	0.566406
0.335000	0.058594	0.478516
0.340000	-0.258789	0.151367
0.345000	-0.351562	-0.556641
0.350000	0.009766	-0.986328
0.355000	0.654297	-0.815430
0.360000	1.191406	-0.361328
0.365000	1.420898	0.107422
0.370000	1.347656	0.429688
0.375000	1.069336	0.581055
0.380000	0.673828	0.595703
0.385000	0.278320	0.537109
0.390000	-0.083008	0.395508
0.395000	-0.341797	-0.117188
0.400000	-0.258789	-0.820312
0.405000	0.268555	-0.976562
0.410000	0.903320	-0.639648
0.415000	1.318359	-0.156250
0.420000	1.420898	0.258789
0.425000	1.250000	0.512695
0.430000	0.913086	0.600586
0.435000	0.507812	0.576172
0.440000	0.117188	0.493164
0.445000	-0.209961	0.239258
0.450000	-0.361328	-0.429688
0.455000	-0.083008	-0.966797
0.460000	0.541992	-0.874023
0.465000	1.118164	-0.444336
0.470000	1.401367	0.029297
0.475000	1.376953	0.385742
0.480000	1.123047	0.566406
0.485000	0.747070	0.600586
0.490000	0.341797	0.546875
0.495000	-0.024414	0.439453
0.500000	-0.312500	0.000000
0.505000	-0.312500	-0.717773
0.510000	0.156250	-0.991211
0.515000	0.805664	-0.717773
0.520000	1.269531	-0.239258
0.525000	1.430664	0.195312
0.530000	1.293945	0.483398
0.535000	0.976562	0.595703
0.540000	0.581055	0.585938
0.545000	0.185547	0.512695
0.550000	-0.166016	0.312500
0.555000	-0.361328	-0.292969
0.560000	-0.166016	-0.922852
0.565000	0.424805	-0.922852
0.570000	1.035156	-0.527344
0.575000	1.372070	-0.043945
0.580000	1.401367	0.336914
0.585000	1.181641	0.546875
0.590000	0.810547	0.605469
0.595000	0.410156	0.561523
0.600000	0.029297	0.463867
0.605000	-0.278320	0.112305
0.610000	-0.341797	-0.605469
0.615000	0.053711	-0.991211
0.620000	0.698242	-0.786133
0.625000	1.215820	-0.322266
0.630000	1.420898	0.136719
0.635000	1.333008	0.449219
0.640000	1.040039	0.585938
0.645000	0.649414	0.595703
0.650000	0.244141	0.527344
0.655000	-0.107422	0.380859
0.660000	-0.346680	-0.166016
0.665000	-0.239258	-0.854492
0.670000	0.312500	-0.961914
0.675000	0.937500	-0.610352
0.680000	1.337891	-0.122070
0.685000	1.420898	0.283203
0.690000	1.240234	0.527344
0.695000	0.888672	0.600586
0.700000	0.478516	0.571289
0.705000	0.092773	0.493164
0.710000	-0.234375	0.209961
0.715000	-0.361328	-0.483398
0.720000	-0.043945	-0.981445
0.725000	0.585938	-0.849609
0.730000	1.147461	-0.405273
0.735000	1.411133	0.058594
0.740000	1.367188	0.405273
0.745000	1.103516	0.576172
0.750000	0.722656	0.595703
0.755000	0.317383	0.537109
0.760000	-0.048828	0.419922
0.765000	-0.322266	-0.039062
0.770000	-0.292969	-0.766602
0.775000	0.200195	-0.986328
0.780000	0.844727	-0.683594
0.785000	1.289062	-0.205078
0.790000	1.425781	0.224609
0.795000	1.274414	0.493164
0.800000	0.952148	0.595703
0.805000	0.551758	0.581055
0.810000	0.156250	0.507812
0.815000	-0.180664	0.288086
0.820000	-0.361328	-0.346680
0.825000	-0.136719	-0.942383
0.830000	0.473633	-0.908203
0.835000	1.069336	-0.493164
0.840000	1.391602	-0.009766
0.845000	1.391602	0.356445
0.850000	1.162109	0.556641
0.855000	0.786133	0.605469
0.860000	0.380859	0.551758
0.865000	0.009766	0.458984
0.870000	-0.288086	0.068359
0.875000	-0.327148	-0.654297
0.880000	0.092773	-0.996094
0.885000	0.742188	-0.761719
0.890000	1.240234	-0.288086
0.895000	1.425781	0.161133
0.900000	1.313477	0.463867
0.905000	1.015625	0.595703
0.910000	0.620117	0.595703
0.915000	0.224609	0.517578
0.920000	-0.131836	0.351562
0.925000	-0.361328	-0.219727
0.930000	-0.209961	-0.888672
0.935000	0.361328	-0.947266
0.940000	0.981445	-0.576172
0.945000	1.352539	-0.087891
0.950000	1.411133	0.307617
0.955000	1.215820	0.537109
0.960000	0.854492	0.605469
0.965000	0.454102	0.566406
0.970000	0.073242	0.483398
0.975000	-0.249023	0.166016
0.980000	-0.356445	-0.532227
0.985000	-0.009766	-0.986328
0.990000	0.629883	-0.825195
0.995000	1.176758	-0.375977
1.000000	1.416016	0.092773
1.005000	1.352539	0.424805
1.010000	1.079102	0.576172
1.015000	0.688477	0.595703
1.020000	0.288086	0.537109
1.025000	-0.073242	0.405273
1.030000	-0.336914	-0.087891
1.035000	-0.273438	-0.800781
1.040000	0.244141	-0.981445
1.045000	0.883789	-0.654297
1.050000	1.313477	-0.170898
1.055000	1.420898	0.253906
1.060000	1.254883	0.507812
1.065000	0.922852	0.600586
1.070000	0.527344	0.576172
1.075000	0.131836	0.498047
1.080000	-0.200195	0.258789
1.085000	-0.366211	-0.400391
1.090000	-0.097656	-0.957031
1.095000	0.527344	-0.883789
1.100000	1.098633	-0.458984
1.105000	1.396484	0.019531
1.110000	1.386719	0.375977
1.115000	1.137695	0.566406
1.120000	0.761719	0.605469
1.125000	0.356445	0.546875
1.130000	-0.014648	0.444336
1.135000	-0.307617	0.024414
1.140000	-0.317383	-0.703125
1.145000	0.136719	-0.991211
1.150000	0.781250	-0.727539
1.155000	1.259766	-0.253906
1.160000	1.425781	0.185547
1.165000	1.298828	0.473633
1.170000	0.991211	0.595703
1.175000	0.590820	0.585938
1.180000	0.195312	0.517578
1.185000	-0.151367	0.327148
1.190000	-0.361328	-0.273438
1.195000	-0.175781	-0.913086
1.200000	0.405273	-0.932617
1.205000	1.015625	-0.546875
1.210000	1.367188	-0.058594
1.215000	1.406250	0.327148
1.220000	1.196289	0.541992
1.225000	0.830078	0.605469
1.230000	0.424805	0.561523
1.235000	0.043945	0.473633
1.240000	-0.268555	0.131836
1.245000	-0.346680	-0.585938
1.250000	0.029297	-0.991211
1.255000	0.673828	-0.800781
1.260000	1.206055	-0.336914
1.265000	1.420898	0.117188
1.270000	1.337891	0.439453
1.275000	1.049805	0.581055
1.280000	0.659180	0.595703
1.285000	0.258789	0.532227
1.290000	-0.092773	0.380859
1.295000	-0.346680	-0.141602
1.300000	-0.244141	-0.839844
1.305000	0.292969	-0.966797
1.310000	0.927734	-0.625000
1.315000	1.328125	-0.136719
1.320000	1.420898	0.273438
1.325000	1.240234	0.517578
1.330000	0.898438	0.605469
1.335000	0.493164	0.576172
1.340000	0.107422	0.493164
1.345000	-0.224609	0.224609
1.350000	-0.361328	-0.458984
1.355000	-0.063477	-0.976562
1.360000	0.566406	-0.864258
1.365000	1.132812	-0.424805
1.370000	1.406250	0.048828
1.375000	1.372070	0.395508
1.380000	1.118164	0.576172
1.385000	0.732422	0.600586
1.390000	0.327148	0.541992
1.395000	-0.039062	0.429688
1.400000	-0.322266	-0.019531
1.405000	-0.297852	-0.742188
1.410000	0.180664	-0.986328
1.415000	0.825195	-0.703125
1.420000	1.279297	-0.219727
1.425000	1.425781	0.214844
1.430000	1.284180	0.493164
1.435000	0.961914	0.595703
1.440000	0.561523	0.581055
1.445000	0.170898	0.507812
1.450000	-0.170898	0.302734
1.455000	-0.366211	-0.322266
1.460000	-0.151367	-0.932617
1.465000	0.454102	-0.917969
1.470000	1.054688	-0.512695
1.475000	1.386719	-0.024414
1.480000	1.396484	0.346680
1.485000	1.166992	0.551758
1.490000	0.800781	0.605469
1.495000	0.395508	0.556641
1.500000	0.019531	0.463867
1.505000	-0.283203	0.087891
1.510000	-0.336914	-0.634766
1.515000	0.073242	-0.996094
1.520000	0.717773	-0.771484
1.525000	1.235352	-0.307617
1.530000	1.425781	0.146484
1.535000	1.323242	0.458984
1.540000	1.030273	0.590820
1.545000	0.629883	0.595703
1.550000	0.229492	0.527344
1.555000	-0.122070	0.366211
1.560000	-0.356445	-0.195312
1.565000	-0.224609	-0.874023
1.570000	0.336914	-0.952148
1.575000	0.961914	-0.595703
1.580000	1.347656	-0.102539
1.585000	1.416016	0.297852
1.590000	1.225586	0.532227
1.595000	0.869141	0.600586
1.600000	0.463867	0.571289
1.605000	0.078125	0.488281
1.610000	-0.239258	0.185547
1.615000	-0.361328	-0.507812
1.620000	-0.024414	-0.981445
1.625000	0.610352	-0.834961
1.630000	1.162109	-0.390625
1.635000	1.416016	0.078125
1.640000	1.362305	0.415039
1.645000	1.088867	0.576172
1.650000	0.703125	0.595703
1.655000	0.302734	0.537109
1.660000	-0.063477	0.415039
1.665000	-0.327148	-0.068359
1.670000	-0.278320	-0.786133
1.675000	0.229492	-0.986328
1.680000	0.869141	-0.668945
1.685000	1.298828	-0.190430
1.690000	1.425781	0.239258
1.695000	1.264648	0.502930
1.700000	0.937500	0.600586
1.705000	0.532227	0.581055
1.710000	0.146484	0.502930
1.715000	-0.195312	0.268555
1.720000	-0.361328	-0.380859
1.725000	-0.117188	-0.952148
1.730000	0.498047	-0.893555
1.735000	1.088867	-0.473633
1.740000	1.391602	0.004883
1.745000	1.386719	0.371094
1.750000	1.152344	0.566406
1.755000	0.771484	0.605469
1.760000	0.371094	0.551758
1.765000	-0.004883	0.454102
1.770000	-0.302734	0.043945
1.775000	-0.322266	-0.678711
1.780000	0.112305	-0.996094
1.785000	0.766602	-0.747070
1.790000	1.250000	-0.273438
1.795000	1.430664	0.175781
1.800000	1.313477	0.468750
1.805000	1.000977	0.595703
1.810000	0.605469	0.590820
1.815000	0.209961	0.517578
1.820000	-0.141602	0.336914
1.825000	-0.361328	-0.249023
1.830000	-0.195312	-0.903320
1.835000	0.385742	-0.942383
1.840000	1.000977	-0.556641
1.845000	1.362305	-0.068359
1.850000	1.411133	0.317383
1.855000	1.206055	0.537109
1.860000	0.844727	0.605469
1.865000	0.434570	0.566406
1.870000	0.053711	0.478516
1.875000	-0.263672	0.146484
1.880000	-0.351562	-0.561523
1.885000	0.009766	-0.991211
1.890000	0.654297	-0.810547
1.895000	1.191406	-0.356445
1.900000	1.420898	0.107422
1.905000	1.347656	0.429688
1.910000	1.064453	0.581055
1.915000	0.673828	0.595703
1.920000	0.273438	0.537109
1.925000	-0.083008	0.395508
1.930000	-0.341797	-0.122070
1.935000	-0.258789	-0.825195
1.940000	0.273438	-0.971680
1.945000	0.908203	-0.639648
1.950000	1.318359	-0.156250
1.955000	1.425781	0.263672
1.960000	1.250000	0.517578
1.965000	0.913086	0.605469
1.970000	0.507812	0.576172
1.975000	0.117188	0.498047
1.980000	-0.214844	0.239258
1.985000	-0.361328	-0.434570
1.990000	-0.083008	-0.966797
1.995000	0.541992	-0.874023
2.000000	1.123047	-0.444336
2.005000	1.406250	0.034180
2.010000	1.376953	0.390625
2.015000	1.127930	0.571289
2.020000	0.742188	0.600586
2.025000	0.341797	0.546875
2.030000	-0.029297	0.439453
2.035000	-0.312500	0.000000
2.040000	-0.307617	-0.727539
2.045000	0.161133	-0.991211
2.050000	0.810547	-0.712891
2.055000	1.274414	-0.234375
2.060000	1.430664	0.205078
2.065000	1.289062	0.483398
2.070000	0.976562	0.600586
2.075000	0.576172	0.585938
2.080000	0.180664	0.512695
2.085000	-0.161133	0.312500
2.090000	-0.361328	-0.302734
2.095000	-0.161133	-0.927734
2.100000	0.434570	-0.922852
2.105000	1.035156	-0.527344
2.110000	1.376953	-0.039062
2.115000	1.401367	0.341797
2.120000	1.181641	0.546875
2.125000	0.815430	0.605469
2.130000	0.405273	0.556641
2.135000	0.029297	0.468750
2.140000	-0.278320	0.107422
2.145000	-0.341797	-0.610352
2.150000	0.053711	-0.991211
2.155000	0.703125	-0.786133
2.160000	1.220703	-0.322266
2.165000	1.425781	0.136719
2.170000	1.333008	0.449219
2.175000	1.040039	0.590820
2.180000	0.644531	0.595703
2.185000	0.249023	0.527344
2.190000	-0.107422	0.375977
2.195000	-0.351562	-0.170898
2.200000	-0.234375	-0.859375
2.205000	0.317383	-0.961914
2.210000	0.947266	-0.605469
2.215000	1.337891	-0.122070
2.220000	1.416016	0.288086
2.225000	1.235352	0.527344
2.230000	0.883789	0.605469
2.235000	0.478516	0.571289
2.240000	0.092773	0.488281
2.245000	-0.234375	0.205078
2.250000	-0.361328	-0.483398
2.255000	-0.043945	-0.981445
2.260000	0.590820	-0.849609
2.265000	1.152344	-0.405273
2.270000	1.411133	0.063477
2.275000	1.367188	0.405273
2.280000	1.103516	0.576172
2.285000	0.712891	0.600586
2.290000	0.307617	0.537109
2.295000	-0.048828	0.419922
2.300000	-0.322266	-0.048828
2.305000	-0.288086	-0.766602
2.310000	0.209961	-0.986328
2.315000	0.849609	-0.683594
2.320000	1.293945	-0.200195
2.325000	1.425781	0.229492
2.330000	1.269531	0.498047
2.335000	0.947266	0.600586
2.340000	0.546875	0.581055
2.345000	0.151367	0.502930
2.350000	-0.185547	0.283203
2.355000	-0.361328	-0.356445
2.360000	-0.126953	-0.942383
2.365000	0.478516	-0.903320
2.370000	1.074219	-0.488281
2.375000	1.391602	-0.009766
2.380000	1.391602	0.361328
2.385000	1.157227	0.556641
2.390000	0.786133	0.605469
2.395000	0.380859	0.551758
2.400000	0.004883	0.458984
2.405000	-0.297852	0.063477
2.410000	-0.327148	-0.659180
2.415000	0.097656	-0.996094
2.420000	0.747070	-0.756836
2.425000	1.245117	-0.288086
2.430000	1.430664	0.161133
2.435000	1.313477	0.463867
2.440000	1.010742	0.595703
2.445000	0.620117	0.590820
2.450000	0.224609	0.517578
2.455000	-0.131836	0.351562
2.460000	-0.361328	-0.224609
2.465000	-0.205078	-0.888672
2.470000	0.361328	-0.947266
2.475000	0.986328	-0.576172
2.480000	1.357422	-0.083008
2.485000	1.411133	0.307617
2.490000	1.210938	0.537109
2.495000	0.854492	0.605469
2.500000	0.454102	0.566406
2.505000	0.063477	0.483398
2.510000	-0.249023	0.166016
2.515000	-0.356445	-0.537109
2.520000	-0.004883	-0.986328
2.525000	0.639648	-0.825195
2.530000	1.181641	-0.366211
2.535000	1.420898	0.092773
2.540000	1.352539	0.424805
2.545000	1.079102	0.576172
2.550000	0.683594	0.595703
2.555000	0.288086	0.537109
2.560000	-0.078125	0.405273
2.565000	-0.336914	-0.092773
2.570000	-0.263672	-0.805664
2.575000	0.249023	-0.981445
2.580000	0.888672	-0.649414
2.585000	1.318359	-0.166016
2.590000	1.425781	0.253906
2.595000	1.254883	0.512695
2.600000	0.927734	0.605469
2.605000	0.517578	0.576172
2.610000	0.126953	0.498047
2.615000	-0.205078	0.253906
2.620000	-0.361328	-0.410156
2.625000	-0.092773	-0.961914
2.630000	0.527344	-0.883789
2.635000	1.103516	-0.454102
2.640000	1.396484	0.019531
2.645000	1.386719	0.375977
2.650000	1.132812	0.566406
2.655000	0.756836	0.605469
2.660000	0.351562	0.551758
2.665000	-0.014648	0.444336
2.670000	-0.307617	0.019531
2.675000	-0.312500	-0.703125
2.680000	0.141602	-0.996094
2.685000	0.791016	-0.722656
2.690000	1.264648	-0.249023
2.695000	1.425781	0.190430
2.700000	1.303711	0.478516
2.705000	0.986328	0.595703
2.710000	0.590820	0.585938
2.715000	0.195312	0.517578
2.720000	-0.156250	0.327148
2.725000	-0.361328	-0.278320
2.730000	-0.175781	-0.913086
2.735000	0.415039	-0.932617
2.740000	1.020508	-0.541992
2.745000	1.372070	-0.048828
2.750000	1.401367	0.327148
2.755000	1.196289	0.546875
2.760000	0.825195	0.605469
2.765000	0.424805	0.566406
2.770000	0.039062	0.468750
2.775000	-0.268555	0.122070
2.780000	-0.346680	-0.590820
2.785000	0.034180	-0.991211
2.790000	0.683594	-0.795898
2.795000	1.210938	-0.332031
2.800000	1.420898	0.122070
2.805000	1.337891	0.444336
2.810000	1.049805	0.585938
2.815000	0.659180	0.595703
2.820000	0.258789	0.532227
2.825000	-0.097656	0.385742
2.830000	-0.346680	-0.151367
2.835000	-0.244141	-0.844727
2.840000	0.297852	-0.966797
2.845000	0.932617	-0.625000
2.850000	1.333008	-0.131836
2.855000	1.420898	0.273438
2.860000	1.240234	0.522461
2.865000	0.898438	0.605469
2.870000	0.488281	0.571289
2.875000	0.102539	0.493164
2.880000	-0.229492	0.219727
2.885000	-0.361328	-0.463867
2.890000	-0.058594	-0.976562
2.895000	0.571289	-0.864258
2.900000	1.137695	-0.419922
2.905000	1.406250	0.053711
2.910000	1.372070	0.400391
2.915000	1.113281	0.571289
2.920000	0.727539	0.600586
2.925000	0.327148	0.546875
2.930000	-0.043945	0.424805
2.935000	-0.322266	-0.024414
2.940000	-0.297852	-0.747070
2.945000	0.185547	-0.986328
2.950000	0.830078	-0.698242
2.955000	1.284180	-0.214844
2.960000	1.430664	0.219727
2.965000	1.279297	0.488281
2.970000	0.961914	0.595703
2.975000	0.561523	0.581055
2.980000	0.166016	0.507812
2.985000	-0.175781	0.297852
2.990000	-0.361328	-0.332031
2.995000	-0.146484	-0.942383
3.000000	0.458984	-0.913086
3.005000	1.059570	-0.507812
3.010000	1.386719	-0.019531
3.015000	1.396484	0.351562
3.020000	1.166992	0.551758
3.025000	0.795898	0.605469
3.030000	0.390625	0.556641
3.035000	0.019531	0.463867
3.040000	-0.288086	0.083008
3.045000	-0.332031	-0.639648
3.050000	0.078125	-0.996094
3.055000	0.727539	-0.771484
3.060000	1.240234	-0.302734
3.065000	1.425781	0.151367
3.070000	1.323242	0.458984
3.075000	1.025391	0.590820
3.080000	0.629883	0.595703
3.085000	0.229492	0.527344
3.090000	-0.122070	0.361328
3.095000	-0.361328	-0.200195
3.100000	-0.219727	-0.878906
3.105000	0.346680	-0.952148
3.110000	0.966797	-0.585938
3.115000	1.352539	-0.097656
3.120000	1.416016	0.297852
3.125000	1.225586	0.532227
3.130000	0.869141	0.605469
3.135000	0.463867	0.571289
3.140000	0.078125	0.488281
3.145000	-0.244141	0.180664
3.150000	-0.356445	-0.517578
3.155000	-0.019531	-0.986328
3.160000	0.620117	-0.834961
3.165000	1.166992	-0.385742
3.170000	1.416016	0.083008
3.175000	1.357422	0.415039
3.180000	1.088867	0.576172
3.185000	0.698242	0.595703
3.190000	0.297852	0.532227
3.195000	-0.063477	0.410156
3.200000	-0.332031	-0.078125
3.205000	-0.278320	-0.791016
3.210000	0.229492	-0.986328
3.215000	0.874023	-0.668945
3.220000	1.308594	-0.180664
3.225000	1.425781	0.239258
3.230000	1.264648	0.502930
3.235000	0.932617	0.600586
3.240000	0.532227	0.576172
3.245000	0.141602	0.498047
3.250000	-0.195312	0.268555
3.255000	-0.361328	-0.385742
3.260000	-0.112305	-0.957031
3.265000	0.507812	-0.893555
3.270000	1.088867	-0.468750
3.275000	1.391602	0.009766
3.280000	1.391602	0.371094
3.285000	1.142578	0.566406
3.290000	0.766602	0.605469
3.295000	0.366211	0.546875
3.300000	-0.004883	0.454102
3.305000	-0.302734	0.039062
3.310000	-0.322266	-0.688477
3.315000	0.122070	-0.996094
3.320000	0.771484	-0.742188
3.325000	1.250000	-0.268555
3.330000	1.430664	0.180664
3.335000	1.308594	0.468750
3.340000	1.000977	0.590820
3.345000	0.600586	0.585938
3.350000	0.205078	0.517578
3.355000	-0.146484	0.336914
3.360000	-0.361328	-0.253906
3.365000	-0.190430	-0.908203
3.370000	0.390625	-0.937500
3.375000	1.005859	-0.556641
3.380000	1.367188	-0.068359
3.385000	1.411133	0.322266
3.390000	1.201172	0.537109
3.395000	0.839844	0.605469
3.400000	0.434570	0.561523
3.405000	0.053711	0.478516
3.410000	-0.263672	0.141602
3.415000	-0.351562	-0.571289
3.420000	0.019531	-0.991211
3.425000	0.664062	-0.810547
3.430000	1.196289	-0.346680
3.435000	1.420898	0.112305
3.440000	1.347656	0.434570
3.445000	1.059570	0.581055
3.450000	0.668945	0.595703
3.455000	0.268555	0.537109
3.460000	-0.087891	0.390625
3.465000	-0.336914	-0.126953
3.470000	-0.258789	-0.830078
3.475000	0.278320	-0.971680
3.480000	0.913086	-0.629883
3.485000	1.328125	-0.151367
3.490000	1.420898	0.263672
3.495000	1.245117	0.517578
3.500000	0.908203	0.605469
3.505000	0.502930	0.576172
3.510000	0.112305	0.498047
3.515000	-0.214844	0.234375
3.520000	-0.361328	-0.439453
3.525000	-0.078125	-0.966797
3.530000	0.551758	-0.874023
3.535000	1.123047	-0.434570
3.540000	1.401367	0.039062
3.545000	1.376953	0.390625
3.550000	1.123047	0.571289
3.555000	0.742188	0.605469
3.560000	0.336914	0.546875
3.565000	-0.034180	0.434570
3.570000	-0.317383	-0.004883
3.575000	-0.307617	-0.732422
3.580000	0.166016	-0.991211
3.585000	0.815430	-0.708008
3.590000	1.274414	-0.234375
3.595000	1.430664	0.209961
3.600000	1.289062	0.488281
3.605000	0.971680	0.595703
3.610000	0.571289	0.581055
3.615000	0.175781	0.512695
3.620000	-0.166016	0.307617
3.625000	-0.361328	-0.307617
3.630000	-0.161133	-0.927734
3.635000	0.439453	-0.922852
3.640000	1.040039	-0.522461
3.645000	1.381836	-0.034180
3.650000	1.401367	0.341797
3.655000	1.176758	0.546875
3.660000	0.810547	0.605469
3.665000	0.405273	0.556641
3.670000	0.029297	0.463867
3.675000	-0.283203	0.102539
3.680000	-0.341797	-0.620117
3.685000	0.058594	-0.996094
3.690000	0.708008	-0.781250
3.695000	1.225586	-0.317383
3.700000	1.420898	0.141602
3.705000	1.328125	0.454102
3.710000	1.040039	0.590820
3.715000	0.639648	0.595703
3.720000	0.244141	0.527344
3.725000	-0.112305	0.371094
3.730000	-0.351562	-0.175781
3.735000	-0.229492	-0.864258
3.740000	0.322266	-0.957031
3.745000	0.952148	-0.605469
3.750000	1.342773	-0.117188
3.755000	1.420898	0.292969
3.760000	1.235352	0.527344
3.765000	0.878906	0.605469
3.770000	0.478516	0.571289
3.775000	0.087891	0.488281
3.780000	-0.234375	0.200195
3.785000	-0.361328	-0.493164
3.790000	-0.039062	-0.986328
3.795000	0.600586	-0.844727
3.800000	1.157227	-0.400391
3.805000	1.416016	0.068359
3.810000	1.367188	0.410156
3.815000	1.098633	0.576172
3.820000	0.712891	0.595703
3.825000	0.307617	0.537109
3.830000	-0.053711	0.415039
3.835000	-0.322266	-0.053711
3.840000	-0.288086	-0.776367
3.845000	0.209961	-0.991211
3.850000	0.854492	-0.678711
3.855000	1.298828	-0.195312
3.860000	1.430664	0.229492
3.865000	1.274414	0.498047
3.870000	0.947266	0.600586
3.875000	0.541992	0.581055
3.880000	0.151367	0.502930
3.885000	-0.190430	0.283203
3.890000	-0.361328	-0.361328
3.895000	-0.126953	-0.947266
3.900000	0.483398	-0.903320
3.905000	1.079102	-0.488281
3.910000	1.391602	-0.004883
3.915000	1.391602	0.361328
3.920000	1.162109	0.561523
3.925000	0.781250	0.605469
3.930000	0.375977	0.551758
3.935000	0.000000	0.458984
3.940000	-0.297852	0.058594
3.945000	-0.322266	-0.659180
3.950000	0.102539	-0.986328
3.955000	0.747070	-0.751953
3.960000	1.240234	-0.273438
3.965000	1.420898	0.175781
3.970000	1.298828	0.473633
3.975000	0.991211	0.600586
3.980000	0.585938	0.595703
3.985000	0.185547	0.522461
3.990000	-0.161133	0.327148
3.995000	-0.371094	-0.297852
4.000000	-0.170898	-0.942383
4.005000	0.439453	-0.942383
4.010000	1.054688	-0.546875
4.015000	1.401367	-0.048828
4.020000	1.435547	0.336914
4.025000	1.220703	0.556641
4.030000	0.849609	0.615234
4.035000	0.434570	0.566406
4.040000	0.053711	0.473633
4.045000	-0.258789	0.146484
4.050000	-0.351562	-0.561523
4.055000	0.014648	-0.986328
4.060000	0.654297	-0.805664
4.065000	1.191406	-0.351562
4.070000	1.411133	0.112305
4.075000	1.337891	0.434570
4.080000	1.054688	0.585938
4.085000	0.659180	0.595703
4.090000	0.253906	0.537109
4.095000	-0.102539	0.385742
4.100000	-0.356445	-0.156250
4.105000	-0.244141	-0.864258
4.110000	0.307617	-0.981445
4.115000	0.947266	-0.625000
4.120000	1.357422	-0.131836
4.125000	1.445312	0.278320
4.130000	1.254883	0.532227
4.135000	0.913086	0.610352
4.140000	0.502930	0.576172
4.145000	0.112305	0.498047
4.150000	-0.219727	0.229492
4.155000	-0.361328	-0.449219
4.160000	-0.073242	-0.966797
4.165000	0.556641	-0.869141
4.170000	1.132812	-0.429688
4.175000	1.406250	0.043945
4.180000	1.376953	0.395508
4.185000	1.118164	0.576172
4.190000	0.732422	0.605469
4.195000	0.327148	0.551758
4.200000	-0.048828	0.434570
4.205000	-0.322266	-0.029297
4.210000	-0.297852	-0.761719
4.215000	0.190430	-1.000977
4.220000	0.849609	-0.703125
4.225000	1.303711	-0.214844
4.230000	1.450195	0.224609
4.235000	1.298828	0.498047
4.240000	0.976562	0.605469
4.245000	0.566406	0.595703
4.250000	0.170898	0.512695
4.255000	-0.175781	0.302734
4.260000	-0.366211	-0.332031
4.265000	-0.146484	-0.947266
4.270000	0.463867	-0.922852
4.275000	1.069336	-0.512695
4.280000	1.396484	-0.024414
4.285000	1.416016	0.356445
4.290000	1.181641	0.561523
4.295000	0.805664	0.615234
4.300000	0.390625	0.566406
4.305000	0.009766	0.463867
4.310000	-0.297852	0.073242
4.315000	-0.336914	-0.659180
4.320000	0.092773	-1.015625
4.325000	0.751953	-0.781250
4.330000	1.259766	-0.297852
4.335000	1.455078	0.161133
4.340000	1.347656	0.473633
4.345000	1.040039	0.605469
4.350000	0.634766	0.605469
4.355000	0.224609	0.532227
4.360000	-0.131836	0.361328
4.365000	-0.361328	-0.224609
4.370000	-0.214844	-0.908203
4.375000	0.371094	-0.966797
4.380000	1.005859	-0.590820
4.385000	1.391602	-0.087891
4.390000	1.450195	0.317383
4.395000	1.240234	0.546875
4.400000	0.878906	0.615234
4.405000	0.463867	0.576172
4.410000	0.068359	0.493164
4.415000	-0.258789	0.170898
4.420000	-0.361328	-0.551758
4.425000	-0.004883	-1.015625
4.430000	0.654297	-0.844727
4.435000	1.210938	-0.380859
4.440000	1.455078	0.102539
4.445000	1.386719	0.434570
4.450000	1.103516	0.595703
4.455000	0.703125	0.615234
4.460000	0.292969	0.546875
4.465000	-0.078125	0.415039
4.470000	-0.346680	-0.107422
4.475000	-0.273438	-0.830078
4.480000	0.263672	-1.000977
4.485000	0.917969	-0.664062
4.490000	1.347656	-0.170898
4.495000	1.459961	0.258789
4.500000	1.289062	0.522461
4.505000	0.947266	0.615234
4.510000	0.537109	0.590820
4.515000	0.136719	0.507812
4.520000	-0.205078	0.268555
4.525000	-0.366211	-0.395508
4.530000	-0.107422	-0.966797
4.535000	0.517578	-0.898438
4.540000	1.108398	-0.468750
4.545000	1.411133	0.014648
4.550000	1.401367	0.380859
4.555000	1.157227	0.576172
4.560000	0.766602	0.615234
4.565000	0.361328	0.561523
4.570000	-0.014648	0.454102
4.575000	-0.317383	0.014648
4.580000	-0.322266	-0.722656
4.585000	0.146484	-1.015625
4.590000	0.805664	-0.742188
4.595000	1.293945	-0.253906
4.600000	1.459961	0.195312
4.605000	1.328125	0.488281
4.610000	1.010742	0.610352
4.615000	0.605469	0.595703
4.620000	0.205078	0.527344
4.625000	-0.151367	0.332031
4.630000	-0.361328	-0.273438
4.635000	-0.185547	-0.922852
4.640000	0.410156	-0.947266
4.645000	1.030273	-0.551758
4.650000	1.386719	-0.058594
4.655000	1.425781	0.332031
4.660000	1.210938	0.556641
4.665000	0.839844	0.615234
4.670000	0.424805	0.576172
4.675000	0.039062	0.478516
4.680000	-0.278320	0.126953
4.685000	-0.351562	-0.610352
4.690000	0.043945	-1.015625
4.695000	0.703125	-0.810547
4.700000	1.235352	-0.336914
4.705000	1.450195	0.126953
4.710000	1.367188	0.449219
4.715000	1.074219	0.595703
4.720000	0.673828	0.605469
4.725000	0.263672	0.537109
4.730000	-0.097656	0.390625
4.735000	-0.351562	-0.141602
4.740000	-0.253906	-0.849609
4.745000	0.297852	-0.981445
4.750000	0.937500	-0.634766
4.755000	1.347656	-0.141602
4.760000	1.435547	0.278320
4.765000	1.250000	0.532227
4.770000	0.908203	0.615234
4.775000	0.493164	0.581055
4.780000	0.107422	0.498047
4.785000	-0.234375	0.219727
4.790000	-0.371094	-0.473633
4.795000	-0.058594	-0.991211
4.800000	0.590820	-0.878906
4.805000	1.157227	-0.424805
4.810000	1.435547	0.058594
4.815000	1.391602	0.410156
4.820000	1.132812	0.581055
4.825000	0.742188	0.610352
4.830000	0.332031	0.551758
4.835000	-0.039062	0.434570
4.840000	-0.322266	-0.024414
4.845000	-0.302734	-0.761719
4.850000	0.185547	-1.000977
4.855000	0.839844	-0.708008
4.860000	1.303711	-0.224609
4.865000	1.450195	0.219727
4.870000	1.298828	0.498047
4.875000	0.971680	0.610352
4.880000	0.571289	0.595703
4.885000	0.166016	0.517578
4.890000	-0.180664	0.302734
4.895000	-0.371094	-0.341797
4.900000	-0.146484	-0.952148
4.905000	0.473633	-0.927734
4.910000	1.079102	-0.512695
4.915000	1.411133	-0.019531
4.920000	1.420898	0.361328
4.925000	1.186523	0.566406
4.930000	0.810547	0.615234
4.935000	0.395508	0.566406
4.940000	0.014648	0.468750
4.945000	-0.292969	0.083008
4.950000	-0.336914	-0.654297
4.955000	0.087891	-1.015625
4.960000	0.751953	-0.781250
4.965000	1.254883	-0.297852
4.970000	1.459961	0.161133
4.975000	1.347656	0.468750
4.980000	1.044922	0.605469
4.985000	0.639648	0.605469
4.990000	0.224609	0.537109
4.995000	-0.131836	0.361328
5.000000	-0.361328	-0.224609
5.005000	-0.214844	-0.908203
5.010000	0.371094	-0.971680
5.015000	1.005859	-0.595703
5.020000	1.391602	-0.092773
5.025000	1.450195	0.307617
5.030000	1.245117	0.541992
5.035000	0.883789	0.615234
5.040000	0.473633	0.576172
5.045000	0.078125	0.493164
5.050000	-0.249023	0.185547
5.055000	-0.361328	-0.517578
5.060000	-0.024414	-0.991211
5.065000	0.625000	-0.849609
5.070000	1.181641	-0.390625
5.075000	1.430664	0.083008
5.080000	1.372070	0.419922
5.085000	1.098633	0.585938
5.090000	0.703125	0.610352
5.095000	0.292969	0.541992
5.100000	-0.073242	0.415039
5.105000	-0.341797	-0.092773
5.110000	-0.278320	-0.820312
5.115000	0.249023	-1.000977
5.120000	0.908203	-0.668945
5.125000	1.342773	-0.175781
5.130000	1.459961	0.253906
5.135000	1.289062	0.517578
5.140000	0.947266	0.615234
5.145000	0.537109	0.595703
5.150000	0.141602	0.512695
5.155000	-0.200195	0.268555
5.160000	-0.371094	-0.395508
5.165000	-0.112305	-0.971680
5.170000	0.517578	-0.903320
5.175000	1.108398	-0.473633
5.180000	1.416016	0.009766
5.185000	1.406250	0.380859
5.190000	1.162109	0.576172
5.195000	0.776367	0.615234
5.200000	0.366211	0.561523
5.205000	-0.014648	0.458984
5.210000	-0.312500	0.024414
5.215000	-0.322266	-0.712891
5.220000	0.136719	-1.015625
5.225000	0.800781	-0.747070
5.230000	1.284180	-0.258789
5.235000	1.459961	0.190430
5.240000	1.333008	0.488281
5.245000	1.015625	0.610352
5.250000	0.605469	0.600586
5.255000	0.205078	0.527344
5.260000	-0.151367	0.336914
5.265000	-0.366211	-0.268555
5.270000	-0.190430	-0.922852
5.275000	0.405273	-0.947266
5.280000	1.030273	-0.556641
5.285000	1.391602	-0.063477
5.290000	1.430664	0.332031
5.295000	1.215820	0.551758
5.300000	0.844727	0.615234
5.305000	0.429688	0.576172
5.310000	0.048828	0.483398
5.315000	-0.273438	0.136719
5.320000	-0.356445	-0.595703
5.325000	0.029297	-1.015625
5.330000	0.688477	-0.815430
5.335000	1.230469	-0.346680
5.340000	1.450195	0.126953
5.345000	1.367188	0.449219
5.350000	1.079102	0.595703
5.355000	0.678711	0.610352
5.360000	0.268555	0.537109
5.365000	-0.092773	0.395508
5.370000	-0.351562	-0.141602
5.375000	-0.253906	-0.854492
5.380000	0.292969	-0.986328
5.385000	0.937500	-0.634766
5.390000	1.352539	-0.141602
5.395000	1.450195	0.278320
5.400000	1.259766	0.532227
5.405000	0.913086	0.615234
5.410000	0.502930	0.581055
5.415000	0.107422	0.498047
5.420000	-0.229492	0.229492
5.425000	-0.366211	-0.463867
5.430000	-0.063477	-0.991211
5.435000	0.576172	-0.878906
5.440000	1.152344	-0.434570
5.445000	1.430664	0.053711
5.450000	1.396484	0.405273
5.455000	1.132812	0.576172
5.460000	0.742188	0.615234
5.465000	0.332031	0.551758
5.470000	-0.039062	0.439453
5.475000	-0.322266	-0.024414
5.480000	-0.307617	-0.756836
5.485000	0.185547	-1.010742
5.490000	0.844727	-0.712891
5.495000	1.303711	-0.224609
5.500000	1.455078	0.219727
5.505000	1.308594	0.498047
5.510000	0.976562	0.615234
5.515000	0.571289	0.595703
5.520000	0.170898	0.517578
5.525000	-0.175781	0.307617
5.530000	-0.371094	-0.332031
5.535000	-0.151367	-0.947266
5.540000	0.463867	-0.932617
5.545000	1.079102	-0.517578
5.550000	1.406250	-0.024414
5.555000	1.425781	0.356445
5.560000	1.196289	0.561523
5.565000	0.820312	0.615234
5.570000	0.410156	0.566406
5.575000	0.024414	0.468750
5.580000	-0.278320	0.107422
5.585000	-0.346680	-0.615234
5.590000	0.053711	-0.996094
5.595000	0.703125	-0.786133
5.600000	1.225586	-0.317383
5.605000	1.425781	0.141602
5.610000	1.333008	0.454102
5.615000	1.040039	0.590820
5.620000	0.639648	0.595703
5.625000	0.239258	0.532227
5.630000	-0.122070	0.371094
5.635000	-0.361328	-0.195312
5.640000	-0.229492	-0.883789
5.645000	0.341797	-0.966797
5.650000	0.971680	-0.600586
5.655000	1.367188	-0.107422
5.660000	1.430664	0.297852
5.665000	1.240234	0.537109
5.670000	0.888672	0.610352
5.675000	0.478516	0.576172
5.680000	0.087891	0.488281
5.685000	-0.239258	0.200195
5.690000	-0.361328	-0.493164
5.695000	-0.039062	-0.986328
5.700000	0.600586	-0.849609
5.705000	1.162109	-0.400391
5.710000	1.420898	0.073242
5.715000	1.372070	0.410156
5.720000	1.103516	0.581055
5.725000	0.712891	0.605469
5.730000	0.307617	0.541992
5.735000	-0.063477	0.419922
5.740000	-0.332031	-0.068359
5.745000	-0.288086	-0.791016
5.750000	0.224609	-0.991211
5.755000	0.874023	-0.683594
5.760000	1.313477	-0.190430
5.765000	1.445312	0.239258
5.770000	1.284180	0.507812
5.775000	0.952148	0.605469
5.780000	0.546875	0.585938
5.785000	0.151367	0.507812
5.790000	-0.190430	0.278320
5.795000	-0.366211	-0.366211
5.800000	-0.126953	-0.952148
5.805000	0.493164	-0.908203
5.810000	1.083984	-0.483398
5.815000	1.401367	-0.004883
5.820000	1.396484	0.366211
5.825000	1.162109	0.566406
5.830000	0.781250	0.610352
5.835000	0.371094	0.556641
5.840000	-0.004883	0.458984
5.845000	-0.302734	0.048828
5.850000	-0.327148	-0.678711
5.855000	0.112305	-1.005859
5.860000	0.766602	-0.756836
5.865000	1.259766	-0.278320
5.870000	1.440430	0.170898
5.875000	1.323242	0.473633
5.880000	1.015625	0.600586
5.885000	0.615234	0.595703
5.890000	0.214844	0.527344
5.895000	-0.136719	0.346680
5.900000	-0.361328	-0.239258
5.905000	-0.200195	-0.903320
5.910000	0.375977	-0.947266
5.915000	1.000977	-0.566406
5.920000	1.367188	-0.078125
5.925000	1.416016	0.312500
5.930000	1.215820	0.541992
5.935000	0.854492	0.610352
5.940000	0.444336	0.571289
5.945000	0.058594	0.483398
5.950000	-0.263672	0.151367
5.955000	-0.356445	-0.561523
5.960000	0.009766	-1.000977
5.965000	0.659180	-0.825195
5.970000	1.201172	-0.361328
5.975000	1.430664	0.107422
5.980000	1.357422	0.439453
5.985000	1.079102	0.590820
5.990000	0.683594	0.605469
5.995000	0.278320	0.537109
6.000000	-0.083008	0.400391
6.005000	-0.341797	-0.117188
6.010000	-0.263672	-0.825195
6.015000	0.268555	-0.986328
6.020000	0.913086	-0.644531
6.025000	1.328125	-0.156250
6.030000	1.435547	0.263672
6.035000	1.259766	0.517578
6.040000	0.922852	0.610352
6.045000	0.512695	0.581055
6.050000	0.122070	0.498047
6.055000	-0.214844	0.244141
6.060000	-0.371094	-0.434570
6.065000	-0.083008	-0.976562
6.070000	0.551758	-0.878906
6.075000	1.127930	-0.444336
6.080000	1.416016	0.034180
6.085000	1.391602	0.385742
6.090000	1.137695	0.576172
6.095000	0.756836	0.605469
6.100000	0.346680	0.551758
6.105000	-0.024414	0.444336
6.110000	-0.317383	0.004883
6.115000	-0.312500	-0.722656
6.120000	0.156250	-0.996094
6.125000	0.805664	-0.722656
6.130000	1.279297	-0.244141
6.135000	1.435547	0.200195
6.140000	1.303711	0.488281
6.145000	0.986328	0.600586
6.150000	0.581055	0.595703
6.155000	0.185547	0.517578
6.160000	-0.161133	0.317383
6.165000	-0.366211	-0.302734
6.170000	-0.166016	-0.932617
6.175000	0.434570	-0.932617
6.180000	1.044922	-0.532227
6.185000	1.391602	-0.043945
6.190000	1.416016	0.336914
6.195000	1.196289	0.551758
6.200000	0.825195	0.610352
6.205000	0.415039	0.566406
6.210000	0.034180	0.473633
6.215000	-0.283203	0.112305
6.220000	-0.341797	-0.610352
6.225000	0.053711	-1.000977
6.230000	0.703125	-0.795898
6.235000	1.230469	-0.322266
6.240000	1.430664	0.131836
6.245000	1.347656	0.454102
6.250000	1.049805	0.590820
6.255000	0.649414	0.600586
6.260000	0.249023	0.537109
6.265000	-0.107422	0.380859
6.270000	-0.351562	-0.166016
6.275000	-0.239258	-0.869141
6.280000	0.322266	-0.971680
6.285000	0.952148	-0.615234
6.290000	1.352539	-0.122070
6.295000	1.430664	0.292969
6.300000	1.245117	0.532227
6.305000	0.893555	0.610352
6.310000	0.483398	0.576172
6.315000	0.097656	0.493164
6.320000	-0.239258	0.209961
6.325000	-0.361328	-0.488281
6.330000	-0.043945	-0.986328
6.335000	0.595703	-0.859375
6.340000	1.157227	-0.410156
6.345000	1.420898	0.068359
6.350000	1.376953	0.410156
6.355000	1.113281	0.581055
6.360000	0.727539	0.605469
6.365000	0.317383	0.546875
6.370000	-0.053711	0.424805
6.375000	-0.327148	-0.053711
6.380000	-0.292969	-0.776367
6.385000	0.205078	-0.996094
6.390000	0.859375	-0.693359
6.395000	1.303711	-0.205078
6.400000	1.440430	0.229492
6.405000	1.289062	0.502930
6.410000	0.957031	0.605469
6.415000	0.551758	0.585938
6.420000	0.156250	0.512695
6.425000	-0.185547	0.288086
6.430000	-0.371094	-0.356445
6.435000	-0.131836	-0.952148
6.440000	0.478516	-0.913086
6.445000	1.083984	-0.498047
6.450000	1.401367	-0.009766
6.455000	1.401367	0.366211
6.460000	1.166992	0.561523
6.465000	0.791016	0.610352
6.470000	0.380859	0.561523
6.475000	0.004883	0.454102
6.480000	-0.297852	0.063477
6.485000	-0.332031	-0.668945
6.490000	0.102539	-1.005859
6.495000	0.756836	-0.766602
6.500000	1.250000	-0.288086
6.505000	1.440430	0.166016
6.510000	1.328125	0.468750
6.515000	1.025391	0.600586
6.520000	0.620117	0.595703
6.525000	0.224609	0.527344
6.530000	-0.131836	0.351562
6.535000	-0.361328	-0.229492
6.540000	-0.209961	-0.898438
6.545000	0.371094	-0.957031
6.550000	0.996094	-0.581055
6.555000	1.367188	-0.083008
6.560000	1.430664	0.312500
6.565000	1.225586	0.541992
6.570000	0.859375	0.610352
6.575000	0.449219	0.576172
6.580000	0.063477	0.483398
6.585000	-0.258789	0.156250
6.590000	-0.361328	-0.561523
6.595000	0.000000	-1.005859
6.600000	0.659180	-0.834961
6.605000	1.206055	-0.371094
6.610000	1.435547	0.102539
6.615000	1.372070	0.439453
6.620000	1.083984	0.590820
6.625000	0.688477	0.605469
6.630000	0.283203	0.537109
6.635000	-0.083008	0.405273
6.640000	-0.346680	-0.112305
6.645000	-0.263672	-0.830078
6.650000	0.263672	-0.991211
6.655000	0.917969	-0.654297
6.660000	1.342773	-0.161133
6.665000	1.445312	0.263672
6.670000	1.269531	0.522461
6.675000	0.927734	0.615234
6.680000	0.517578	0.585938
6.685000	0.122070	0.507812
6.690000	-0.219727	0.244141
6.695000	-0.371094	-0.439453
6.700000	-0.083008	-0.991211
6.705000	0.556641	-0.888672
6.710000	1.147461	-0.449219
6.715000	1.430664	0.034180
6.720000	1.411133	0.400391
6.725000	1.152344	0.581055
6.730000	0.761719	0.615234
6.735000	0.341797	0.566406
6.740000	-0.039062	0.454102
6.745000	-0.332031	-0.019531
6.750000	-0.317383	-0.771484
6.755000	0.185547	-1.030273
6.760000	0.864258	-0.732422
6.765000	1.337891	-0.234375
6.770000	1.494141	0.224609
6.775000	1.342773	0.512695
6.780000	1.005859	0.620117
6.785000	0.595703	0.615234
6.790000	0.180664	0.532227
6.795000	-0.175781	0.317383
6.800000	-0.380859	-0.327148
6.805000	-0.161133	-0.971680
6.810000	0.468750	-0.952148
6.815000	1.093750	-0.537109
6.820000	1.435547	-0.029297
6.825000	1.455078	0.361328
6.830000	1.220703	0.576172
6.835000	0.830078	0.629883
6.840000	0.405273	0.585938
6.845000	0.009766	0.483398
6.850000	-0.307617	0.073242
6.855000	-0.346680	-0.688477
6.860000	0.097656	-1.054688
6.865000	0.781250	-0.800781
6.870000	1.308594	-0.307617
6.875000	1.508789	0.166016
6.880000	1.396484	0.483398
6.885000	1.083984	0.615234
6.890000	0.668945	0.615234
6.895000	0.253906	0.541992
6.900000	-0.112305	0.380859
6.905000	-0.361328	-0.180664
6.910000	-0.239258	-0.893555
6.915000	0.332031	-0.986328
6.920000	0.981445	-0.620117
6.925000	1.381836	-0.117188
6.930000	1.459961	0.302734
6.935000	1.254883	0.546875
6.940000	0.898438	0.615234
6.945000	0.483398	0.585938
6.950000	0.087891	0.502930
6.955000	-0.244141	0.195312
6.960000	-0.366211	-0.522461
6.965000	-0.024414	-1.015625
6.970000	0.625000	-0.864258
6.975000	1.196289	-0.400391
6.980000	1.455078	0.078125
6.985000	1.396484	0.429688
6.990000	1.123047	0.595703
6.995000	0.722656	0.615234
7.000000	0.302734	0.556641
7.005000	-0.073242	0.424805
7.010000	-0.351562	-0.087891
7.015000	-0.288086	-0.834961
7.020000	0.253906	-1.025391
7.025000	0.922852	-0.683594
7.030000	1.372070	-0.185547
7.035000	1.489258	0.258789
7.040000	1.318359	0.532227
7.045000	0.971680	0.625000
7.050000	0.551758	0.605469
7.055000	0.146484	0.522461
7.060000	-0.205078	0.278320
7.065000	-0.385742	-0.405273
7.070000	-0.117188	-0.991211
7.075000	0.532227	-0.922852
7.080000	1.137695	-0.483398
7.085000	1.450195	0.009766
7.090000	1.440430	0.385742
7.095000	1.191406	0.585938
7.100000	0.800781	0.625000
7.105000	0.380859	0.571289
7.110000	-0.009766	0.458984
7.115000	-0.312500	0.034180
7.120000	-0.322266	-0.708008
7.125000	0.131836	-1.025391
7.130000	0.795898	-0.761719
7.135000	1.289062	-0.273438
7.140000	1.469727	0.185547
7.145000	1.347656	0.483398
7.150000	1.030273	0.610352
7.155000	0.620117	0.605469
7.160000	0.214844	0.537109
7.165000	-0.141602	0.346680
7.170000	-0.366211	-0.253906
7.175000	-0.200195	-0.922852
7.180000	0.395508	-0.961914
7.185000	1.025391	-0.571289
7.190000	1.391602	-0.073242
7.195000	1.445312	0.327148
7.200000	1.235352	0.556641
7.205000	0.859375	0.615234
7.210000	0.444336	0.576172
7.215000	0.053711	0.488281
7.220000	-0.278320	0.136719
7.225000	-0.361328	-0.595703
7.230000	0.024414	-1.030273
7.235000	0.693359	-0.834961
7.240000	1.240234	-0.356445
7.245000	1.469727	0.117188
7.250000	1.391602	0.454102
7.255000	1.093750	0.605469
7.260000	0.688477	0.615234
7.265000	0.273438	0.546875
7.270000	-0.092773	0.405273
7.275000	-0.356445	-0.131836
7.280000	-0.258789	-0.854492
7.285000	0.288086	-0.996094
7.290000	0.937500	-0.649414
7.295000	1.362305	-0.151367
7.300000	1.469727	0.278320
7.305000	1.279297	0.537109
7.310000	0.927734	0.615234
7.315000	0.512695	0.595703
7.320000	0.112305	0.512695
7.325000	-0.229492	0.234375
7.330000	-0.375977	-0.468750
7.335000	-0.068359	-1.005859
7.340000	0.585938	-0.893555
7.345000	1.171875	-0.444336
7.350000	1.459961	0.048828
7.355000	1.425781	0.410156
7.360000	1.157227	0.590820
7.365000	0.761719	0.615234
7.370000	0.341797	0.561523
7.375000	-0.034180	0.444336
7.380000	-0.327148	-0.014648
7.385000	-0.312500	-0.756836
7.390000	0.180664	-1.020508
7.395000	0.844727	-0.727539
7.400000	1.318359	-0.229492
7.405000	1.469727	0.224609
7.410000	1.318359	0.502930
7.415000	0.991211	0.615234
7.420000	0.576172	0.610352
7.425000	0.166016	0.532227
7.430000	-0.190430	0.302734
7.435000	-0.380859	-0.361328
7.440000	-0.146484	-0.991211
7.445000	0.493164	-0.952148
7.450000	1.118164	-0.522461
7.455000	1.455078	-0.009766
7.460000	1.464844	0.375977
7.465000	1.225586	0.581055
7.470000	0.830078	0.625000
7.475000	0.415039	0.576172
7.480000	0.019531	0.478516
7.485000	-0.292969	0.087891
7.490000	-0.346680	-0.654297
7.495000	0.078125	-1.025391
7.500000	0.747070	-0.795898
7.505000	1.264648	-0.312500
7.510000	1.469727	0.156250
7.515000	1.367188	0.473633
7.520000	1.059570	0.615234
7.525000	0.649414	0.620117
7.530000	0.234375	0.541992
7.535000	-0.131836	0.366211
7.540000	-0.371094	-0.224609
7.545000	-0.219727	-0.922852
7.550000	0.375977	-0.986328
7.555000	1.020508	-0.605469
7.560000	1.411133	-0.092773
7.565000	1.474609	0.317383
7.570000	1.259766	0.556641
7.575000	0.898438	0.625000
7.580000	0.473633	0.590820
7.585000	0.073242	0.498047
7.590000	-0.253906	0.180664
7.595000	-0.366211	-0.537109
7.600000	-0.014648	-1.020508
7.605000	0.644531	-0.864258
7.610000	1.210938	-0.390625
7.615000	1.469727	0.092773
7.620000	1.401367	0.439453
7.625000	1.118164	0.605469
7.630000	0.712891	0.615234
7.635000	0.297852	0.561523
7.640000	-0.078125	0.419922
7.645000	-0.351562	-0.097656
7.650000	-0.278320	-0.844727
7.655000	0.263672	-1.015625
7.660000	0.927734	-0.678711
7.665000	1.367188	-0.175781
7.670000	1.489258	0.263672
7.675000	1.308594	0.532227
7.680000	0.961914	0.625000
7.685000	0.541992	0.600586
7.690000	0.136719	0.522461
7.695000	-0.209961	0.263672
7.700000	-0.380859	-0.419922
7.705000	-0.097656	-0.996094
7.710000	0.541992	-0.917969
7.715000	1.147461	-0.473633
7.720000	1.455078	0.024414
7.725000	1.435547	0.390625
7.730000	1.181641	0.590820
7.735000	0.781250	0.625000
7.740000	0.366211	0.571289
7.745000	-0.019531	0.458984
7.750000	-0.322266	0.014648
7.755000	-0.322266	-0.742188
7.760000	0.151367	-1.035156
7.765000	0.830078	-0.756836
7.770000	1.318359	-0.258789
7.775000	1.489258	0.205078
7.780000	1.352539	0.502930
7.785000	1.025391	0.625000
7.790000	0.605469	0.615234
7.795000	0.195312	0.537109
7.800000	-0.170898	0.332031
7.805000	-0.380859	-0.317383
7.810000	-0.175781	-0.971680
7.815000	0.454102	-0.971680
7.820000	1.093750	-0.556641
7.825000	1.455078	-0.043945
7.830000	1.479492	0.356445
7.835000	1.245117	0.581055
7.840000	0.854492	0.639648
7.845000	0.429688	0.595703
7.850000	0.029297	0.493164
7.855000	-0.292969	0.107422
7.860000	-0.361328	-0.649414
7.865000	0.063477	-1.054688
7.870000	0.751953	-0.830078
7.875000	1.284180	-0.327148
7.880000	1.508789	0.151367
7.885000	1.406250	0.483398
7.890000	1.098633	0.625000
7.895000	0.673828	0.625000
7.900000	0.253906	0.561523
7.905000	-0.126953	0.390625
7.910000	-0.375977	-0.205078
7.915000	-0.239258	-0.927734
7.920000	0.356445	-1.020508
7.925000	1.025391	-0.629883
7.930000	1.435547	-0.117188
7.935000	1.508789	0.312500
7.940000	1.298828	0.566406
7.945000	0.927734	0.644531
7.950000	0.493164	0.615234
7.955000	0.073242	0.532227
7.960000	-0.273438	0.195312
7.965000	-0.400391	-0.590820
7.970000	-0.014648	-1.118164
7.975000	0.712891	-0.957031
7.980000	1.337891	-0.468750
7.985000	1.645508	0.048828
7.990000	1.611328	0.415039
7.995000	1.337891	0.600586
8.000000	0.942383	0.615234
8.005000	0.527344	0.556641
8.010000	0.151367	0.458984
8.015000	-0.166016	0.263672
8.020000	-0.327148	-0.297852
8.025000	-0.136719	-0.830078
8.030000	0.405273	-0.795898
8.035000	0.927734	-0.424805
8.040000	1.201172	0.019531
8.045000	1.191406	0.361328
8.050000	0.952148	0.537109
8.055000	0.590820	0.581055
8.060000	0.200195	0.537109
8.065000	-0.166016	0.346680
8.070000	-0.385742	-0.297852
8.075000	-0.185547	-0.981445
8.080000	0.444336	-1.010742
8.085000	1.108398	-0.605469
8.090000	1.499023	-0.087891
8.095000	1.552734	0.327148
8.100000	1.337891	0.551758
8.105000	0.976562	0.615234
8.110000	0.566406	0.576172
8.115000	0.175781	0.488281
8.120000	-0.151367	0.297852
8.125000	-0.341797	-0.268555
8.130000	-0.161133	-0.859375
8.135000	0.390625	-0.859375
8.140000	0.952148	-0.478516
8.145000	1.264648	-0.019531
8.150000	1.279297	0.336914
8.155000	1.054688	0.537109
8.160000	0.688477	0.590820
8.165000	0.297852	0.546875
8.170000	-0.073242	0.424805
8.175000	-0.351562	-0.087891
8.180000	-0.283203	-0.834961
8.185000	0.249023	-1.025391
8.190000	0.922852	-0.703125
8.195000	1.381836	-0.200195
8.200000	1.508789	0.239258
8.205000	1.357422	0.507812
8.210000	1.020508	0.610352
8.215000	0.615234	0.585938
8.220000	0.219727	0.502930
8.225000	-0.122070	0.341797
8.230000	-0.341797	-0.205078
8.235000	-0.205078	-0.844727
8.240000	0.336914	-0.908203
8.245000	0.927734	-0.551758
8.250000	1.284180	-0.078125
8.255000	1.333008	0.307617
8.260000	1.142578	0.532227
8.265000	0.781250	0.595703
8.270000	0.385742	0.561523
8.275000	0.004883	0.468750
8.280000	-0.297852	0.063477
8.285000	-0.336914	-0.678711
8.290000	0.102539	-1.025391
8.295000	0.766602	-0.786133
8.300000	1.274414	-0.302734
8.305000	1.479492	0.156250
8.310000	1.372070	0.458984
8.315000	1.074219	0.595703
8.320000	0.673828	0.595703
8.325000	0.273438	0.527344
8.330000	-0.083008	0.385742
8.335000	-0.332031	-0.112305
8.340000	-0.253906	-0.800781
8.345000	0.258789	-0.947266
8.350000	0.878906	-0.620117
8.355000	1.279297	-0.141602
8.360000	1.372070	0.263672
8.365000	1.206055	0.512695
8.370000	0.864258	0.595703
8.375000	0.463867	0.571289
8.380000	0.078125	0.493164
8.385000	-0.249023	0.185547
8.390000	-0.361328	-0.522461
8.395000	-0.019531	-1.000977
8.400000	0.625000	-0.854492
8.405000	1.191406	-0.395508
8.410000	1.440430	0.073242
8.415000	1.391602	0.419922
8.420000	1.123047	0.576172
8.425000	0.732422	0.600586
8.430000	0.332031	0.537109
8.435000	-0.034180	0.424805
8.440000	-0.312500	-0.014648
8.445000	-0.297852	-0.722656
8.450000	0.166016	-0.971680
8.455000	0.800781	-0.693359
8.460000	1.250000	-0.219727
8.465000	1.391602	0.214844
8.470000	1.254883	0.488281
8.475000	0.937500	0.595703
8.480000	0.541992	0.581055
8.485000	0.151367	0.507812
8.490000	-0.190430	0.278320
8.495000	-0.366211	-0.371094
8.500000	-0.126953	-0.957031
8.505000	0.498047	-0.908203
8.510000	1.088867	-0.488281
8.515000	1.406250	-0.004883
8.520000	1.411133	0.366211
8.525000	1.171875	0.561523
8.530000	0.795898	0.605469
8.535000	0.390625	0.551758
8.540000	0.019531	0.454102
8.545000	-0.283203	0.087891
8.550000	-0.327148	-0.629883
8.555000	0.073242	-0.986328
8.560000	0.712891	-0.761719
8.565000	1.215820	-0.297852
8.570000	1.401367	0.146484
8.575000	1.303711	0.458984
8.580000	1.005859	0.585938
8.585000	0.615234	0.590820
8.590000	0.219727	0.522461
8.595000	-0.131836	0.351562
8.600000	-0.361328	-0.229492
8.605000	-0.205078	-0.893555
8.610000	0.371094	-0.947266
8.615000	0.996094	-0.576172
8.620000	1.367188	-0.087891
8.625000	1.420898	0.307617
8.630000	1.225586	0.537109
8.635000	0.864258	0.605469
8.640000	0.458984	0.566406
8.645000	0.078125	0.483398
8.650000	-0.244141	0.180664
8.655000	-0.361328	-0.507812
8.660000	-0.019531	-0.976562
8.665000	0.615234	-0.825195
8.670000	1.157227	-0.380859
8.675000	1.396484	0.083008
8.680000	1.347656	0.415039
8.685000	1.074219	0.576172
8.690000	0.683594	0.595703
8.695000	0.288086	0.537109
8.700000	-0.078125	0.405273
8.705000	-0.341797	-0.097656
8.710000	-0.268555	-0.805664
8.715000	0.253906	-0.981445
8.720000	0.893555	-0.659180
8.725000	1.318359	-0.170898
8.730000	1.430664	0.253906
8.735000	1.259766	0.507812
8.740000	0.927734	0.600586
8.745000	0.527344	0.576172
8.750000	0.136719	0.498047
8.755000	-0.195312	0.263672
8.760000	-0.361328	-0.390625
8.765000	-0.107422	-0.947266
8.770000	0.507812	-0.883789
8.775000	1.083984	-0.463867
8.780000	1.386719	0.014648
8.785000	1.376953	0.375977
8.790000	1.132812	0.561523
8.795000	0.756836	0.600586
8.800000	0.356445	0.546875
8.805000	-0.014648	0.449219
8.810000	-0.307617	0.024414
8.815000	-0.317383	-0.703125
8.820000	0.141602	-0.996094
8.825000	0.786133	-0.732422
8.830000	1.259766	-0.253906
8.835000	1.430664	0.185547
8.840000	1.303711	0.473633
8.845000	0.996094	0.595703
8.850000	0.590820	0.590820
8.855000	0.200195	0.517578
8.860000	-0.146484	0.332031
8.865000	-0.361328	-0.258789
8.870000	-0.185547	-0.908203
8.875000	0.395508	-0.932617
8.880000	1.005859	-0.546875
8.885000	1.357422	-0.063477
8.890000	1.401367	0.322266
8.895000	1.191406	0.537109
8.900000	0.830078	0.605469
8.905000	0.424805	0.561523
8.910000	0.048828	0.473633
8.915000	-0.268555	0.131836
8.920000	-0.346680	-0.581055
8.925000	0.029297	-0.986328
8.930000	0.673828	-0.800781
8.935000	1.206055	-0.341797
8.940000	1.420898	0.117188
8.945000	1.342773	0.434570
8.950000	1.059570	0.581055
8.955000	0.664062	0.590820
8.960000	0.268555	0.532227
8.965000	-0.092773	0.385742
8.970000	-0.341797	-0.136719
8.975000	-0.249023	-0.830078
8.980000	0.283203	-0.966797
8.985000	0.917969	-0.629883
8.990000	1.318359	-0.141602
8.995000	1.416016	0.268555
9.000000	1.240234	0.517578
9.005000	0.898438	0.595703
9.010000	0.493164	0.576172
9.015000	0.107422	0.493164
9.020000	-0.219727	0.224609
9.025000	-0.361328	-0.449219
9.030000	-0.063477	-0.971680
9.035000	0.561523	-0.864258
9.040000	1.127930	-0.429688
9.045000	1.401367	0.048828
9.050000	1.372070	0.395508
9.055000	1.118164	0.571289
9.060000	0.732422	0.600586
9.065000	0.332031	0.541992
9.070000	-0.034180	0.429688
9.075000	-0.317383	-0.014648
9.080000	-0.297852	-0.737305
9.085000	0.170898	-0.986328
9.090000	0.820312	-0.703125
9.095000	1.274414	-0.229492
9.100000	1.420898	0.209961
9.105000	1.279297	0.488281
9.110000	0.961914	0.595703
9.115000	0.566406	0.581055
9.120000	0.170898	0.512695
9.125000	-0.170898	0.302734
9.130000	-0.361328	-0.317383
9.135000	-0.151367	-0.932617
9.140000	0.449219	-0.913086
9.145000	1.049805	-0.512695
9.150000	1.376953	-0.029297
9.155000	1.396484	0.346680
9.160000	1.166992	0.546875
9.165000	0.805664	0.605469
9.170000	0.395508	0.551758
9.175000	0.024414	0.463867
9.180000	-0.283203	0.092773
9.185000	-0.336914	-0.625000
9.190000	0.063477	-0.991211
9.195000	0.717773	-0.776367
9.200000	1.225586	-0.312500
9.205000	1.416016	0.146484
9.210000	1.323242	0.454102
9.215000	1.025391	0.585938
9.220000	0.634766	0.590820
9.225000	0.239258	0.527344
9.230000	-0.117188	0.366211
9.235000	-0.356445	-0.185547
9.240000	-0.224609	-0.869141
9.245000	0.332031	-0.957031
9.250000	0.957031	-0.595703
9.255000	1.342773	-0.107422
9.260000	1.416016	0.297852
9.265000	1.230469	0.527344
9.270000	0.874023	0.600586
9.275000	0.468750	0.571289
9.280000	0.083008	0.488281
9.285000	-0.239258	0.190430
9.290000	-0.366211	-0.498047
9.295000	-0.034180	-0.981445
9.300000	0.605469	-0.839844
9.305000	1.157227	-0.395508
9.310000	1.411133	0.078125
9.315000	1.357422	0.415039
9.320000	1.088867	0.576172
9.325000	0.703125	0.595703
9.330000	0.302734	0.537109
9.335000	-0.058594	0.415039
9.340000	-0.327148	-0.063477
9.345000	-0.283203	-0.781250
9.350000	0.219727	-0.981445
9.355000	0.859375	-0.673828
9.360000	1.298828	-0.190430
9.365000	1.420898	0.234375
9.370000	1.264648	0.498047
9.375000	0.942383	0.595703
9.380000	0.537109	0.576172
9.385000	0.146484	0.502930
9.390000	-0.190430	0.273438
9.395000	-0.361328	-0.366211
9.400000	-0.122070	-0.947266
9.405000	0.493164	-0.898438
9.410000	1.079102	-0.478516
9.415000	1.386719	0.000000
9.420000	1.391602	0.366211
9.425000	1.152344	0.556641
9.430000	0.776367	0.600586
9.435000	0.371094	0.551758
9.440000	0.000000	0.454102
9.445000	-0.292969	0.048828
9.450000	-0.322266	-0.673828
9.455000	0.107422	-0.986328
9.460000	0.756836	-0.747070
9.465000	1.245117	-0.273438
9.470000	1.425781	0.170898
9.475000	1.308594	0.463867
9.480000	1.005859	0.595703
9.485000	0.610352	0.585938
9.490000	0.209961	0.517578
9.495000	-0.136719	0.341797
9.500000	-0.361328	-0.239258
9.505000	-0.200195	-0.898438
9.510000	0.375977	-0.942383
9.515000	0.996094	-0.561523
9.520000	1.352539	-0.078125
9.525000	1.406250	0.312500
9.530000	1.206055	0.537109
9.535000	0.844727	0.605469
9.540000	0.439453	0.566406
9.545000	0.063477	0.478516
9.550000	-0.258789	0.151367
9.555000	-0.351562	-0.551758
9.560000	0.004883	-0.986328
9.565000	0.649414	-0.815430
9.570000	1.186523	-0.361328
9.575000	1.416016	0.102539
9.580000	1.347656	0.429688
9.585000	1.069336	0.581055
9.590000	0.678711	0.595703
9.595000	0.278320	0.532227
9.600000	-0.083008	0.395508
9.605000	-0.341797	-0.107422
9.610000	-0.263672	-0.815430
9.615000	0.268555	-0.971680
9.620000	0.903320	-0.639648
9.625000	1.318359	-0.156250
9.630000	1.420898	0.258789
9.635000	1.245117	0.512695
9.640000	0.913086	0.600586
9.645000	0.507812	0.576172
9.650000	0.122070	0.498047
9.655000	-0.209961	0.244141
9.660000	-0.361328	-0.419922
9.665000	-0.083008	-0.961914
9.670000	0.537109	-0.869141
9.675000	1.108398	-0.444336
9.680000	1.396484	0.029297
9.685000	1.376953	0.385742
9.690000	1.127930	0.566406
9.695000	0.742188	0.600586
9.700000	0.341797	0.541992
9.705000	-0.024414	0.439453
9.710000	-0.312500	0.004883
9.715000	-0.312500	-0.717773
9.720000	0.151367	-0.991211
9.725000	0.800781	-0.717773
9.730000	1.264648	-0.239258
9.735000	1.425781	0.195312
9.740000	1.293945	0.478516
9.745000	0.976562	0.595703
9.750000	0.581055	0.585938
9.755000	0.185547	0.512695
9.760000	-0.161133	0.317383
9.765000	-0.361328	-0.288086
9.770000	-0.166016	-0.917969
9.775000	0.419922	-0.922852
9.780000	1.030273	-0.532227
9.785000	1.372070	-0.043945
9.790000	1.401367	0.336914
9.795000	1.181641	0.546875
9.800000	0.815430	0.605469
9.805000	0.415039	0.556641
9.810000	0.034180	0.468750
9.815000	-0.273438	0.117188
9.820000	-0.341797	-0.600586
9.825000	0.043945	-0.986328
9.830000	0.693359	-0.791016
9.835000	1.210938	-0.322266
9.840000	1.420898	0.131836
9.845000	1.333008	0.439453
9.850000	1.040039	0.585938
9.855000	0.649414	0.595703
9.860000	0.249023	0.527344
9.865000	-0.107422	0.375977
9.870000	-0.346680	-0.161133
9.875000	-0.239258	-0.849609
9.880000	0.307617	-0.961914
9.885000	0.937500	-0.610352
9.890000	1.333008	-0.126953
9.895000	1.420898	0.283203
9.900000	1.240234	0.522461
9.905000	0.883789	0.600586
9.910000	0.483398	0.576172
9.915000	0.097656	0.488281
9.920000	-0.229492	0.209961
9.925000	-0.361328	-0.473633
9.930000	-0.048828	-0.976562
9.935000	0.581055	-0.849609
9.940000	1.142578	-0.410156
9.945000	1.406250	0.058594
9.950000	1.367188	0.400391
9.955000	1.103516	0.576172
9.960000	0.717773	0.595703
9.965000	0.317383	0.537109
9.970000	-0.048828	0.424805
9.975000	-0.322266	-0.039062
9.980000	-0.292969	-0.756836
9.985000	0.200195	-0.986328
9.990000	0.839844	-0.688477
9.995000	1.284180	-0.205078
10.000000	1.425781	0.224609
