# Time_s	x	xdot
0.000000	1.342773	0.454102
0.005000	1.044922	0.595703
0.010000	0.649414	0.595703
0.015000	0.253906	0.532227
0.020000	-0.107422	0.375977
0.025000	-0.346680	-0.170898
0.030000	-0.234375	-0.859375
0.035000	0.312500	-0.966797
0.040000	0.947266	-0.615234
0.045000	1.347656	-0.117188
0.050000	1.420898	0.288086
0.055000	1.240234	0.532227
0.060000	0.883789	0.610352
0.065000	0.478516	0.576172
0.070000	0.092773	0.488281
0.075000	-0.234375	0.195312
0.080000	-0.361328	-0.493164
0.085000	-0.039062	-0.986328
0.090000	0.605469	-0.849609
0.095000	1.162109	-0.400391
0.100000	1.420898	0.073242
0.105000	1.372070	0.415039
0.110000	1.103516	0.576172
0.115000	0.712891	0.605469
0.120000	0.307617	0.537109
0.125000	-0.058594	0.419922
0.130000	-0.327148	-0.063477
0.135000	-0.283203	-0.781250
0.140000	0.224609	-0.986328
0.145000	0.869141	-0.673828
0.150000	1.308594	-0.190430
0.155000	1.430664	0.239258
0.160000	1.269531	0.502930
0.165000	0.937500	0.605469
0.170000	0.537109	0.581055
0.175000	0.146484	0.502930
0.180000	-0.195312	0.268555
0.185000	-0.361328	-0.385742
0.190000	-0.112305	-0.957031
0.195000	0.507812	-0.898438
0.200000	1.093750	-0.473633
0.205000	1.401367	0.009766
0.210000	1.391602	0.375977
0.215000	1.152344	0.571289
0.220000	0.771484	0.610352
0.225000	0.361328	0.551758
0.230000	-0.009766	0.449219
0.235000	-0.302734	0.029297
0.240000	-0.322266	-0.693359
0.245000	0.131836	-1.000977
0.250000	0.781250	-0.742188
0.255000	1.259766	-0.258789
0.260000	1.430664	0.180664
0.265000	1.313477	0.478516
0.270000	0.996094	0.600586
0.275000	0.600586	0.595703
0.280000	0.195312	0.517578
0.285000	-0.146484	0.327148
0.290000	-0.361328	-0.273438
0.295000	-0.175781	-0.913086
0.300000	0.410156	-0.937500
0.305000	1.025391	-0.546875
0.310000	1.376953	-0.053711
0.315000	1.416016	0.332031
0.320000	1.196289	0.546875
0.325000	0.825195	0.610352
0.330000	0.419922	0.566406
0.335000	0.039062	0.468750
0.340000	-0.273438	0.122070
0.345000	-0.346680	-0.595703
0.350000	0.043945	-0.996094
0.355000	0.688477	-0.800781
0.360000	1.210938	-0.332031
0.365000	1.430664	0.131836
0.370000	1.342773	0.449219
0.375000	1.049805	0.590820
0.380000	0.654297	0.595703
0.385000	0.253906	0.532227
0.390000	-0.102539	0.375977
0.395000	-0.346680	-0.166016
0.400000	-0.234375	-0.859375
0.405000	0.312500	-0.966797
0.410000	0.947266	-0.615234
0.415000	1.347656	-0.122070
0.420000	1.425781	0.288086
0.425000	1.235352	0.532227
0.430000	0.883789	0.610352
0.435000	0.478516	0.576172
0.440000	0.092773	0.488281
0.445000	-0.239258	0.200195
0.450000	-0.361328	-0.493164
0.455000	-0.039062	-0.986328
0.460000	0.600586	-0.854492
0.465000	1.162109	-0.405273
0.470000	1.420898	0.068359
0.475000	1.372070	0.415039
0.480000	1.103516	0.576172
0.485000	0.712891	0.605469
0.490000	0.307617	0.537109
0.495000	-0.058594	0.419922
0.500000	-0.327148	-0.063477
0.505000	-0.283203	-0.786133
0.510000	0.224609	-0.986328
0.515000	0.869141	-0.678711
0.520000	1.308594	-0.190430
0.525000	1.435547	0.239258
0.530000	1.274414	0.507812
0.535000	0.942383	0.605469
0.540000	0.537109	0.581055
0.545000	0.146484	0.502930
0.550000	-0.190430	0.273438
0.555000	-0.361328	-0.380859
0.560000	-0.112305	-0.957031
0.565000	0.507812	-0.898438
0.570000	1.098633	-0.473633
0.575000	1.401367	0.004883
0.580000	1.396484	0.375977
0.585000	1.157227	0.571289
0.590000	0.771484	0.610352
0.595000	0.366211	0.556641
0.600000	-0.009766	0.454102
0.605000	-0.302734	0.029297
0.610000	-0.317383	-0.698242
0.615000	0.131836	-0.996094
0.620000	0.781250	-0.742188
0.625000	1.264648	-0.263672
0.630000	1.440430	0.185547
0.635000	1.313477	0.483398
0.640000	1.000977	0.600586
0.645000	0.600586	0.590820
0.650000	0.200195	0.517578
0.655000	-0.151367	0.327148
0.660000	-0.361328	-0.273438
0.665000	-0.180664	-0.917969
0.670000	0.410156	-0.942383
0.675000	1.025391	-0.546875
0.680000	1.376953	-0.058594
0.685000	1.416016	0.332031
0.690000	1.201172	0.551758
0.695000	0.834961	0.610352
0.700000	0.419922	0.566406
0.705000	0.039062	0.473633
0.710000	-0.273438	0.122070
0.715000	-0.341797	-0.595703
0.720000	0.039062	-1.000977
0.725000	0.693359	-0.800781
0.730000	1.220703	-0.332031
0.735000	1.430664	0.126953
0.740000	1.347656	0.444336
0.745000	1.054688	0.595703
0.750000	0.654297	0.595703
0.755000	0.253906	0.537109
0.760000	-0.102539	0.380859
0.765000	-0.351562	-0.166016
0.770000	-0.234375	-0.859375
0.775000	0.312500	-0.966797
0.780000	0.947266	-0.620117
0.785000	1.347656	-0.122070
0.790000	1.430664	0.288086
0.795000	1.240234	0.527344
0.800000	0.888672	0.610352
0.805000	0.483398	0.576172
0.810000	0.092773	0.493164
0.815000	-0.234375	0.205078
0.820000	-0.361328	-0.493164
0.825000	-0.039062	-0.986328
0.830000	0.600586	-0.854492
0.835000	1.157227	-0.405273
0.840000	1.420898	0.068359
0.845000	1.376953	0.415039
0.850000	1.103516	0.581055
0.855000	0.717773	0.605469
0.860000	0.312500	0.541992
0.865000	-0.053711	0.419922
0.870000	-0.327148	-0.058594
0.875000	-0.283203	-0.781250
0.880000	0.219727	-0.986328
0.885000	0.864258	-0.678711
0.890000	1.308594	-0.195312
0.895000	1.430664	0.239258
0.900000	1.279297	0.507812
0.905000	0.947266	0.605469
0.910000	0.537109	0.581055
0.915000	0.146484	0.502930
0.920000	-0.195312	0.273438
0.925000	-0.361328	-0.380859
0.930000	-0.117188	-0.957031
0.935000	0.502930	-0.898438
0.940000	1.093750	-0.478516
0.945000	1.401367	0.000000
0.950000	1.401367	0.371094
0.955000	1.157227	0.571289
0.960000	0.776367	0.610352
0.965000	0.366211	0.556641
0.970000	-0.004883	0.454102
0.975000	-0.302734	0.034180
0.980000	-0.322266	-0.693359
0.985000	0.126953	-0.996094
0.990000	0.776367	-0.742188
0.995000	1.259766	-0.268555
1.000000	1.435547	0.180664
1.005000	1.313477	0.478516
1.010000	1.000977	0.600586
1.015000	0.600586	0.595703
1.020000	0.200195	0.517578
1.025000	-0.146484	0.332031
1.030000	-0.361328	-0.268555
1.035000	-0.180664	-0.913086
1.040000	0.410156	-0.937500
1.045000	1.025391	-0.551758
1.050000	1.376953	-0.053711
1.055000	1.420898	0.332031
1.060000	1.201172	0.551758
1.065000	0.834961	0.610352
1.070000	0.419922	0.571289
1.075000	0.043945	0.473633
1.080000	-0.268555	0.126953
1.085000	-0.341797	-0.595703
1.090000	0.039062	-0.996094
1.095000	0.688477	-0.800781
1.100000	1.215820	-0.336914
1.105000	1.430664	0.126953
1.110000	1.347656	0.449219
1.115000	1.049805	0.595703
1.120000	0.654297	0.600586
1.125000	0.258789	0.537109
1.130000	-0.102539	0.380859
1.135000	-0.346680	-0.161133
1.140000	-0.239258	-0.854492
1.145000	0.307617	-0.966797
1.150000	0.947266	-0.620117
1.155000	1.347656	-0.126953
1.160000	1.430664	0.288086
1.165000	1.245117	0.532227
1.170000	0.893555	0.610352
1.175000	0.483398	0.576172
1.180000	0.097656	0.493164
1.185000	-0.234375	0.205078
1.190000	-0.366211	-0.488281
1.195000	-0.043945	-0.986328
1.200000	0.595703	-0.854492
1.205000	1.162109	-0.410156
1.210000	1.425781	0.063477
1.215000	1.376953	0.415039
1.220000	1.108398	0.581055
1.225000	0.717773	0.605469
1.230000	0.307617	0.541992
1.235000	-0.053711	0.419922
1.240000	-0.327148	-0.053711
1.245000	-0.283203	-0.776367
1.250000	0.214844	-0.991211
1.255000	0.864258	-0.683594
1.260000	1.308594	-0.195312
1.265000	1.435547	0.234375
1.270000	1.279297	0.502930
1.275000	0.947266	0.605469
1.280000	0.541992	0.585938
1.285000	0.146484	0.507812
1.290000	-0.190430	0.278320
1.295000	-0.361328	-0.375977
1.300000	-0.117188	-0.952148
1.305000	0.502930	-0.903320
1.310000	1.093750	-0.483398
1.315000	1.401367	0.000000
1.320000	1.401367	0.371094
1.325000	1.157227	0.566406
1.330000	0.776367	0.610352
1.335000	0.371094	0.551758
1.340000	-0.009766	0.449219
1.345000	-0.302734	0.039062
1.350000	-0.322266	-0.688477
1.355000	0.122070	-1.000977
1.360000	0.776367	-0.751953
1.365000	1.259766	-0.268555
1.370000	1.435547	0.180664
1.375000	1.313477	0.473633
1.380000	1.000977	0.600586
1.385000	0.605469	0.595703
1.390000	0.200195	0.517578
1.395000	-0.146484	0.332031
1.400000	-0.361328	-0.263672
1.405000	-0.185547	-0.913086
1.410000	0.405273	-0.942383
1.415000	1.015625	-0.556641
1.420000	1.376953	-0.058594
1.425000	1.416016	0.327148
1.430000	1.201172	0.546875
1.435000	0.839844	0.610352
1.440000	0.424805	0.566406
1.445000	0.043945	0.473633
1.450000	-0.268555	0.126953
1.455000	-0.346680	-0.590820
1.460000	0.034180	-0.996094
1.465000	0.688477	-0.800781
1.470000	1.215820	-0.336914
1.475000	1.430664	0.122070
1.480000	1.347656	0.444336
1.485000	1.059570	0.595703
1.490000	0.659180	0.600586
1.495000	0.258789	0.537109
1.500000	-0.097656	0.380859
1.505000	-0.346680	-0.156250
1.510000	-0.239258	-0.854492
1.515000	0.307617	-0.971680
1.520000	0.942383	-0.625000
1.525000	1.347656	-0.131836
1.530000	1.430664	0.283203
1.535000	1.240234	0.532227
1.540000	0.893555	0.610352
1.545000	0.488281	0.576172
1.550000	0.097656	0.493164
1.555000	-0.234375	0.209961
1.560000	-0.361328	-0.483398
1.565000	-0.043945	-0.986328
1.570000	0.595703	-0.859375
1.575000	1.157227	-0.410156
1.580000	1.420898	0.063477
1.585000	1.376953	0.410156
1.590000	1.108398	0.581055
1.595000	0.717773	0.605469
1.600000	0.312500	0.541992
1.605000	-0.058594	0.419922
1.610000	-0.322266	-0.048828
1.615000	-0.288086	-0.776367
1.620000	0.209961	-0.991211
1.625000	0.859375	-0.688477
1.630000	1.308594	-0.195312
1.635000	1.440430	0.229492
1.640000	1.279297	0.502930
1.645000	0.952148	0.605469
1.650000	0.541992	0.585938
1.655000	0.151367	0.507812
1.660000	-0.190430	0.278320
1.665000	-0.361328	-0.371094
1.670000	-0.122070	-0.957031
1.675000	0.498047	-0.903320
1.680000	1.088867	-0.483398
1.685000	1.401367	0.000000
1.690000	1.396484	0.371094
1.695000	1.162109	0.566406
1.700000	0.781250	0.615234
1.705000	0.375977	0.556641
1.710000	-0.009766	0.454102
1.715000	-0.297852	0.043945
1.720000	-0.322266	-0.683594
1.725000	0.122070	-1.000977
1.730000	0.771484	-0.747070
1.735000	1.259766	-0.268555
1.740000	1.435547	0.180664
1.745000	1.318359	0.478516
1.750000	1.005859	0.595703
1.755000	0.605469	0.595703
1.760000	0.205078	0.517578
1.765000	-0.146484	0.336914
1.770000	-0.361328	-0.258789
1.775000	-0.185547	-0.913086
1.780000	0.400391	-0.942383
1.785000	1.015625	-0.551758
1.790000	1.376953	-0.063477
1.795000	1.420898	0.327148
1.800000	1.206055	0.546875
1.805000	0.839844	0.610352
1.810000	0.429688	0.566406
1.815000	0.048828	0.478516
1.820000	-0.268555	0.131836
1.825000	-0.346680	-0.585938
1.830000	0.029297	-1.000977
1.835000	0.683594	-0.805664
1.840000	1.210938	-0.341797
1.845000	1.430664	0.122070
1.850000	1.352539	0.449219
1.855000	1.059570	0.595703
1.860000	0.664062	0.600586
1.865000	0.258789	0.537109
1.870000	-0.097656	0.380859
1.875000	-0.346680	-0.151367
1.880000	-0.244141	-0.849609
1.885000	0.302734	-0.971680
1.890000	0.942383	-0.625000
1.895000	1.347656	-0.131836
1.900000	1.430664	0.283203
1.905000	1.245117	0.527344
1.910000	0.898438	0.615234
1.915000	0.483398	0.576172
1.920000	0.097656	0.493164
1.925000	-0.229492	0.209961
1.930000	-0.361328	-0.478516
1.935000	-0.048828	-0.986328
1.940000	0.590820	-0.864258
1.945000	1.152344	-0.410156
1.950000	1.425781	0.063477
1.955000	1.376953	0.410156
1.960000	1.113281	0.576172
1.965000	0.722656	0.605469
1.970000	0.312500	0.546875
1.975000	-0.048828	0.419922
1.980000	-0.322266	-0.048828
1.985000	-0.288086	-0.771484
1.990000	0.209961	-0.991211
1.995000	0.859375	-0.683594
2.000000	1.303711	-0.200195
2.005000	1.435547	0.229492
2.010000	1.279297	0.502930
2.015000	0.952148	0.605469
2.020000	0.546875	0.585938
2.025000	0.151367	0.507812
2.030000	-0.190430	0.278320
2.035000	-0.361328	-0.366211
2.040000	-0.122070	-0.952148
2.045000	0.493164	-0.908203
2.050000	1.088867	-0.483398
2.055000	1.401367	0.000000
2.060000	1.401367	0.371094
2.065000	1.162109	0.566406
2.070000	0.781250	0.610352
2.075000	0.371094	0.556641
2.080000	-0.004883	0.454102
2.085000	-0.297852	0.043945
2.090000	-0.322266	-0.678711
2.095000	0.117188	-1.000977
2.100000	0.771484	-0.751953
2.105000	1.259766	-0.273438
2.110000	1.435547	0.180664
2.115000	1.318359	0.473633
2.120000	1.005859	0.600586
2.125000	0.605469	0.595703
2.130000	0.205078	0.517578
2.135000	-0.146484	0.336914
2.140000	-0.361328	-0.258789
2.145000	-0.190430	-0.908203
2.150000	0.395508	-0.942383
2.155000	1.015625	-0.556641
2.160000	1.376953	-0.068359
2.165000	1.420898	0.327148
2.170000	1.206055	0.546875
2.175000	0.844727	0.615234
2.180000	0.429688	0.571289
2.185000	0.048828	0.478516
2.190000	-0.263672	0.136719
2.195000	-0.346680	-0.585938
2.200000	0.029297	-0.996094
2.205000	0.678711	-0.805664
2.210000	1.210938	-0.341797
2.215000	1.425781	0.122070
2.220000	1.352539	0.444336
2.225000	1.064453	0.590820
2.230000	0.664062	0.600586
2.235000	0.263672	0.537109
2.240000	-0.097656	0.385742
2.245000	-0.346680	-0.146484
2.250000	-0.244141	-0.849609
2.255000	0.297852	-0.971680
2.260000	0.937500	-0.625000
2.265000	1.342773	-0.131836
2.270000	1.430664	0.283203
2.275000	1.245117	0.532227
2.280000	0.898438	0.610352
2.285000	0.493164	0.571289
2.290000	0.102539	0.493164
2.295000	-0.229492	0.214844
2.300000	-0.361328	-0.473633
2.305000	-0.048828	-0.986328
2.310000	0.585938	-0.859375
2.315000	1.152344	-0.415039
2.320000	1.420898	0.058594
2.325000	1.376953	0.410156
2.330000	1.113281	0.581055
2.335000	0.727539	0.605469
2.340000	0.317383	0.541992
2.345000	-0.048828	0.419922
2.350000	-0.322266	-0.043945
2.355000	-0.292969	-0.766602
2.360000	0.205078	-0.991211
2.365000	0.854492	-0.688477
2.370000	1.298828	-0.205078
2.375000	1.435547	0.229492
2.380000	1.284180	0.502930
2.385000	0.952148	0.605469
2.390000	0.546875	0.585938
2.395000	0.156250	0.507812
2.400000	-0.185547	0.283203
2.405000	-0.361328	-0.366211
2.410000	-0.122070	-0.947266
2.415000	0.493164	-0.908203
2.420000	1.083984	-0.488281
2.425000	1.396484	-0.004883
2.430000	1.396484	0.366211
2.435000	1.162109	0.566406
2.440000	0.781250	0.610352
2.445000	0.375977	0.556641
2.450000	-0.004883	0.458984
2.455000	-0.297852	0.048828
2.460000	-0.322266	-0.678711
2.465000	0.112305	-1.000977
2.470000	0.766602	-0.751953
2.475000	1.254883	-0.278320
2.480000	1.435547	0.175781
2.485000	1.318359	0.473633
2.490000	1.005859	0.600586
2.495000	0.610352	0.590820
2.500000	0.209961	0.522461
2.505000	-0.141602	0.336914
2.510000	-0.361328	-0.253906
2.515000	-0.190430	-0.908203
2.520000	0.395508	-0.947266
2.525000	1.010742	-0.561523
2.530000	1.372070	-0.073242
2.535000	1.420898	0.327148
2.540000	1.206055	0.546875
2.545000	0.844727	0.610352
2.550000	0.434570	0.566406
2.555000	0.048828	0.473633
2.560000	-0.263672	0.141602
2.565000	-0.341797	-0.581055
2.570000	0.029297	-0.996094
2.575000	0.678711	-0.810547
2.580000	1.210938	-0.346680
2.585000	1.430664	0.117188
2.590000	1.352539	0.444336
2.595000	1.059570	0.590820
2.600000	0.668945	0.600586
2.605000	0.263672	0.537109
2.610000	-0.092773	0.385742
2.615000	-0.346680	-0.146484
2.620000	-0.249023	-0.849609
2.625000	0.297852	-0.971680
2.630000	0.932617	-0.625000
2.635000	1.337891	-0.136719
2.640000	1.430664	0.278320
2.645000	1.245117	0.527344
2.650000	0.898438	0.610352
2.655000	0.493164	0.576172
2.660000	0.107422	0.493164
2.665000	-0.229492	0.219727
2.670000	-0.366211	-0.468750
2.675000	-0.053711	-0.981445
2.680000	0.585938	-0.864258
2.685000	1.147461	-0.419922
2.690000	1.416016	0.058594
2.695000	1.376953	0.405273
2.700000	1.118164	0.576172
2.705000	0.727539	0.605469
2.710000	0.317383	0.541992
2.715000	-0.048828	0.424805
2.720000	-0.327148	-0.043945
2.725000	-0.288086	-0.766602
2.730000	0.205078	-0.991211
2.735000	0.849609	-0.693359
2.740000	1.303711	-0.205078
2.745000	1.440430	0.229492
2.750000	1.284180	0.498047
2.755000	0.952148	0.605469
2.760000	0.551758	0.585938
2.765000	0.156250	0.507812
2.770000	-0.185547	0.283203
2.775000	-0.366211	-0.361328
2.780000	-0.126953	-0.952148
2.785000	0.488281	-0.908203
2.790000	1.083984	-0.488281
2.795000	1.396484	-0.004883
2.800000	1.401367	0.361328
2.805000	1.166992	0.566406
2.810000	0.786133	0.610352
2.815000	0.375977	0.556641
2.820000	0.000000	0.458984
2.825000	-0.297852	0.053711
2.830000	-0.322266	-0.673828
2.835000	0.112305	-1.000977
2.840000	0.766602	-0.756836
2.845000	1.254883	-0.278320
2.850000	1.435547	0.175781
2.855000	1.318359	0.473633
2.860000	1.010742	0.600586
2.865000	0.610352	0.595703
2.870000	0.214844	0.522461
2.875000	-0.141602	0.341797
2.880000	-0.361328	-0.249023
2.885000	-0.195312	-0.903320
2.890000	0.390625	-0.942383
2.895000	1.010742	-0.561523
2.900000	1.372070	-0.073242
2.905000	1.420898	0.327148
2.910000	1.210938	0.546875
2.915000	0.849609	0.615234
2.920000	0.439453	0.566406
2.925000	0.053711	0.478516
2.930000	-0.263672	0.141602
2.935000	-0.346680	-0.576172
2.940000	0.019531	-0.996094
2.945000	0.673828	-0.810547
2.950000	1.206055	-0.351562
2.955000	1.430664	0.117188
2.960000	1.352539	0.434570
2.965000	1.064453	0.590820
2.970000	0.668945	0.600586
2.975000	0.263672	0.537109
2.980000	-0.092773	0.390625
2.985000	-0.336914	-0.141602
2.990000	-0.249023	-0.839844
2.995000	0.292969	-0.976562
3.000000	0.932617	-0.629883
3.005000	1.337891	-0.136719
3.010000	1.435547	0.278320
3.015000	1.245117	0.527344
3.020000	0.898438	0.610352
3.025000	0.493164	0.576172
3.030000	0.102539	0.498047
3.035000	-0.224609	0.219727
3.040000	-0.361328	-0.468750
3.045000	-0.053711	-0.986328
3.050000	0.581055	-0.864258
3.055000	1.147461	-0.419922
3.060000	1.420898	0.058594
3.065000	1.381836	0.405273
3.070000	1.118164	0.576172
3.075000	0.727539	0.605469
3.080000	0.322266	0.546875
3.085000	-0.048828	0.424805
3.090000	-0.327148	-0.039062
3.095000	-0.292969	-0.761719
3.100000	0.200195	-0.991211
3.105000	0.844727	-0.693359
3.110000	1.298828	-0.209961
3.115000	1.435547	0.224609
3.120000	1.284180	0.502930
3.125000	0.957031	0.605469
3.130000	0.556641	0.585938
3.135000	0.156250	0.507812
3.140000	-0.185547	0.283203
3.145000	-0.366211	-0.356445
3.150000	-0.126953	-0.947266
3.155000	0.483398	-0.908203
3.160000	1.079102	-0.493164
3.165000	1.396484	-0.004883
3.170000	1.401367	0.366211
3.175000	1.166992	0.561523
3.180000	0.786133	0.610352
3.185000	0.375977	0.556641
3.190000	0.000000	0.458984
3.195000	-0.297852	0.053711
3.200000	-0.322266	-0.673828
3.205000	0.107422	-1.000977
3.210000	0.761719	-0.761719
3.215000	1.250000	-0.283203
3.220000	1.435547	0.170898
3.225000	1.323242	0.468750
3.230000	1.015625	0.595703
3.235000	0.610352	0.600586
3.240000	0.214844	0.522461
3.245000	-0.136719	0.341797
3.250000	-0.366211	-0.249023
3.255000	-0.190430	-0.903320
3.260000	0.385742	-0.947266
3.265000	1.005859	-0.561523
3.270000	1.372070	-0.073242
3.275000	1.420898	0.322266
3.280000	1.210938	0.541992
3.285000	0.844727	0.610352
3.290000	0.439453	0.566406
3.295000	0.053711	0.478516
3.300000	-0.263672	0.141602
3.305000	-0.346680	-0.571289
3.310000	0.024414	-0.996094
3.315000	0.668945	-0.810547
3.320000	1.206055	-0.351562
3.325000	1.430664	0.117188
3.330000	1.352539	0.439453
3.335000	1.069336	0.590820
3.340000	0.673828	0.600586
3.345000	0.268555	0.537109
3.350000	-0.092773	0.390625
3.355000	-0.341797	-0.136719
3.360000	-0.249023	-0.839844
3.365000	0.292969	-0.971680
3.370000	0.932617	-0.634766
3.375000	1.337891	-0.141602
3.380000	1.430664	0.278320
3.385000	1.245117	0.527344
3.390000	0.903320	0.610352
3.395000	0.493164	0.576172
3.400000	0.102539	0.493164
3.405000	-0.229492	0.219727
3.410000	-0.273438	-0.800781
3.415000	0.244141	-0.986328
3.420000	0.888672	-0.664062
3.425000	1.318359	-0.175781
3.430000	1.430664	0.253906
3.435000	1.269531	0.512695
3.440000	0.932617	0.610352
3.445000	0.527344	0.581055
3.450000	0.131836	0.502930
3.455000	-0.205078	0.258789
3.460000	-0.361328	-0.410156
3.465000	-0.097656	-0.966797
3.470000	0.527344	-0.888672
3.475000	1.113281	-0.458984
3.480000	1.411133	0.019531
3.485000	1.391602	0.380859
3.490000	1.147461	0.576172
3.495000	0.761719	0.610352
3.500000	0.346680	0.546875
3.505000	-0.019531	0.444336
3.510000	-0.312500	0.009766
3.515000	-0.312500	-0.717773
3.520000	0.146484	-0.996094
3.525000	0.800781	-0.722656
3.530000	1.274414	-0.249023
3.535000	1.440430	0.200195
3.540000	1.308594	0.488281
3.545000	0.991211	0.605469
3.550000	0.585938	0.595703
3.555000	0.185547	0.517578
3.560000	-0.161133	0.317383
3.565000	-0.361328	-0.297852
3.570000	-0.166016	-0.927734
3.575000	0.434570	-0.932617
3.580000	1.040039	-0.532227
3.585000	1.386719	-0.039062
3.590000	1.411133	0.341797
3.595000	1.191406	0.551758
3.600000	0.820312	0.615234
3.605000	0.415039	0.566406
3.610000	0.029297	0.468750
3.615000	-0.278320	0.102539
3.620000	-0.341797	-0.620117
3.625000	0.063477	-1.000977
3.630000	0.712891	-0.786133
3.635000	1.235352	-0.317383
3.640000	1.435547	0.141602
3.645000	1.337891	0.458984
3.650000	1.040039	0.595703
3.655000	0.644531	0.595703
3.660000	0.244141	0.532227
3.665000	-0.112305	0.371094
3.670000	-0.351562	-0.185547
3.675000	-0.224609	-0.874023
3.680000	0.332031	-0.961914
3.685000	0.966797	-0.600586
3.690000	1.352539	-0.107422
3.695000	1.430664	0.297852
3.700000	1.240234	0.532227
3.705000	0.878906	0.615234
3.710000	0.463867	0.576172
3.715000	0.083008	0.488281
3.720000	-0.244141	0.185547
3.725000	-0.361328	-0.512695
3.730000	-0.019531	-0.986328
3.735000	0.620117	-0.839844
3.740000	1.171875	-0.390625
3.745000	1.425781	0.078125
3.750000	1.367188	0.415039
3.755000	1.093750	0.581055
3.760000	0.703125	0.605469
3.765000	0.297852	0.537109
3.770000	-0.068359	0.410156
3.775000	-0.332031	-0.078125
3.780000	-0.273438	-0.795898
3.785000	0.239258	-0.986328
3.790000	0.883789	-0.664062
3.795000	1.318359	-0.175781
3.800000	1.435547	0.249023
3.805000	1.269531	0.512695
3.810000	0.932617	0.605469
3.815000	0.527344	0.581055
3.820000	0.136719	0.502930
3.825000	-0.205078	0.258789
3.830000	-0.361328	-0.400391
3.835000	-0.097656	-0.961914
3.840000	0.527344	-0.888672
3.845000	1.108398	-0.463867
3.850000	1.411133	0.019531
3.855000	1.386719	0.380859
3.860000	1.147461	0.571289
3.865000	0.766602	0.610352
3.870000	0.351562	0.551758
3.875000	-0.014648	0.449219
3.880000	-0.307617	0.014648
3.885000	-0.317383	-0.712891
3.890000	0.146484	-0.996094
3.895000	0.800781	-0.727539
3.900000	1.269531	-0.249023
3.905000	1.435547	0.195312
3.910000	1.308594	0.488281
3.915000	0.986328	0.600586
3.920000	0.585938	0.590820
3.925000	0.185547	0.517578
3.930000	-0.161133	0.317383
3.935000	-0.361328	-0.292969
3.940000	-0.166016	-0.927734
3.945000	0.429688	-0.932617
3.950000	1.040039	-0.532227
3.955000	1.386719	-0.043945
3.960000	1.416016	0.341797
3.965000	1.196289	0.556641
3.970000	0.820312	0.615234
3.975000	0.410156	0.566406
3.980000	0.034180	0.473633
3.985000	-0.278320	0.112305
3.990000	-0.341797	-0.615234
3.995000	0.058594	-1.000977
4.000000	0.708008	-0.791016
4.005000	1.230469	-0.322266
4.010000	1.430664	0.141602
4.015000	1.337891	0.458984
4.020000	1.044922	0.595703
4.025000	0.644531	0.600586
4.030000	0.244141	0.532227
4.035000	-0.112305	0.371094
4.040000	-0.356445	-0.185547
4.045000	-0.224609	-0.874023
4.050000	0.332031	-0.966797
4.055000	0.961914	-0.605469
4.060000	1.352539	-0.112305
4.065000	1.430664	0.297852
4.070000	1.240234	0.537109
4.075000	0.878906	0.615234
4.080000	0.468750	0.576172
4.085000	0.083008	0.493164
4.090000	-0.244141	0.190430
4.095000	-0.361328	-0.507812
4.100000	-0.024414	-0.986328
4.105000	0.615234	-0.844727
4.110000	1.171875	-0.395508
4.115000	1.425781	0.078125
4.120000	1.372070	0.419922
4.125000	1.093750	0.581055
4.130000	0.703125	0.605469
4.135000	0.297852	0.537109
4.140000	-0.063477	0.415039
4.145000	-0.332031	-0.078125
4.150000	-0.278320	-0.795898
4.155000	0.234375	-0.986328
4.160000	0.883789	-0.668945
4.165000	1.313477	-0.175781
4.170000	1.435547	0.249023
4.175000	1.269531	0.512695
4.180000	0.937500	0.605469
4.185000	0.532227	0.581055
4.190000	0.136719	0.502930
4.195000	-0.205078	0.258789
4.200000	-0.361328	-0.395508
4.205000	-0.102539	-0.966797
4.210000	0.522461	-0.893555
4.215000	1.108398	-0.463867
4.220000	1.406250	0.014648
4.225000	1.391602	0.380859
4.230000	1.147461	0.576172
4.235000	0.761719	0.610352
4.240000	0.356445	0.551758
4.245000	-0.014648	0.449219
4.250000	-0.307617	0.019531
4.255000	-0.317383	-0.712891
4.260000	0.141602	-0.996094
4.265000	0.795898	-0.732422
4.270000	1.274414	-0.253906
4.275000	1.435547	0.195312
4.280000	1.313477	0.483398
4.285000	0.991211	0.605469
4.290000	0.590820	0.595703
4.295000	0.190430	0.517578
4.300000	-0.156250	0.322266
4.305000	-0.361328	-0.288086
4.310000	-0.170898	-0.922852
4.315000	0.424805	-0.932617
4.320000	1.035156	-0.537109
4.325000	1.386719	-0.043945
4.330000	1.416016	0.336914
4.335000	1.196289	0.556641
4.340000	0.825195	0.610352
4.345000	0.415039	0.566406
4.350000	0.029297	0.468750
4.355000	-0.278320	0.107422
4.360000	-0.341797	-0.615234
4.365000	0.053711	-1.000977
4.370000	0.703125	-0.791016
4.375000	1.230469	-0.322266
4.380000	1.430664	0.136719
4.385000	1.342773	0.454102
4.390000	1.044922	0.595703
4.395000	0.644531	0.595703
4.400000	0.244141	0.527344
4.405000	-0.107422	0.375977
4.410000	-0.351562	-0.180664
4.415000	-0.229492	-0.869141
4.420000	0.327148	-0.961914
4.425000	0.957031	-0.605469
4.430000	1.352539	-0.112305
4.435000	1.430664	0.297852
4.440000	1.240234	0.537109
4.445000	0.883789	0.615234
4.450000	0.473633	0.576172
4.455000	0.087891	0.488281
4.460000	-0.239258	0.190430
4.465000	-0.361328	-0.507812
4.470000	-0.029297	-0.986328
4.475000	0.615234	-0.844727
4.480000	1.166992	-0.395508
4.485000	1.425781	0.078125
4.490000	1.367188	0.415039
4.495000	1.098633	0.581055
4.500000	0.703125	0.605469
4.505000	0.302734	0.537109
4.510000	-0.063477	0.415039
4.515000	-0.332031	-0.073242
4.520000	-0.278320	-0.795898
4.525000	0.229492	-0.986328
4.530000	0.878906	-0.668945
4.535000	1.313477	-0.185547
4.540000	1.430664	0.244141
4.545000	1.269531	0.507812
4.550000	0.937500	0.610352
4.555000	0.532227	0.585938
4.560000	0.141602	0.502930
4.565000	-0.200195	0.263672
4.570000	-0.361328	-0.395508
4.575000	-0.102539	-0.961914
4.580000	0.517578	-0.893555
4.585000	1.103516	-0.468750
4.590000	1.406250	0.014648
4.595000	1.396484	0.380859
4.600000	1.152344	0.571289
4.605000	0.771484	0.610352
4.610000	0.356445	0.546875
4.615000	-0.014648	0.449219
4.620000	-0.307617	0.024414
4.625000	-0.317383	-0.708008
4.630000	0.141602	-0.996094
4.635000	0.795898	-0.737305
4.640000	1.269531	-0.253906
4.645000	1.440430	0.190430
4.650000	1.313477	0.483398
4.655000	0.996094	0.600586
4.660000	0.595703	0.590820
4.665000	0.195312	0.517578
4.670000	-0.151367	0.322266
4.675000	-0.361328	-0.288086
4.680000	-0.170898	-0.922852
4.685000	0.419922	-0.937500
4.690000	1.035156	-0.541992
4.695000	1.381836	-0.048828
4.700000	1.411133	0.336914
4.705000	1.196289	0.551758
4.710000	0.820312	0.610352
4.715000	0.419922	0.561523
4.720000	0.034180	0.468750
4.725000	-0.278320	0.112305
4.730000	-0.341797	-0.610352
4.735000	0.053711	-1.000977
4.740000	0.703125	-0.791016
4.745000	1.230469	-0.327148
4.750000	1.430664	0.136719
4.755000	1.342773	0.454102
4.760000	1.044922	0.595703
4.765000	0.644531	0.600586
4.770000	0.249023	0.527344
4.775000	-0.107422	0.375977
4.780000	-0.351562	-0.175781
4.785000	-0.229492	-0.864258
4.790000	0.327148	-0.966797
4.795000	0.957031	-0.605469
4.800000	1.352539	-0.117188
4.805000	1.425781	0.288086
4.810000	1.235352	0.532227
4.815000	0.883789	0.610352
4.820000	0.473633	0.571289
4.825000	0.083008	0.488281
4.830000	-0.239258	0.190430
4.835000	-0.361328	-0.502930
4.840000	-0.034180	-0.986328
4.845000	0.610352	-0.849609
4.850000	1.166992	-0.400391
4.855000	1.416016	0.073242
4.860000	1.372070	0.419922
4.865000	1.098633	0.581055
4.870000	0.708008	0.605469
4.875000	0.302734	0.541992
4.880000	-0.063477	0.415039
4.885000	-0.327148	-0.073242
4.890000	-0.278320	-0.791016
4.895000	0.229492	-0.991211
4.900000	0.874023	-0.673828
4.905000	1.313477	-0.190430
4.910000	1.435547	0.244141
4.915000	1.274414	0.507812
4.920000	0.937500	0.605469
4.925000	0.537109	0.581055
4.930000	0.141602	0.502930
4.935000	-0.200195	0.263672
4.940000	-0.366211	-0.395508
4.945000	-0.107422	-0.961914
4.950000	0.512695	-0.893555
4.955000	1.103516	-0.468750
4.960000	1.401367	0.009766
4.965000	1.396484	0.375977
4.970000	1.152344	0.571289
4.975000	0.766602	0.610352
4.980000	0.361328	0.551758
4.985000	-0.009766	0.454102
4.990000	-0.307617	0.024414
4.995000	-0.317383	-0.703125
5.000000	0.136719	-1.000977
5.005000	0.791016	-0.732422
5.010000	1.269531	-0.253906
5.015000	1.435547	0.190430
5.020000	1.308594	0.483398
5.025000	0.996094	0.600586
5.030000	0.595703	0.595703
5.035000	0.195312	0.517578
5.040000	-0.151367	0.327148
5.045000	-0.361328	-0.283203
5.050000	-0.175781	-0.922852
5.055000	0.419922	-0.937500
5.060000	1.030273	-0.541992
5.065000	1.381836	-0.048828
5.070000	1.416016	0.336914
5.075000	1.201172	0.551758
5.080000	0.830078	0.610352
5.085000	0.419922	0.566406
5.090000	0.039062	0.473633
5.095000	-0.273438	0.117188
5.100000	-0.341797	-0.605469
5.105000	0.048828	-1.000977
5.110000	0.698242	-0.791016
5.115000	1.225586	-0.327148
5.120000	1.430664	0.131836
5.125000	1.342773	0.454102
5.130000	1.054688	0.595703
5.135000	0.649414	0.595703
5.140000	0.249023	0.532227
5.145000	-0.107422	0.371094
5.150000	-0.351562	-0.175781
5.155000	-0.234375	-0.859375
5.160000	0.322266	-0.966797
5.165000	0.957031	-0.610352
5.170000	1.352539	-0.122070
5.175000	1.430664	0.292969
5.180000	1.245117	0.537109
5.185000	0.883789	0.610352
5.190000	0.478516	0.576172
5.195000	0.087891	0.488281
5.200000	-0.239258	0.195312
5.205000	-0.361328	-0.498047
5.210000	-0.034180	-0.986328
5.215000	0.610352	-0.844727
5.220000	1.162109	-0.405273
5.225000	1.420898	0.073242
5.230000	1.372070	0.419922
5.235000	1.103516	0.581055
5.240000	0.712891	0.600586
5.245000	0.307617	0.537109
5.250000	-0.058594	0.419922
5.255000	-0.327148	-0.068359
5.260000	-0.283203	-0.791016
5.265000	0.224609	-0.986328
5.270000	0.874023	-0.673828
5.275000	1.313477	-0.185547
5.280000	1.435547	0.244141
5.285000	1.274414	0.507812
5.290000	0.942383	0.605469
5.295000	0.537109	0.581055
5.300000	0.141602	0.502930
5.305000	-0.200195	0.268555
5.310000	-0.361328	-0.385742
5.315000	-0.107422	-0.957031
5.320000	0.507812	-0.898438
5.325000	1.098633	-0.473633
5.330000	1.401367	0.014648
5.335000	1.396484	0.375977
5.340000	1.152344	0.571289
5.345000	0.766602	0.610352
5.350000	0.361328	0.551758
5.355000	-0.009766	0.449219
5.360000	-0.307617	0.029297
5.365000	-0.322266	-0.698242
5.370000	0.136719	-1.000977
5.375000	0.786133	-0.742188
5.380000	1.264648	-0.258789
5.385000	1.435547	0.185547
5.390000	1.313477	0.478516
5.395000	1.000977	0.600586
5.400000	0.595703	0.595703
5.405000	0.195312	0.517578
5.410000	-0.151367	0.327148
5.415000	-0.361328	-0.278320
5.420000	-0.175781	-0.917969
5.425000	0.415039	-0.937500
5.430000	1.030273	-0.546875
5.435000	1.381836	-0.053711
5.440000	1.416016	0.332031
5.445000	1.201172	0.551758
5.450000	0.830078	0.615234
5.455000	0.419922	0.566406
5.460000	0.039062	0.468750
5.465000	-0.273438	0.117188
5.470000	-0.341797	-0.600586
5.475000	0.043945	-0.996094
5.480000	0.698242	-0.795898
5.485000	1.220703	-0.327148
5.490000	1.430664	0.131836
5.495000	1.347656	0.454102
5.500000	1.049805	0.590820
5.505000	0.649414	0.595703
5.510000	0.253906	0.532227
5.515000	-0.107422	0.375977
5.520000	-0.351562	-0.170898
5.525000	-0.234375	-0.859375
5.530000	0.317383	-0.966797
5.535000	0.952148	-0.615234
5.540000	1.347656	-0.122070
5.545000	1.430664	0.288086
5.550000	1.240234	0.532227
5.555000	0.888672	0.610352
5.560000	0.478516	0.576172
5.565000	0.087891	0.488281
5.570000	-0.234375	0.200195
5.575000	-0.361328	-0.493164
5.580000	-0.034180	-0.986328
5.585000	0.605469	-0.854492
5.590000	1.162109	-0.405273
5.595000	1.420898	0.068359
5.600000	1.372070	0.415039
5.605000	1.103516	0.576172
5.610000	0.712891	0.605469
5.615000	0.307617	0.537109
5.620000	-0.058594	0.419922
5.625000	-0.327148	-0.063477
5.630000	-0.283203	-0.786133
5.635000	0.224609	-0.986328
5.640000	0.869141	-0.678711
5.645000	1.308594	-0.190430
5.650000	1.435547	0.239258
5.655000	1.274414	0.507812
5.660000	0.942383	0.610352
5.665000	0.537109	0.581055
5.670000	0.141602	0.502930
5.675000	-0.190430	0.268555
5.680000	-0.361328	-0.385742
5.685000	-0.112305	-0.957031
5.690000	0.507812	-0.898438
5.695000	1.098633	-0.478516
5.700000	1.406250	0.004883
5.705000	1.396484	0.375977
5.710000	1.157227	0.571289
5.715000	0.771484	0.610352
5.720000	0.366211	0.556641
5.725000	-0.009766	0.449219
5.730000	-0.307617	0.034180
5.735000	-0.317383	-0.693359
5.740000	0.131836	-0.996094
5.745000	0.781250	-0.737305
5.750000	1.264648	-0.263672
5.755000	1.435547	0.185547
5.760000	1.313477	0.473633
5.765000	1.000977	0.600586
5.770000	0.595703	0.595703
5.775000	0.200195	0.517578
5.780000	-0.151367	0.332031
5.785000	-0.356445	-0.273438
5.790000	-0.175781	-0.913086
5.795000	0.410156	-0.942383
5.800000	1.030273	-0.546875
5.805000	1.376953	-0.053711
5.810000	1.416016	0.332031
5.815000	1.201172	0.546875
5.820000	0.834961	0.615234
5.825000	0.419922	0.566406
5.830000	0.039062	0.473633
5.835000	-0.273438	0.122070
5.840000	-0.341797	-0.600586
5.845000	0.043945	-1.000977
5.850000	0.693359	-0.800781
5.855000	1.220703	-0.332031
5.860000	1.425781	0.126953
5.865000	1.347656	0.449219
5.870000	1.054688	0.595703
5.875000	0.654297	0.600586
5.880000	0.253906	0.532227
5.885000	-0.102539	0.375977
5.890000	-0.351562	-0.161133
5.895000	-0.234375	-0.859375
5.900000	0.312500	-0.966797
5.905000	0.947266	-0.615234
5.910000	1.347656	-0.126953
5.915000	1.430664	0.288086
5.920000	1.240234	0.532227
5.925000	0.888672	0.610352
5.930000	0.483398	0.576172
5.935000	0.092773	0.493164
5.940000	-0.234375	0.200195
5.945000	-0.361328	-0.488281
5.950000	-0.039062	-0.981445
5.955000	0.600586	-0.854492
5.960000	1.162109	-0.405273
5.965000	1.420898	0.068359
5.970000	1.376953	0.415039
5.975000	1.103516	0.576172
5.980000	0.717773	0.605469
5.985000	0.307617	0.541992
5.990000	-0.053711	0.419922
5.995000	-0.322266	-0.058594
6.000000	-0.283203	-0.781250
6.005000	0.219727	-0.991211
6.010000	0.869141	-0.678711
6.015000	1.313477	-0.195312
6.020000	1.435547	0.239258
6.025000	1.274414	0.507812
6.030000	0.947266	0.605469
6.035000	0.541992	0.581055
6.040000	0.141602	0.507812
6.045000	-0.195312	0.273438
6.050000	-0.361328	-0.380859
6.055000	-0.112305	-0.957031
6.060000	0.502930	-0.903320
6.065000	1.093750	-0.478516
6.070000	1.401367	0.004883
6.075000	1.396484	0.371094
6.080000	1.157227	0.566406
6.085000	0.776367	0.610352
6.090000	0.371094	0.551758
6.095000	-0.009766	0.454102
6.100000	-0.302734	0.039062
6.105000	-0.322266	-0.693359
6.110000	0.126953	-0.996094
6.115000	0.776367	-0.747070
6.120000	1.259766	-0.263672
6.125000	1.435547	0.180664
6.130000	1.313477	0.478516
6.135000	0.996094	0.600586
6.140000	0.600586	0.595703
6.145000	0.200195	0.517578
6.150000	-0.151367	0.327148
6.155000	-0.361328	-0.263672
6.160000	-0.180664	-0.913086
6.165000	0.410156	-0.942383
6.170000	1.020508	-0.551758
6.175000	1.376953	-0.058594
6.180000	1.416016	0.332031
6.185000	1.201172	0.546875
6.190000	0.834961	0.615234
6.195000	0.424805	0.566406
6.200000	0.039062	0.473633
6.205000	-0.268555	0.122070
6.210000	-0.346680	-0.590820
6.215000	0.039062	-0.996094
6.220000	0.688477	-0.800781
6.225000	1.220703	-0.336914
6.230000	1.430664	0.126953
6.235000	1.347656	0.454102
6.240000	1.054688	0.595703
6.245000	0.654297	0.595703
6.250000	0.258789	0.537109
6.255000	-0.102539	0.380859
6.260000	-0.351562	-0.161133
6.265000	-0.239258	-0.854492
6.270000	0.307617	-0.966797
6.275000	0.942383	-0.620117
6.280000	1.342773	-0.126953
6.285000	1.425781	0.288086
6.290000	1.240234	0.532227
6.295000	0.888672	0.610352
6.300000	0.483398	0.576172
6.305000	0.097656	0.493164
6.310000	-0.234375	0.205078
6.315000	-0.361328	-0.488281
6.320000	-0.039062	-0.986328
6.325000	0.595703	-0.854492
6.330000	1.157227	-0.405273
6.335000	1.420898	0.068359
6.340000	1.376953	0.415039
6.345000	1.108398	0.581055
6.350000	0.717773	0.605469
6.355000	0.312500	0.541992
6.360000	-0.053711	0.419922
6.365000	-0.322266	-0.058594
6.370000	-0.288086	-0.776367
6.375000	0.214844	-0.986328
6.380000	0.864258	-0.683594
6.385000	1.303711	-0.200195
6.390000	1.435547	0.234375
6.395000	1.279297	0.502930
6.400000	0.952148	0.610352
6.405000	0.541992	0.585938
6.410000	0.146484	0.507812
6.415000	-0.190430	0.273438
6.420000	-0.361328	-0.375977
6.425000	-0.117188	-0.952148
6.430000	0.502930	-0.898438
6.435000	1.093750	-0.478516
6.440000	1.401367	0.000000
6.445000	1.396484	0.371094
6.450000	1.157227	0.566406
6.455000	0.776367	0.615234
6.460000	0.371094	0.556641
6.465000	-0.004883	0.454102
6.470000	-0.297852	0.039062
6.475000	-0.322266	-0.693359
6.480000	0.122070	-1.000977
6.485000	0.776367	-0.742188
6.490000	1.259766	-0.268555
6.495000	1.440430	0.180664
6.500000	1.313477	0.473633
6.505000	1.005859	0.600586
6.510000	0.605469	0.595703
6.515000	0.200195	0.522461
6.520000	-0.151367	0.332031
6.525000	-0.361328	-0.268555
6.530000	-0.185547	-0.917969
6.535000	0.400391	-0.942383
6.540000	1.020508	-0.551758
6.545000	1.376953	-0.063477
6.550000	1.416016	0.327148
6.555000	1.206055	0.546875
6.560000	0.834961	0.615234
6.565000	0.424805	0.566406
6.570000	0.043945	0.478516
6.575000	-0.268555	0.126953
6.580000	-0.346680	-0.590820
6.585000	0.034180	-0.996094
6.590000	0.683594	-0.800781
6.595000	1.215820	-0.336914
6.600000	1.430664	0.122070
6.605000	1.352539	0.444336
6.610000	1.054688	0.595703
6.615000	0.659180	0.600586
6.620000	0.258789	0.537109
6.625000	-0.102539	0.385742
6.630000	-0.351562	-0.156250
6.635000	-0.239258	-0.854492
6.640000	0.307617	-0.971680
6.645000	0.942383	-0.620117
6.650000	1.347656	-0.126953
6.655000	1.430664	0.283203
6.660000	1.245117	0.532227
6.665000	0.893555	0.610352
6.670000	0.483398	0.581055
6.675000	0.097656	0.493164
6.680000	-0.234375	0.209961
6.685000	-0.366211	-0.483398
6.690000	-0.043945	-0.986328
6.695000	0.590820	-0.859375
6.700000	1.157227	-0.410156
6.705000	1.420898	0.063477
6.710000	1.376953	0.410156
6.715000	1.108398	0.576172
6.720000	0.717773	0.610352
6.725000	0.312500	0.541992
6.730000	-0.053711	0.419922
6.735000	-0.327148	-0.053711
6.740000	-0.283203	-0.776367
6.745000	0.209961	-0.991211
6.750000	0.859375	-0.683594
6.755000	1.303711	-0.200195
6.760000	1.435547	0.234375
6.765000	1.279297	0.502930
6.770000	0.947266	0.605469
6.775000	0.541992	0.585938
6.780000	0.146484	0.507812
6.785000	-0.190430	0.273438
6.790000	-0.361328	-0.371094
6.795000	-0.122070	-0.947266
6.800000	0.498047	-0.903320
6.805000	1.088867	-0.483398
6.810000	1.396484	0.000000
6.815000	1.396484	0.371094
6.820000	1.157227	0.566406
6.825000	0.781250	0.610352
6.830000	0.371094	0.556641
6.835000	-0.004883	0.454102
6.840000	-0.302734	0.039062
6.845000	-0.322266	-0.688477
6.850000	0.122070	-1.000977
6.855000	0.771484	-0.747070
6.860000	1.259766	-0.268555
6.865000	1.440430	0.180664
6.870000	1.313477	0.478516
6.875000	1.005859	0.600586
6.880000	0.605469	0.595703
6.885000	0.205078	0.517578
6.890000	-0.146484	0.332031
6.895000	-0.361328	-0.263672
6.900000	-0.185547	-0.908203
6.905000	0.400391	-0.942383
6.910000	1.020508	-0.556641
6.915000	1.376953	-0.058594
6.920000	1.416016	0.327148
6.925000	1.206055	0.546875
6.930000	0.839844	0.615234
6.935000	0.429688	0.566406
6.940000	0.048828	0.473633
6.945000	-0.268555	0.131836
6.950000	-0.346680	-0.585938
6.955000	0.034180	-0.996094
6.960000	0.678711	-0.805664
6.965000	1.210938	-0.341797
6.970000	1.430664	0.122070
6.975000	1.352539	0.444336
6.980000	1.059570	0.590820
6.985000	0.664062	0.600586
6.990000	0.258789	0.532227
6.995000	-0.097656	0.380859
7.000000	-0.346680	-0.151367
7.005000	-0.244141	-0.849609
7.010000	0.302734	-0.966797
7.015000	0.942383	-0.625000
7.020000	1.347656	-0.126953
7.025000	1.430664	0.283203
7.030000	1.245117	0.527344
7.035000	0.893555	0.610352
7.040000	0.488281	0.576172
7.045000	0.097656	0.493164
7.050000	-0.234375	0.209961
7.055000	-0.361328	-0.478516
7.060000	-0.048828	-0.986328
7.065000	0.590820	-0.859375
7.070000	1.157227	-0.415039
7.075000	1.420898	0.058594
7.080000	1.376953	0.410156
7.085000	1.113281	0.576172
7.090000	0.722656	0.600586
7.095000	0.312500	0.541992
7.100000	-0.048828	0.419922
7.105000	-0.322266	-0.048828
7.110000	-0.288086	-0.771484
7.115000	0.214844	-0.986328
7.120000	0.859375	-0.683594
7.125000	1.303711	-0.200195
7.130000	1.435547	0.229492
7.135000	1.284180	0.498047
7.140000	0.952148	0.610352
7.145000	0.546875	0.585938
7.150000	0.151367	0.507812
7.155000	-0.190430	0.283203
7.160000	-0.361328	-0.361328
7.165000	-0.122070	-0.952148
7.170000	0.493164	-0.903320
7.175000	1.088867	-0.488281
7.180000	1.401367	0.000000
7.185000	1.401367	0.366211
7.190000	1.162109	0.566406
7.195000	0.781250	0.615234
7.200000	0.371094	0.556641
7.205000	-0.004883	0.454102
7.210000	-0.297852	0.043945
7.215000	-0.322266	-0.683594
7.220000	0.117188	-0.996094
7.225000	0.771484	-0.747070
7.230000	1.254883	-0.273438
7.235000	1.435547	0.180664
7.240000	1.318359	0.473633
7.245000	1.005859	0.600586
7.250000	0.610352	0.595703
7.255000	0.209961	0.517578
7.260000	-0.141602	0.336914
7.265000	-0.361328	-0.253906
7.270000	-0.185547	-0.908203
7.275000	0.395508	-0.942383
7.280000	1.015625	-0.556641
7.285000	1.376953	-0.063477
7.290000	1.420898	0.327148
7.295000	1.206055	0.546875
7.300000	0.839844	0.615234
7.305000	0.429688	0.566406
7.310000	0.048828	0.473633
7.315000	-0.268555	0.136719
7.320000	-0.346680	-0.581055
7.325000	0.029297	-0.996094
7.330000	0.678711	-0.805664
7.335000	1.210938	-0.341797
7.340000	1.430664	0.122070
7.345000	1.347656	0.444336
7.350000	1.064453	0.590820
7.355000	0.664062	0.600586
7.360000	0.263672	0.537109
7.365000	-0.092773	0.385742
7.370000	-0.346680	-0.151367
7.375000	-0.244141	-0.849609
7.380000	0.297852	-0.971680
7.385000	0.937500	-0.625000
7.390000	1.342773	-0.131836
7.395000	1.430664	0.283203
7.400000	1.245117	0.527344
7.405000	0.898438	0.610352
7.410000	0.493164	0.576172
7.415000	0.102539	0.493164
7.420000	-0.229492	0.219727
7.425000	-0.361328	-0.478516
7.430000	-0.053711	-0.986328
7.435000	0.585938	-0.859375
7.440000	1.152344	-0.415039
7.445000	1.420898	0.058594
7.450000	1.376953	0.410156
7.455000	1.113281	0.576172
7.460000	0.722656	0.605469
7.465000	0.317383	0.541992
7.470000	-0.048828	0.424805
7.475000	-0.322266	-0.043945
7.480000	-0.288086	-0.766602
7.485000	0.205078	-0.991211
7.490000	0.854492	-0.688477
7.495000	1.298828	-0.205078
7.500000	1.435547	0.229492
7.505000	1.284180	0.502930
7.510000	0.957031	0.605469
7.515000	0.546875	0.585938
7.520000	0.156250	0.507812
7.525000	-0.185547	0.283203
7.530000	-0.361328	-0.361328
7.535000	-0.126953	-0.952148
7.540000	0.488281	-0.908203
7.545000	1.083984	-0.488281
7.550000	1.396484	-0.004883
7.555000	1.396484	0.366211
7.560000	1.162109	0.566406
7.565000	0.781250	0.610352
7.570000	0.375977	0.556641
7.575000	0.000000	0.454102
7.580000	-0.297852	0.048828
7.585000	-0.322266	-0.673828
7.590000	0.117188	-1.000977
7.595000	0.766602	-0.751953
7.600000	1.254883	-0.273438
7.605000	1.440430	0.175781
7.610000	1.318359	0.473633
7.615000	1.010742	0.600586
7.620000	0.610352	0.595703
7.625000	0.209961	0.522461
7.630000	-0.141602	0.336914
7.635000	-0.361328	-0.253906
7.640000	-0.190430	-0.908203
7.645000	0.390625	-0.947266
7.650000	1.010742	-0.556641
7.655000	1.372070	-0.068359
7.660000	1.420898	0.327148
7.665000	1.210938	0.546875
7.670000	0.844727	0.610352
7.675000	0.434570	0.566406
7.680000	0.048828	0.478516
7.685000	-0.263672	0.136719
7.690000	-0.346680	-0.576172
7.695000	0.024414	-0.996094
7.700000	0.673828	-0.810547
7.705000	1.210938	-0.346680
7.710000	1.430664	0.117188
7.715000	1.352539	0.439453
7.720000	1.064453	0.590820
7.725000	0.664062	0.600586
7.730000	0.263672	0.537109
7.735000	-0.092773	0.385742
7.740000	-0.346680	-0.146484
7.745000	-0.249023	-0.844727
7.750000	0.297852	-0.971680
7.755000	0.937500	-0.629883
7.760000	1.337891	-0.136719
7.765000	1.430664	0.278320
7.770000	1.245117	0.527344
7.775000	0.898438	0.610352
7.780000	0.488281	0.576172
7.785000	0.102539	0.498047
7.790000	-0.229492	0.219727
7.795000	-0.361328	-0.468750
7.800000	-0.053711	-0.981445
7.805000	0.581055	-0.859375
7.810000	1.147461	-0.419922
7.815000	1.420898	0.058594
7.820000	1.381836	0.410156
7.825000	1.113281	0.576172
7.830000	0.727539	0.605469
7.835000	0.322266	0.546875
7.840000	-0.048828	0.424805
7.845000	-0.322266	-0.043945
7.850000	-0.288086	-0.766602
7.855000	0.200195	-0.991211
7.860000	0.849609	-0.693359
7.865000	1.298828	-0.205078
7.870000	1.435547	0.224609
7.875000	1.284180	0.498047
7.880000	0.952148	0.605469
7.885000	0.546875	0.585938
7.890000	0.156250	0.502930
7.895000	-0.185547	0.283203
7.900000	-0.361328	-0.361328
7.905000	-0.126953	-0.947266
7.910000	0.488281	-0.908203
7.915000	1.079102	-0.493164
7.920000	1.396484	-0.004883
7.925000	1.401367	0.366211
7.930000	1.162109	0.566406
7.935000	0.786133	0.610352
7.940000	0.375977	0.556641
7.945000	0.000000	0.458984
7.950000	-0.297852	0.053711
7.955000	-0.327148	-0.668945
7.960000	0.107422	-1.000977
7.965000	0.761719	-0.756836
7.970000	1.254883	-0.283203
7.975000	1.435547	0.170898
7.980000	1.318359	0.473633
7.985000	1.010742	0.600586
7.990000	0.610352	0.595703
7.995000	0.209961	0.522461
8.000000	-0.141602	0.336914
8.005000	-0.361328	-0.249023
8.010000	-0.195312	-0.908203
8.015000	0.390625	-0.947266
8.020000	1.005859	-0.561523
8.025000	1.372070	-0.073242
8.030000	1.420898	0.327148
8.035000	1.210938	0.546875
8.040000	0.849609	0.615234
8.045000	0.434570	0.566406
8.050000	0.053711	0.473633
8.055000	-0.263672	0.141602
8.060000	-0.346680	-0.571289
8.065000	0.024414	-0.996094
8.070000	0.668945	-0.815430
8.075000	1.210938	-0.351562
8.080000	1.430664	0.112305
8.085000	1.352539	0.444336
8.090000	1.069336	0.590820
8.095000	0.668945	0.600586
8.100000	0.263672	0.537109
8.105000	-0.092773	0.385742
8.110000	-0.346680	-0.141602
8.115000	-0.249023	-0.839844
8.120000	0.292969	-0.976562
8.125000	0.932617	-0.629883
8.130000	1.342773	-0.136719
8.135000	1.430664	0.278320
8.140000	1.245117	0.527344
8.145000	0.898438	0.615234
8.150000	0.493164	0.576172
8.155000	0.102539	0.493164
8.160000	-0.224609	0.219727
8.165000	-0.361328	-0.463867
8.170000	-0.053711	-0.981445
8.175000	0.581055	-0.864258
8.180000	1.147461	-0.419922
8.185000	1.420898	0.053711
8.190000	1.381836	0.405273
8.195000	1.118164	0.576172
8.200000	0.727539	0.605469
8.205000	0.322266	0.541992
8.210000	-0.043945	0.429688
8.215000	-0.322266	-0.034180
8.220000	-0.292969	-0.761719
8.225000	0.200195	-0.991211
8.230000	0.849609	-0.693359
8.235000	1.298828	-0.209961
8.240000	1.435547	0.224609
8.245000	1.284180	0.498047
8.250000	0.957031	0.605469
8.255000	0.551758	0.590820
8.260000	0.156250	0.507812
8.265000	-0.185547	0.288086
8.270000	-0.361328	-0.356445
8.275000	-0.126953	-0.947266
8.280000	0.478516	-0.913086
8.285000	1.079102	-0.498047
8.290000	1.401367	-0.009766
8.295000	1.401367	0.366211
8.300000	1.166992	0.566406
8.305000	0.786133	0.610352
8.310000	0.380859	0.556641
8.315000	0.004883	0.458984
8.320000	-0.297852	0.058594
8.325000	-0.322266	-0.668945
8.330000	0.107422	-1.000977
8.335000	0.761719	-0.756836
8.340000	1.250000	-0.283203
8.345000	1.435547	0.170898
8.350000	1.318359	0.473633
8.355000	1.015625	0.600586
8.360000	0.615234	0.595703
8.365000	0.214844	0.522461
8.370000	-0.136719	0.341797
8.375000	-0.356445	-0.244141
8.380000	-0.195312	-0.903320
8.385000	0.385742	-0.952148
8.390000	1.005859	-0.566406
8.395000	1.372070	-0.073242
8.400000	1.420898	0.322266
8.405000	1.215820	0.541992
8.410000	0.849609	0.610352
8.415000	0.439453	0.571289
8.420000	0.053711	0.478516
8.425000	-0.263672	0.146484
8.430000	-0.346680	-0.571289
8.435000	0.019531	-0.996094
8.440000	0.668945	-0.815430
8.445000	1.206055	-0.351562
8.450000	1.430664	0.112305
8.455000	1.352539	0.439453
8.460000	1.069336	0.590820
8.465000	0.673828	0.600586
8.470000	0.268555	0.537109
8.475000	-0.092773	0.390625
8.480000	-0.341797	-0.136719
8.485000	-0.249023	-0.839844
8.490000	0.288086	-0.976562
8.495000	0.927734	-0.629883
8.500000	1.337891	-0.141602
8.505000	1.430664	0.273438
8.510000	1.250000	0.527344
8.515000	0.903320	0.610352
8.520000	0.498047	0.576172
8.525000	0.107422	0.498047
8.530000	-0.219727	0.219727
8.535000	-0.361328	-0.463867
8.540000	-0.063477	-0.981445
8.545000	0.576172	-0.869141
8.550000	1.142578	-0.424805
8.555000	1.416016	0.053711
8.560000	1.381836	0.405273
8.565000	1.118164	0.576172
8.570000	0.732422	0.605469
8.575000	0.322266	0.541992
8.580000	-0.043945	0.424805
8.585000	-0.322266	-0.034180
8.590000	-0.292969	-0.756836
8.595000	0.195312	-0.991211
8.600000	0.844727	-0.693359
8.605000	1.293945	-0.214844
8.610000	1.435547	0.224609
8.615000	1.289062	0.498047
8.620000	0.961914	0.605469
8.625000	0.556641	0.585938
8.630000	0.161133	0.512695
8.635000	-0.180664	0.288086
8.640000	-0.361328	-0.356445
8.645000	-0.131836	-0.947266
8.650000	0.478516	-0.913086
8.655000	1.079102	-0.493164
8.660000	1.396484	-0.009766
8.665000	1.401367	0.366211
8.670000	1.162109	0.561523
8.675000	0.791016	0.610352
8.680000	0.380859	0.556641
8.685000	0.004883	0.458984
8.690000	-0.297852	0.058594
8.695000	-0.327148	-0.668945
8.700000	0.107422	-1.000977
8.705000	0.756836	-0.756836
8.710000	1.250000	-0.283203
8.715000	1.435547	0.166016
8.720000	1.323242	0.468750
8.725000	1.015625	0.600586
8.730000	0.615234	0.595703
8.735000	0.214844	0.522461
8.740000	-0.136719	0.346680
8.745000	-0.361328	-0.244141
8.750000	-0.200195	-0.903320
8.755000	0.380859	-0.947266
8.760000	1.000977	-0.566406
8.765000	1.372070	-0.078125
8.770000	1.420898	0.317383
8.775000	1.210938	0.546875
8.780000	0.849609	0.615234
8.785000	0.439453	0.566406
8.790000	0.053711	0.478516
8.795000	-0.263672	0.146484
8.800000	-0.351562	-0.566406
8.805000	0.014648	-0.996094
8.810000	0.664062	-0.820312
8.815000	1.206055	-0.356445
8.820000	1.425781	0.112305
8.825000	1.357422	0.434570
8.830000	1.074219	0.590820
8.835000	0.673828	0.600586
8.840000	0.273438	0.537109
8.845000	-0.092773	0.390625
8.850000	-0.346680	-0.131836
8.855000	-0.249023	-0.839844
8.860000	0.288086	-0.981445
8.865000	0.922852	-0.634766
8.870000	1.333008	-0.146484
8.875000	1.430664	0.273438
8.880000	1.250000	0.522461
8.885000	0.908203	0.610352
8.890000	0.493164	0.576172
8.895000	0.107422	0.493164
8.900000	-0.219727	0.224609
8.905000	-0.361328	-0.458984
8.910000	-0.058594	-0.981445
8.915000	0.571289	-0.869141
8.920000	1.137695	-0.429688
8.925000	1.416016	0.053711
8.930000	1.381836	0.400391
8.935000	1.118164	0.576172
8.940000	0.732422	0.605469
8.945000	0.327148	0.541992
8.950000	-0.039062	0.424805
8.955000	-0.322266	-0.029297
8.960000	-0.292969	-0.756836
8.965000	0.190430	-0.991211
8.970000	0.839844	-0.698242
8.975000	1.293945	-0.214844
8.980000	1.435547	0.219727
8.985000	1.289062	0.498047
8.990000	0.961914	0.605469
8.995000	0.556641	0.585938
9.000000	0.161133	0.507812
9.005000	-0.180664	0.292969
9.010000	-0.361328	-0.346680
9.015000	-0.136719	-0.947266
9.020000	0.473633	-0.913086
9.025000	1.074219	-0.498047
9.030000	1.391602	-0.014648
9.035000	1.401367	0.361328
9.040000	1.166992	0.561523
9.045000	0.791016	0.610352
9.050000	0.380859	0.561523
9.055000	0.009766	0.458984
9.060000	-0.292969	0.063477
9.065000	-0.327148	-0.664062
9.070000	0.102539	-1.000977
9.075000	0.751953	-0.761719
9.080000	1.250000	-0.288086
9.085000	1.435547	0.166016
9.090000	1.323242	0.468750
9.095000	1.015625	0.590820
9.100000	0.615234	0.595703
9.105000	0.219727	0.522461
9.110000	-0.131836	0.341797
9.115000	-0.361328	-0.239258
9.120000	-0.200195	-0.898438
9.125000	0.375977	-0.947266
9.130000	1.000977	-0.566406
9.135000	1.372070	-0.078125
9.140000	1.416016	0.317383
9.145000	1.215820	0.541992
9.150000	0.849609	0.610352
9.155000	0.444336	0.566406
9.160000	0.058594	0.478516
9.165000	-0.258789	0.151367
9.170000	-0.351562	-0.561523
9.175000	0.014648	-0.996094
9.180000	0.659180	-0.820312
9.185000	1.201172	-0.361328
9.190000	1.430664	0.107422
9.195000	1.352539	0.439453
9.200000	1.074219	0.585938
9.205000	0.678711	0.600586
9.210000	0.273438	0.537109
9.215000	-0.087891	0.395508
9.220000	-0.341797	-0.131836
9.225000	-0.253906	-0.834961
9.230000	0.283203	-0.976562
9.235000	0.922852	-0.639648
9.240000	1.333008	-0.146484
9.245000	1.435547	0.273438
9.250000	1.250000	0.527344
9.255000	0.913086	0.610352
9.260000	0.498047	0.576172
9.265000	0.112305	0.498047
9.270000	-0.219727	0.224609
9.275000	-0.361328	-0.454102
9.280000	-0.068359	-0.976562
9.285000	0.566406	-0.874023
9.290000	1.137695	-0.429688
9.295000	1.416016	0.048828
9.300000	1.381836	0.400391
9.305000	1.118164	0.576172
9.310000	0.732422	0.605469
9.315000	0.327148	0.546875
9.320000	-0.039062	0.434570
9.325000	-0.327148	-0.029297
9.330000	-0.297852	-0.751953
9.335000	0.185547	-0.996094
9.340000	0.839844	-0.703125
9.345000	1.293945	-0.214844
9.350000	1.435547	0.219727
9.355000	1.289062	0.498047
9.360000	0.961914	0.610352
9.365000	0.556641	0.585938
9.370000	0.166016	0.507812
9.375000	-0.175781	0.297852
9.380000	-0.361328	-0.341797
9.385000	-0.136719	-0.947266
9.390000	0.473633	-0.913086
9.395000	1.074219	-0.502930
9.400000	1.396484	-0.014648
9.405000	1.406250	0.356445
9.410000	1.171875	0.566406
9.415000	0.795898	0.610352
9.420000	0.385742	0.561523
9.425000	0.009766	0.458984
9.430000	-0.292969	0.068359
9.435000	-0.327148	-0.659180
9.440000	0.097656	-1.000977
9.445000	0.747070	-0.761719
9.450000	1.245117	-0.292969
9.455000	1.435547	0.166016
9.460000	1.328125	0.463867
9.465000	1.020508	0.595703
9.470000	0.620117	0.595703
9.475000	0.224609	0.522461
9.480000	-0.131836	0.346680
9.485000	-0.361328	-0.229492
9.490000	-0.205078	-0.898438
9.495000	0.375977	-0.947266
9.500000	0.996094	-0.571289
9.505000	1.372070	-0.083008
9.510000	1.420898	0.317383
9.515000	1.215820	0.541992
9.520000	0.849609	0.610352
9.525000	0.449219	0.571289
9.530000	0.063477	0.478516
9.535000	-0.258789	0.151367
9.540000	-0.351562	-0.556641
9.545000	0.009766	-0.996094
9.550000	0.659180	-0.820312
9.555000	1.196289	-0.361328
9.560000	1.430664	0.107422
9.565000	1.357422	0.439453
9.570000	1.079102	0.585938
9.575000	0.678711	0.605469
9.580000	0.273438	0.537109
9.585000	-0.087891	0.395508
9.590000	-0.346680	-0.122070
9.595000	-0.253906	-0.830078
9.600000	0.278320	-0.981445
9.605000	0.917969	-0.639648
9.610000	1.328125	-0.151367
9.615000	1.430664	0.268555
9.620000	1.250000	0.522461
9.625000	0.913086	0.610352
9.630000	0.502930	0.576172
9.635000	0.112305	0.498047
9.640000	-0.219727	0.229492
9.645000	-0.361328	-0.449219
9.650000	-0.068359	-0.976562
9.655000	0.566406	-0.874023
9.660000	1.137695	-0.434570
9.665000	1.416016	0.048828
9.670000	1.381836	0.400391
9.675000	1.127930	0.576172
9.680000	0.737305	0.605469
9.685000	0.332031	0.546875
9.690000	-0.039062	0.434570
9.695000	-0.317383	-0.019531
9.700000	-0.297852	-0.747070
9.705000	0.180664	-0.991211
9.710000	0.834961	-0.703125
9.715000	1.293945	-0.219727
9.720000	1.435547	0.219727
9.725000	1.293945	0.498047
9.730000	0.966797	0.605469
9.735000	0.561523	0.590820
9.740000	0.166016	0.512695
9.745000	-0.175781	0.297852
9.750000	-0.366211	-0.336914
9.755000	-0.141602	-0.942383
9.760000	0.468750	-0.913086
9.765000	1.069336	-0.502930
9.770000	1.391602	-0.014648
9.775000	1.401367	0.361328
9.780000	1.176758	0.566406
9.785000	0.795898	0.610352
9.790000	0.385742	0.561523
9.795000	0.009766	0.458984
9.800000	-0.292969	0.068359
9.805000	-0.327148	-0.654297
9.810000	0.092773	-1.000977
9.815000	0.747070	-0.766602
9.820000	1.245117	-0.288086
9.825000	1.430664	0.161133
9.830000	1.323242	0.468750
9.835000	1.020508	0.595703
9.840000	0.620117	0.595703
9.845000	0.224609	0.527344
9.850000	-0.126953	0.351562
9.855000	-0.361328	-0.229492
9.860000	-0.205078	-0.898438
9.865000	0.371094	-0.947266
9.870000	0.996094	-0.576172
9.875000	1.367188	-0.083008
9.880000	1.425781	0.312500
9.885000	1.220703	0.541992
9.890000	0.854492	0.610352
9.895000	0.449219	0.571289
9.900000	0.063477	0.478516
9.905000	-0.253906	0.156250
9.910000	-0.351562	-0.551758
9.915000	0.004883	-0.996094
9.920000	0.654297	-0.820312
9.925000	1.196289	-0.361328
9.930000	1.430664	0.102539
9.935000	1.357422	0.434570
9.940000	1.074219	0.585938
9.945000	0.678711	0.600586
9.950000	0.278320	0.537109
9.955000	-0.083008	0.395508
9.960000	-0.341797	-0.117188
9.965000	-0.253906	-0.825195
9.970000	0.278320	-0.981445
9.975000	0.917969	-0.639648
9.980000	1.333008	-0.151367
9.985000	1.430664	0.268555
9.990000	1.254883	0.522461
9.995000	0.913086	0.610352
10.000000	0.502930	0.576172
