# Time_s	x	xdot
0.000000	-0.361328	-0.458984
0.005000	-0.063477	-0.996094
0.010000	0.581055	-0.893555
0.015000	1.171875	-0.444336
0.020000	1.455078	0.053711
0.025000	1.420898	0.415039
0.030000	1.152344	0.600586
0.035000	0.747070	0.620117
0.040000	0.327148	0.556641
0.045000	-0.048828	0.429688
0.050000	-0.327148	-0.048828
0.055000	-0.288086	-0.786133
0.060000	0.219727	-1.015625
0.065000	0.883789	-0.703125
0.070000	1.342773	-0.205078
0.075000	1.474609	0.244141
0.080000	1.313477	0.527344
0.085000	0.966797	0.625000
0.090000	0.546875	0.600586
0.095000	0.141602	0.512695
0.100000	-0.200195	0.263672
0.105000	-0.361328	-0.410156
0.110000	-0.092773	-0.986328
0.115000	0.541992	-0.913086
0.120000	1.142578	-0.478516
0.125000	1.455078	0.024414
0.130000	1.435547	0.400391
0.135000	1.176758	0.595703
0.140000	0.776367	0.625000
0.145000	0.351562	0.566406
0.150000	-0.024414	0.444336
0.155000	-0.322266	-0.009766
0.160000	-0.302734	-0.751953
0.165000	0.180664	-1.025391
0.170000	0.849609	-0.732422
0.175000	1.318359	-0.234375
0.180000	1.479492	0.224609
0.185000	1.328125	0.512695
0.190000	0.996094	0.625000
0.195000	0.581055	0.605469
0.200000	0.166016	0.517578
0.205000	-0.180664	0.292969
0.210000	-0.366211	-0.361328
0.215000	-0.126953	-0.971680
0.220000	0.502930	-0.932617
0.225000	1.113281	-0.507812
0.230000	1.440430	-0.009766
0.235000	1.445312	0.380859
0.240000	1.196289	0.585938
0.245000	0.805664	0.625000
0.250000	0.380859	0.576172
0.255000	-0.004883	0.458984
0.260000	-0.307617	0.029297
0.265000	-0.322266	-0.712891
0.270000	0.136719	-1.025391
0.275000	0.810547	-0.761719
0.280000	1.303711	-0.268555
0.285000	1.479492	0.200195
0.290000	1.347656	0.498047
0.295000	1.020508	0.620117
0.300000	0.605469	0.615234
0.305000	0.195312	0.527344
0.310000	-0.161133	0.317383
0.315000	-0.366211	-0.312500
0.320000	-0.156250	-0.952148
0.325000	0.458984	-0.952148
0.330000	1.079102	-0.541992
0.335000	1.430664	-0.034180
0.340000	1.450195	0.366211
0.345000	1.220703	0.576172
0.350000	0.830078	0.625000
0.355000	0.410156	0.576172
0.360000	0.019531	0.468750
0.365000	-0.292969	0.073242
0.370000	-0.327148	-0.668945
0.375000	0.097656	-1.025391
0.380000	0.771484	-0.786133
0.385000	1.279297	-0.297852
0.390000	1.479492	0.170898
0.395000	1.362305	0.483398
0.400000	1.044922	0.615234
0.405000	0.629883	0.615234
0.410000	0.219727	0.537109
0.415000	-0.141602	0.341797
0.420000	-0.361328	-0.263672
0.425000	-0.185547	-0.927734
0.430000	0.415039	-0.966797
0.435000	1.044922	-0.571289
0.440000	1.416016	-0.063477
0.445000	1.459961	0.346680
0.450000	1.240234	0.571289
0.455000	0.854492	0.625000
0.460000	0.429688	0.576172
0.465000	0.039062	0.483398
0.470000	-0.273438	0.112305
0.475000	-0.341797	-0.625000
0.480000	0.063477	-1.025391
0.485000	0.727539	-0.810547
0.490000	1.254883	-0.327148
0.495000	1.474609	0.141602
0.500000	1.381836	0.473633
0.505000	1.069336	0.615234
0.510000	0.654297	0.615234
0.515000	0.239258	0.537109
0.520000	-0.122070	0.366211
0.525000	-0.361328	-0.214844
0.530000	-0.209961	-0.908203
0.535000	0.371094	-0.981445
0.540000	1.010742	-0.600586
0.545000	1.406250	-0.097656
0.550000	1.469727	0.322266
0.555000	1.250000	0.566406
0.560000	0.878906	0.625000
0.565000	0.458984	0.585938
0.570000	0.063477	0.488281
0.575000	-0.258789	0.146484
0.580000	-0.351562	-0.581055
0.585000	0.024414	-1.020508
0.590000	0.688477	-0.839844
0.595000	1.240234	-0.366211
0.600000	1.469727	0.117188
0.605000	1.391602	0.454102
0.610000	1.093750	0.615234
0.615000	0.683594	0.615234
0.620000	0.268555	0.546875
0.625000	-0.102539	0.385742
0.630000	-0.351562	-0.170898
0.635000	-0.234375	-0.878906
0.640000	0.327148	-0.991211
0.645000	0.976562	-0.634766
0.650000	1.391602	-0.122070
0.655000	1.469727	0.297852
0.660000	1.269531	0.551758
0.665000	0.908203	0.629883
0.670000	0.483398	0.595703
0.675000	0.087891	0.498047
0.680000	-0.244141	0.180664
0.685000	-0.361328	-0.532227
0.690000	-0.014648	-1.015625
0.695000	0.644531	-0.859375
0.700000	1.210938	-0.395508
0.705000	1.469727	0.092773
0.710000	1.401367	0.444336
0.715000	1.118164	0.610352
0.720000	0.708008	0.620117
0.725000	0.292969	0.551758
0.730000	-0.083008	0.405273
0.735000	-0.346680	-0.122070
0.740000	-0.258789	-0.849609
0.745000	0.288086	-1.000977
0.750000	0.937500	-0.664062
0.755000	1.372070	-0.156250
0.760000	1.469727	0.278320
0.765000	1.284180	0.541992
0.770000	0.932617	0.625000
0.775000	0.507812	0.595703
0.780000	0.107422	0.502930
0.785000	-0.229492	0.214844
0.790000	-0.361328	-0.483398
0.795000	-0.043945	-1.005859
0.800000	0.600586	-0.883789
0.805000	1.186523	-0.429688
0.810000	1.459961	0.063477
0.815000	1.416016	0.424805
0.820000	1.137695	0.600586
0.825000	0.732422	0.620117
0.830000	0.317383	0.556641
0.835000	-0.058594	0.424805
0.840000	-0.332031	-0.073242
0.845000	-0.278320	-0.810547
0.850000	0.244141	-1.010742
0.855000	0.903320	-0.693359
0.860000	1.352539	-0.185547
0.865000	1.479492	0.258789
0.870000	1.308594	0.532227
0.875000	0.957031	0.625000
0.880000	0.537109	0.600586
0.885000	0.131836	0.512695
0.890000	-0.209961	0.253906
0.895000	-0.366211	-0.434570
0.900000	-0.083008	-0.991211
0.905000	0.561523	-0.903320
0.910000	1.157227	-0.458984
0.915000	1.450195	0.039062
0.920000	1.425781	0.405273
0.925000	1.162109	0.595703
0.930000	0.761719	0.625000
0.935000	0.341797	0.566406
0.940000	-0.039062	0.439453
0.945000	-0.322266	-0.029297
0.950000	-0.297852	-0.776367
0.955000	0.200195	-1.020508
0.960000	0.869141	-0.717773
0.965000	1.333008	-0.219727
0.970000	1.479492	0.234375
0.975000	1.323242	0.517578
0.980000	0.981445	0.625000
0.985000	0.561523	0.605469
0.990000	0.156250	0.512695
0.995000	-0.195312	0.283203
1.000000	-0.371094	-0.385742
1.005000	-0.112305	-0.976562
1.010000	0.517578	-0.922852
1.015000	1.123047	-0.493164
1.020000	1.445312	0.004883
1.025000	1.440430	0.390625
1.030000	1.181641	0.590820
1.035000	0.791016	0.625000
1.040000	0.366211	0.566406
1.045000	-0.019531	0.454102
1.050000	-0.312500	0.009766
1.055000	-0.312500	-0.732422
1.060000	0.156250	-1.025391
1.065000	0.830078	-0.747070
1.070000	1.313477	-0.253906
1.075000	1.479492	0.209961
1.080000	1.342773	0.502930
1.085000	1.005859	0.620117
1.090000	0.585938	0.610352
1.095000	0.180664	0.522461
1.100000	-0.170898	0.302734
1.105000	-0.361328	-0.336914
1.110000	-0.141602	-0.961914
1.115000	0.473633	-0.942383
1.120000	1.093750	-0.527344
1.125000	1.435547	-0.019531
1.130000	1.445312	0.371094
1.135000	1.201172	0.581055
1.140000	0.815430	0.625000
1.145000	0.390625	0.576172
1.150000	0.004883	0.463867
1.155000	-0.297852	0.048828
1.160000	-0.322266	-0.693359
1.165000	0.122070	-1.025391
1.170000	0.791016	-0.776367
1.175000	1.293945	-0.283203
1.180000	1.479492	0.180664
1.185000	1.352539	0.493164
1.190000	1.035156	0.620117
1.195000	0.615234	0.615234
1.200000	0.205078	0.532227
1.205000	-0.151367	0.332031
1.210000	-0.361328	-0.288086
1.215000	-0.175781	-0.942383
1.220000	0.434570	-0.957031
1.225000	1.064453	-0.556641
1.230000	1.420898	-0.048828
1.235000	1.459961	0.351562
1.240000	1.230469	0.576172
1.245000	0.844727	0.625000
1.250000	0.415039	0.571289
1.255000	0.029297	0.468750
1.260000	-0.283203	0.092773
1.265000	-0.336914	-0.649414
1.270000	0.078125	-1.025391
1.275000	0.747070	-0.800781
1.280000	1.264648	-0.317383
1.285000	1.479492	0.161133
1.290000	1.372070	0.483398
1.295000	1.059570	0.615234
1.300000	0.639648	0.615234
1.305000	0.229492	0.537109
1.310000	-0.131836	0.351562
1.315000	-0.361328	-0.239258
1.320000	-0.200195	-0.917969
1.325000	0.390625	-0.971680
1.330000	1.025391	-0.585938
1.335000	1.406250	-0.083008
1.340000	1.464844	0.332031
1.345000	1.240234	0.571289
1.350000	0.869141	0.625000
1.355000	0.444336	0.581055
1.360000	0.048828	0.483398
1.365000	-0.273438	0.131836
1.370000	-0.346680	-0.600586
1.375000	0.043945	-1.025391
1.380000	0.708008	-0.825195
1.385000	1.245117	-0.346680
1.390000	1.469727	0.131836
1.395000	1.386719	0.463867
1.400000	1.083984	0.615234
1.405000	0.673828	0.615234
1.410000	0.253906	0.541992
1.415000	-0.107422	0.375977
1.420000	-0.361328	-0.190430
1.425000	-0.229492	-0.893555
1.430000	0.346680	-0.986328
1.435000	0.996094	-0.615234
1.440000	1.391602	-0.112305
1.445000	1.464844	0.307617
1.450000	1.259766	0.556641
1.455000	0.893555	0.625000
1.460000	0.468750	0.590820
1.465000	0.068359	0.488281
1.470000	-0.249023	0.166016
1.475000	-0.356445	-0.556641
1.480000	0.004883	-1.020508
1.485000	0.664062	-0.849609
1.490000	1.230469	-0.380859
1.495000	1.469727	0.102539
1.500000	1.396484	0.454102
1.505000	1.103516	0.615234
1.510000	0.693359	0.615234
1.515000	0.278320	0.546875
1.520000	-0.092773	0.395508
1.525000	-0.346680	-0.141602
1.530000	-0.249023	-0.864258
1.535000	0.307617	-0.996094
1.540000	0.961914	-0.649414
1.545000	1.381836	-0.141602
1.550000	1.469727	0.288086
1.555000	1.274414	0.546875
1.560000	0.917969	0.625000
1.565000	0.493164	0.595703
1.570000	0.097656	0.498047
1.575000	-0.239258	0.200195
1.580000	-0.361328	-0.507812
1.585000	-0.029297	-1.010742
1.590000	0.625000	-0.874023
1.595000	1.201172	-0.410156
1.600000	1.464844	0.078125
1.605000	1.411133	0.429688
1.610000	1.127930	0.605469
1.615000	0.722656	0.625000
1.620000	0.302734	0.551758
1.625000	-0.068359	0.415039
1.630000	-0.341797	-0.097656
1.635000	-0.268555	-0.825195
1.640000	0.263672	-1.005859
1.645000	0.922852	-0.673828
1.650000	1.357422	-0.175781
1.655000	1.474609	0.263672
1.660000	1.293945	0.532227
1.665000	0.942383	0.625000
1.670000	0.527344	0.595703
1.675000	0.122070	0.507812
1.680000	-0.219727	0.234375
1.685000	-0.361328	-0.458984
1.690000	-0.058594	-1.000977
1.695000	0.585938	-0.893555
1.700000	1.166992	-0.444336
1.705000	1.459961	0.053711
1.710000	1.420898	0.415039
1.715000	1.152344	0.600586
1.720000	0.751953	0.625000
1.725000	0.327148	0.561523
1.730000	-0.048828	0.429688
1.735000	-0.322266	-0.053711
1.740000	-0.288086	-0.791016
1.745000	0.219727	-1.015625
1.750000	0.888672	-0.703125
1.755000	1.347656	-0.205078
1.760000	1.474609	0.244141
1.765000	1.313477	0.527344
1.770000	0.966797	0.625000
1.775000	0.546875	0.605469
1.780000	0.141602	0.512695
1.785000	-0.205078	0.268555
1.790000	-0.366211	-0.410156
1.795000	-0.092773	-0.986328
1.800000	0.541992	-0.913086
1.805000	1.142578	-0.478516
1.810000	1.450195	0.019531
1.815000	1.430664	0.395508
1.820000	1.171875	0.595703
1.825000	0.776367	0.625000
1.830000	0.351562	0.566406
1.835000	-0.024414	0.449219
1.840000	-0.322266	-0.009766
1.845000	-0.302734	-0.751953
1.850000	0.180664	-1.025391
1.855000	0.849609	-0.732422
1.860000	1.323242	-0.234375
1.865000	1.479492	0.219727
1.870000	1.333008	0.512695
1.875000	0.996094	0.620117
1.880000	0.576172	0.605469
1.885000	0.166016	0.522461
1.890000	-0.180664	0.292969
1.895000	-0.361328	-0.361328
1.900000	-0.126953	-0.966797
1.905000	0.498047	-0.932617
1.910000	1.108398	-0.507812
1.915000	1.440430	-0.004883
1.920000	1.445312	0.380859
1.925000	1.196289	0.590820
1.930000	0.800781	0.625000
1.935000	0.375977	0.571289
1.940000	-0.004883	0.458984
1.945000	-0.307617	0.029297
1.950000	-0.322266	-0.712891
1.955000	0.141602	-1.025391
1.960000	0.810547	-0.761719
1.965000	1.303711	-0.268555
1.970000	1.474609	0.195312
1.975000	1.347656	0.498047
1.980000	1.020508	0.620117
1.985000	0.605469	0.615234
1.990000	0.190430	0.527344
1.995000	-0.166016	0.317383
2.000000	-0.366211	-0.312500
2.005000	-0.156250	-0.952148
2.010000	0.454102	-0.952148
2.015000	1.079102	-0.541992
2.020000	1.425781	-0.034180
2.025000	1.450195	0.361328
2.030000	1.215820	0.576172
2.035000	0.830078	0.625000
2.040000	0.405273	0.576172
2.045000	0.014648	0.473633
2.050000	-0.292969	0.073242
2.055000	-0.327148	-0.668945
2.060000	0.102539	-1.025391
2.065000	0.766602	-0.786133
2.070000	1.279297	-0.297852
2.075000	1.479492	0.170898
2.080000	1.362305	0.488281
2.085000	1.044922	0.615234
2.090000	0.625000	0.615234
2.095000	0.214844	0.537109
2.100000	-0.141602	0.341797
2.105000	-0.361328	-0.263672
2.110000	-0.185547	-0.927734
2.115000	0.415039	-0.966797
2.120000	1.044922	-0.571289
2.125000	1.416016	-0.063477
2.130000	1.459961	0.341797
2.135000	1.240234	0.576172
2.140000	0.854492	0.629883
2.145000	0.429688	0.576172
2.150000	0.039062	0.478516
2.155000	-0.278320	0.112305
2.160000	-0.346680	-0.625000
2.165000	0.063477	-1.025391
2.170000	0.727539	-0.810547
2.175000	1.254883	-0.332031
2.180000	1.469727	0.141602
2.185000	1.376953	0.468750
2.190000	1.069336	0.615234
2.195000	0.659180	0.615234
2.200000	0.239258	0.537109
2.205000	-0.122070	0.366211
2.210000	-0.361328	-0.214844
2.215000	-0.209961	-0.903320
2.220000	0.371094	-0.976562
2.225000	1.010742	-0.605469
2.230000	1.396484	-0.092773
2.235000	1.469727	0.322266
2.240000	1.245117	0.561523
2.245000	0.883789	0.625000
2.250000	0.458984	0.585938
2.255000	0.063477	0.493164
2.260000	-0.258789	0.146484
2.265000	-0.351562	-0.581055
2.270000	0.024414	-1.020508
2.275000	0.688477	-0.834961
2.280000	1.235352	-0.361328
2.285000	1.469727	0.117188
2.290000	1.391602	0.458984
2.295000	1.093750	0.615234
2.300000	0.683594	0.615234
2.305000	0.268555	0.541992
2.310000	-0.097656	0.385742
2.315000	-0.356445	-0.170898
2.320000	-0.234375	-0.874023
2.325000	0.332031	-0.986328
2.330000	0.981445	-0.634766
2.335000	1.391602	-0.131836
2.340000	1.469727	0.297852
2.345000	1.269531	0.551758
2.350000	0.908203	0.629883
2.355000	0.483398	0.590820
2.360000	0.083008	0.498047
2.365000	-0.244141	0.185547
2.370000	-0.356445	-0.532227
2.375000	-0.009766	-1.015625
2.380000	0.644531	-0.864258
2.385000	1.215820	-0.395508
2.390000	1.469727	0.092773
2.395000	1.406250	0.444336
2.400000	1.118164	0.610352
2.405000	0.708008	0.620117
2.410000	0.292969	0.546875
2.415000	-0.083008	0.405273
2.420000	-0.341797	-0.122070
2.425000	-0.258789	-0.844727
2.430000	0.288086	-1.005859
2.435000	0.942383	-0.659180
2.440000	1.372070	-0.156250
2.445000	1.469727	0.278320
2.450000	1.289062	0.541992
2.455000	0.927734	0.625000
2.460000	0.507812	0.595703
2.465000	0.112305	0.502930
2.470000	-0.229492	0.219727
2.475000	-0.361328	-0.488281
2.480000	-0.043945	-1.005859
2.485000	0.605469	-0.883789
2.490000	1.186523	-0.429688
2.495000	1.464844	0.063477
2.500000	1.416016	0.424805
2.505000	1.137695	0.600586
2.510000	0.732422	0.625000
2.515000	0.317383	0.556641
2.520000	-0.058594	0.419922
2.525000	-0.332031	-0.078125
2.530000	-0.278320	-0.805664
2.535000	0.244141	-1.010742
2.540000	0.903320	-0.688477
2.545000	1.352539	-0.190430
2.550000	1.474609	0.253906
2.555000	1.303711	0.532227
2.560000	0.957031	0.625000
2.565000	0.537109	0.600586
2.570000	0.131836	0.512695
2.575000	-0.209961	0.249023
2.580000	-0.366211	-0.434570
2.585000	-0.083008	-0.996094
2.590000	0.561523	-0.903320
2.595000	1.157227	-0.458984
2.600000	1.455078	0.034180
2.605000	1.430664	0.410156
2.610000	1.162109	0.595703
2.615000	0.761719	0.625000
2.620000	0.336914	0.561523
2.625000	-0.039062	0.439453
2.630000	-0.322266	-0.034180
2.635000	-0.297852	-0.776367
2.640000	0.200195	-1.020508
2.645000	0.864258	-0.722656
2.650000	1.333008	-0.219727
2.655000	1.484375	0.229492
2.660000	1.323242	0.522461
2.665000	0.981445	0.625000
2.670000	0.561523	0.605469
2.675000	0.156250	0.517578
2.680000	-0.190430	0.278320
2.685000	-0.366211	-0.385742
2.690000	-0.112305	-0.981445
2.695000	0.517578	-0.922852
2.700000	1.127930	-0.493164
2.705000	1.445312	0.004883
2.710000	1.435547	0.390625
2.715000	1.181641	0.590820
2.720000	0.791016	0.625000
2.725000	0.366211	0.571289
2.730000	-0.014648	0.454102
2.735000	-0.312500	0.009766
2.740000	-0.317383	-0.732422
2.745000	0.156250	-1.030273
2.750000	0.830078	-0.747070
2.755000	1.308594	-0.253906
2.760000	1.479492	0.209961
2.765000	1.342773	0.507812
2.770000	1.005859	0.625000
2.775000	0.585938	0.615234
2.780000	0.180664	0.527344
2.785000	-0.170898	0.302734
2.790000	-0.366211	-0.336914
2.795000	-0.141602	-0.957031
2.800000	0.478516	-0.942383
2.805000	1.098633	-0.522461
2.810000	1.435547	-0.019531
2.815000	1.450195	0.371094
2.820000	1.201172	0.581055
2.825000	0.815430	0.625000
2.830000	0.390625	0.576172
2.835000	0.000000	0.458984
2.840000	-0.297852	0.048828
2.845000	-0.322266	-0.688477
2.850000	0.117188	-1.025391
2.855000	0.786133	-0.776367
2.860000	1.293945	-0.283203
2.865000	1.479492	0.180664
2.870000	1.357422	0.493164
2.875000	1.035156	0.615234
2.880000	0.615234	0.615234
2.885000	0.205078	0.532227
2.890000	-0.151367	0.327148
2.895000	-0.361328	-0.288086
2.900000	-0.170898	-0.942383
2.905000	0.434570	-0.957031
2.910000	1.064453	-0.561523
2.915000	1.425781	-0.048828
2.920000	1.455078	0.351562
2.925000	1.230469	0.576172
2.930000	0.844727	0.629883
2.935000	0.419922	0.576172
2.940000	0.029297	0.473633
2.945000	-0.283203	0.092773
2.950000	-0.336914	-0.644531
2.955000	0.078125	-1.025391
2.960000	0.747070	-0.800781
2.965000	1.264648	-0.317383
2.970000	1.474609	0.156250
2.975000	1.372070	0.478516
2.980000	1.054688	0.615234
2.985000	0.644531	0.615234
2.990000	0.229492	0.537109
2.995000	-0.131836	0.351562
3.000000	-0.361328	-0.239258
3.005000	-0.195312	-0.917969
3.010000	0.390625	-0.971680
3.015000	1.025391	-0.585938
3.020000	1.411133	-0.083008
3.025000	1.464844	0.332031
3.030000	1.245117	0.566406
3.035000	0.869141	0.625000
3.040000	0.444336	0.581055
3.045000	0.053711	0.488281
3.050000	-0.268555	0.131836
3.055000	-0.346680	-0.605469
3.060000	0.043945	-1.025391
3.065000	0.708008	-0.825195
3.070000	1.245117	-0.351562
3.075000	1.469727	0.131836
3.080000	1.386719	0.463867
3.085000	1.083984	0.615234
3.090000	0.668945	0.615234
3.095000	0.253906	0.537109
3.100000	-0.112305	0.375977
3.105000	-0.356445	-0.195312
3.110000	-0.224609	-0.888672
3.115000	0.351562	-0.986328
3.120000	0.996094	-0.615234
3.125000	1.391602	-0.107422
3.130000	1.469727	0.312500
3.135000	1.259766	0.556641
3.140000	0.898438	0.629883
3.145000	0.468750	0.590820
3.150000	0.073242	0.488281
3.155000	-0.253906	0.166016
3.160000	-0.356445	-0.556641
3.165000	0.004883	-1.020508
3.170000	0.664062	-0.849609
3.175000	1.230469	-0.380859
3.180000	1.469727	0.107422
3.185000	1.396484	0.449219
3.190000	1.103516	0.610352
3.195000	0.693359	0.615234
3.200000	0.278320	0.546875
3.205000	-0.087891	0.395508
3.210000	-0.346680	-0.141602
3.215000	-0.244141	-0.864258
3.220000	0.307617	-0.996094
3.225000	0.957031	-0.644531
3.230000	1.381836	-0.141602
3.235000	1.474609	0.292969
3.240000	1.274414	0.546875
3.245000	0.917969	0.625000
3.250000	0.498047	0.595703
3.255000	0.097656	0.498047
3.260000	-0.239258	0.205078
3.265000	-0.361328	-0.507812
3.270000	-0.029297	-1.010742
3.275000	0.625000	-0.869141
3.280000	1.201172	-0.410156
3.285000	1.464844	0.078125
3.290000	1.411133	0.429688
3.295000	1.127930	0.610352
3.300000	0.722656	0.620117
3.305000	0.302734	0.551758
3.310000	-0.068359	0.415039
3.315000	-0.341797	-0.102539
3.320000	-0.268555	-0.825195
3.325000	0.263672	-1.005859
3.330000	0.922852	-0.678711
3.335000	1.367188	-0.175781
3.340000	1.479492	0.268555
3.345000	1.298828	0.537109
3.350000	0.942383	0.629883
3.355000	0.522461	0.600586
3.360000	0.122070	0.507812
3.365000	-0.219727	0.234375
3.370000	-0.361328	-0.458984
3.375000	-0.063477	-0.996094
3.380000	0.585938	-0.893555
3.385000	1.171875	-0.444336
3.390000	1.459961	0.053711
3.395000	1.420898	0.415039
3.400000	1.152344	0.600586
3.405000	0.751953	0.620117
3.410000	0.327148	0.561523
3.415000	-0.048828	0.429688
3.420000	-0.322266	-0.053711
3.425000	-0.288086	-0.791016
3.430000	0.224609	-1.015625
3.435000	0.883789	-0.703125
3.440000	1.347656	-0.205078
3.445000	1.479492	0.244141
3.450000	1.313477	0.527344
3.455000	0.971680	0.625000
3.460000	0.551758	0.605469
3.465000	0.146484	0.512695
3.470000	-0.200195	0.263672
3.475000	-0.361328	-0.410156
3.480000	-0.097656	-0.986328
3.485000	0.541992	-0.913086
3.490000	1.142578	-0.473633
3.495000	1.445312	0.024414
3.500000	1.435547	0.400391
3.505000	1.171875	0.595703
3.510000	0.776367	0.625000
3.515000	0.351562	0.566406
3.520000	-0.024414	0.449219
3.525000	-0.322266	-0.009766
3.530000	-0.302734	-0.751953
3.535000	0.180664	-1.020508
3.540000	0.849609	-0.732422
3.545000	1.323242	-0.234375
3.550000	1.479492	0.224609
3.555000	1.333008	0.512695
3.560000	0.996094	0.620117
3.565000	0.576172	0.610352
3.570000	0.166016	0.522461
3.575000	-0.180664	0.292969
3.580000	-0.366211	-0.361328
3.585000	-0.126953	-0.966797
3.590000	0.498047	-0.932617
3.595000	1.113281	-0.507812
3.600000	1.440430	-0.009766
3.605000	1.440430	0.380859
3.610000	1.196289	0.585938
3.615000	0.800781	0.625000
3.620000	0.375977	0.571289
3.625000	-0.004883	0.458984
3.630000	-0.307617	0.029297
3.635000	-0.322266	-0.717773
3.640000	0.141602	-1.025391
3.645000	0.805664	-0.761719
3.650000	1.298828	-0.268555
3.655000	1.479492	0.200195
3.660000	1.347656	0.498047
3.665000	1.020508	0.620117
3.670000	0.605469	0.610352
3.675000	0.190430	0.527344
3.680000	-0.166016	0.322266
3.685000	-0.366211	-0.312500
3.690000	-0.161133	-0.947266
3.695000	0.454102	-0.952148
3.700000	1.079102	-0.537109
3.705000	1.430664	-0.034180
3.710000	1.450195	0.361328
3.715000	1.215820	0.576172
3.720000	0.830078	0.625000
3.725000	0.405273	0.576172
3.730000	0.014648	0.463867
3.735000	-0.292969	0.073242
3.740000	-0.327148	-0.668945
3.745000	0.097656	-1.025391
3.750000	0.766602	-0.786133
3.755000	1.279297	-0.297852
3.760000	1.479492	0.170898
3.765000	1.362305	0.488281
3.770000	1.040039	0.615234
3.775000	0.625000	0.615234
3.780000	0.219727	0.537109
3.785000	-0.141602	0.341797
3.790000	-0.361328	-0.263672
3.795000	-0.185547	-0.932617
3.800000	0.415039	-0.966797
3.805000	1.044922	-0.571289
3.810000	1.416016	-0.063477
3.815000	1.459961	0.341797
3.820000	1.240234	0.571289
3.825000	0.854492	0.625000
3.830000	0.429688	0.576172
3.835000	0.039062	0.478516
3.840000	-0.278320	0.112305
3.845000	-0.346680	-0.629883
3.850000	0.063477	-1.025391
3.855000	0.727539	-0.815430
3.860000	1.254883	-0.332031
3.865000	1.474609	0.146484
3.870000	1.376953	0.473633
3.875000	1.069336	0.615234
3.880000	0.654297	0.615234
3.885000	0.239258	0.537109
3.890000	-0.122070	0.366211
3.895000	-0.361328	-0.214844
3.900000	-0.209961	-0.903320
3.905000	0.371094	-0.981445
3.910000	1.010742	-0.605469
3.915000	1.401367	-0.097656
3.920000	1.469727	0.322266
3.925000	1.250000	0.561523
3.930000	0.878906	0.625000
3.935000	0.458984	0.585938
3.940000	0.063477	0.488281
3.945000	-0.263672	0.146484
3.950000	-0.351562	-0.581055
3.955000	0.024414	-1.025391
3.960000	0.683594	-0.839844
3.965000	1.240234	-0.361328
3.970000	1.469727	0.117188
3.975000	1.391602	0.458984
3.980000	1.088867	0.615234
3.985000	0.683594	0.615234
3.990000	0.263672	0.541992
3.995000	-0.102539	0.380859
4.000000	-0.351562	-0.166016
4.005000	-0.234375	-0.878906
4.010000	0.327148	-0.991211
4.015000	0.976562	-0.634766
4.020000	1.386719	-0.126953
4.025000	1.464844	0.302734
4.030000	1.264648	0.551758
4.035000	0.903320	0.625000
4.040000	0.483398	0.590820
4.045000	0.083008	0.493164
4.050000	-0.244141	0.185547
4.055000	-0.361328	-0.532227
4.060000	-0.009766	-1.015625
4.065000	0.644531	-0.859375
4.070000	1.210938	-0.395508
4.075000	1.469727	0.092773
4.080000	1.401367	0.444336
4.085000	1.118164	0.610352
4.090000	0.703125	0.620117
4.095000	0.292969	0.541992
4.100000	-0.083008	0.405273
4.105000	-0.341797	-0.122070
4.110000	-0.258789	-0.844727
4.115000	0.283203	-1.005859
4.120000	0.937500	-0.659180
4.125000	1.372070	-0.156250
4.130000	1.474609	0.278320
4.135000	1.284180	0.541992
4.140000	0.932617	0.625000
4.145000	0.512695	0.595703
4.150000	0.107422	0.502930
4.155000	-0.229492	0.214844
4.160000	-0.361328	-0.483398
4.165000	-0.043945	-1.005859
4.170000	0.605469	-0.883789
4.175000	1.181641	-0.429688
4.180000	1.464844	0.063477
4.185000	1.416016	0.424805
4.190000	1.132812	0.605469
4.195000	0.737305	0.625000
4.200000	0.312500	0.556641
4.205000	-0.058594	0.419922
4.210000	-0.332031	-0.073242
4.215000	-0.283203	-0.810547
4.220000	0.244141	-1.010742
4.225000	0.903320	-0.688477
4.230000	1.352539	-0.190430
4.235000	1.474609	0.253906
4.240000	1.308594	0.537109
4.245000	0.957031	0.625000
4.250000	0.537109	0.600586
4.255000	0.131836	0.512695
4.260000	-0.209961	0.249023
4.265000	-0.366211	-0.434570
4.270000	-0.083008	-0.986328
4.275000	0.561523	-0.903320
4.280000	1.157227	-0.458984
4.285000	1.450195	0.034180
4.290000	1.430664	0.410156
4.295000	1.162109	0.595703
4.300000	0.766602	0.625000
4.305000	0.341797	0.561523
4.310000	-0.039062	0.434570
4.315000	-0.322266	-0.034180
4.320000	-0.292969	-0.771484
4.325000	0.200195	-1.020508
4.330000	0.869141	-0.722656
4.335000	1.333008	-0.219727
4.340000	1.479492	0.229492
4.345000	1.323242	0.522461
4.350000	0.986328	0.625000
4.355000	0.566406	0.605469
4.360000	0.156250	0.517578
4.365000	-0.190430	0.278320
4.370000	-0.366211	-0.385742
4.375000	-0.112305	-0.981445
4.380000	0.522461	-0.922852
4.385000	1.127930	-0.493164
4.390000	1.445312	0.004883
4.395000	1.435547	0.390625
4.400000	1.186523	0.590820
4.405000	0.791016	0.620117
4.410000	0.371094	0.566406
4.415000	-0.014648	0.454102
4.420000	-0.312500	0.009766
4.425000	-0.312500	-0.732422
4.430000	0.156250	-1.025391
4.435000	0.830078	-0.747070
4.440000	1.313477	-0.249023
4.445000	1.479492	0.209961
4.450000	1.342773	0.507812
4.455000	1.010742	0.625000
4.460000	0.590820	0.610352
4.465000	0.180664	0.527344
4.470000	-0.170898	0.302734
4.475000	-0.361328	-0.336914
4.480000	-0.141602	-0.961914
4.485000	0.478516	-0.942383
4.490000	1.093750	-0.522461
4.495000	1.435547	-0.019531
4.500000	1.450195	0.371094
4.505000	1.206055	0.581055
4.510000	0.815430	0.625000
4.515000	0.390625	0.576172
4.520000	0.004883	0.463867
4.525000	-0.297852	0.053711
4.530000	-0.322266	-0.693359
4.535000	0.122070	-1.025391
4.540000	0.786133	-0.776367
4.545000	1.293945	-0.283203
4.550000	1.479492	0.180664
4.555000	1.357422	0.493164
4.560000	1.035156	0.620117
4.565000	0.615234	0.615234
4.570000	0.205078	0.532227
4.575000	-0.156250	0.332031
4.580000	-0.361328	-0.288086
4.585000	-0.170898	-0.942383
4.590000	0.434570	-0.961914
4.595000	1.059570	-0.556641
4.600000	1.425781	-0.048828
4.605000	1.455078	0.351562
4.610000	1.225586	0.576172
4.615000	0.844727	0.625000
4.620000	0.419922	0.576172
4.625000	0.024414	0.473633
4.630000	-0.283203	0.087891
4.635000	-0.336914	-0.649414
4.640000	0.083008	-1.030273
4.645000	0.747070	-0.800781
4.650000	1.269531	-0.317383
4.655000	1.474609	0.156250
4.660000	1.367188	0.478516
4.665000	1.059570	0.615234
4.670000	0.644531	0.615234
4.675000	0.229492	0.537109
4.680000	-0.131836	0.351562
4.685000	-0.361328	-0.239258
4.690000	-0.200195	-0.917969
4.695000	0.390625	-0.971680
4.700000	1.030273	-0.590820
4.705000	1.406250	-0.078125
4.710000	1.464844	0.332031
4.715000	1.240234	0.566406
4.720000	0.869141	0.625000
4.725000	0.449219	0.585938
4.730000	0.048828	0.483398
4.735000	-0.268555	0.126953
4.740000	-0.341797	-0.600586
4.745000	0.043945	-1.025391
4.750000	0.708008	-0.825195
4.755000	1.245117	-0.346680
4.760000	1.469727	0.131836
4.765000	1.386719	0.463867
4.770000	1.083984	0.610352
4.775000	0.668945	0.610352
4.780000	0.253906	0.537109
4.785000	-0.112305	0.375977
4.790000	-0.356445	-0.190430
4.795000	-0.224609	-0.893555
4.800000	0.346680	-0.986328
4.805000	1.000977	-0.620117
4.810000	1.396484	-0.107422
4.815000	1.469727	0.307617
4.820000	1.259766	0.556641
4.825000	0.893555	0.629883
4.830000	0.468750	0.590820
4.835000	0.073242	0.493164
4.840000	-0.249023	0.166016
4.845000	-0.356445	-0.556641
4.850000	0.004883	-1.020508
4.855000	0.668945	-0.849609
4.860000	1.230469	-0.380859
4.865000	1.469727	0.102539
4.870000	1.396484	0.454102
4.875000	1.103516	0.615234
4.880000	0.693359	0.615234
4.885000	0.278320	0.546875
4.890000	-0.092773	0.390625
4.895000	-0.346680	-0.146484
4.900000	-0.249023	-0.859375
4.905000	0.302734	-0.996094
4.910000	0.957031	-0.644531
4.915000	1.381836	-0.141602
4.920000	1.469727	0.292969
4.925000	1.279297	0.546875
4.930000	0.922852	0.625000
4.935000	0.498047	0.595703
4.940000	0.097656	0.498047
4.945000	-0.239258	0.200195
4.950000	-0.361328	-0.507812
4.955000	-0.029297	-1.010742
4.960000	0.625000	-0.869141
4.965000	1.201172	-0.410156
4.970000	1.469727	0.073242
4.975000	1.411133	0.434570
4.980000	1.132812	0.605469
4.985000	0.722656	0.620117
4.990000	0.302734	0.551758
4.995000	-0.068359	0.415039
5.000000	-0.341797	-0.097656
5.005000	-0.268555	-0.825195
5.010000	0.263672	-1.005859
5.015000	0.922852	-0.673828
5.020000	1.357422	-0.170898
5.025000	1.474609	0.268555
5.030000	1.298828	0.537109
5.035000	0.942383	0.625000
5.040000	0.527344	0.595703
5.045000	0.122070	0.507812
5.050000	-0.219727	0.234375
5.055000	-0.361328	-0.458984
5.060000	-0.063477	-1.000977
5.065000	0.585938	-0.893555
5.070000	1.171875	-0.444336
5.075000	1.459961	0.053711
5.080000	1.420898	0.419922
5.085000	1.152344	0.600586
5.090000	0.747070	0.625000
5.095000	0.327148	0.561523
5.100000	-0.048828	0.429688
5.105000	-0.322266	-0.053711
5.110000	-0.288086	-0.791016
5.115000	0.219727	-1.015625
5.120000	0.883789	-0.708008
5.125000	1.347656	-0.205078
5.130000	1.479492	0.244141
5.135000	1.313477	0.527344
5.140000	0.971680	0.625000
5.145000	0.546875	0.600586
5.150000	0.146484	0.512695
5.155000	-0.205078	0.263672
5.160000	-0.361328	-0.410156
5.165000	-0.097656	-0.986328
5.170000	0.546875	-0.913086
5.175000	1.142578	-0.478516
5.180000	1.445312	0.024414
5.185000	1.430664	0.400391
5.190000	1.171875	0.595703
5.195000	0.776367	0.625000
5.200000	0.356445	0.566406
5.205000	-0.024414	0.444336
5.210000	-0.317383	-0.009766
5.215000	-0.302734	-0.756836
5.220000	0.185547	-1.025391
5.225000	0.844727	-0.732422
5.230000	1.323242	-0.234375
5.235000	1.474609	0.219727
5.240000	1.333008	0.512695
5.245000	0.996094	0.620117
5.250000	0.576172	0.610352
5.255000	0.166016	0.522461
5.260000	-0.180664	0.292969
5.265000	-0.361328	-0.361328
5.270000	-0.131836	-0.966797
5.275000	0.498047	-0.932617
5.280000	1.108398	-0.507812
5.285000	1.435547	-0.004883
5.290000	1.445312	0.380859
5.295000	1.201172	0.585938
5.300000	0.800781	0.625000
5.305000	0.380859	0.571289
5.310000	-0.009766	0.458984
5.315000	-0.307617	0.034180
5.320000	-0.317383	-0.712891
5.325000	0.141602	-1.025391
5.330000	0.810547	-0.761719
5.335000	1.303711	-0.268555
5.340000	1.479492	0.195312
5.345000	1.347656	0.498047
5.350000	1.020508	0.620117
5.355000	0.605469	0.615234
5.360000	0.190430	0.527344
5.365000	-0.161133	0.317383
5.370000	-0.366211	-0.312500
5.375000	-0.156250	-0.947266
5.380000	0.454102	-0.952148
5.385000	1.079102	-0.541992
5.390000	1.430664	-0.034180
5.395000	1.450195	0.361328
5.400000	1.215820	0.576172
5.405000	0.825195	0.625000
5.410000	0.405273	0.576172
5.415000	0.014648	0.468750
5.420000	-0.292969	0.073242
5.425000	-0.327148	-0.668945
5.430000	0.107422	-1.025391
5.435000	0.766602	-0.791016
5.440000	1.279297	-0.297852
5.445000	1.474609	0.170898
5.450000	1.362305	0.488281
5.455000	1.044922	0.615234
5.460000	0.625000	0.615234
5.465000	0.219727	0.537109
5.470000	-0.141602	0.341797
5.475000	-0.361328	-0.263672
5.480000	-0.185547	-0.927734
5.485000	0.415039	-0.966797
5.490000	1.044922	-0.571289
5.495000	1.416016	-0.063477
5.500000	1.464844	0.341797
5.505000	1.240234	0.571289
5.510000	0.854492	0.625000
5.515000	0.434570	0.576172
5.520000	0.039062	0.478516
5.525000	-0.278320	0.112305
5.530000	-0.341797	-0.625000
5.535000	0.063477	-1.025391
5.540000	0.732422	-0.815430
5.545000	1.254883	-0.332031
5.550000	1.474609	0.146484
5.555000	1.376953	0.468750
5.560000	1.069336	0.615234
5.565000	0.654297	0.615234
5.570000	0.239258	0.537109
5.575000	-0.122070	0.366211
5.580000	-0.361328	-0.219727
5.585000	-0.209961	-0.903320
5.590000	0.371094	-0.981445
5.595000	1.010742	-0.605469
5.600000	1.401367	-0.092773
5.605000	1.464844	0.322266
5.610000	1.250000	0.561523
5.615000	0.883789	0.625000
5.620000	0.458984	0.585938
5.625000	0.063477	0.488281
5.630000	-0.258789	0.146484
5.635000	-0.351562	-0.576172
5.640000	0.024414	-1.025391
5.645000	0.688477	-0.834961
5.650000	1.240234	-0.361328
5.655000	1.469727	0.117188
5.660000	1.391602	0.458984
5.665000	1.088867	0.615234
5.670000	0.683594	0.615234
5.675000	0.263672	0.541992
5.680000	-0.102539	0.385742
5.685000	-0.351562	-0.170898
5.690000	-0.234375	-0.878906
5.695000	0.327148	-0.996094
5.700000	0.976562	-0.629883
5.705000	1.386719	-0.122070
5.710000	1.469727	0.302734
5.715000	1.269531	0.556641
5.720000	0.908203	0.625000
5.725000	0.483398	0.590820
5.730000	0.083008	0.498047
5.735000	-0.244141	0.185547
5.740000	-0.356445	-0.532227
5.745000	-0.009766	-1.015625
5.750000	0.644531	-0.864258
5.755000	1.210938	-0.395508
5.760000	1.469727	0.092773
5.765000	1.401367	0.444336
5.770000	1.118164	0.610352
5.775000	0.708008	0.620117
5.780000	0.292969	0.546875
5.785000	-0.078125	0.405273
5.790000	-0.341797	-0.122070
5.795000	-0.258789	-0.844727
5.800000	0.283203	-1.005859
5.805000	0.937500	-0.659180
5.810000	1.367188	-0.156250
5.815000	1.469727	0.278320
5.820000	1.289062	0.541992
5.825000	0.932617	0.625000
5.830000	0.507812	0.595703
5.835000	0.107422	0.502930
5.840000	-0.229492	0.214844
5.845000	-0.361328	-0.483398
5.850000	-0.043945	-1.005859
5.855000	0.600586	-0.883789
5.860000	1.186523	-0.429688
5.865000	1.464844	0.063477
5.870000	1.416016	0.424805
5.875000	1.137695	0.605469
5.880000	0.732422	0.620117
5.885000	0.317383	0.556641
5.890000	-0.053711	0.419922
5.895000	-0.332031	-0.073242
5.900000	-0.278320	-0.810547
5.905000	0.249023	-1.015625
5.910000	0.903320	-0.693359
5.915000	1.352539	-0.185547
5.920000	1.479492	0.258789
5.925000	1.308594	0.537109
5.930000	0.957031	0.625000
5.935000	0.537109	0.600586
5.940000	0.136719	0.512695
5.945000	-0.209961	0.249023
5.950000	-0.361328	-0.434570
5.955000	-0.078125	-0.991211
5.960000	0.561523	-0.908203
5.965000	1.157227	-0.463867
5.970000	1.455078	0.034180
5.975000	1.430664	0.410156
5.980000	1.162109	0.595703
5.985000	0.761719	0.625000
5.990000	0.341797	0.561523
5.995000	-0.039062	0.439453
6.000000	-0.322266	-0.029297
6.005000	-0.292969	-0.771484
6.010000	0.200195	-1.020508
6.015000	0.869141	-0.717773
6.020000	1.333008	-0.219727
6.025000	1.474609	0.229492
6.030000	1.323242	0.522461
6.035000	0.986328	0.625000
6.040000	0.566406	0.605469
6.045000	0.151367	0.517578
6.050000	-0.190430	0.278320
6.055000	-0.366211	-0.380859
6.060000	-0.112305	-0.976562
6.065000	0.522461	-0.922852
6.070000	1.127930	-0.488281
6.075000	1.445312	0.004883
6.080000	1.435547	0.390625
6.085000	1.186523	0.590820
6.090000	0.786133	0.620117
6.095000	0.371094	0.566406
6.100000	-0.014648	0.454102
6.105000	-0.312500	0.009766
6.110000	-0.312500	-0.732422
6.115000	0.161133	-1.020508
6.120000	0.830078	-0.747070
6.125000	1.313477	-0.253906
6.130000	1.479492	0.209961
6.135000	1.337891	0.507812
6.140000	1.005859	0.620117
6.145000	0.590820	0.610352
6.150000	0.180664	0.527344
6.155000	-0.170898	0.302734
6.160000	-0.361328	-0.336914
6.165000	-0.141602	-0.957031
6.170000	0.473633	-0.947266
6.175000	1.093750	-0.522461
6.180000	1.430664	-0.019531
6.185000	1.445312	0.371094
6.190000	1.206055	0.585938
6.195000	0.815430	0.625000
6.200000	0.390625	0.576172
6.205000	0.004883	0.458984
6.210000	-0.297852	0.053711
6.215000	-0.322266	-0.688477
6.220000	0.122070	-1.025391
6.225000	0.786133	-0.771484
6.230000	1.289062	-0.283203
6.235000	1.479492	0.185547
6.240000	1.352539	0.493164
6.245000	1.035156	0.615234
6.250000	0.615234	0.615234
6.255000	0.205078	0.532227
6.260000	-0.151367	0.327148
6.265000	-0.361328	-0.288086
6.270000	-0.170898	-0.942383
6.275000	0.434570	-0.957031
6.280000	1.059570	-0.556641
6.285000	1.420898	-0.048828
6.290000	1.455078	0.351562
6.295000	1.225586	0.576172
6.300000	0.844727	0.629883
6.305000	0.419922	0.576172
6.310000	0.024414	0.473633
6.315000	-0.283203	0.092773
6.320000	-0.336914	-0.644531
6.325000	0.083008	-1.025391
6.330000	0.747070	-0.795898
6.335000	1.269531	-0.317383
6.340000	1.479492	0.156250
6.345000	1.367188	0.478516
6.350000	1.054688	0.620117
6.355000	0.644531	0.615234
6.360000	0.229492	0.537109
6.365000	-0.131836	0.356445
6.370000	-0.366211	-0.239258
6.375000	-0.200195	-0.917969
6.380000	0.390625	-0.971680
6.385000	1.030273	-0.585938
6.390000	1.411133	-0.078125
6.395000	1.464844	0.332031
6.400000	1.245117	0.571289
6.405000	0.864258	0.629883
6.410000	0.444336	0.581055
6.415000	0.048828	0.483398
6.420000	-0.268555	0.131836
6.425000	-0.346680	-0.605469
6.430000	0.039062	-1.025391
6.435000	0.708008	-0.825195
6.440000	1.245117	-0.346680
6.445000	1.474609	0.131836
6.450000	1.386719	0.463867
6.455000	1.083984	0.615234
6.460000	0.668945	0.615234
6.465000	0.258789	0.541992
6.470000	-0.107422	0.375977
6.475000	-0.356445	-0.190430
6.480000	-0.224609	-0.888672
6.485000	0.351562	-0.986328
6.490000	0.996094	-0.620117
6.495000	1.396484	-0.107422
6.500000	1.469727	0.307617
6.505000	1.259766	0.561523
6.510000	0.893555	0.625000
6.515000	0.468750	0.585938
6.520000	0.073242	0.493164
6.525000	-0.249023	0.166016
6.530000	-0.356445	-0.556641
6.535000	0.009766	-1.015625
6.540000	0.668945	-0.849609
6.545000	1.230469	-0.380859
6.550000	1.469727	0.107422
6.555000	1.396484	0.449219
6.560000	1.108398	0.615234
6.565000	0.693359	0.615234
6.570000	0.278320	0.546875
6.575000	-0.087891	0.395508
6.580000	-0.346680	-0.146484
6.585000	-0.249023	-0.864258
6.590000	0.307617	-0.996094
6.595000	0.957031	-0.644531
6.600000	1.376953	-0.136719
6.605000	1.469727	0.292969
6.610000	1.279297	0.546875
6.615000	0.922852	0.625000
6.620000	0.493164	0.595703
6.625000	0.097656	0.502930
6.630000	-0.239258	0.200195
6.635000	-0.361328	-0.507812
6.640000	-0.029297	-1.010742
6.645000	0.625000	-0.874023
6.650000	1.196289	-0.410156
6.655000	1.469727	0.078125
6.660000	1.411133	0.434570
6.665000	1.127930	0.610352
6.670000	0.722656	0.620117
6.675000	0.302734	0.551758
6.680000	-0.068359	0.415039
6.685000	-0.336914	-0.097656
6.690000	-0.268555	-0.825195
6.695000	0.268555	-1.010742
6.700000	0.927734	-0.673828
6.705000	1.357422	-0.170898
6.710000	1.474609	0.268555
6.715000	1.293945	0.537109
6.720000	0.942383	0.625000
6.725000	0.527344	0.595703
6.730000	0.122070	0.507812
6.735000	-0.219727	0.229492
6.740000	-0.361328	-0.458984
6.745000	-0.058594	-1.000977
6.750000	0.585938	-0.893555
6.755000	1.171875	-0.444336
6.760000	1.455078	0.048828
6.765000	1.420898	0.415039
6.770000	1.152344	0.600586
6.775000	0.751953	0.625000
6.780000	0.327148	0.561523
6.785000	-0.048828	0.429688
6.790000	-0.327148	-0.053711
6.795000	-0.288086	-0.791016
6.800000	0.224609	-1.015625
6.805000	0.888672	-0.703125
6.810000	1.347656	-0.205078
6.815000	1.479492	0.244141
6.820000	1.313477	0.532227
6.825000	0.971680	0.625000
6.830000	0.551758	0.600586
6.835000	0.141602	0.517578
6.840000	-0.200195	0.263672
6.845000	-0.366211	-0.410156
6.850000	-0.092773	-0.986328
6.855000	0.541992	-0.913086
6.860000	1.147461	-0.473633
6.865000	1.450195	0.019531
6.870000	1.430664	0.400391
6.875000	1.171875	0.590820
6.880000	0.776367	0.620117
6.885000	0.351562	0.566406
6.890000	-0.024414	0.444336
6.895000	-0.322266	-0.009766
6.900000	-0.302734	-0.751953
6.905000	0.180664	-1.025391
6.910000	0.849609	-0.737305
6.915000	1.323242	-0.234375
6.920000	1.479492	0.219727
6.925000	1.333008	0.517578
6.930000	0.996094	0.625000
6.935000	0.576172	0.605469
6.940000	0.166016	0.522461
6.945000	-0.185547	0.292969
6.950000	-0.366211	-0.361328
6.955000	-0.126953	-0.971680
6.960000	0.498047	-0.937500
6.965000	1.108398	-0.507812
6.970000	1.435547	-0.004883
6.975000	1.440430	0.375977
6.980000	1.196289	0.585938
6.985000	0.800781	0.625000
6.990000	0.375977	0.576172
6.995000	-0.004883	0.458984
7.000000	-0.302734	0.034180
7.005000	-0.322266	-0.708008
7.010000	0.141602	-1.025391
7.015000	0.810547	-0.761719
7.020000	1.303711	-0.268555
7.025000	1.479492	0.195312
7.030000	1.352539	0.498047
7.035000	1.020508	0.620117
7.040000	0.600586	0.615234
7.045000	0.190430	0.532227
7.050000	-0.166016	0.317383
7.055000	-0.366211	-0.312500
7.060000	-0.161133	-0.952148
7.065000	0.454102	-0.947266
7.070000	1.083984	-0.541992
7.075000	1.425781	-0.034180
7.080000	1.455078	0.361328
7.085000	1.215820	0.576172
7.090000	0.830078	0.625000
7.095000	0.405273	0.576172
7.100000	0.019531	0.468750
7.105000	-0.292969	0.068359
7.110000	-0.332031	-0.668945
7.115000	0.102539	-1.025391
7.120000	0.766602	-0.791016
7.125000	1.279297	-0.302734
7.130000	1.479492	0.170898
7.135000	1.362305	0.483398
7.140000	1.049805	0.615234
7.145000	0.629883	0.610352
7.150000	0.214844	0.537109
7.155000	-0.146484	0.336914
7.160000	-0.361328	-0.263672
7.165000	-0.185547	-0.932617
7.170000	0.415039	-0.966797
7.175000	1.044922	-0.566406
7.180000	1.416016	-0.063477
7.185000	1.459961	0.341797
7.190000	1.235352	0.571289
7.195000	0.854492	0.625000
7.200000	0.429688	0.576172
7.205000	0.039062	0.478516
7.210000	-0.283203	0.112305
7.215000	-0.341797	-0.625000
7.220000	0.063477	-1.025391
7.225000	0.727539	-0.815430
7.230000	1.254883	-0.327148
7.235000	1.474609	0.146484
7.240000	1.376953	0.468750
7.245000	1.069336	0.615234
7.250000	0.654297	0.615234
7.255000	0.244141	0.537109
7.260000	-0.126953	0.366211
7.265000	-0.361328	-0.214844
7.270000	-0.209961	-0.903320
7.275000	0.371094	-0.981445
7.280000	1.015625	-0.600586
7.285000	1.401367	-0.097656
7.290000	1.469727	0.322266
7.295000	1.250000	0.561523
7.300000	0.878906	0.629883
7.305000	0.458984	0.585938
7.310000	0.058594	0.488281
7.315000	-0.263672	0.151367
7.320000	-0.351562	-0.581055
7.325000	0.019531	-1.020508
7.330000	0.683594	-0.839844
7.335000	1.240234	-0.366211
7.340000	1.469727	0.122070
7.345000	1.391602	0.454102
7.350000	1.093750	0.615234
7.355000	0.683594	0.615234
7.360000	0.268555	0.541992
7.365000	-0.102539	0.380859
7.370000	-0.351562	-0.170898
7.375000	-0.234375	-0.878906
7.380000	0.327148	-0.991211
7.385000	0.976562	-0.629883
7.390000	1.391602	-0.126953
7.395000	1.469727	0.297852
7.400000	1.269531	0.551758
7.405000	0.908203	0.629883
7.410000	0.483398	0.590820
7.415000	0.083008	0.498047
7.420000	-0.244141	0.185547
7.425000	-0.361328	-0.532227
7.430000	-0.014648	-1.015625
7.435000	0.649414	-0.859375
7.440000	1.210938	-0.395508
7.445000	1.469727	0.092773
7.450000	1.401367	0.444336
7.455000	1.113281	0.610352
7.460000	0.708008	0.620117
7.465000	0.292969	0.546875
7.470000	-0.083008	0.405273
7.475000	-0.341797	-0.122070
7.480000	-0.258789	-0.844727
7.485000	0.283203	-1.005859
7.490000	0.942383	-0.659180
7.495000	1.372070	-0.156250
7.500000	1.474609	0.278320
7.505000	1.289062	0.541992
7.510000	0.927734	0.625000
7.515000	0.512695	0.595703
7.520000	0.112305	0.502930
7.525000	-0.229492	0.214844
7.530000	-0.361328	-0.483398
7.535000	-0.043945	-1.005859
7.540000	0.605469	-0.878906
7.545000	1.186523	-0.429688
7.550000	1.464844	0.063477
7.555000	1.420898	0.424805
7.560000	1.142578	0.605469
7.565000	0.737305	0.625000
7.570000	0.312500	0.556641
7.575000	-0.058594	0.424805
7.580000	-0.332031	-0.073242
7.585000	-0.278320	-0.805664
7.590000	0.244141	-1.010742
7.595000	0.903320	-0.693359
7.600000	1.352539	-0.185547
7.605000	1.479492	0.258789
7.610000	1.308594	0.532227
7.615000	0.957031	0.625000
7.620000	0.537109	0.600586
7.625000	0.131836	0.512695
7.630000	-0.209961	0.249023
7.635000	-0.366211	-0.434570
7.640000	-0.078125	-0.991211
7.645000	0.561523	-0.903320
7.650000	1.157227	-0.463867
7.655000	1.455078	0.039062
7.660000	1.425781	0.405273
7.665000	1.166992	0.595703
7.670000	0.761719	0.625000
7.675000	0.341797	0.561523
7.680000	-0.039062	0.439453
7.685000	-0.322266	-0.029297
7.690000	-0.297852	-0.771484
7.695000	0.200195	-1.020508
7.700000	0.869141	-0.717773
7.705000	1.333008	-0.219727
7.710000	1.479492	0.234375
7.715000	1.323242	0.517578
7.720000	0.981445	0.625000
7.725000	0.566406	0.605469
7.730000	0.156250	0.517578
7.735000	-0.190430	0.278320
7.740000	-0.366211	-0.385742
7.745000	-0.107422	-0.981445
7.750000	0.517578	-0.922852
7.755000	1.127930	-0.488281
7.760000	1.445312	0.009766
7.765000	1.435547	0.390625
7.770000	1.181641	0.595703
7.775000	0.791016	0.625000
7.780000	0.366211	0.571289
7.785000	-0.014648	0.454102
7.790000	-0.312500	0.009766
7.795000	-0.312500	-0.732422
7.800000	0.161133	-1.025391
7.805000	0.830078	-0.747070
7.810000	1.313477	-0.253906
7.815000	1.479492	0.205078
7.820000	1.342773	0.507812
7.825000	1.010742	0.620117
7.830000	0.590820	0.610352
7.835000	0.180664	0.522461
7.840000	-0.170898	0.302734
7.845000	-0.366211	-0.336914
7.850000	-0.141602	-0.961914
7.855000	0.478516	-0.942383
7.860000	1.098633	-0.522461
7.865000	1.430664	-0.019531
7.870000	1.445312	0.375977
7.875000	1.206055	0.585938
7.880000	0.815430	0.625000
7.885000	0.390625	0.576172
7.890000	0.004883	0.463867
7.895000	-0.297852	0.053711
7.900000	-0.322266	-0.688477
7.905000	0.122070	-1.025391
7.910000	0.791016	-0.776367
7.915000	1.289062	-0.283203
7.920000	1.479492	0.180664
7.925000	1.352539	0.493164
7.930000	1.035156	0.615234
7.935000	0.615234	0.615234
7.940000	0.205078	0.532227
7.945000	-0.156250	0.332031
7.950000	-0.366211	-0.288086
7.955000	-0.170898	-0.942383
7.960000	0.434570	-0.957031
7.965000	1.064453	-0.556641
7.970000	1.420898	-0.048828
7.975000	1.455078	0.351562
7.980000	1.230469	0.576172
7.985000	0.844727	0.629883
7.990000	0.419922	0.576172
7.995000	0.024414	0.473633
8.000000	-0.283203	0.092773
8.005000	-0.332031	-0.644531
8.010000	0.078125	-1.025391
8.015000	0.747070	-0.800781
8.020000	1.264648	-0.317383
8.025000	1.479492	0.156250
8.030000	1.372070	0.483398
8.035000	1.054688	0.615234
8.040000	0.644531	0.615234
8.045000	0.229492	0.537109
8.050000	-0.131836	0.356445
8.055000	-0.361328	-0.239258
8.060000	-0.200195	-0.917969
8.065000	0.390625	-0.971680
8.070000	1.030273	-0.590820
8.075000	1.411133	-0.083008
8.080000	1.464844	0.332031
8.085000	1.245117	0.571289
8.090000	0.869141	0.625000
8.095000	0.449219	0.581055
8.100000	0.053711	0.483398
8.105000	-0.268555	0.131836
8.110000	-0.346680	-0.600586
8.115000	0.043945	-1.020508
8.120000	0.703125	-0.825195
8.125000	1.245117	-0.346680
8.130000	1.474609	0.131836
8.135000	1.386719	0.463867
8.140000	1.083984	0.615234
8.145000	0.668945	0.615234
8.150000	0.258789	0.537109
8.155000	-0.112305	0.375977
8.160000	-0.356445	-0.190430
8.165000	-0.224609	-0.893555
8.170000	0.351562	-0.986328
8.175000	0.996094	-0.620117
8.180000	1.391602	-0.107422
8.185000	1.469727	0.312500
8.190000	1.259766	0.556641
8.195000	0.893555	0.625000
8.200000	0.463867	0.585938
8.205000	0.073242	0.493164
8.210000	-0.253906	0.166016
8.215000	-0.356445	-0.556641
8.220000	0.004883	-1.020508
8.225000	0.664062	-0.854492
8.230000	1.225586	-0.380859
8.235000	1.469727	0.107422
8.240000	1.401367	0.454102
8.245000	1.103516	0.615234
8.250000	0.693359	0.615234
8.255000	0.278320	0.546875
8.260000	-0.092773	0.395508
8.265000	-0.346680	-0.146484
8.270000	-0.249023	-0.859375
8.275000	0.307617	-0.996094
8.280000	0.957031	-0.644531
8.285000	1.381836	-0.141602
8.290000	1.469727	0.292969
8.295000	1.274414	0.546875
8.300000	0.922852	0.625000
8.305000	0.498047	0.595703
8.310000	0.097656	0.498047
8.315000	-0.239258	0.200195
8.320000	-0.361328	-0.507812
8.325000	-0.029297	-1.010742
8.330000	0.625000	-0.874023
8.335000	1.196289	-0.410156
8.340000	1.464844	0.078125
8.345000	1.411133	0.429688
8.350000	1.127930	0.610352
8.355000	0.717773	0.620117
8.360000	0.302734	0.551758
8.365000	-0.068359	0.415039
8.370000	-0.336914	-0.097656
8.375000	-0.268555	-0.830078
8.380000	0.268555	-1.005859
8.385000	0.922852	-0.673828
8.390000	1.362305	-0.170898
8.395000	1.474609	0.268555
8.400000	1.293945	0.537109
8.405000	0.947266	0.629883
8.410000	0.527344	0.595703
8.415000	0.122070	0.507812
8.420000	-0.214844	0.234375
8.425000	-0.361328	-0.458984
8.430000	-0.063477	-0.996094
8.435000	0.585938	-0.898438
8.440000	1.171875	-0.444336
8.445000	1.459961	0.048828
8.450000	1.420898	0.415039
8.455000	1.152344	0.600586
8.460000	0.747070	0.625000
8.465000	0.327148	0.556641
8.470000	-0.048828	0.429688
8.475000	-0.322266	-0.053711
8.480000	-0.288086	-0.795898
8.485000	0.224609	-1.015625
8.490000	0.888672	-0.703125
8.495000	1.342773	-0.205078
8.500000	1.474609	0.244141
8.505000	1.313477	0.527344
8.510000	0.971680	0.629883
8.515000	0.551758	0.605469
8.520000	0.146484	0.512695
8.525000	-0.200195	0.263672
8.530000	-0.366211	-0.410156
8.535000	-0.097656	-0.986328
8.540000	0.541992	-0.913086
8.545000	1.142578	-0.473633
8.550000	1.450195	0.019531
8.555000	1.430664	0.400391
8.560000	1.171875	0.595703
8.565000	0.776367	0.625000
8.570000	0.351562	0.566406
8.575000	-0.024414	0.444336
8.580000	-0.322266	-0.009766
8.585000	-0.302734	-0.751953
8.590000	0.185547	-1.020508
8.595000	0.849609	-0.732422
8.600000	1.323242	-0.234375
8.605000	1.479492	0.219727
8.610000	1.333008	0.512695
8.615000	0.996094	0.625000
8.620000	0.576172	0.605469
8.625000	0.166016	0.517578
8.630000	-0.180664	0.288086
8.635000	-0.366211	-0.361328
8.640000	-0.126953	-0.971680
8.645000	0.498047	-0.932617
8.650000	1.113281	-0.507812
8.655000	1.435547	-0.004883
8.660000	1.440430	0.380859
8.665000	1.196289	0.585938
8.670000	0.800781	0.625000
8.675000	0.380859	0.576172
8.680000	-0.004883	0.458984
8.685000	-0.307617	0.029297
8.690000	-0.322266	-0.712891
8.695000	0.141602	-1.025391
8.700000	0.810547	-0.761719
8.705000	1.303711	-0.268555
8.710000	1.479492	0.200195
8.715000	1.347656	0.498047
8.720000	1.020508	0.620117
8.725000	0.600586	0.610352
8.730000	0.190430	0.527344
8.735000	-0.161133	0.317383
8.740000	-0.361328	-0.312500
8.745000	-0.156250	-0.952148
8.750000	0.458984	-0.952148
8.755000	1.079102	-0.537109
8.760000	1.430664	-0.034180
8.765000	1.450195	0.366211
8.770000	1.220703	0.576172
8.775000	0.830078	0.625000
8.780000	0.410156	0.576172
8.785000	0.014648	0.463867
8.790000	-0.292969	0.068359
8.795000	-0.332031	-0.668945
8.800000	0.097656	-1.025391
8.805000	0.771484	-0.791016
8.810000	1.279297	-0.297852
8.815000	1.479492	0.170898
8.820000	1.367188	0.488281
8.825000	1.044922	0.620117
8.830000	0.625000	0.615234
8.835000	0.219727	0.537109
8.840000	-0.146484	0.341797
8.845000	-0.366211	-0.263672
8.850000	-0.180664	-0.932617
8.855000	0.415039	-0.966797
8.860000	1.044922	-0.571289
8.865000	1.416016	-0.063477
8.870000	1.459961	0.341797
8.875000	1.240234	0.576172
8.880000	0.854492	0.625000
8.885000	0.429688	0.576172
8.890000	0.039062	0.478516
8.895000	-0.278320	0.112305
8.900000	-0.341797	-0.625000
8.905000	0.058594	-1.025391
8.910000	0.727539	-0.815430
8.915000	1.254883	-0.332031
8.920000	1.474609	0.141602
8.925000	1.376953	0.473633
8.930000	1.074219	0.615234
8.935000	0.654297	0.615234
8.940000	0.244141	0.537109
8.945000	-0.122070	0.366211
8.950000	-0.361328	-0.219727
8.955000	-0.209961	-0.903320
8.960000	0.371094	-0.981445
8.965000	1.010742	-0.600586
8.970000	1.401367	-0.092773
8.975000	1.469727	0.322266
8.980000	1.250000	0.566406
8.985000	0.883789	0.625000
8.990000	0.458984	0.585938
8.995000	0.058594	0.488281
9.000000	-0.263672	0.146484
9.005000	-0.351562	-0.581055
9.010000	0.029297	-1.020508
9.015000	0.683594	-0.834961
9.020000	1.240234	-0.361328
9.025000	1.469727	0.117188
9.030000	1.391602	0.458984
9.035000	1.093750	0.615234
9.040000	0.683594	0.615234
9.045000	0.263672	0.546875
9.050000	-0.102539	0.385742
9.055000	-0.351562	-0.170898
9.060000	-0.234375	-0.878906
9.065000	0.327148	-0.991211
9.070000	0.976562	-0.629883
9.075000	1.391602	-0.126953
9.080000	1.469727	0.302734
9.085000	1.264648	0.551758
9.090000	0.908203	0.625000
9.095000	0.488281	0.590820
9.100000	0.083008	0.493164
9.105000	-0.244141	0.180664
9.110000	-0.361328	-0.532227
9.115000	-0.009766	-1.015625
9.120000	0.644531	-0.859375
9.125000	1.210938	-0.395508
9.130000	1.469727	0.092773
9.135000	1.406250	0.444336
9.140000	1.118164	0.610352
9.145000	0.708008	0.615234
9.150000	0.292969	0.546875
9.155000	-0.083008	0.405273
9.160000	-0.341797	-0.122070
9.165000	-0.258789	-0.844727
9.170000	0.288086	-1.000977
9.175000	0.942383	-0.664062
9.180000	1.372070	-0.161133
9.185000	1.474609	0.283203
9.190000	1.284180	0.541992
9.195000	0.932617	0.625000
9.200000	0.512695	0.595703
9.205000	0.112305	0.502930
9.210000	-0.229492	0.214844
9.215000	-0.361328	-0.483398
9.220000	-0.048828	-1.005859
9.225000	0.605469	-0.883789
9.230000	1.186523	-0.429688
9.235000	1.464844	0.068359
9.240000	1.416016	0.424805
9.245000	1.137695	0.600586
9.250000	0.737305	0.625000
9.255000	0.317383	0.556641
9.260000	-0.058594	0.419922
9.265000	-0.332031	-0.073242
9.270000	-0.278320	-0.805664
9.275000	0.244141	-1.015625
9.280000	0.903320	-0.688477
9.285000	1.352539	-0.185547
9.290000	1.474609	0.258789
9.295000	1.303711	0.532227
9.300000	0.957031	0.625000
9.305000	0.532227	0.600586
9.310000	0.131836	0.512695
9.315000	-0.209961	0.249023
9.320000	-0.366211	-0.434570
9.325000	-0.078125	-0.991211
9.330000	0.561523	-0.903320
9.335000	1.157227	-0.458984
9.340000	1.455078	0.039062
9.345000	1.425781	0.410156
9.350000	1.162109	0.595703
9.355000	0.766602	0.625000
9.360000	0.341797	0.566406
9.365000	-0.039062	0.434570
9.370000	-0.322266	-0.029297
9.375000	-0.297852	-0.771484
9.380000	0.205078	-1.020508
9.385000	0.869141	-0.717773
9.390000	1.333008	-0.219727
9.395000	1.474609	0.234375
9.400000	1.323242	0.522461
9.405000	0.986328	0.625000
9.410000	0.561523	0.605469
9.415000	0.156250	0.522461
9.420000	-0.190430	0.278320
9.425000	-0.366211	-0.385742
9.430000	-0.112305	-0.976562
9.435000	0.522461	-0.927734
9.440000	1.127930	-0.493164
9.445000	1.445312	0.004883
9.450000	1.435547	0.390625
9.455000	1.181641	0.590820
9.460000	0.786133	0.625000
9.465000	0.366211	0.571289
9.470000	-0.014648	0.454102
9.475000	-0.312500	0.009766
9.480000	-0.312500	-0.732422
9.485000	0.161133	-1.025391
9.490000	0.830078	-0.747070
9.495000	1.313477	-0.253906
9.500000	1.479492	0.209961
9.505000	1.337891	0.507812
9.510000	1.005859	0.620117
9.515000	0.590820	0.610352
9.520000	0.180664	0.527344
9.525000	-0.166016	0.302734
9.530000	-0.366211	-0.336914
9.535000	-0.141602	-0.961914
9.540000	0.473633	-0.942383
9.545000	1.093750	-0.527344
9.550000	1.435547	-0.019531
9.555000	1.450195	0.371094
9.560000	1.206055	0.581055
9.565000	0.815430	0.625000
9.570000	0.390625	0.576172
9.575000	0.004883	0.463867
9.580000	-0.297852	0.053711
9.585000	-0.322266	-0.688477
9.590000	0.122070	-1.025391
9.595000	0.791016	-0.776367
9.600000	1.293945	-0.283203
9.605000	1.474609	0.180664
9.610000	1.352539	0.493164
9.615000	1.035156	0.615234
9.620000	0.615234	0.615234
9.625000	0.205078	0.532227
9.630000	-0.156250	0.332031
9.635000	-0.361328	-0.288086
9.640000	-0.170898	-0.937500
9.645000	0.434570	-0.957031
9.650000	1.064453	-0.551758
9.655000	1.420898	-0.053711
9.660000	1.455078	0.351562
9.665000	1.225586	0.581055
9.670000	0.844727	0.625000
9.675000	0.415039	0.576172
9.680000	0.024414	0.473633
9.685000	-0.283203	0.092773
9.690000	-0.336914	-0.644531
9.695000	0.083008	-1.025391
9.700000	0.747070	-0.800781
9.705000	1.264648	-0.312500
9.710000	1.474609	0.161133
9.715000	1.372070	0.483398
9.720000	1.054688	0.615234
9.725000	0.644531	0.615234
9.730000	0.229492	0.537109
9.735000	-0.131836	0.351562
9.740000	-0.361328	-0.239258
9.745000	-0.200195	-0.917969
9.750000	0.395508	-0.971680
9.755000	1.030273	-0.585938
9.760000	1.406250	-0.078125
9.765000	1.464844	0.332031
9.770000	1.245117	0.571289
9.775000	0.869141	0.625000
9.780000	0.444336	0.585938
9.785000	0.048828	0.483398
9.790000	-0.268555	0.131836
9.795000	-0.346680	-0.605469
9.800000	0.043945	-1.025391
9.805000	0.708008	-0.825195
9.810000	1.245117	-0.346680
9.815000	1.469727	0.136719
9.820000	1.386719	0.463867
9.825000	1.079102	0.615234
9.830000	0.668945	0.615234
9.835000	0.253906	0.541992
9.840000	-0.112305	0.371094
9.845000	-0.356445	-0.190430
9.850000	-0.224609	-0.888672
9.855000	0.346680	-0.986328
9.860000	0.991211	-0.615234
9.865000	1.391602	-0.112305
9.870000	1.469727	0.312500
9.875000	1.259766	0.556641
9.880000	0.893555	0.625000
9.885000	0.468750	0.590820
9.890000	0.073242	0.488281
9.895000	-0.253906	0.166016
9.900000	-0.356445	-0.556641
9.905000	0.004883	-1.020508
9.910000	0.668945	-0.854492
9.915000	1.225586	-0.380859
9.920000	1.469727	0.107422
9.925000	1.396484	0.454102
9.930000	1.103516	0.615234
9.935000	0.693359	0.615234
9.940000	0.278320	0.546875
9.945000	-0.087891	0.395508
9.950000	-0.351562	-0.146484
9.955000	-0.249023	-0.864258
9.960000	0.307617	-1.000977
9.965000	0.961914	-0.644531
9.970000	1.381836	-0.141602
9.975000	1.469727	0.292969
9.980000	1.279297	0.546875
9.985000	0.922852	0.625000
9.990000	0.498047	0.595703
9.995000	0.102539	0.498047
10.000000	-0.234375	0.200195
