# Time_s	x	xdot
0.000000	1.152344	-0.522461
0.005000	1.484375	0.000000
0.010000	1.484375	0.405273
0.015000	1.225586	0.615234
0.020000	0.810547	0.649414
0.025000	0.375977	0.585938
0.030000	-0.019531	0.454102
0.035000	-0.322266	-0.014648
0.040000	-0.307617	-0.776367
0.045000	0.195312	-1.049805
0.050000	0.883789	-0.756836
0.055000	1.376953	-0.239258
0.060000	1.538086	0.234375
0.065000	1.376953	0.541992
0.070000	1.025391	0.654297
0.075000	0.585938	0.625000
0.080000	0.161133	0.532227
0.085000	-0.190430	0.273438
0.090000	-0.366211	-0.405273
0.095000	-0.097656	-1.005859
0.100000	0.551758	-0.947266
0.105000	1.171875	-0.498047
0.110000	1.494141	0.019531
0.115000	1.479492	0.415039
0.120000	1.206055	0.620117
0.125000	0.791016	0.649414
0.130000	0.356445	0.576172
0.135000	-0.039062	0.449219
0.140000	-0.327148	-0.039062
0.145000	-0.292969	-0.800781
0.150000	0.219727	-1.049805
0.155000	0.908203	-0.742188
0.160000	1.386719	-0.219727
0.165000	1.538086	0.253906
0.170000	1.367188	0.546875
0.175000	1.000977	0.654297
0.180000	0.566406	0.625000
0.185000	0.146484	0.522461
0.190000	-0.205078	0.253906
0.195000	-0.366211	-0.439453
0.200000	-0.078125	-1.020508
0.205000	0.576172	-0.937500
0.210000	1.191406	-0.478516
0.215000	1.499023	0.034180
0.220000	1.474609	0.424805
0.225000	1.196289	0.620117
0.230000	0.776367	0.649414
0.235000	0.336914	0.576172
0.240000	-0.053711	0.434570
0.245000	-0.332031	-0.068359
0.250000	-0.278320	-0.830078
0.255000	0.249023	-1.044922
0.260000	0.932617	-0.722656
0.265000	1.401367	-0.200195
0.270000	1.533203	0.268555
0.275000	1.352539	0.556641
0.280000	0.991211	0.649414
0.285000	0.551758	0.620117
0.290000	0.131836	0.517578
0.295000	-0.219727	0.239258
0.300000	-0.361328	-0.468750
0.305000	-0.058594	-1.025391
0.310000	0.605469	-0.917969
0.315000	1.210938	-0.458984
0.320000	1.503906	0.058594
0.325000	1.464844	0.439453
0.330000	1.181641	0.625000
0.335000	0.761719	0.644531
0.340000	0.322266	0.571289
0.345000	-0.063477	0.424805
0.350000	-0.336914	-0.102539
0.355000	-0.263672	-0.849609
0.360000	0.278320	-1.035156
0.365000	0.957031	-0.703125
0.370000	1.416016	-0.180664
0.375000	1.533203	0.283203
0.380000	1.347656	0.566406
0.385000	0.971680	0.654297
0.390000	0.532227	0.615234
0.395000	0.112305	0.512695
0.400000	-0.229492	0.214844
0.405000	-0.361328	-0.502930
0.410000	-0.034180	-1.025391
0.415000	0.634766	-0.908203
0.420000	1.230469	-0.434570
0.425000	1.508789	0.073242
0.430000	1.459961	0.454102
0.435000	1.162109	0.629883
0.440000	0.742188	0.644531
0.445000	0.302734	0.571289
0.450000	-0.083008	0.415039
0.455000	-0.346680	-0.131836
0.460000	-0.253906	-0.874023
0.465000	0.307617	-1.030273
0.470000	0.981445	-0.683594
0.475000	1.425781	-0.156250
0.480000	1.528320	0.297852
0.485000	1.328125	0.576172
0.490000	0.957031	0.654297
0.495000	0.512695	0.615234
0.500000	0.102539	0.512695
0.505000	-0.239258	0.190430
0.510000	-0.361328	-0.537109
0.515000	-0.009766	-1.040039
0.520000	0.664062	-0.888672
0.525000	1.245117	-0.415039
0.530000	1.513672	0.097656
0.535000	1.455078	0.463867
0.540000	1.152344	0.634766
0.545000	0.722656	0.644531
0.550000	0.288086	0.566406
0.555000	-0.087891	0.400391
0.560000	-0.351562	-0.161133
0.565000	-0.239258	-0.893555
0.570000	0.332031	-1.025391
0.575000	1.005859	-0.664062
0.580000	1.435547	-0.136719
0.585000	1.528320	0.307617
0.590000	1.318359	0.576172
0.595000	0.937500	0.654297
0.600000	0.493164	0.615234
0.605000	0.083008	0.502930
0.610000	-0.258789	0.166016
0.615000	-0.361328	-0.566406
0.620000	0.009766	-1.040039
0.625000	0.688477	-0.874023
0.630000	1.259766	-0.390625
0.635000	1.518555	0.117188
0.640000	1.445312	0.473633
0.645000	1.132812	0.634766
0.650000	0.703125	0.644531
0.655000	0.268555	0.561523
0.660000	-0.107422	0.385742
0.665000	-0.356445	-0.190430
0.670000	-0.224609	-0.913086
0.675000	0.361328	-1.025391
0.680000	1.030273	-0.639648
0.685000	1.450195	-0.117188
0.690000	1.523438	0.327148
0.695000	1.303711	0.585938
0.700000	0.922852	0.654297
0.705000	0.478516	0.610352
0.710000	0.068359	0.498047
0.715000	-0.263672	0.146484
0.720000	-0.351562	-0.600586
0.725000	0.034180	-1.044922
0.730000	0.717773	-0.864258
0.735000	1.279297	-0.371094
0.740000	1.523438	0.131836
0.745000	1.430664	0.483398
0.750000	1.113281	0.639648
0.755000	0.683594	0.644531
0.760000	0.258789	0.556641
0.765000	-0.126953	0.375977
0.770000	-0.361328	-0.224609
0.775000	-0.205078	-0.932617
0.780000	0.390625	-1.010742
0.785000	1.054688	-0.625000
0.790000	1.455078	-0.097656
0.795000	1.518555	0.341797
0.800000	1.289062	0.590820
0.805000	0.903320	0.654297
0.810000	0.463867	0.605469
0.815000	0.053711	0.498047
0.820000	-0.273438	0.122070
0.825000	-0.346680	-0.629883
0.830000	0.063477	-1.049805
0.835000	0.747070	-0.844727
0.840000	1.298828	-0.351562
0.845000	1.528320	0.146484
0.850000	1.420898	0.493164
0.855000	1.098633	0.644531
0.860000	0.668945	0.644531
0.865000	0.239258	0.551758
0.870000	-0.131836	0.361328
0.875000	-0.366211	-0.258789
0.880000	-0.190430	-0.947266
0.885000	0.419922	-1.000977
0.890000	1.074219	-0.605469
0.895000	1.464844	-0.078125
0.900000	1.513672	0.356445
0.905000	1.274414	0.595703
0.910000	0.888672	0.654297
0.915000	0.444336	0.600586
0.920000	0.034180	0.488281
0.925000	-0.283203	0.097656
0.930000	-0.336914	-0.659180
0.935000	0.087891	-1.054688
0.940000	0.776367	-0.830078
0.945000	1.308594	-0.327148
0.950000	1.528320	0.166016
0.955000	1.416016	0.502930
0.960000	1.083984	0.644531
0.965000	0.654297	0.639648
0.970000	0.224609	0.546875
0.975000	-0.146484	0.341797
0.980000	-0.361328	-0.292969
0.985000	-0.175781	-0.961914
0.990000	0.449219	-0.991211
0.995000	1.093750	-0.581055
1.000000	1.469727	-0.053711
1.005000	1.508789	0.366211
1.010000	1.264648	0.605469
1.015000	0.864258	0.654297
1.020000	0.424805	0.595703
1.025000	0.024414	0.478516
1.030000	-0.292969	0.068359
1.035000	-0.327148	-0.688477
1.040000	0.112305	-1.049805
1.045000	0.800781	-0.810547
1.050000	1.328125	-0.307617
1.055000	1.528320	0.180664
1.060000	1.406250	0.512695
1.065000	1.069336	0.649414
1.070000	0.634766	0.634766
1.075000	0.205078	0.541992
1.080000	-0.156250	0.322266
1.085000	-0.366211	-0.317383
1.090000	-0.156250	-0.976562
1.095000	0.473633	-0.981445
1.100000	1.123047	-0.561523
1.105000	1.484375	-0.029297
1.110000	1.503906	0.380859
1.115000	1.250000	0.615234
1.120000	0.849609	0.654297
1.125000	0.410156	0.590820
1.130000	0.004883	0.468750
1.135000	-0.302734	0.043945
1.140000	-0.322266	-0.717773
1.145000	0.136719	-1.054688
1.150000	0.830078	-0.795898
1.155000	1.347656	-0.283203
1.160000	1.528320	0.205078
1.165000	1.396484	0.527344
1.170000	1.054688	0.649414
1.175000	0.620117	0.634766
1.180000	0.190430	0.537109
1.185000	-0.170898	0.307617
1.190000	-0.366211	-0.351562
1.195000	-0.141602	-0.991211
1.200000	0.502930	-0.971680
1.205000	1.142578	-0.537109
1.210000	1.489258	-0.014648
1.215000	1.499023	0.395508
1.220000	1.240234	0.610352
1.225000	0.830078	0.654297
1.230000	0.390625	0.585938
1.235000	-0.009766	0.463867
1.240000	-0.312500	0.014648
1.245000	-0.317383	-0.742188
1.250000	0.166016	-1.049805
1.255000	0.854492	-0.776367
1.260000	1.357422	-0.263672
1.265000	1.528320	0.219727
1.270000	1.386719	0.532227
1.275000	1.035156	0.654297
1.280000	0.600586	0.625000
1.285000	0.175781	0.532227
1.290000	-0.180664	0.288086
1.295000	-0.371094	-0.380859
1.300000	-0.117188	-1.000977
1.305000	0.532227	-0.957031
1.310000	1.162109	-0.517578
1.315000	1.494141	0.004883
1.320000	1.489258	0.405273
1.325000	1.225586	0.615234
1.330000	0.810547	0.654297
1.335000	0.375977	0.581055
1.340000	-0.019531	0.458984
1.345000	-0.322266	-0.009766
1.350000	-0.302734	-0.771484
1.355000	0.195312	-1.049805
1.360000	0.878906	-0.756836
1.365000	1.372070	-0.239258
1.370000	1.528320	0.234375
1.375000	1.372070	0.537109
1.380000	1.020508	0.654297
1.385000	0.581055	0.625000
1.390000	0.156250	0.532227
1.395000	-0.195312	0.273438
1.400000	-0.371094	-0.415039
1.405000	-0.097656	-1.010742
1.410000	0.561523	-0.947266
1.415000	1.181641	-0.498047
1.420000	1.503906	0.024414
1.425000	1.484375	0.419922
1.430000	1.210938	0.620117
1.435000	0.791016	0.654297
1.440000	0.356445	0.576172
1.445000	-0.034180	0.444336
1.450000	-0.322266	-0.039062
1.455000	-0.292969	-0.795898
1.460000	0.219727	-1.044922
1.465000	0.903320	-0.737305
1.470000	1.386719	-0.219727
1.475000	1.528320	0.253906
1.480000	1.357422	0.546875
1.485000	1.000977	0.654297
1.490000	0.561523	0.620117
1.495000	0.141602	0.527344
1.500000	-0.209961	0.253906
1.505000	-0.361328	-0.454102
1.510000	-0.073242	-1.020508
1.515000	0.590820	-0.932617
1.520000	1.201172	-0.478516
1.525000	1.508789	0.043945
1.530000	1.474609	0.434570
1.535000	1.201172	0.625000
1.540000	0.776367	0.649414
1.545000	0.336914	0.576172
1.550000	-0.048828	0.434570
1.555000	-0.332031	-0.068359
1.560000	-0.278320	-0.820312
1.565000	0.249023	-1.040039
1.570000	0.932617	-0.717773
1.575000	1.396484	-0.200195
1.580000	1.528320	0.268555
1.585000	1.347656	0.556641
1.590000	0.986328	0.654297
1.595000	0.546875	0.615234
1.600000	0.126953	0.517578
1.605000	-0.219727	0.234375
1.610000	-0.366211	-0.483398
1.615000	-0.048828	-1.030273
1.620000	0.615234	-0.917969
1.625000	1.220703	-0.454102
1.630000	1.508789	0.058594
1.635000	1.469727	0.439453
1.640000	1.181641	0.629883
1.645000	0.761719	0.649414
1.650000	0.322266	0.576172
1.655000	-0.063477	0.419922
1.660000	-0.341797	-0.097656
1.665000	-0.263672	-0.844727
1.670000	0.278320	-1.035156
1.675000	0.957031	-0.698242
1.680000	1.411133	-0.175781
1.685000	1.528320	0.283203
1.690000	1.337891	0.566406
1.695000	0.966797	0.654297
1.700000	0.532227	0.615234
1.705000	0.112305	0.517578
1.710000	-0.234375	0.214844
1.715000	-0.361328	-0.512695
1.720000	-0.024414	-1.030273
1.725000	0.644531	-0.903320
1.730000	1.240234	-0.429688
1.735000	1.518555	0.078125
1.740000	1.464844	0.454102
1.745000	1.166992	0.634766
1.750000	0.742188	0.649414
1.755000	0.307617	0.571289
1.760000	-0.078125	0.415039
1.765000	-0.341797	-0.131836
1.770000	-0.253906	-0.869141
1.775000	0.302734	-1.025391
1.780000	0.981445	-0.678711
1.785000	1.420898	-0.156250
1.790000	1.528320	0.297852
1.795000	1.323242	0.571289
1.800000	0.952148	0.649414
1.805000	0.507812	0.615234
1.810000	0.097656	0.507812
1.815000	-0.244141	0.190430
1.820000	-0.361328	-0.546875
1.825000	-0.004883	-1.040039
1.830000	0.668945	-0.888672
1.835000	1.250000	-0.410156
1.840000	1.523438	0.097656
1.845000	1.450195	0.463867
1.850000	1.152344	0.639648
1.855000	0.727539	0.644531
1.860000	0.288086	0.566406
1.865000	-0.087891	0.400391
1.870000	-0.351562	-0.161133
1.875000	-0.239258	-0.893555
1.880000	0.332031	-1.025391
1.885000	1.005859	-0.659180
1.890000	1.430664	-0.136719
1.895000	1.523438	0.312500
1.900000	1.313477	0.581055
1.905000	0.932617	0.659180
1.910000	0.493164	0.615234
1.915000	0.078125	0.502930
1.920000	-0.253906	0.161133
1.925000	-0.356445	-0.576172
1.930000	0.019531	-1.044922
1.935000	0.698242	-0.874023
1.940000	1.264648	-0.390625
1.945000	1.523438	0.117188
1.950000	1.445312	0.473633
1.955000	1.127930	0.639648
1.960000	0.698242	0.644531
1.965000	0.268555	0.561523
1.970000	-0.102539	0.385742
1.975000	-0.356445	-0.190430
1.980000	-0.224609	-0.913086
1.985000	0.361328	-1.020508
1.990000	1.030273	-0.639648
1.995000	1.445312	-0.117188
2.000000	1.513672	0.322266
2.005000	1.298828	0.581055
2.010000	0.917969	0.659180
2.015000	0.473633	0.605469
2.020000	0.063477	0.498047
2.025000	-0.263672	0.141602
2.030000	-0.351562	-0.610352
2.035000	0.043945	-1.049805
2.040000	0.722656	-0.859375
2.045000	1.284180	-0.366211
2.050000	1.523438	0.131836
2.055000	1.435547	0.488281
2.060000	1.113281	0.644531
2.065000	0.688477	0.639648
2.070000	0.258789	0.556641
2.075000	-0.122070	0.371094
2.080000	-0.361328	-0.224609
2.085000	-0.205078	-0.932617
2.090000	0.390625	-1.010742
2.095000	1.054688	-0.620117
2.100000	1.450195	-0.092773
2.105000	1.508789	0.341797
2.110000	1.289062	0.590820
2.115000	0.898438	0.649414
2.120000	0.458984	0.605469
2.125000	0.048828	0.493164
2.130000	-0.273438	0.117188
2.135000	-0.341797	-0.639648
2.140000	0.068359	-1.054688
2.145000	0.756836	-0.839844
2.150000	1.298828	-0.346680
2.155000	1.528320	0.156250
2.160000	1.425781	0.493164
2.165000	1.103516	0.644531
2.170000	0.664062	0.644531
2.175000	0.239258	0.546875
2.180000	-0.131836	0.356445
2.185000	-0.361328	-0.253906
2.190000	-0.190430	-0.952148
2.195000	0.419922	-0.996094
2.200000	1.074219	-0.600586
2.205000	1.464844	-0.078125
2.210000	1.508789	0.356445
2.215000	1.269531	0.595703
2.220000	0.878906	0.654297
2.225000	0.439453	0.600586
2.230000	0.034180	0.488281
2.235000	-0.288086	0.092773
2.240000	-0.336914	-0.668945
2.245000	0.092773	-1.049805
2.250000	0.781250	-0.825195
2.255000	1.318359	-0.322266
2.260000	1.528320	0.166016
2.265000	1.416016	0.507812
2.270000	1.088867	0.644531
2.275000	0.649414	0.634766
2.280000	0.224609	0.546875
2.285000	-0.146484	0.341797
2.290000	-0.366211	-0.288086
2.295000	-0.170898	-0.957031
2.300000	0.444336	-0.986328
2.305000	1.098633	-0.576172
2.310000	1.469727	-0.053711
2.315000	1.508789	0.366211
2.320000	1.254883	0.605469
2.325000	0.859375	0.654297
2.330000	0.424805	0.595703
2.335000	0.014648	0.478516
2.340000	-0.297852	0.063477
2.345000	-0.327148	-0.698242
2.350000	0.122070	-1.059570
2.355000	0.805664	-0.810547
2.360000	1.333008	-0.302734
2.365000	1.533203	0.190430
2.370000	1.406250	0.517578
2.375000	1.069336	0.649414
2.380000	0.629883	0.634766
2.385000	0.205078	0.541992
2.390000	-0.161133	0.327148
2.395000	-0.366211	-0.317383
2.400000	-0.156250	-0.976562
2.405000	0.473633	-0.981445
2.410000	1.118164	-0.556641
2.415000	1.479492	-0.034180
2.420000	1.499023	0.380859
2.425000	1.245117	0.615234
2.430000	0.844727	0.654297
2.435000	0.405273	0.595703
2.440000	0.000000	0.468750
2.445000	-0.302734	0.034180
2.450000	-0.322266	-0.722656
2.455000	0.146484	-1.054688
2.460000	0.834961	-0.791016
2.465000	1.347656	-0.278320
2.470000	1.533203	0.205078
2.475000	1.396484	0.522461
2.480000	1.049805	0.649414
2.485000	0.615234	0.629883
2.490000	0.190430	0.541992
2.495000	-0.170898	0.307617
2.500000	-0.366211	-0.356445
2.505000	-0.136719	-0.991211
2.510000	0.502930	-0.966797
2.515000	1.142578	-0.532227
2.520000	1.489258	-0.014648
2.525000	1.499023	0.395508
2.530000	1.235352	0.615234
2.535000	0.830078	0.649414
2.540000	0.385742	0.590820
2.545000	-0.009766	0.458984
2.550000	-0.312500	0.009766
2.555000	-0.312500	-0.751953
2.560000	0.170898	-1.054688
2.565000	0.859375	-0.771484
2.570000	1.357422	-0.258789
2.575000	1.533203	0.219727
2.580000	1.386719	0.537109
2.585000	1.035156	0.654297
2.590000	0.600586	0.625000
2.595000	0.170898	0.537109
2.600000	-0.185547	0.292969
2.605000	-0.371094	-0.385742
2.610000	-0.117188	-1.000977
2.615000	0.532227	-0.952148
2.620000	1.157227	-0.517578
2.625000	1.494141	0.004883
2.630000	1.489258	0.405273
2.635000	1.225586	0.615234
2.640000	0.810547	0.649414
2.645000	0.371094	0.581055
2.650000	-0.024414	0.454102
2.655000	-0.322266	-0.014648
2.660000	-0.302734	-0.776367
2.665000	0.200195	-1.049805
2.670000	0.888672	-0.751953
2.675000	1.372070	-0.239258
2.680000	1.533203	0.239258
2.685000	1.376953	0.537109
2.690000	1.015625	0.654297
2.695000	0.581055	0.625000
2.700000	0.156250	0.532227
2.705000	-0.195312	0.268555
2.710000	-0.366211	-0.415039
2.715000	-0.092773	-1.010742
2.720000	0.561523	-0.947266
2.725000	1.181641	-0.493164
2.730000	1.503906	0.024414
2.735000	1.479492	0.419922
2.740000	1.210938	0.620117
2.745000	0.791016	0.649414
2.750000	0.356445	0.581055
2.755000	-0.039062	0.444336
2.760000	-0.322266	-0.043945
2.765000	-0.288086	-0.805664
2.770000	0.229492	-1.040039
2.775000	0.913086	-0.737305
2.780000	1.391602	-0.214844
2.785000	1.533203	0.253906
2.790000	1.362305	0.546875
2.795000	1.000977	0.654297
2.800000	0.566406	0.620117
2.805000	0.141602	0.527344
2.810000	-0.209961	0.258789
2.815000	-0.361328	-0.449219
2.820000	-0.073242	-1.020508
2.825000	0.590820	-0.932617
2.830000	1.206055	-0.468750
2.835000	1.508789	0.043945
2.840000	1.474609	0.434570
2.845000	1.196289	0.625000
2.850000	0.776367	0.649414
2.855000	0.336914	0.576172
2.860000	-0.053711	0.434570
2.865000	-0.332031	-0.073242
2.870000	-0.283203	-0.825195
2.875000	0.253906	-1.044922
2.880000	0.932617	-0.717773
2.885000	1.401367	-0.195312
2.890000	1.528320	0.268555
2.895000	1.347656	0.561523
2.900000	0.981445	0.654297
2.905000	0.541992	0.615234
2.910000	0.126953	0.522461
2.915000	-0.219727	0.229492
2.920000	-0.361328	-0.483398
2.925000	-0.048828	-1.025391
2.930000	0.615234	-0.917969
2.935000	1.220703	-0.454102
2.940000	1.508789	0.063477
2.945000	1.469727	0.449219
2.950000	1.176758	0.629883
2.955000	0.751953	0.649414
2.960000	0.317383	0.571289
2.965000	-0.068359	0.419922
2.970000	-0.341797	-0.107422
2.975000	-0.263672	-0.859375
2.980000	0.283203	-1.040039
2.985000	0.961914	-0.693359
2.990000	1.411133	-0.175781
2.995000	1.528320	0.288086
3.000000	1.337891	0.566406
3.005000	0.966797	0.654297
3.010000	0.527344	0.610352
3.015000	0.112305	0.517578
3.020000	-0.234375	0.209961
3.025000	-0.361328	-0.512695
3.030000	-0.024414	-1.035156
3.035000	0.644531	-0.903320
3.040000	1.235352	-0.429688
3.045000	1.513672	0.083008
3.050000	1.464844	0.454102
3.055000	1.162109	0.629883
3.060000	0.737305	0.649414
3.065000	0.302734	0.566406
3.070000	-0.078125	0.410156
3.075000	-0.346680	-0.136719
3.080000	-0.253906	-0.878906
3.085000	0.312500	-1.030273
3.090000	0.986328	-0.678711
3.095000	1.420898	-0.151367
3.100000	1.528320	0.297852
3.105000	1.323242	0.571289
3.110000	0.947266	0.654297
3.115000	0.507812	0.615234
3.120000	0.092773	0.512695
3.125000	-0.249023	0.185547
3.130000	-0.356445	-0.546875
3.135000	-0.004883	-1.040039
3.140000	0.673828	-0.888672
3.145000	1.250000	-0.405273
3.150000	1.518555	0.102539
3.155000	1.455078	0.463867
3.160000	1.147461	0.634766
3.165000	0.722656	0.644531
3.170000	0.288086	0.566406
3.175000	-0.092773	0.400391
3.180000	-0.351562	-0.166016
3.185000	-0.239258	-0.893555
3.190000	0.341797	-1.025391
3.195000	1.010742	-0.659180
3.200000	1.435547	-0.131836
3.205000	1.528320	0.312500
3.210000	1.308594	0.576172
3.215000	0.932617	0.654297
3.220000	0.488281	0.615234
3.225000	0.078125	0.502930
3.230000	-0.253906	0.161133
3.235000	-0.356445	-0.581055
3.240000	0.019531	-1.040039
3.245000	0.698242	-0.874023
3.250000	1.264648	-0.390625
3.255000	1.523438	0.122070
3.260000	1.440430	0.478516
3.265000	1.132812	0.639648
3.270000	0.698242	0.644531
3.275000	0.268555	0.556641
3.280000	-0.107422	0.380859
3.285000	-0.356445	-0.195312
3.290000	-0.219727	-0.913086
3.295000	0.366211	-1.020508
3.300000	1.035156	-0.634766
3.305000	1.445312	-0.107422
3.310000	1.518555	0.332031
3.315000	1.298828	0.585938
3.320000	0.917969	0.654297
3.325000	0.473633	0.610352
3.330000	0.063477	0.493164
3.335000	-0.263672	0.136719
3.340000	-0.351562	-0.610352
3.345000	0.043945	-1.044922
3.350000	0.727539	-0.859375
3.355000	1.284180	-0.361328
3.360000	1.528320	0.136719
3.365000	1.430664	0.488281
3.370000	1.113281	0.644531
3.375000	0.683594	0.639648
3.380000	0.253906	0.556641
3.385000	-0.122070	0.366211
3.390000	-0.361328	-0.229492
3.395000	-0.205078	-0.932617
3.400000	0.395508	-1.010742
3.405000	1.054688	-0.620117
3.410000	1.455078	-0.087891
3.415000	1.513672	0.341797
3.420000	1.289062	0.595703
3.425000	0.898438	0.654297
3.430000	0.458984	0.605469
3.435000	0.048828	0.493164
3.440000	-0.278320	0.112305
3.445000	-0.341797	-0.639648
3.450000	0.073242	-1.049805
3.455000	0.756836	-0.839844
3.460000	1.303711	-0.341797
3.465000	1.528320	0.151367
3.470000	1.425781	0.498047
3.475000	1.098633	0.644531
3.480000	0.664062	0.639648
3.485000	0.234375	0.546875
3.490000	-0.131836	0.351562
3.495000	-0.361328	-0.263672
3.500000	-0.190430	-0.947266
3.505000	0.419922	-0.996094
3.510000	1.079102	-0.595703
3.515000	1.464844	-0.073242
3.520000	1.508789	0.356445
3.525000	1.269531	0.595703
3.530000	0.883789	0.654297
3.535000	0.439453	0.600586
3.540000	0.029297	0.488281
3.545000	-0.288086	0.087891
3.550000	-0.336914	-0.668945
3.555000	0.097656	-1.054688
3.560000	0.781250	-0.825195
3.565000	1.318359	-0.322266
3.570000	1.528320	0.175781
3.575000	1.416016	0.507812
3.580000	1.083984	0.644531
3.585000	0.644531	0.634766
3.590000	0.219727	0.541992
3.595000	-0.146484	0.336914
3.600000	-0.366211	-0.297852
3.605000	-0.170898	-0.961914
3.610000	0.454102	-0.991211
3.615000	1.098633	-0.576172
3.620000	1.469727	-0.048828
3.625000	1.508789	0.366211
3.630000	1.259766	0.600586
3.635000	0.864258	0.654297
3.640000	0.419922	0.595703
3.645000	0.019531	0.478516
3.650000	-0.297852	0.063477
3.655000	-0.327148	-0.698242
3.660000	0.122070	-1.054688
3.665000	0.805664	-0.805664
3.670000	1.333008	-0.302734
3.675000	1.528320	0.190430
3.680000	1.406250	0.517578
3.685000	1.069336	0.649414
3.690000	0.629883	0.634766
3.695000	0.205078	0.537109
3.700000	-0.161133	0.322266
3.705000	-0.361328	-0.327148
3.710000	-0.151367	-0.981445
3.715000	0.478516	-0.976562
3.720000	1.123047	-0.556641
3.725000	1.479492	-0.029297
3.730000	1.503906	0.380859
3.735000	1.245117	0.610352
3.740000	0.844727	0.654297
3.745000	0.405273	0.595703
3.750000	0.004883	0.468750
3.755000	-0.302734	0.034180
3.760000	-0.317383	-0.727539
3.765000	0.146484	-1.054688
3.770000	0.839844	-0.786133
3.775000	1.352539	-0.278320
3.780000	1.533203	0.205078
3.785000	1.391602	0.527344
3.790000	1.049805	0.654297
3.795000	0.615234	0.634766
3.800000	0.185547	0.537109
3.805000	-0.175781	0.307617
3.810000	-0.366211	-0.361328
3.815000	-0.131836	-0.986328
3.820000	0.512695	-0.966797
3.825000	1.147461	-0.537109
3.830000	1.489258	-0.009766
3.835000	1.499023	0.395508
3.840000	1.235352	0.615234
3.845000	0.825195	0.654297
3.850000	0.380859	0.590820
3.855000	-0.009766	0.463867
3.860000	-0.312500	0.009766
3.865000	-0.312500	-0.756836
3.870000	0.175781	-1.049805
3.875000	0.864258	-0.771484
3.880000	1.362305	-0.253906
3.885000	1.533203	0.224609
3.890000	1.386719	0.537109
3.895000	1.035156	0.654297
3.900000	0.595703	0.629883
3.905000	0.170898	0.537109
3.910000	-0.185547	0.288086
3.915000	-0.371094	-0.390625
3.920000	-0.107422	-1.005859
3.925000	0.537109	-0.952148
3.930000	1.162109	-0.512695
3.935000	1.494141	0.004883
3.940000	1.489258	0.410156
3.945000	1.220703	0.615234
3.950000	0.805664	0.659180
3.955000	0.371094	0.581055
3.960000	-0.024414	0.454102
3.965000	-0.322266	-0.019531
3.970000	-0.302734	-0.786133
3.975000	0.200195	-1.044922
3.980000	0.888672	-0.751953
3.985000	1.381836	-0.234375
3.990000	1.528320	0.239258
3.995000	1.372070	0.541992
4.000000	1.015625	0.654297
4.005000	0.576172	0.625000
4.010000	0.151367	0.532227
4.015000	-0.200195	0.268555
4.020000	-0.366211	-0.419922
4.025000	-0.087891	-1.010742
4.030000	0.566406	-0.942383
4.035000	1.186523	-0.488281
4.040000	1.503906	0.024414
4.045000	1.479492	0.419922
4.050000	1.206055	0.620117
4.055000	0.791016	0.654297
4.060000	0.351562	0.581055
4.065000	-0.043945	0.444336
4.070000	-0.327148	-0.048828
4.075000	-0.292969	-0.805664
4.080000	0.234375	-1.044922
4.085000	0.917969	-0.732422
4.090000	1.391602	-0.209961
4.095000	1.533203	0.258789
4.100000	1.362305	0.546875
4.105000	0.996094	0.654297
4.110000	0.556641	0.620117
4.115000	0.141602	0.527344
4.120000	-0.209961	0.249023
4.125000	-0.361328	-0.458984
4.130000	-0.068359	-1.025391
4.135000	0.595703	-0.927734
4.140000	1.206055	-0.473633
4.145000	1.503906	0.048828
4.150000	1.474609	0.434570
4.155000	1.196289	0.625000
4.160000	0.771484	0.649414
4.165000	0.332031	0.576172
4.170000	-0.048828	0.429688
4.175000	-0.336914	-0.078125
4.180000	-0.278320	-0.830078
4.185000	0.258789	-1.040039
4.190000	0.937500	-0.712891
4.195000	1.401367	-0.190430
4.200000	1.528320	0.273438
4.205000	1.347656	0.561523
4.210000	0.981445	0.654297
4.215000	0.541992	0.620117
4.220000	0.122070	0.517578
4.225000	-0.224609	0.229492
4.230000	-0.361328	-0.488281
4.235000	-0.043945	-1.030273
4.240000	0.620117	-0.913086
4.245000	1.225586	-0.449219
4.250000	1.508789	0.068359
4.255000	1.469727	0.449219
4.260000	1.176758	0.625000
4.265000	0.756836	0.649414
4.270000	0.312500	0.576172
4.275000	-0.068359	0.419922
4.280000	-0.341797	-0.107422
4.285000	-0.258789	-0.854492
4.290000	0.283203	-1.030273
4.295000	0.961914	-0.698242
4.300000	1.411133	-0.170898
4.305000	1.528320	0.288086
4.310000	1.337891	0.566406
4.315000	0.957031	0.654297
4.320000	0.527344	0.615234
4.325000	0.107422	0.512695
4.330000	-0.239258	0.205078
4.335000	-0.361328	-0.517578
4.340000	-0.024414	-1.035156
4.345000	0.654297	-0.898438
4.350000	1.240234	-0.429688
4.355000	1.513672	0.083008
4.360000	1.459961	0.458984
4.365000	1.162109	0.634766
4.370000	0.737305	0.644531
4.375000	0.302734	0.566406
4.380000	-0.083008	0.405273
4.385000	-0.346680	-0.136719
4.390000	-0.249023	-0.878906
4.395000	0.312500	-1.025391
4.400000	0.986328	-0.673828
4.405000	1.425781	-0.151367
4.410000	1.528320	0.297852
4.415000	1.323242	0.576172
4.420000	0.947266	0.654297
4.425000	0.502930	0.615234
4.430000	0.092773	0.507812
4.435000	-0.249023	0.180664
4.440000	-0.361328	-0.551758
4.445000	0.000000	-1.040039
4.450000	0.678711	-0.883789
4.455000	1.254883	-0.405273
4.460000	1.523438	0.102539
4.465000	1.455078	0.463867
4.470000	1.147461	0.639648
4.475000	0.717773	0.644531
4.480000	0.283203	0.561523
4.485000	-0.092773	0.395508
4.490000	-0.351562	-0.170898
4.495000	-0.239258	-0.898438
4.500000	0.341797	-1.025391
4.505000	1.010742	-0.659180
4.510000	1.435547	-0.131836
4.515000	1.523438	0.317383
4.520000	1.308594	0.581055
4.525000	0.927734	0.654297
4.530000	0.488281	0.615234
4.535000	0.073242	0.502930
4.540000	-0.258789	0.161133
4.545000	-0.356445	-0.581055
4.550000	0.024414	-1.044922
4.555000	0.703125	-0.869141
4.560000	1.269531	-0.380859
4.565000	1.528320	0.122070
4.570000	1.445312	0.478516
4.575000	1.127930	0.644531
4.580000	0.698242	0.644531
4.585000	0.263672	0.556641
4.590000	-0.112305	0.380859
4.595000	-0.361328	-0.200195
4.600000	-0.219727	-0.917969
4.605000	0.371094	-1.020508
4.610000	1.035156	-0.634766
4.615000	1.445312	-0.107422
4.620000	1.513672	0.332031
4.625000	1.298828	0.585938
4.630000	0.913086	0.654297
4.635000	0.473633	0.610352
4.640000	0.063477	0.498047
4.645000	-0.268555	0.136719
4.650000	-0.351562	-0.615234
4.655000	0.043945	-1.049805
4.660000	0.732422	-0.859375
4.665000	1.284180	-0.361328
4.670000	1.528320	0.141602
4.675000	1.430664	0.488281
4.680000	1.113281	0.644531
4.685000	0.683594	0.644531
4.690000	0.253906	0.551758
4.695000	-0.126953	0.366211
4.700000	-0.356445	-0.234375
4.705000	-0.205078	-0.932617
4.710000	0.400391	-1.005859
4.715000	1.059570	-0.615234
4.720000	1.459961	-0.087891
4.725000	1.513672	0.341797
4.730000	1.284180	0.595703
4.735000	0.893555	0.654297
4.740000	0.454102	0.600586
4.745000	0.048828	0.488281
4.750000	-0.278320	0.112305
4.755000	-0.341797	-0.644531
4.760000	0.073242	-1.054688
4.765000	0.756836	-0.839844
4.770000	1.303711	-0.336914
4.775000	1.528320	0.156250
4.780000	1.420898	0.498047
4.785000	1.093750	0.644531
4.790000	0.664062	0.634766
4.795000	0.229492	0.551758
4.800000	-0.136719	0.351562
4.805000	-0.361328	-0.263672
4.810000	-0.185547	-0.952148
4.815000	0.424805	-1.000977
4.820000	1.079102	-0.595703
4.825000	1.464844	-0.063477
4.830000	1.508789	0.361328
4.835000	1.269531	0.600586
4.840000	0.878906	0.654297
4.845000	0.434570	0.600586
4.850000	0.029297	0.483398
4.855000	-0.288086	0.083008
4.860000	-0.336914	-0.673828
4.865000	0.102539	-1.054688
4.870000	0.786133	-0.820312
4.875000	1.318359	-0.317383
4.880000	1.528320	0.170898
4.885000	1.416016	0.507812
4.890000	1.079102	0.644531
4.895000	0.644531	0.634766
4.900000	0.219727	0.546875
4.905000	-0.151367	0.336914
4.910000	-0.361328	-0.297852
4.915000	-0.166016	-0.961914
4.920000	0.458984	-0.991211
4.925000	1.103516	-0.576172
4.930000	1.469727	-0.048828
4.935000	1.508789	0.371094
4.940000	1.254883	0.605469
4.945000	0.854492	0.654297
4.950000	0.419922	0.595703
4.955000	0.014648	0.478516
4.960000	-0.297852	0.058594
4.965000	-0.327148	-0.703125
4.970000	0.122070	-1.049805
4.975000	0.815430	-0.805664
4.980000	1.333008	-0.297852
4.985000	1.533203	0.190430
4.990000	1.401367	0.517578
4.995000	1.064453	0.649414
5.000000	0.625000	0.634766
5.005000	0.205078	0.537109
5.010000	-0.166016	0.317383
5.015000	-0.366211	-0.327148
5.020000	-0.146484	-0.981445
5.025000	0.483398	-0.976562
5.030000	1.123047	-0.551758
5.035000	1.479492	-0.024414
5.040000	1.499023	0.385742
5.045000	1.245117	0.615234
5.050000	0.839844	0.654297
5.055000	0.400391	0.595703
5.060000	0.000000	0.463867
5.065000	-0.307617	0.034180
5.070000	-0.317383	-0.727539
5.075000	0.151367	-1.054688
5.080000	0.844727	-0.786133
5.085000	1.352539	-0.278320
5.090000	1.533203	0.209961
5.095000	1.391602	0.527344
5.100000	1.049805	0.649414
5.105000	0.615234	0.629883
5.110000	0.185547	0.537109
5.115000	-0.175781	0.302734
5.120000	-0.366211	-0.361328
5.125000	-0.131836	-0.991211
5.130000	0.517578	-0.961914
5.135000	1.147461	-0.532227
5.140000	1.489258	-0.004883
5.145000	1.494141	0.400391
5.150000	1.240234	0.610352
5.155000	0.820312	0.654297
5.160000	0.380859	0.585938
5.165000	-0.009766	0.458984
5.170000	-0.317383	0.004883
5.175000	-0.307617	-0.756836
5.180000	0.180664	-1.054688
5.185000	0.864258	-0.766602
5.190000	1.362305	-0.253906
5.195000	1.533203	0.224609
5.200000	1.386719	0.532227
5.205000	1.030273	0.654297
5.210000	0.590820	0.625000
5.215000	0.166016	0.541992
5.220000	-0.185547	0.288086
5.225000	-0.366211	-0.395508
5.230000	-0.107422	-1.000977
5.235000	0.541992	-0.952148
5.240000	1.166992	-0.512695
5.245000	1.494141	0.009766
5.250000	1.489258	0.415039
5.255000	1.220703	0.615234
5.260000	0.805664	0.654297
5.265000	0.366211	0.581055
5.270000	-0.029297	0.454102
5.275000	-0.322266	-0.024414
5.280000	-0.297852	-0.786133
5.285000	0.205078	-1.049805
5.290000	0.888672	-0.751953
5.295000	1.376953	-0.234375
5.300000	1.533203	0.244141
5.305000	1.372070	0.537109
5.310000	1.010742	0.649414
5.315000	0.576172	0.625000
5.320000	0.151367	0.532227
5.325000	-0.200195	0.263672
5.330000	-0.366211	-0.429688
5.335000	-0.087891	-1.015625
5.340000	0.571289	-0.942383
5.345000	1.191406	-0.488281
5.350000	1.503906	0.029297
5.355000	1.479492	0.424805
5.360000	1.201172	0.620117
5.365000	0.786133	0.654297
5.370000	0.351562	0.576172
5.375000	-0.043945	0.444336
5.380000	-0.327148	-0.048828
5.385000	-0.288086	-0.805664
5.390000	0.234375	-1.044922
5.395000	0.917969	-0.732422
5.400000	1.391602	-0.214844
5.405000	1.533203	0.258789
5.410000	1.357422	0.551758
5.415000	0.996094	0.654297
5.420000	0.556641	0.620117
5.425000	0.136719	0.527344
5.430000	-0.209961	0.244141
5.435000	-0.366211	-0.458984
5.440000	-0.063477	-1.020508
5.445000	0.595703	-0.927734
5.450000	1.210938	-0.468750
5.455000	1.508789	0.053711
5.460000	1.474609	0.434570
5.465000	1.196289	0.625000
5.470000	0.771484	0.649414
5.475000	0.336914	0.576172
5.480000	-0.053711	0.429688
5.485000	-0.332031	-0.083008
5.490000	-0.273438	-0.834961
5.495000	0.258789	-1.040039
5.500000	0.942383	-0.712891
5.505000	1.396484	-0.190430
5.510000	1.528320	0.273438
5.515000	1.347656	0.561523
5.520000	0.981445	0.654297
5.525000	0.541992	0.615234
5.530000	0.122070	0.522461
5.535000	-0.224609	0.224609
5.540000	-0.361328	-0.488281
5.545000	-0.043945	-1.030273
5.550000	0.625000	-0.913086
5.555000	1.225586	-0.449219
5.560000	1.508789	0.068359
5.565000	1.469727	0.449219
5.570000	1.171875	0.625000
5.575000	0.751953	0.649414
5.580000	0.312500	0.571289
5.585000	-0.073242	0.419922
5.590000	-0.341797	-0.107422
5.595000	-0.258789	-0.859375
5.600000	0.288086	-1.035156
5.605000	0.966797	-0.693359
5.610000	1.416016	-0.166016
5.615000	1.523438	0.292969
5.620000	1.333008	0.566406
5.625000	0.961914	0.649414
5.630000	0.527344	0.615234
5.635000	0.107422	0.512695
5.640000	-0.239258	0.205078
5.645000	-0.361328	-0.522461
5.650000	-0.019531	-1.035156
5.655000	0.649414	-0.898438
5.660000	1.240234	-0.424805
5.665000	1.518555	0.087891
5.670000	1.459961	0.458984
5.675000	1.162109	0.634766
5.680000	0.732422	0.644531
5.685000	0.297852	0.566406
5.690000	-0.083008	0.405273
5.695000	-0.346680	-0.141602
5.700000	-0.249023	-0.878906
5.705000	0.317383	-1.030273
5.710000	0.986328	-0.673828
5.715000	1.425781	-0.146484
5.720000	1.523438	0.302734
5.725000	1.318359	0.576172
5.730000	0.942383	0.654297
5.735000	0.502930	0.615234
5.740000	0.092773	0.507812
5.745000	-0.244141	0.180664
5.750000	-0.361328	-0.556641
5.755000	0.000000	-1.044922
5.760000	0.683594	-0.883789
5.765000	1.254883	-0.405273
5.770000	1.523438	0.107422
5.775000	1.450195	0.468750
5.780000	1.142578	0.634766
5.785000	0.717773	0.644531
5.790000	0.283203	0.566406
5.795000	-0.092773	0.395508
5.800000	-0.351562	-0.170898
5.805000	-0.234375	-0.898438
5.810000	0.346680	-1.020508
5.815000	1.015625	-0.649414
5.820000	1.435547	-0.126953
5.825000	1.523438	0.317383
5.830000	1.308594	0.581055
5.835000	0.927734	0.654297
5.840000	0.483398	0.615234
5.845000	0.073242	0.498047
5.850000	-0.258789	0.156250
5.855000	-0.351562	-0.585938
5.860000	0.029297	-1.044922
5.865000	0.708008	-0.869141
5.870000	1.269531	-0.380859
5.875000	1.528320	0.122070
5.880000	1.440430	0.478516
5.885000	1.127930	0.639648
5.890000	0.693359	0.644531
5.895000	0.263672	0.556641
5.900000	-0.112305	0.380859
5.905000	-0.361328	-0.205078
5.910000	-0.214844	-0.917969
5.915000	0.375977	-1.015625
5.920000	1.040039	-0.634766
5.925000	1.450195	-0.107422
5.930000	1.518555	0.332031
5.935000	1.298828	0.585938
5.940000	0.913086	0.654297
5.945000	0.463867	0.610352
5.950000	0.058594	0.493164
5.955000	-0.268555	0.131836
5.960000	-0.346680	-0.620117
5.965000	0.053711	-1.049805
5.970000	0.732422	-0.854492
5.975000	1.289062	-0.356445
5.980000	1.523438	0.141602
5.985000	1.430664	0.493164
5.990000	1.113281	0.644531
5.995000	0.678711	0.639648
6.000000	0.249023	0.551758
6.005000	-0.126953	0.366211
6.010000	-0.361328	-0.239258
6.015000	-0.200195	-0.937500
6.020000	0.400391	-1.005859
6.025000	1.059570	-0.615234
6.030000	1.459961	-0.087891
6.035000	1.513672	0.346680
6.040000	1.284180	0.595703
6.045000	0.893555	0.654297
6.050000	0.454102	0.605469
6.055000	0.048828	0.488281
6.060000	-0.283203	0.112305
6.065000	-0.341797	-0.644531
6.070000	0.073242	-1.049805
6.075000	0.761719	-0.834961
6.080000	1.303711	-0.336914
6.085000	1.528320	0.156250
6.090000	1.425781	0.498047
6.095000	1.093750	0.644531
6.100000	0.659180	0.639648
6.105000	0.229492	0.546875
6.110000	-0.136719	0.351562
6.115000	-0.361328	-0.268555
6.120000	-0.180664	-0.947266
6.125000	0.429688	-0.996094
6.130000	1.083984	-0.590820
6.135000	1.469727	-0.063477
6.140000	1.508789	0.361328
6.145000	1.269531	0.600586
6.150000	0.874023	0.654297
6.155000	0.434570	0.600586
6.160000	0.024414	0.483398
6.165000	-0.292969	0.083008
6.170000	-0.332031	-0.673828
6.175000	0.102539	-1.054688
6.180000	0.791016	-0.820312
6.185000	1.323242	-0.317383
6.190000	1.528320	0.175781
6.195000	1.416016	0.512695
6.200000	1.079102	0.644531
6.205000	0.644531	0.634766
6.210000	0.219727	0.546875
6.215000	-0.151367	0.332031
6.220000	-0.361328	-0.302734
6.225000	-0.166016	-0.966797
6.230000	0.458984	-0.986328
6.235000	1.103516	-0.571289
6.240000	1.474609	-0.048828
6.245000	1.503906	0.375977
6.250000	1.254883	0.605469
6.255000	0.859375	0.654297
6.260000	0.419922	0.590820
6.265000	0.014648	0.473633
6.270000	-0.302734	0.058594
6.275000	-0.327148	-0.703125
6.280000	0.131836	-1.054688
6.285000	0.815430	-0.800781
6.290000	1.337891	-0.292969
6.295000	1.528320	0.190430
6.300000	1.401367	0.522461
6.305000	1.064453	0.649414
6.310000	0.625000	0.629883
6.315000	0.200195	0.537109
6.320000	-0.166016	0.317383
6.325000	-0.366211	-0.332031
6.330000	-0.146484	-0.981445
6.335000	0.488281	-0.976562
6.340000	1.127930	-0.551758
6.345000	1.479492	-0.024414
6.350000	1.503906	0.385742
6.355000	1.245117	0.610352
6.360000	0.839844	0.654297
6.365000	0.400391	0.590820
6.370000	0.000000	0.468750
6.375000	-0.307617	0.029297
6.380000	-0.317383	-0.737305
6.385000	0.156250	-1.049805
6.390000	0.844727	-0.786133
6.395000	1.352539	-0.273438
6.400000	1.533203	0.214844
6.405000	1.391602	0.532227
6.410000	1.044922	0.654297
6.415000	0.610352	0.625000
6.420000	0.185547	0.537109
6.425000	-0.175781	0.297852
6.430000	-0.366211	-0.366211
6.435000	-0.126953	-0.991211
6.440000	0.517578	-0.961914
6.445000	1.147461	-0.527344
6.450000	1.489258	-0.004883
6.455000	1.494141	0.405273
6.460000	1.235352	0.615234
6.465000	0.820312	0.654297
6.470000	0.375977	0.585938
6.475000	-0.009766	0.458984
6.480000	-0.317383	0.000000
6.485000	-0.307617	-0.761719
6.490000	0.180664	-1.054688
6.495000	0.869141	-0.766602
6.500000	1.367188	-0.249023
6.505000	1.533203	0.229492
6.510000	1.381836	0.537109
6.515000	1.030273	0.649414
6.520000	0.595703	0.629883
6.525000	0.166016	0.532227
6.530000	-0.190430	0.283203
6.535000	-0.366211	-0.395508
6.540000	-0.107422	-1.005859
6.545000	0.541992	-0.952148
6.550000	1.166992	-0.507812
6.555000	1.494141	0.009766
6.560000	1.484375	0.415039
6.565000	1.215820	0.615234
6.570000	0.800781	0.654297
6.575000	0.361328	0.581055
6.580000	-0.029297	0.454102
6.585000	-0.322266	-0.029297
6.590000	-0.297852	-0.791016
6.595000	0.209961	-1.049805
6.600000	0.893555	-0.747070
6.605000	1.381836	-0.229492
6.610000	1.528320	0.244141
6.615000	1.372070	0.541992
6.620000	1.015625	0.649414
6.625000	0.576172	0.620117
6.630000	0.151367	0.532227
6.635000	-0.200195	0.263672
6.640000	-0.366211	-0.429688
6.645000	-0.083008	-1.015625
6.650000	0.571289	-0.942383
6.655000	1.186523	-0.488281
6.660000	1.503906	0.029297
6.665000	1.479492	0.419922
6.670000	1.206055	0.625000
6.675000	0.781250	0.649414
6.680000	0.346680	0.576172
6.685000	-0.043945	0.439453
6.690000	-0.327148	-0.053711
6.695000	-0.288086	-0.815430
6.700000	0.234375	-1.044922
6.705000	0.922852	-0.727539
6.710000	1.396484	-0.209961
6.715000	1.528320	0.258789
6.720000	1.357422	0.551758
6.725000	0.996094	0.654297
6.730000	0.556641	0.620117
6.735000	0.131836	0.527344
6.740000	-0.214844	0.239258
6.745000	-0.366211	-0.463867
6.750000	-0.068359	-1.025391
6.755000	0.600586	-0.927734
6.760000	1.206055	-0.463867
6.765000	1.508789	0.048828
6.770000	1.469727	0.434570
6.775000	1.191406	0.620117
6.780000	0.766602	0.649414
6.785000	0.327148	0.576172
6.790000	-0.058594	0.429688
6.795000	-0.336914	-0.087891
6.800000	-0.278320	-0.839844
6.805000	0.263672	-1.040039
6.810000	0.942383	-0.712891
6.815000	1.406250	-0.190430
6.820000	1.528320	0.273438
6.825000	1.347656	0.561523
6.830000	0.976562	0.654297
6.835000	0.537109	0.615234
6.840000	0.117188	0.517578
6.845000	-0.224609	0.224609
6.850000	-0.366211	-0.498047
6.855000	-0.039062	-1.030273
6.860000	0.629883	-0.913086
6.865000	1.230469	-0.444336
6.870000	1.508789	0.073242
6.875000	1.464844	0.454102
6.880000	1.171875	0.629883
6.885000	0.747070	0.644531
6.890000	0.312500	0.576172
6.895000	-0.068359	0.415039
6.900000	-0.341797	-0.112305
6.905000	-0.258789	-0.859375
6.910000	0.288086	-1.035156
6.915000	0.971680	-0.688477
6.920000	1.416016	-0.166016
6.925000	1.528320	0.292969
6.930000	1.333008	0.571289
6.935000	0.961914	0.654297
6.940000	0.522461	0.615234
6.945000	0.107422	0.512695
6.950000	-0.239258	0.205078
6.955000	-0.366211	-0.527344
6.960000	-0.019531	-1.035156
6.965000	0.654297	-0.898438
6.970000	1.245117	-0.424805
6.975000	1.513672	0.087891
6.980000	1.459961	0.458984
6.985000	1.162109	0.634766
6.990000	0.732422	0.644531
6.995000	0.297852	0.571289
7.000000	-0.083008	0.405273
7.005000	-0.346680	-0.146484
7.010000	-0.244141	-0.878906
7.015000	0.322266	-1.025391
7.020000	0.991211	-0.668945
7.025000	1.425781	-0.141602
7.030000	1.523438	0.302734
7.035000	1.318359	0.576172
7.040000	0.942383	0.654297
7.045000	0.502930	0.615234
7.050000	0.087891	0.507812
7.055000	-0.249023	0.175781
7.060000	-0.361328	-0.561523
7.065000	0.004883	-1.044922
7.070000	0.683594	-0.878906
7.075000	1.259766	-0.400391
7.080000	1.523438	0.107422
7.085000	1.450195	0.468750
7.090000	1.142578	0.639648
7.095000	0.712891	0.644531
7.100000	0.278320	0.561523
7.105000	-0.097656	0.390625
7.110000	-0.356445	-0.175781
7.115000	-0.229492	-0.903320
7.120000	0.351562	-1.025391
7.125000	1.015625	-0.649414
7.130000	1.440430	-0.126953
7.135000	1.523438	0.317383
7.140000	1.308594	0.581055
7.145000	0.927734	0.654297
7.150000	0.488281	0.615234
7.155000	0.073242	0.502930
7.160000	-0.263672	0.151367
7.165000	-0.356445	-0.590820
7.170000	0.029297	-1.044922
7.175000	0.712891	-0.869141
7.180000	1.274414	-0.380859
7.185000	1.528320	0.122070
7.190000	1.440430	0.483398
7.195000	1.123047	0.639648
7.200000	0.693359	0.644531
7.205000	0.263672	0.561523
7.210000	-0.112305	0.375977
7.215000	-0.361328	-0.209961
7.220000	-0.214844	-0.922852
7.225000	0.380859	-1.015625
7.230000	1.040039	-0.629883
7.235000	1.450195	-0.102539
7.240000	1.518555	0.336914
7.245000	1.293945	0.590820
7.250000	0.913086	0.654297
7.255000	0.463867	0.605469
7.260000	0.058594	0.493164
7.265000	-0.268555	0.131836
7.270000	-0.346680	-0.620117
7.275000	0.053711	-1.049805
7.280000	0.737305	-0.849609
7.285000	1.289062	-0.356445
7.290000	1.528320	0.146484
7.295000	1.435547	0.488281
7.300000	1.113281	0.639648
7.305000	0.678711	0.639648
7.310000	0.249023	0.551758
7.315000	-0.126953	0.366211
7.320000	-0.361328	-0.239258
7.325000	-0.200195	-0.937500
7.330000	0.405273	-1.000977
7.335000	1.064453	-0.610352
7.340000	1.459961	-0.083008
7.345000	1.513672	0.346680
7.350000	1.279297	0.595703
7.355000	0.893555	0.659180
7.360000	0.449219	0.605469
7.365000	0.043945	0.488281
7.370000	-0.278320	0.107422
7.375000	-0.341797	-0.649414
7.380000	0.078125	-1.049805
7.385000	0.766602	-0.834961
7.390000	1.308594	-0.332031
7.395000	1.528320	0.161133
7.400000	1.420898	0.502930
7.405000	1.093750	0.644531
7.410000	0.659180	0.644531
7.415000	0.229492	0.546875
7.420000	-0.136719	0.351562
7.425000	-0.361328	-0.278320
7.430000	-0.180664	-0.952148
7.435000	0.434570	-0.996094
7.440000	1.083984	-0.590820
7.445000	1.469727	-0.063477
7.450000	1.508789	0.366211
7.455000	1.269531	0.600586
7.460000	0.874023	0.654297
7.465000	0.434570	0.600586
7.470000	0.024414	0.483398
7.475000	-0.292969	0.078125
7.480000	-0.332031	-0.678711
7.485000	0.107422	-1.054688
7.490000	0.795898	-0.820312
7.495000	1.323242	-0.312500
7.500000	1.533203	0.180664
7.505000	1.406250	0.512695
7.510000	1.079102	0.649414
7.515000	0.639648	0.634766
7.520000	0.214844	0.541992
7.525000	-0.151367	0.332031
7.530000	-0.366211	-0.302734
7.535000	-0.166016	-0.966797
7.540000	0.463867	-0.986328
7.545000	1.113281	-0.566406
7.550000	1.474609	-0.043945
7.555000	1.508789	0.380859
7.560000	1.254883	0.605469
7.565000	0.854492	0.654297
7.570000	0.415039	0.595703
7.575000	0.014648	0.473633
7.580000	-0.297852	0.053711
7.585000	-0.322266	-0.708008
7.590000	0.131836	-1.054688
7.595000	0.815430	-0.800781
7.600000	1.337891	-0.292969
7.605000	1.528320	0.195312
7.610000	1.401367	0.522461
7.615000	1.064453	0.644531
7.620000	0.620117	0.629883
7.625000	0.195312	0.537109
7.630000	-0.166016	0.317383
7.635000	-0.366211	-0.332031
7.640000	-0.146484	-0.986328
7.645000	0.493164	-0.976562
7.650000	1.127930	-0.551758
7.655000	1.484375	-0.024414
7.660000	1.499023	0.385742
7.665000	1.245117	0.610352
7.670000	0.839844	0.654297
7.675000	0.390625	0.590820
7.680000	-0.004883	0.463867
7.685000	-0.307617	0.024414
7.690000	-0.317383	-0.737305
7.695000	0.156250	-1.054688
7.700000	0.844727	-0.781250
7.705000	1.352539	-0.273438
7.710000	1.533203	0.214844
7.715000	1.391602	0.532227
7.720000	1.044922	0.649414
7.725000	0.605469	0.629883
7.730000	0.180664	0.537109
7.735000	-0.180664	0.297852
7.740000	-0.366211	-0.366211
7.745000	-0.122070	-0.991211
7.750000	0.517578	-0.966797
7.755000	1.152344	-0.527344
7.760000	1.494141	-0.004883
7.765000	1.494141	0.405273
7.770000	1.235352	0.615234
7.775000	0.820312	0.654297
7.780000	0.375977	0.585938
7.785000	-0.014648	0.458984
7.790000	-0.317383	0.000000
7.795000	-0.307617	-0.761719
7.800000	0.185547	-1.049805
7.805000	0.874023	-0.761719
7.810000	1.362305	-0.249023
7.815000	1.533203	0.229492
7.820000	1.376953	0.541992
7.825000	1.025391	0.654297
7.830000	0.590820	0.625000
7.835000	0.166016	0.532227
7.840000	-0.195312	0.278320
7.845000	-0.366211	-0.400391
7.850000	-0.102539	-1.005859
7.855000	0.546875	-0.947266
7.860000	1.171875	-0.507812
7.865000	1.499023	0.014648
7.870000	1.484375	0.415039
7.875000	1.215820	0.615234
7.880000	0.800781	0.649414
7.885000	0.361328	0.581055
7.890000	-0.029297	0.449219
7.895000	-0.322266	-0.029297
7.900000	-0.297852	-0.791016
7.905000	0.214844	-1.044922
7.910000	0.898438	-0.742188
7.915000	1.381836	-0.224609
7.920000	1.533203	0.249023
7.925000	1.367188	0.541992
7.930000	1.010742	0.654297
7.935000	0.571289	0.625000
7.940000	0.146484	0.527344
7.945000	-0.205078	0.258789
7.950000	-0.366211	-0.434570
7.955000	-0.083008	-1.015625
7.960000	0.576172	-0.937500
7.965000	1.191406	-0.483398
7.970000	1.508789	0.034180
7.975000	1.479492	0.429688
7.980000	1.201172	0.620117
7.985000	0.781250	0.654297
7.990000	0.346680	0.576172
7.995000	-0.043945	0.439453
8.000000	-0.327148	-0.063477
8.005000	-0.283203	-0.815430
8.010000	0.239258	-1.044922
8.015000	0.922852	-0.727539
8.020000	1.391602	-0.205078
8.025000	1.528320	0.263672
8.030000	1.352539	0.556641
8.035000	0.991211	0.654297
8.040000	0.551758	0.620117
8.045000	0.131836	0.522461
8.050000	-0.214844	0.239258
8.055000	-0.366211	-0.468750
8.060000	-0.058594	-1.020508
8.065000	0.600586	-0.927734
8.070000	1.210938	-0.458984
8.075000	1.508789	0.053711
8.080000	1.469727	0.439453
8.085000	1.186523	0.625000
8.090000	0.766602	0.649414
8.095000	0.327148	0.576172
8.100000	-0.058594	0.429688
8.105000	-0.336914	-0.087891
8.110000	-0.273438	-0.839844
8.115000	0.268555	-1.040039
8.120000	0.947266	-0.708008
8.125000	1.406250	-0.180664
8.130000	1.533203	0.278320
8.135000	1.342773	0.561523
8.140000	0.976562	0.654297
8.145000	0.537109	0.615234
8.150000	0.117188	0.517578
8.155000	-0.224609	0.219727
8.160000	-0.361328	-0.498047
8.165000	-0.034180	-1.030273
8.170000	0.629883	-0.908203
8.175000	1.235352	-0.444336
8.180000	1.513672	0.073242
8.185000	1.464844	0.454102
8.190000	1.171875	0.629883
8.195000	0.747070	0.649414
8.200000	0.307617	0.571289
8.205000	-0.073242	0.415039
8.210000	-0.341797	-0.117188
8.215000	-0.258789	-0.864258
8.220000	0.297852	-1.030273
8.225000	0.971680	-0.683594
8.230000	1.416016	-0.166016
8.235000	1.528320	0.297852
8.240000	1.333008	0.566406
8.245000	0.961914	0.654297
8.250000	0.517578	0.615234
8.255000	0.102539	0.512695
8.260000	-0.239258	0.195312
8.265000	-0.361328	-0.532227
8.270000	-0.009766	-1.035156
8.275000	0.659180	-0.898438
8.280000	1.245117	-0.415039
8.285000	1.518555	0.087891
8.290000	1.455078	0.463867
8.295000	1.157227	0.634766
8.300000	0.732422	0.644531
8.305000	0.292969	0.571289
8.310000	-0.087891	0.405273
8.315000	-0.351562	-0.151367
8.320000	-0.249023	-0.883789
8.325000	0.322266	-1.025391
8.330000	1.000977	-0.664062
8.335000	1.430664	-0.146484
8.340000	1.523438	0.307617
8.345000	1.318359	0.576172
8.350000	0.937500	0.654297
8.355000	0.498047	0.615234
8.360000	0.087891	0.502930
8.365000	-0.249023	0.170898
8.370000	-0.356445	-0.566406
8.375000	0.009766	-1.044922
8.380000	0.688477	-0.878906
8.385000	1.259766	-0.395508
8.390000	1.523438	0.112305
8.395000	1.450195	0.468750
8.400000	1.142578	0.639648
8.405000	0.712891	0.644531
8.410000	0.278320	0.561523
8.415000	-0.097656	0.390625
8.420000	-0.356445	-0.180664
8.425000	-0.229492	-0.903320
8.430000	0.351562	-1.020508
8.435000	1.020508	-0.644531
8.440000	1.440430	-0.122070
8.445000	1.518555	0.322266
8.450000	1.308594	0.581055
8.455000	0.927734	0.654297
8.460000	0.478516	0.610352
8.465000	0.073242	0.498047
8.470000	-0.258789	0.146484
8.475000	-0.351562	-0.595703
8.480000	0.034180	-1.049805
8.485000	0.712891	-0.869141
8.490000	1.274414	-0.375977
8.495000	1.528320	0.126953
8.500000	1.435547	0.483398
8.505000	1.118164	0.644531
8.510000	0.688477	0.644531
8.515000	0.263672	0.556641
8.520000	-0.117188	0.375977
8.525000	-0.361328	-0.214844
8.530000	-0.214844	-0.922852
8.535000	0.380859	-1.015625
8.540000	1.044922	-0.629883
8.545000	1.450195	-0.097656
8.550000	1.513672	0.341797
8.555000	1.293945	0.590820
8.560000	0.903320	0.654297
8.565000	0.463867	0.610352
8.570000	0.053711	0.493164
8.575000	-0.273438	0.126953
8.580000	-0.346680	-0.629883
8.585000	0.058594	-1.049805
8.590000	0.742188	-0.849609
8.595000	1.293945	-0.356445
8.600000	1.528320	0.146484
8.605000	1.430664	0.493164
8.610000	1.108398	0.644531
8.615000	0.673828	0.639648
8.620000	0.244141	0.551758
8.625000	-0.131836	0.361328
8.630000	-0.361328	-0.244141
8.635000	-0.200195	-0.942383
8.640000	0.410156	-1.005859
8.645000	1.064453	-0.610352
8.650000	1.459961	-0.078125
8.655000	1.513672	0.351562
8.660000	1.279297	0.595703
8.665000	0.888672	0.654297
8.670000	0.449219	0.600586
8.675000	0.039062	0.488281
8.680000	-0.283203	0.102539
8.685000	-0.341797	-0.654297
8.690000	0.083008	-1.054688
8.695000	0.766602	-0.834961
8.700000	1.308594	-0.332031
8.705000	1.533203	0.166016
8.710000	1.420898	0.502930
8.715000	1.093750	0.644531
8.720000	0.654297	0.639648
8.725000	0.229492	0.546875
8.730000	-0.141602	0.346680
8.735000	-0.361328	-0.278320
8.740000	-0.175781	-0.952148
8.745000	0.439453	-0.991211
8.750000	1.088867	-0.585938
8.755000	1.469727	-0.058594
8.760000	1.508789	0.361328
8.765000	1.264648	0.600586
8.770000	0.869141	0.654297
8.775000	0.429688	0.595703
8.780000	0.024414	0.483398
8.785000	-0.288086	0.073242
8.790000	-0.332031	-0.688477
8.795000	0.112305	-1.054688
8.800000	0.795898	-0.815430
8.805000	1.323242	-0.312500
8.810000	1.533203	0.180664
8.815000	1.411133	0.512695
8.820000	1.074219	0.644531
8.825000	0.639648	0.634766
8.830000	0.214844	0.546875
8.835000	-0.156250	0.327148
8.840000	-0.366211	-0.307617
8.845000	-0.161133	-0.971680
8.850000	0.468750	-0.986328
8.855000	1.108398	-0.566406
8.860000	1.474609	-0.039062
8.865000	1.503906	0.375977
8.870000	1.250000	0.610352
8.875000	0.849609	0.654297
8.880000	0.410156	0.595703
8.885000	0.009766	0.473633
8.890000	-0.297852	0.048828
8.895000	-0.322266	-0.712891
8.900000	0.136719	-1.054688
8.905000	0.820312	-0.795898
8.910000	1.342773	-0.292969
8.915000	1.533203	0.200195
8.920000	1.401367	0.522461
8.925000	1.054688	0.654297
8.930000	0.625000	0.629883
8.935000	0.195312	0.537109
8.940000	-0.166016	0.312500
8.945000	-0.366211	-0.341797
8.950000	-0.141602	-0.986328
8.955000	0.493164	-0.971680
8.960000	1.132812	-0.546875
8.965000	1.484375	-0.019531
8.970000	1.499023	0.390625
8.975000	1.240234	0.615234
8.980000	0.834961	0.654297
8.985000	0.390625	0.590820
8.990000	-0.004883	0.463867
8.995000	-0.307617	0.019531
9.000000	-0.317383	-0.737305
9.005000	0.166016	-1.049805
9.010000	0.849609	-0.776367
9.015000	1.357422	-0.268555
9.020000	1.533203	0.219727
9.025000	1.386719	0.532227
9.030000	1.040039	0.654297
9.035000	0.605469	0.629883
9.040000	0.180664	0.537109
9.045000	-0.180664	0.297852
9.050000	-0.366211	-0.375977
9.055000	-0.122070	-0.996094
9.060000	0.522461	-0.961914
9.065000	1.152344	-0.527344
9.070000	1.494141	0.000000
9.075000	1.494141	0.405273
9.080000	1.235352	0.615234
9.085000	0.815430	0.654297
9.090000	0.371094	0.585938
9.095000	-0.014648	0.458984
9.100000	-0.322266	-0.004883
9.105000	-0.307617	-0.766602
9.110000	0.190430	-1.049805
9.115000	0.874023	-0.761719
9.120000	1.372070	-0.244141
9.125000	1.533203	0.234375
9.130000	1.376953	0.537109
9.135000	1.020508	0.654297
9.140000	0.585938	0.625000
9.145000	0.161133	0.532227
9.150000	-0.195312	0.278320
9.155000	-0.366211	-0.405273
9.160000	-0.097656	-1.010742
9.165000	0.551758	-0.947266
9.170000	1.171875	-0.502930
9.175000	1.494141	0.019531
9.180000	1.484375	0.419922
9.185000	1.215820	0.620117
9.190000	0.795898	0.654297
9.195000	0.361328	0.581055
9.200000	-0.034180	0.449219
9.205000	-0.322266	-0.034180
9.210000	-0.292969	-0.795898
9.215000	0.219727	-1.044922
9.220000	0.903320	-0.742188
9.225000	1.386719	-0.224609
9.230000	1.528320	0.244141
9.235000	1.367188	0.546875
9.240000	1.005859	0.654297
9.245000	0.566406	0.625000
9.250000	0.151367	0.527344
9.255000	-0.205078	0.258789
9.260000	-0.366211	-0.439453
9.265000	-0.078125	-1.020508
9.270000	0.581055	-0.937500
9.275000	1.191406	-0.483398
9.280000	1.503906	0.034180
9.285000	1.479492	0.429688
9.290000	1.201172	0.625000
9.295000	0.781250	0.654297
9.300000	0.341797	0.576172
9.305000	-0.048828	0.434570
9.310000	-0.327148	-0.063477
9.315000	-0.283203	-0.815430
9.320000	0.249023	-1.040039
9.325000	0.927734	-0.722656
9.330000	1.396484	-0.200195
9.335000	1.528320	0.263672
9.340000	1.352539	0.556641
9.345000	0.991211	0.654297
9.350000	0.546875	0.615234
9.355000	0.131836	0.522461
9.360000	-0.214844	0.239258
9.365000	-0.366211	-0.473633
9.370000	-0.058594	-1.025391
9.375000	0.610352	-0.922852
9.380000	1.215820	-0.458984
9.385000	1.508789	0.058594
9.390000	1.469727	0.439453
9.395000	1.186523	0.625000
9.400000	0.761719	0.649414
9.405000	0.327148	0.576172
9.410000	-0.058594	0.424805
9.415000	-0.336914	-0.092773
9.420000	-0.273438	-0.844727
9.425000	0.273438	-1.040039
9.430000	0.952148	-0.703125
9.435000	1.406250	-0.180664
9.440000	1.528320	0.278320
9.445000	1.342773	0.561523
9.450000	0.971680	0.654297
9.455000	0.537109	0.615234
9.460000	0.112305	0.517578
9.465000	-0.229492	0.219727
9.470000	-0.361328	-0.502930
9.475000	-0.034180	-1.030273
9.480000	0.634766	-0.908203
9.485000	1.235352	-0.439453
9.490000	1.513672	0.073242
9.495000	1.464844	0.454102
9.500000	1.171875	0.634766
9.505000	0.742188	0.649414
9.510000	0.302734	0.576172
9.515000	-0.073242	0.415039
9.520000	-0.341797	-0.122070
9.525000	-0.258789	-0.864258
9.530000	0.297852	-1.035156
9.535000	0.976562	-0.683594
9.540000	1.420898	-0.161133
9.545000	1.528320	0.292969
9.550000	1.328125	0.571289
9.555000	0.952148	0.659180
9.560000	0.517578	0.615234
9.565000	0.097656	0.512695
9.570000	-0.239258	0.195312
9.575000	-0.361328	-0.537109
9.580000	-0.009766	-1.040039
9.585000	0.664062	-0.893555
9.590000	1.245117	-0.415039
9.595000	1.518555	0.097656
9.600000	1.455078	0.463867
9.605000	1.152344	0.634766
9.610000	0.727539	0.644531
9.615000	0.292969	0.566406
9.620000	-0.087891	0.405273
9.625000	-0.351562	-0.156250
9.630000	-0.244141	-0.888672
9.635000	0.327148	-1.025391
9.640000	1.000977	-0.664062
9.645000	1.430664	-0.141602
9.650000	1.528320	0.307617
9.655000	1.318359	0.576172
9.660000	0.932617	0.654297
9.665000	0.498047	0.615234
9.670000	0.083008	0.502930
9.675000	-0.249023	0.170898
9.680000	-0.361328	-0.566406
9.685000	0.009766	-1.044922
9.690000	0.693359	-0.878906
9.695000	1.264648	-0.395508
9.700000	1.523438	0.117188
9.705000	1.445312	0.473633
9.710000	1.137695	0.634766
9.715000	0.708008	0.644531
9.720000	0.273438	0.566406
9.725000	-0.102539	0.385742
9.730000	-0.356445	-0.185547
9.735000	-0.224609	-0.908203
9.740000	0.356445	-1.020508
9.745000	1.025391	-0.644531
9.750000	1.440430	-0.117188
9.755000	1.523438	0.322266
9.760000	1.308594	0.581055
9.765000	0.922852	0.654297
9.770000	0.478516	0.610352
9.775000	0.068359	0.498047
9.780000	-0.263672	0.141602
9.785000	-0.351562	-0.600586
9.790000	0.034180	-1.044922
9.795000	0.717773	-0.864258
9.800000	1.279297	-0.371094
9.805000	1.523438	0.131836
9.810000	1.435547	0.483398
9.815000	1.123047	0.644531
9.820000	0.693359	0.644531
9.825000	0.258789	0.556641
9.830000	-0.117188	0.375977
9.835000	-0.361328	-0.219727
9.840000	-0.209961	-0.927734
9.845000	0.385742	-1.015625
9.850000	1.044922	-0.625000
9.855000	1.455078	-0.097656
9.860000	1.513672	0.336914
9.865000	1.289062	0.590820
9.870000	0.903320	0.654297
9.875000	0.458984	0.605469
9.880000	0.053711	0.493164
9.885000	-0.273438	0.122070
9.890000	-0.341797	-0.629883
9.895000	0.058594	-1.049805
9.900000	0.747070	-0.844727
9.905000	1.298828	-0.351562
9.910000	1.528320	0.146484
9.915000	1.425781	0.493164
9.920000	1.103516	0.644531
9.925000	0.668945	0.639648
9.930000	0.244141	0.551758
9.935000	-0.131836	0.361328
9.940000	-0.361328	-0.249023
9.945000	-0.190430	-0.942383
9.950000	0.415039	-1.000977
9.955000	1.074219	-0.600586
9.960000	1.464844	-0.078125
9.965000	1.508789	0.351562
9.970000	1.274414	0.595703
9.975000	0.888672	0.654297
9.980000	0.449219	0.605469
9.985000	0.039062	0.488281
9.990000	-0.283203	0.097656
9.995000	-0.341797	-0.659180
10.000000	0.087891	-1.054688
