# Time_s	x	xdot
0.000000	-0.273438	-0.268555
0.005000	-0.097656	-0.717773
0.010000	0.366211	-0.668945
0.015000	0.800781	-0.312500
0.020000	1.000977	0.117188
0.025000	0.927734	0.444336
0.030000	0.625000	0.610352
0.035000	0.219727	0.625000
0.040000	-0.200195	0.410156
0.045000	-0.458984	-0.410156
0.050000	-0.180664	-1.279297
0.055000	0.649414	-1.328125
0.060000	1.523438	-0.820312
0.065000	2.065430	-0.141602
0.070000	2.158203	0.415039
0.075000	1.879883	0.722656
0.080000	1.401367	0.781250
0.085000	0.883789	0.683594
0.090000	0.419922	0.527344
0.095000	0.063477	0.380859
0.100000	-0.190430	0.112305
0.105000	-0.263672	-0.424805
0.110000	0.009766	-0.751953
0.115000	0.498047	-0.590820
0.120000	0.883789	-0.190430
0.125000	1.005859	0.219727
0.130000	0.859375	0.502930
0.135000	0.527344	0.625000
0.140000	0.102539	0.610352
0.145000	-0.297852	0.244141
0.150000	-0.449219	-0.693359
0.155000	0.009766	-1.376953
0.160000	0.908203	-1.235352
0.165000	1.713867	-0.634766
0.170000	2.133789	0.029297
0.175000	2.114258	0.527344
0.180000	1.767578	0.756836
0.185000	1.259766	0.766602
0.190000	0.747070	0.644531
0.195000	0.312500	0.488281
0.200000	-0.014648	0.336914
0.205000	-0.239258	-0.009766
0.210000	-0.224609	-0.566406
0.215000	0.136719	-0.747070
0.220000	0.620117	-0.493164
0.225000	0.947266	-0.073242
0.230000	0.996094	0.307617
0.235000	0.781250	0.551758
0.240000	0.410156	0.629883
0.245000	-0.009766	0.571289
0.250000	-0.380859	0.034180
0.255000	-0.390625	-0.961914
0.260000	0.229492	-1.401367
0.265000	1.152344	-1.098633
0.270000	1.870117	-0.449219
0.275000	2.172852	0.185547
0.280000	2.045898	0.615234
0.285000	1.635742	0.781250
0.290000	1.123047	0.742188
0.295000	0.620117	0.600586
0.300000	0.214844	0.444336
0.305000	-0.087891	0.273438
0.310000	-0.263672	-0.161133
0.315000	-0.156250	-0.668945
0.320000	0.273438	-0.708008
0.325000	0.732422	-0.385742
0.330000	0.986328	0.043945
0.335000	0.957031	0.395508
0.340000	0.693359	0.590820
0.345000	0.297852	0.629883
0.350000	-0.126953	0.488281
0.355000	-0.439453	-0.224609
0.360000	-0.283203	-1.181641
0.365000	0.478516	-1.376953
0.370000	1.376953	-0.937500
0.375000	2.001953	-0.263672
0.380000	2.172852	0.327148
0.385000	1.958008	0.683594
0.390000	1.499023	0.786133
0.395000	0.981445	0.708008
0.400000	0.502930	0.556641
0.405000	0.122070	0.410156
0.410000	-0.156250	0.185547
0.415000	-0.278320	-0.317383
0.420000	-0.063477	-0.732422
0.425000	0.410156	-0.644531
0.430000	0.834961	-0.268555
0.435000	1.005859	0.146484
0.440000	0.903320	0.463867
0.445000	0.595703	0.615234
0.450000	0.180664	0.620117
0.455000	-0.234375	0.361328
0.460000	-0.463867	-0.502930
0.465000	-0.122070	-1.318359
0.470000	0.732422	-1.303711
0.475000	1.586914	-0.766602
0.480000	2.089844	-0.087891
0.485000	2.148438	0.454102
0.490000	1.855469	0.732422
0.495000	1.357422	0.776367
0.500000	0.844727	0.668945
0.505000	0.385742	0.517578
0.510000	0.039062	0.371094
0.515000	-0.209961	0.073242
0.520000	-0.253906	-0.473633
0.525000	0.048828	-0.751953
0.530000	0.541992	-0.556641
0.535000	0.908203	-0.151367
0.540000	1.005859	0.253906
0.545000	0.839844	0.517578
0.550000	0.488281	0.625000
0.555000	0.063477	0.605469
0.560000	-0.327148	0.185547
0.565000	-0.439453	-0.786133
0.570000	0.073242	-1.391602
0.575000	0.986328	-1.196289
0.580000	1.767578	-0.581055
0.585000	2.148438	0.083008
0.590000	2.094727	0.556641
0.595000	1.728516	0.766602
0.600000	1.220703	0.761719
0.605000	0.708008	0.629883
0.610000	0.283203	0.473633
0.615000	-0.039062	0.322266
0.620000	-0.249023	-0.058594
0.625000	-0.205078	-0.605469
0.630000	0.180664	-0.737305
0.635000	0.659180	-0.458984
0.640000	0.961914	-0.034180
0.645000	0.986328	0.336914
0.650000	0.756836	0.566406
0.655000	0.375977	0.634766
0.660000	-0.043945	0.551758
0.665000	-0.400391	-0.039062
0.670000	-0.366211	-1.040039
0.675000	0.307617	-1.401367
0.680000	1.230469	-1.049805
0.685000	1.914062	-0.390625
0.690000	2.167969	0.234375
0.695000	2.016602	0.639648
0.700000	1.596680	0.781250
0.705000	1.074219	0.727539
0.710000	0.581055	0.590820
0.715000	0.180664	0.434570
0.720000	-0.107422	0.253906
0.725000	-0.273438	-0.209961
0.730000	-0.131836	-0.693359
0.735000	0.317383	-0.688477
0.740000	0.766602	-0.351562
0.745000	0.996094	0.078125
0.750000	0.942383	0.419922
0.755000	0.664062	0.595703
0.760000	0.258789	0.625000
0.765000	-0.161133	0.458984
0.770000	-0.449219	-0.307617
0.775000	-0.239258	-1.230469
0.780000	0.556641	-1.357422
0.785000	1.445312	-0.883789
0.790000	2.031250	-0.205078
0.795000	2.172852	0.371094
0.800000	1.923828	0.698242
0.805000	1.455078	0.781250
0.810000	0.932617	0.698242
0.815000	0.463867	0.541992
0.820000	0.097656	0.400391
0.825000	-0.170898	0.156250
0.830000	-0.273438	-0.366211
0.835000	-0.029297	-0.747070
0.840000	0.449219	-0.625000
0.845000	0.854492	-0.234375
0.850000	1.005859	0.180664
0.855000	0.888672	0.483398
0.860000	0.566406	0.615234
0.865000	0.146484	0.615234
0.870000	-0.263672	0.312500
0.875000	-0.458984	-0.595703
0.880000	-0.068359	-1.347656
0.885000	0.810547	-1.269531
0.890000	1.650391	-0.708008
0.895000	2.114258	-0.029297
0.900000	2.133789	0.488281
0.905000	1.811523	0.747070
0.910000	1.308594	0.771484
0.915000	0.795898	0.659180
0.920000	0.351562	0.498047
0.925000	0.009766	0.356445
0.930000	-0.219727	0.034180
0.935000	-0.244141	-0.517578
0.940000	0.087891	-0.751953
0.945000	0.581055	-0.532227
0.950000	0.932617	-0.117188
0.955000	1.000977	0.283203
0.960000	0.815430	0.537109
0.965000	0.454102	0.629883
0.970000	0.029297	0.590820
0.975000	-0.356445	0.117188
0.980000	-0.419922	-0.869141
0.985000	0.146484	-1.401367
0.990000	1.064453	-1.152344
0.995000	1.821289	-0.522461
1.000000	2.163086	0.131836
1.005000	2.075195	0.581055
1.010000	1.684570	0.771484
1.015000	1.171875	0.751953
1.020000	0.668945	0.615234
1.025000	0.253906	0.458984
1.030000	-0.058594	0.302734
1.035000	-0.258789	-0.107422
1.040000	-0.185547	-0.639648
1.045000	0.224609	-0.727539
1.050000	0.698242	-0.429688
1.055000	0.976562	0.000000
1.060000	0.971680	0.366211
1.065000	0.727539	0.576172
1.070000	0.336914	0.629883
1.075000	-0.083008	0.527344
1.080000	-0.419922	-0.122070
1.085000	-0.332031	-1.108398
1.090000	0.385742	-1.391602
1.095000	1.293945	-1.000977
1.100000	1.953125	-0.332031
1.105000	2.172852	0.278320
1.110000	1.987305	0.659180
1.115000	1.547852	0.781250
1.120000	1.030273	0.727539
1.125000	0.546875	0.576172
1.130000	0.151367	0.419922
1.135000	-0.126953	0.224609
1.140000	-0.273438	-0.258789
1.145000	-0.102539	-0.712891
1.150000	0.356445	-0.673828
1.155000	0.800781	-0.312500
1.160000	1.005859	0.112305
1.165000	0.927734	0.439453
1.170000	0.629883	0.610352
1.175000	0.224609	0.625000
1.180000	-0.195312	0.415039
1.185000	-0.458984	-0.395508
1.190000	-0.190430	-1.269531
1.195000	0.634766	-1.337891
1.200000	1.508789	-0.830078
1.205000	2.060547	-0.151367
1.210000	2.163086	0.410156
1.215000	1.889648	0.722656
1.220000	1.411133	0.781250
1.225000	0.888672	0.688477
1.230000	0.429688	0.532227
1.235000	0.068359	0.380859
1.240000	-0.185547	0.117188
1.245000	-0.263672	-0.415039
1.250000	0.004883	-0.751953
1.255000	0.488281	-0.595703
1.260000	0.883789	-0.195312
1.265000	1.005859	0.214844
1.270000	0.864258	0.498047
1.275000	0.532227	0.620117
1.280000	0.107422	0.610352
1.285000	-0.292969	0.258789
1.290000	-0.449219	-0.678711
1.295000	-0.004883	-1.372070
1.300000	0.893555	-1.240234
1.305000	1.704102	-0.644531
1.310000	2.133789	0.024414
1.315000	2.119141	0.522461
1.320000	1.772461	0.756836
1.325000	1.269531	0.771484
1.330000	0.756836	0.644531
1.335000	0.322266	0.488281
1.340000	-0.009766	0.341797
1.345000	-0.234375	-0.004883
1.350000	-0.224609	-0.556641
1.355000	0.131836	-0.751953
1.360000	0.615234	-0.498047
1.365000	0.942383	-0.078125
1.370000	0.996094	0.307617
1.375000	0.786133	0.546875
1.380000	0.419922	0.629883
1.385000	-0.009766	0.576172
1.390000	-0.375977	0.048828
1.395000	-0.395508	-0.947266
1.400000	0.219727	-1.406250
1.405000	1.142578	-1.103516
1.410000	1.865234	-0.458984
1.415000	2.167969	0.180664
1.420000	2.050781	0.610352
1.425000	1.640625	0.776367
1.430000	1.127930	0.747070
1.435000	0.625000	0.605469
1.440000	0.219727	0.449219
1.445000	-0.083008	0.278320
1.450000	-0.263672	-0.156250
1.455000	-0.161133	-0.668945
1.460000	0.263672	-0.712891
1.465000	0.727539	-0.390625
1.470000	0.986328	0.034180
1.475000	0.961914	0.390625
1.480000	0.698242	0.590820
1.485000	0.302734	0.629883
1.490000	-0.117188	0.498047
1.495000	-0.439453	-0.205078
1.500000	-0.292969	-1.171875
1.505000	0.463867	-1.381836
1.510000	1.362305	-0.947266
1.515000	1.992188	-0.273438
1.520000	2.172852	0.322266
1.525000	1.962891	0.678711
1.530000	1.508789	0.786133
1.535000	0.986328	0.712891
1.540000	0.507812	0.561523
1.545000	0.126953	0.410156
1.550000	-0.151367	0.195312
1.555000	-0.273438	-0.312500
1.560000	-0.068359	-0.732422
1.565000	0.400391	-0.649414
1.570000	0.825195	-0.278320
1.575000	1.005859	0.146484
1.580000	0.908203	0.458984
1.585000	0.600586	0.615234
1.590000	0.185547	0.620117
1.595000	-0.224609	0.371094
1.600000	-0.458984	-0.488281
1.605000	-0.136719	-1.308594
1.610000	0.717773	-1.303711
1.615000	1.572266	-0.776367
1.620000	2.089844	-0.092773
1.625000	2.148438	0.449219
1.630000	1.855469	0.727539
1.635000	1.362305	0.781250
1.640000	0.849609	0.668945
1.645000	0.390625	0.517578
1.650000	0.039062	0.371094
1.655000	-0.205078	0.087891
1.660000	-0.258789	-0.463867
1.665000	0.043945	-0.751953
1.670000	0.532227	-0.571289
1.675000	0.903320	-0.156250
1.680000	1.005859	0.244141
1.685000	0.844727	0.517578
1.690000	0.493164	0.625000
1.695000	0.073242	0.605469
1.700000	-0.322266	0.200195
1.705000	-0.439453	-0.771484
1.710000	0.063477	-1.386719
1.715000	0.971680	-1.201172
1.720000	1.757812	-0.590820
1.725000	2.148438	0.068359
1.730000	2.099609	0.551758
1.735000	1.733398	0.766602
1.740000	1.230469	0.761719
1.745000	0.712891	0.629883
1.750000	0.288086	0.473633
1.755000	-0.034180	0.322266
1.760000	-0.249023	-0.048828
1.765000	-0.209961	-0.600586
1.770000	0.170898	-0.742188
1.775000	0.654297	-0.468750
1.780000	0.961914	-0.039062
1.785000	0.986328	0.332031
1.790000	0.761719	0.566406
1.795000	0.380859	0.629883
1.800000	-0.039062	0.551758
1.805000	-0.400391	-0.029297
1.810000	-0.366211	-1.025391
1.815000	0.297852	-1.406250
1.820000	1.215820	-1.059570
1.825000	1.909180	-0.400391
1.830000	2.172852	0.229492
1.835000	2.021484	0.634766
1.840000	1.601562	0.781250
1.845000	1.083984	0.732422
1.850000	0.585938	0.590820
1.855000	0.190430	0.434570
1.860000	-0.102539	0.258789
1.865000	-0.273438	-0.200195
1.870000	-0.136719	-0.693359
1.875000	0.312500	-0.698242
1.880000	0.761719	-0.356445
1.885000	0.996094	0.068359
1.890000	0.942383	0.415039
1.895000	0.668945	0.595703
1.900000	0.268555	0.625000
1.905000	-0.156250	0.458984
1.910000	-0.449219	-0.292969
1.915000	-0.249023	-1.225586
1.920000	0.541992	-1.362305
1.925000	1.435547	-0.893555
1.930000	2.026367	-0.219727
1.935000	2.172852	0.361328
1.940000	1.928711	0.698242
1.945000	1.459961	0.786133
1.950000	0.942383	0.698242
1.955000	0.468750	0.546875
1.960000	0.102539	0.400391
1.965000	-0.166016	0.161133
1.970000	-0.268555	-0.361328
1.975000	-0.039062	-0.742188
1.980000	0.444336	-0.629883
1.985000	0.854492	-0.244141
1.990000	1.005859	0.175781
1.995000	0.888672	0.483398
2.000000	0.566406	0.615234
2.005000	0.151367	0.615234
2.010000	-0.253906	0.322266
2.015000	-0.458984	-0.576172
2.020000	-0.078125	-1.337891
2.025000	0.800781	-1.274414
2.030000	1.635742	-0.712891
2.035000	2.109375	-0.039062
2.040000	2.133789	0.478516
2.045000	1.816406	0.747070
2.050000	1.318359	0.771484
2.055000	0.805664	0.659180
2.060000	0.361328	0.502930
2.065000	0.019531	0.361328
2.070000	-0.219727	0.043945
2.075000	-0.244141	-0.507812
2.080000	0.083008	-0.751953
2.085000	0.576172	-0.537109
2.090000	0.927734	-0.117188
2.095000	1.000977	0.273438
2.100000	0.815430	0.532227
2.105000	0.458984	0.629883
2.110000	0.034180	0.590820
2.115000	-0.351562	0.131836
2.120000	-0.424805	-0.854492
2.125000	0.131836	-1.401367
2.130000	1.049805	-1.162109
2.135000	1.806641	-0.527344
2.140000	2.163086	0.122070
2.145000	2.075195	0.581055
2.150000	1.694336	0.771484
2.155000	1.186523	0.751953
2.160000	0.673828	0.615234
2.165000	0.258789	0.458984
2.170000	-0.053711	0.302734
2.175000	-0.258789	-0.097656
2.180000	-0.190430	-0.634766
2.185000	0.214844	-0.727539
2.190000	0.688477	-0.434570
2.195000	0.966797	-0.004883
2.200000	0.976562	0.361328
2.205000	0.732422	0.576172
2.210000	0.346680	0.629883
2.215000	-0.078125	0.532227
2.220000	-0.419922	-0.107422
2.225000	-0.332031	-1.098633
2.230000	0.371094	-1.396484
2.235000	1.284180	-1.010742
2.240000	1.943359	-0.341797
2.245000	2.172852	0.273438
2.250000	1.997070	0.654297
2.255000	1.557617	0.781250
2.260000	1.040039	0.727539
2.265000	0.551758	0.576172
2.270000	0.161133	0.419922
2.275000	-0.126953	0.229492
2.280000	-0.273438	-0.253906
2.285000	-0.107422	-0.712891
2.290000	0.351562	-0.673828
2.295000	0.791016	-0.317383
2.300000	1.000977	0.107422
2.305000	0.932617	0.439453
2.310000	0.639648	0.610352
2.315000	0.234375	0.625000
2.320000	-0.185547	0.424805
2.325000	-0.454102	-0.380859
2.330000	-0.200195	-1.264648
2.335000	0.625000	-1.337891
2.340000	1.503906	-0.839844
2.345000	2.055664	-0.161133
2.350000	2.167969	0.405273
2.355000	1.894531	0.717773
2.360000	1.416016	0.781250
2.365000	0.903320	0.688477
2.370000	0.434570	0.537109
2.375000	0.073242	0.385742
2.380000	-0.185547	0.126953
2.385000	-0.263672	-0.410156
2.390000	0.000000	-0.747070
2.395000	0.483398	-0.600586
2.400000	0.878906	-0.205078
2.405000	1.005859	0.214844
2.410000	0.864258	0.498047
2.415000	0.537109	0.620117
2.420000	0.117188	0.615234
2.425000	-0.288086	0.268555
2.430000	-0.454102	-0.664062
2.435000	-0.014648	-1.367188
2.440000	0.883789	-1.245117
2.445000	1.699219	-0.654297
2.450000	2.128906	0.009766
2.455000	2.119141	0.512695
2.460000	1.782227	0.751953
2.465000	1.269531	0.771484
2.470000	0.766602	0.649414
2.475000	0.327148	0.493164
2.480000	-0.004883	0.341797
2.485000	-0.234375	0.000000
2.490000	-0.229492	-0.551758
2.495000	0.122070	-0.751953
2.500000	0.610352	-0.507812
2.505000	0.942383	-0.083008
2.510000	0.991211	0.302734
2.515000	0.791016	0.546875
2.520000	0.424805	0.629883
2.525000	0.000000	0.576172
2.530000	-0.375977	0.058594
2.535000	-0.400391	-0.937500
2.540000	0.205078	-1.406250
2.545000	1.127930	-1.118164
2.550000	1.855469	-0.468750
2.555000	2.172852	0.170898
2.560000	2.055664	0.605469
2.565000	1.650391	0.776367
2.570000	1.137695	0.747070
2.575000	0.634766	0.610352
2.580000	0.229492	0.454102
2.585000	-0.083008	0.283203
2.590000	-0.268555	-0.146484
2.595000	-0.166016	-0.664062
2.600000	0.253906	-0.712891
2.605000	0.727539	-0.400391
2.610000	0.986328	0.029297
2.615000	0.961914	0.385742
2.620000	0.698242	0.585938
2.625000	0.307617	0.629883
2.630000	-0.112305	0.502930
2.635000	-0.439453	-0.190430
2.640000	-0.297852	-1.162109
2.645000	0.449219	-1.386719
2.650000	1.352539	-0.957031
2.655000	1.987305	-0.283203
2.660000	2.172852	0.312500
2.665000	1.962891	0.673828
2.670000	1.513672	0.786133
2.675000	0.991211	0.712891
2.680000	0.512695	0.561523
2.685000	0.131836	0.415039
2.690000	-0.146484	0.200195
2.695000	-0.273438	-0.302734
2.700000	-0.078125	-0.727539
2.705000	0.390625	-0.649414
2.710000	0.820312	-0.283203
2.715000	1.005859	0.141602
2.720000	0.913086	0.458984
2.725000	0.610352	0.615234
2.730000	0.195312	0.620117
2.735000	-0.219727	0.380859
2.740000	-0.458984	-0.468750
2.745000	-0.146484	-1.308594
2.750000	0.703125	-1.313477
2.755000	1.562500	-0.786133
2.760000	2.084961	-0.102539
2.765000	2.153320	0.444336
2.770000	1.860352	0.732422
2.775000	1.372070	0.781250
2.780000	0.854492	0.678711
2.785000	0.395508	0.517578
2.790000	0.048828	0.375977
2.795000	-0.205078	0.087891
2.800000	-0.258789	-0.458984
2.805000	0.034180	-0.751953
2.810000	0.527344	-0.571289
2.815000	0.898438	-0.166016
2.820000	1.005859	0.239258
2.825000	0.849609	0.517578
2.830000	0.498047	0.625000
2.835000	0.078125	0.605469
2.840000	-0.317383	0.205078
2.845000	-0.439453	-0.751953
2.850000	0.053711	-1.386719
2.855000	0.957031	-1.210938
2.860000	1.748047	-0.600586
2.865000	2.143555	0.063477
2.870000	2.099609	0.546875
2.875000	1.738281	0.766602
2.880000	1.235352	0.761719
2.885000	0.722656	0.634766
2.890000	0.292969	0.478516
2.895000	-0.029297	0.327148
2.900000	-0.244141	-0.039062
2.905000	-0.209961	-0.590820
2.910000	0.161133	-0.742188
2.915000	0.649414	-0.473633
2.920000	0.957031	-0.043945
2.925000	0.986328	0.332031
2.930000	0.761719	0.561523
2.935000	0.390625	0.629883
2.940000	-0.034180	0.556641
2.945000	-0.395508	-0.014648
2.950000	-0.375977	-1.015625
2.955000	0.278320	-1.406250
2.960000	1.201172	-1.069336
2.965000	1.899414	-0.415039
2.970000	2.172852	0.219727
2.975000	2.026367	0.629883
2.980000	1.606445	0.781250
2.985000	1.088867	0.732422
2.990000	0.600586	0.595703
2.995000	0.190430	0.434570
3.000000	-0.102539	0.258789
3.005000	-0.268555	-0.195312
3.010000	-0.136719	-0.683594
3.015000	0.302734	-0.698242
3.020000	0.756836	-0.366211
3.025000	0.996094	0.068359
3.030000	0.947266	0.415039
3.035000	0.673828	0.595703
3.040000	0.273438	0.625000
3.045000	-0.146484	0.463867
3.050000	-0.449219	-0.278320
3.055000	-0.258789	-1.215820
3.060000	0.532227	-1.367188
3.065000	1.425781	-0.903320
3.070000	2.021484	-0.224609
3.075000	2.172852	0.356445
3.080000	1.933594	0.693359
3.085000	1.469727	0.786133
3.090000	0.952148	0.698242
3.095000	0.473633	0.546875
3.100000	0.102539	0.400391
3.105000	-0.166016	0.166016
3.110000	-0.273438	-0.351562
3.115000	-0.043945	-0.742188
3.120000	0.434570	-0.629883
3.125000	0.849609	-0.249023
3.130000	1.005859	0.170898
3.135000	0.893555	0.473633
3.140000	0.576172	0.615234
3.145000	0.156250	0.615234
3.150000	-0.249023	0.332031
3.155000	-0.458984	-0.561523
3.160000	-0.087891	-1.337891
3.165000	0.786133	-1.284180
3.170000	1.625977	-0.722656
3.175000	2.099609	-0.043945
3.180000	2.138672	0.473633
3.185000	1.821289	0.742188
3.190000	1.328125	0.776367
3.195000	0.815430	0.664062
3.200000	0.366211	0.502930
3.205000	0.019531	0.361328
3.210000	-0.219727	0.053711
3.215000	-0.244141	-0.498047
3.220000	0.073242	-0.751953
3.225000	0.566406	-0.541992
3.230000	0.922852	-0.126953
3.235000	1.005859	0.268555
3.240000	0.820312	0.532227
3.245000	0.463867	0.625000
3.250000	0.043945	0.595703
3.255000	-0.341797	0.141602
3.260000	-0.424805	-0.839844
3.265000	0.122070	-1.401367
3.270000	1.035156	-1.171875
3.275000	1.796875	-0.537109
3.280000	2.158203	0.117188
3.285000	2.080078	0.576172
3.290000	1.699219	0.771484
3.295000	1.191406	0.756836
3.300000	0.683594	0.620117
3.305000	0.263672	0.463867
3.310000	-0.053711	0.307617
3.315000	-0.253906	-0.092773
3.320000	-0.195312	-0.625000
3.325000	0.209961	-0.732422
3.330000	0.683594	-0.439453
3.335000	0.971680	-0.009766
3.340000	0.976562	0.356445
3.345000	0.737305	0.571289
3.350000	0.356445	0.629883
3.355000	-0.073242	0.537109
3.360000	-0.415039	-0.092773
3.365000	-0.341797	-1.083984
3.370000	0.356445	-1.396484
3.375000	1.269531	-1.020508
3.380000	1.938477	-0.351562
3.385000	2.172852	0.263672
3.390000	2.001953	0.649414
3.395000	1.567383	0.781250
3.400000	1.049805	0.732422
3.405000	0.556641	0.581055
3.410000	0.166016	0.424805
3.415000	-0.122070	0.234375
3.420000	-0.273438	-0.244141
3.425000	-0.112305	-0.708008
3.430000	0.346680	-0.678711
3.435000	0.786133	-0.322266
3.440000	1.000977	0.097656
3.445000	0.932617	0.434570
3.450000	0.644531	0.605469
3.455000	0.234375	0.625000
3.460000	-0.180664	0.434570
3.465000	-0.454102	-0.366211
3.470000	-0.205078	-1.254883
3.475000	0.610352	-1.347656
3.480000	1.484375	-0.849609
3.485000	2.050781	-0.170898
3.490000	2.167969	0.395508
3.495000	1.899414	0.712891
3.500000	1.420898	0.781250
3.505000	0.913086	0.693359
3.510000	0.439453	0.537109
3.515000	0.078125	0.390625
3.520000	-0.185547	0.136719
3.525000	-0.268555	-0.400391
3.530000	-0.004883	-0.751953
3.535000	0.478516	-0.605469
3.540000	0.874023	-0.209961
3.545000	1.005859	0.205078
3.550000	0.874023	0.493164
3.555000	0.541992	0.620117
3.560000	0.122070	0.615234
3.565000	-0.288086	0.278320
3.570000	-0.454102	-0.649414
3.575000	-0.024414	-1.367188
3.580000	0.864258	-1.250000
3.585000	1.684570	-0.664062
3.590000	2.124023	0.004883
3.595000	2.124023	0.507812
3.600000	1.787109	0.751953
3.605000	1.284180	0.771484
3.610000	0.771484	0.649414
3.615000	0.332031	0.488281
3.620000	-0.004883	0.346680
3.625000	-0.234375	0.004883
3.630000	-0.234375	-0.546875
3.635000	0.117188	-0.751953
3.640000	0.605469	-0.512695
3.645000	0.937500	-0.087891
3.650000	1.000977	0.297852
3.655000	0.795898	0.541992
3.660000	0.429688	0.629883
3.665000	0.004883	0.576172
3.670000	-0.371094	0.073242
3.675000	-0.405273	-0.922852
3.680000	0.195312	-1.401367
3.685000	1.113281	-1.123047
3.690000	1.850586	-0.478516
3.695000	2.172852	0.161133
3.700000	2.055664	0.600586
3.705000	1.660156	0.776367
3.710000	1.147461	0.751953
3.715000	0.639648	0.610352
3.720000	0.229492	0.454102
3.725000	-0.078125	0.288086
3.730000	-0.263672	-0.136719
3.735000	-0.170898	-0.654297
3.740000	0.253906	-0.717773
3.745000	0.722656	-0.405273
3.750000	0.986328	0.024414
3.755000	0.966797	0.380859
3.760000	0.708008	0.585938
3.765000	0.317383	0.629883
3.770000	-0.107422	0.507812
3.775000	-0.434570	-0.175781
3.780000	-0.307617	-1.152344
3.785000	0.434570	-1.386719
3.790000	1.342773	-0.966797
3.795000	1.977539	-0.292969
3.800000	2.172852	0.307617
3.805000	1.972656	0.673828
3.810000	1.523438	0.781250
3.815000	1.000977	0.722656
3.820000	0.522461	0.566406
3.825000	0.136719	0.415039
3.830000	-0.141602	0.205078
3.835000	-0.273438	-0.292969
3.840000	-0.083008	-0.722656
3.845000	0.385742	-0.659180
3.850000	0.815430	-0.292969
3.855000	1.005859	0.136719
3.860000	0.917969	0.454102
3.865000	0.610352	0.615234
3.870000	0.200195	0.620117
3.875000	-0.214844	0.385742
3.880000	-0.458984	-0.454102
3.885000	-0.156250	-1.293945
3.890000	0.688477	-1.318359
3.895000	1.552734	-0.791016
3.900000	2.080078	-0.112305
3.905000	2.153320	0.429688
3.910000	1.865234	0.732422
3.915000	1.376953	0.781250
3.920000	0.864258	0.678711
3.925000	0.405273	0.522461
3.930000	0.053711	0.375977
3.935000	-0.200195	0.097656
3.940000	-0.258789	-0.449219
3.945000	0.024414	-0.751953
3.950000	0.522461	-0.576172
3.955000	0.898438	-0.170898
3.960000	1.005859	0.234375
3.965000	0.849609	0.517578
3.970000	0.507812	0.625000
3.975000	0.083008	0.605469
3.980000	-0.317383	0.219727
3.985000	-0.444336	-0.737305
3.990000	0.039062	-1.381836
3.995000	0.942383	-1.215820
4.000000	1.733398	-0.605469
4.005000	2.138672	0.053711
4.010000	2.109375	0.537109
4.015000	1.748047	0.766602
4.020000	1.240234	0.766602
4.025000	0.727539	0.639648
4.030000	0.297852	0.478516
4.035000	-0.024414	0.336914
4.040000	-0.244141	-0.039062
4.045000	-0.214844	-0.585938
4.050000	0.156250	-0.742188
4.055000	0.639648	-0.478516
4.060000	0.952148	-0.053711
4.065000	0.986328	0.327148
4.070000	0.771484	0.561523
4.075000	0.395508	0.629883
4.080000	-0.024414	0.566406
4.085000	-0.390625	0.000000
4.090000	-0.375977	-1.000977
4.095000	0.268555	-1.406250
4.100000	1.191406	-1.079102
4.105000	1.889648	-0.415039
4.110000	2.172852	0.209961
4.115000	2.036133	0.620117
4.120000	1.616211	0.781250
4.125000	1.098633	0.737305
4.130000	0.605469	0.595703
4.135000	0.200195	0.439453
4.140000	-0.092773	0.263672
4.145000	-0.273438	-0.185547
4.150000	-0.146484	-0.683594
4.155000	0.297852	-0.703125
4.160000	0.751953	-0.371094
4.165000	0.996094	0.058594
4.170000	0.947266	0.405273
4.175000	0.678711	0.595703
4.180000	0.278320	0.625000
4.185000	-0.141602	0.473633
4.190000	-0.444336	-0.263672
4.195000	-0.263672	-1.206055
4.200000	0.517578	-1.367188
4.205000	1.411133	-0.913086
4.210000	2.016602	-0.234375
4.215000	2.172852	0.346680
4.220000	1.938477	0.693359
4.225000	1.479492	0.786133
4.230000	0.957031	0.703125
4.235000	0.483398	0.551758
4.240000	0.112305	0.405273
4.245000	-0.166016	0.175781
4.250000	-0.273438	-0.341797
4.255000	-0.048828	-0.737305
4.260000	0.429688	-0.634766
4.265000	0.844727	-0.253906
4.270000	1.005859	0.166016
4.275000	0.893555	0.473633
4.280000	0.581055	0.615234
4.285000	0.166016	0.615234
4.290000	-0.244141	0.336914
4.295000	-0.458984	-0.546875
4.300000	-0.097656	-1.333008
4.305000	0.771484	-1.289062
4.310000	1.616211	-0.732422
4.315000	2.099609	-0.058594
4.320000	2.138672	0.468750
4.325000	1.831055	0.737305
4.330000	1.333008	0.771484
4.335000	0.820312	0.668945
4.340000	0.371094	0.507812
4.345000	0.024414	0.366211
4.350000	-0.214844	0.053711
4.355000	-0.244141	-0.493164
4.360000	0.068359	-0.751953
4.365000	0.561523	-0.546875
4.370000	0.917969	-0.131836
4.375000	1.005859	0.263672
4.380000	0.825195	0.532227
4.385000	0.468750	0.625000
4.390000	0.043945	0.590820
4.395000	-0.341797	0.151367
4.400000	-0.429688	-0.825195
4.405000	0.107422	-1.396484
4.410000	1.025391	-1.176758
4.415000	1.787109	-0.551758
4.420000	2.153320	0.107422
4.425000	2.084961	0.571289
4.430000	1.704102	0.771484
4.435000	1.196289	0.756836
4.440000	0.688477	0.625000
4.445000	0.263672	0.463867
4.450000	-0.048828	0.307617
4.455000	-0.249023	-0.083008
4.460000	-0.195312	-0.625000
4.465000	0.200195	-0.732422
4.470000	0.678711	-0.444336
4.475000	0.966797	-0.014648
4.480000	0.981445	0.351562
4.485000	0.742188	0.571289
4.490000	0.361328	0.634766
4.495000	-0.068359	0.537109
4.500000	-0.415039	-0.078125
4.505000	-0.351562	-1.074219
4.510000	0.341797	-1.401367
4.515000	1.259766	-1.030273
4.520000	1.933594	-0.361328
4.525000	2.172852	0.258789
4.530000	2.006836	0.649414
4.535000	1.572266	0.781250
4.540000	1.054688	0.732422
4.545000	0.566406	0.581055
4.550000	0.170898	0.424805
4.555000	-0.122070	0.239258
4.560000	-0.273438	-0.234375
4.565000	-0.117188	-0.708008
4.570000	0.336914	-0.683594
4.575000	0.781250	-0.332031
4.580000	1.000977	0.092773
4.585000	0.932617	0.424805
4.590000	0.644531	0.605469
4.595000	0.244141	0.620117
4.600000	-0.175781	0.439453
4.605000	-0.454102	-0.346680
4.610000	-0.219727	-1.250000
4.615000	0.595703	-1.342773
4.620000	1.479492	-0.859375
4.625000	2.045898	-0.175781
4.630000	2.167969	0.385742
4.635000	1.904297	0.708008
4.640000	1.435547	0.781250
4.645000	0.917969	0.688477
4.650000	0.449219	0.537109
4.655000	0.078125	0.390625
4.660000	-0.180664	0.136719
4.665000	-0.268555	-0.395508
4.670000	-0.014648	-0.747070
4.675000	0.468750	-0.610352
4.680000	0.869141	-0.214844
4.685000	1.005859	0.200195
4.690000	0.878906	0.493164
4.695000	0.541992	0.620117
4.700000	0.126953	0.615234
4.705000	-0.283203	0.288086
4.710000	-0.454102	-0.634766
4.715000	-0.034180	-1.357422
4.720000	0.854492	-1.250000
4.725000	1.674805	-0.673828
4.730000	2.124023	-0.004883
4.735000	2.128906	0.502930
4.740000	1.787109	0.751953
4.745000	1.289062	0.766602
4.750000	0.776367	0.649414
4.755000	0.332031	0.493164
4.760000	0.000000	0.346680
4.765000	-0.229492	0.014648
4.770000	-0.239258	-0.537109
4.775000	0.107422	-0.751953
4.780000	0.600586	-0.517578
4.785000	0.932617	-0.097656
4.790000	0.996094	0.297852
4.795000	0.800781	0.541992
4.800000	0.434570	0.629883
4.805000	0.009766	0.581055
4.810000	-0.366211	0.083008
4.815000	-0.410156	-0.908203
4.820000	0.180664	-1.406250
4.825000	1.103516	-1.132812
4.830000	1.840820	-0.488281
4.835000	2.167969	0.151367
4.840000	2.060547	0.595703
4.845000	1.665039	0.771484
4.850000	1.152344	0.747070
4.855000	0.644531	0.615234
4.860000	0.234375	0.454102
4.865000	-0.073242	0.292969
4.870000	-0.263672	-0.126953
4.875000	-0.175781	-0.649414
4.880000	0.244141	-0.717773
4.885000	0.712891	-0.410156
4.890000	0.981445	0.014648
4.895000	0.961914	0.380859
4.900000	0.712891	0.581055
4.905000	0.322266	0.629883
4.910000	-0.097656	0.512695
4.915000	-0.429688	-0.161133
4.920000	-0.312500	-1.137695
4.925000	0.419922	-1.386719
4.930000	1.328125	-0.971680
4.935000	1.972656	-0.307617
4.940000	2.172852	0.302734
4.945000	1.977539	0.668945
4.950000	1.528320	0.786133
4.955000	1.010742	0.722656
4.960000	0.527344	0.571289
4.965000	0.141602	0.415039
4.970000	-0.141602	0.209961
4.975000	-0.273438	-0.288086
4.980000	-0.083008	-0.722656
4.985000	0.375977	-0.664062
4.990000	0.810547	-0.292969
4.995000	1.005859	0.131836
5.000000	0.922852	0.449219
5.005000	0.615234	0.615234
5.010000	0.209961	0.625000
5.015000	-0.209961	0.395508
5.020000	-0.458984	-0.439453
5.025000	-0.161133	-1.289062
5.030000	0.673828	-1.323242
5.035000	1.542969	-0.800781
5.040000	2.075195	-0.122070
5.045000	2.153320	0.429688
5.050000	1.870117	0.722656
5.055000	1.386719	0.776367
5.060000	0.869141	0.683594
5.065000	0.415039	0.527344
5.070000	0.053711	0.375977
5.075000	-0.200195	0.102539
5.080000	-0.263672	-0.439453
5.085000	0.024414	-0.751953
5.090000	0.512695	-0.585938
5.095000	0.893555	-0.175781
5.100000	1.005859	0.229492
5.105000	0.854492	0.512695
5.110000	0.512695	0.625000
5.115000	0.092773	0.610352
5.120000	-0.312500	0.229492
5.125000	-0.444336	-0.727539
5.130000	0.024414	-1.381836
5.135000	0.932617	-1.225586
5.140000	1.733398	-0.620117
5.145000	2.138672	0.043945
5.150000	2.109375	0.537109
5.155000	1.752930	0.761719
5.160000	1.245117	0.766602
5.165000	0.737305	0.639648
5.170000	0.302734	0.478516
5.175000	-0.019531	0.336914
5.180000	-0.244141	-0.024414
5.185000	-0.219727	-0.576172
5.190000	0.151367	-0.747070
5.195000	0.634766	-0.488281
5.200000	0.952148	-0.058594
5.205000	0.991211	0.322266
5.210000	0.776367	0.556641
5.215000	0.400391	0.629883
5.220000	-0.019531	0.561523
5.225000	-0.390625	0.009766
5.230000	-0.385742	-0.986328
5.235000	0.253906	-1.406250
5.240000	1.176758	-1.083984
5.245000	1.884766	-0.429688
5.250000	2.172852	0.205078
5.255000	2.036133	0.620117
5.260000	1.625977	0.781250
5.265000	1.108398	0.742188
5.270000	0.610352	0.595703
5.275000	0.205078	0.444336
5.280000	-0.092773	0.268555
5.285000	-0.268555	-0.175781
5.290000	-0.151367	-0.678711
5.295000	0.288086	-0.708008
5.300000	0.747070	-0.375977
5.305000	0.991211	0.053711
5.310000	0.957031	0.400391
5.315000	0.683594	0.590820
5.320000	0.288086	0.625000
5.325000	-0.131836	0.483398
5.330000	-0.439453	-0.249023
5.335000	-0.273438	-1.196289
5.340000	0.502930	-1.367188
5.345000	1.396484	-0.922852
5.350000	2.006836	-0.244141
5.355000	2.172852	0.341797
5.360000	1.943359	0.688477
5.365000	1.484375	0.786133
5.370000	0.966797	0.703125
5.375000	0.493164	0.551758
5.380000	0.117188	0.405273
5.385000	-0.161133	0.180664
5.390000	-0.273438	-0.332031
5.395000	-0.053711	-0.737305
5.400000	0.419922	-0.634766
5.405000	0.844727	-0.258789
5.410000	1.005859	0.161133
5.415000	0.898438	0.468750
5.420000	0.585938	0.615234
5.425000	0.170898	0.615234
5.430000	-0.244141	0.351562
5.435000	-0.458984	-0.527344
5.440000	-0.107422	-1.328125
5.445000	0.761719	-1.293945
5.450000	1.606445	-0.747070
5.455000	2.094727	-0.068359
5.460000	2.143555	0.458984
5.465000	1.840820	0.737305
5.470000	1.342773	0.781250
5.475000	0.825195	0.668945
5.480000	0.375977	0.512695
5.485000	0.029297	0.371094
5.490000	-0.214844	0.063477
5.495000	-0.253906	-0.488281
5.500000	0.063477	-0.751953
5.505000	0.551758	-0.551758
5.510000	0.917969	-0.141602
5.515000	1.005859	0.258789
5.520000	0.830078	0.527344
5.525000	0.473633	0.625000
5.530000	0.053711	0.595703
5.535000	-0.336914	0.166016
5.540000	-0.434570	-0.810547
5.545000	0.097656	-1.396484
5.550000	1.010742	-1.186523
5.555000	1.782227	-0.561523
5.560000	2.153320	0.097656
5.565000	2.089844	0.566406
5.570000	1.708984	0.771484
5.575000	1.206055	0.761719
5.580000	0.698242	0.625000
5.585000	0.273438	0.468750
5.590000	-0.043945	0.312500
5.595000	-0.253906	-0.073242
5.600000	-0.200195	-0.615234
5.605000	0.190430	-0.732422
5.610000	0.673828	-0.449219
5.615000	0.966797	-0.024414
5.620000	0.981445	0.346680
5.625000	0.751953	0.566406
5.630000	0.366211	0.634766
5.635000	-0.058594	0.541992
5.640000	-0.410156	-0.063477
5.645000	-0.356445	-1.059570
5.650000	0.332031	-1.401367
5.655000	1.245117	-1.035156
5.660000	1.928711	-0.371094
5.665000	2.172852	0.249023
5.670000	2.011719	0.644531
5.675000	1.582031	0.781250
5.680000	1.059570	0.732422
5.685000	0.571289	0.581055
5.690000	0.175781	0.424805
5.695000	-0.117188	0.244141
5.700000	-0.273438	-0.224609
5.705000	-0.122070	-0.703125
5.710000	0.327148	-0.683594
5.715000	0.776367	-0.336914
5.720000	0.996094	0.083008
5.725000	0.937500	0.419922
5.730000	0.654297	0.605469
5.735000	0.253906	0.625000
5.740000	-0.166016	0.444336
5.745000	-0.449219	-0.332031
5.750000	-0.224609	-1.245117
5.755000	0.581055	-1.352539
5.760000	1.464844	-0.869141
5.765000	2.041016	-0.190430
5.770000	2.167969	0.380859
5.775000	1.909180	0.703125
5.780000	1.440430	0.781250
5.785000	0.922852	0.693359
5.790000	0.454102	0.537109
5.795000	0.087891	0.390625
5.800000	-0.175781	0.146484
5.805000	-0.268555	-0.385742
5.810000	-0.019531	-0.747070
5.815000	0.463867	-0.615234
5.820000	0.864258	-0.219727
5.825000	1.005859	0.195312
5.830000	0.878906	0.493164
5.835000	0.546875	0.620117
5.840000	0.136719	0.615234
5.845000	-0.268555	0.297852
5.850000	-0.458984	-0.620117
5.855000	-0.048828	-1.352539
5.860000	0.839844	-1.259766
5.865000	1.665039	-0.688477
5.870000	2.119141	-0.014648
5.875000	2.128906	0.498047
5.880000	1.796875	0.751953
5.885000	1.298828	0.771484
5.890000	0.786133	0.654297
5.895000	0.341797	0.498047
5.900000	0.004883	0.351562
5.905000	-0.224609	0.024414
5.910000	-0.239258	-0.527344
5.915000	0.102539	-0.747070
5.920000	0.590820	-0.522461
5.925000	0.932617	-0.102539
5.930000	0.996094	0.288086
5.935000	0.810547	0.541992
5.940000	0.444336	0.629883
5.945000	0.019531	0.581055
5.950000	-0.361328	0.097656
5.955000	-0.410156	-0.893555
5.960000	0.166016	-1.406250
5.965000	1.083984	-1.137695
5.970000	1.831055	-0.498047
5.975000	2.167969	0.146484
5.980000	2.065430	0.590820
5.985000	1.674805	0.776367
5.990000	1.162109	0.751953
5.995000	0.649414	0.615234
6.000000	0.244141	0.458984
6.005000	-0.068359	0.297852
6.010000	-0.258789	-0.117188
6.015000	-0.175781	-0.639648
6.020000	0.234375	-0.722656
6.025000	0.703125	-0.415039
6.030000	0.976562	0.009766
6.035000	0.966797	0.375977
6.040000	0.717773	0.576172
6.045000	0.327148	0.629883
6.050000	-0.092773	0.522461
6.055000	-0.424805	-0.146484
6.060000	-0.317383	-1.127930
6.065000	0.405273	-1.386719
6.070000	1.318359	-0.986328
6.075000	1.967773	-0.312500
6.080000	2.172852	0.292969
6.085000	1.977539	0.664062
6.090000	1.538086	0.786133
6.095000	1.015625	0.722656
6.100000	0.532227	0.571289
6.105000	0.146484	0.419922
6.110000	-0.136719	0.219727
6.115000	-0.278320	-0.273438
6.120000	-0.092773	-0.717773
6.125000	0.371094	-0.664062
6.130000	0.810547	-0.302734
6.135000	1.000977	0.122070
6.140000	0.927734	0.449219
6.145000	0.620117	0.615234
6.150000	0.214844	0.625000
6.155000	-0.205078	0.405273
6.160000	-0.458984	-0.424805
6.165000	-0.170898	-1.284180
6.170000	0.659180	-1.328125
6.175000	1.533203	-0.810547
6.180000	2.070312	-0.131836
6.185000	2.158203	0.419922
6.190000	1.875000	0.722656
6.195000	1.396484	0.776367
6.200000	0.878906	0.683594
6.205000	0.419922	0.527344
6.210000	0.063477	0.380859
6.215000	-0.195312	0.107422
6.220000	-0.263672	-0.434570
6.225000	0.014648	-0.751953
6.230000	0.507812	-0.585938
6.235000	0.888672	-0.185547
6.240000	1.005859	0.224609
6.245000	0.854492	0.507812
6.250000	0.522461	0.625000
6.255000	0.102539	0.610352
6.260000	-0.297852	0.239258
6.265000	-0.449219	-0.708008
6.270000	0.014648	-1.376953
6.275000	0.917969	-1.230469
6.280000	1.718750	-0.625000
6.285000	2.133789	0.039062
6.290000	2.109375	0.532227
6.295000	1.762695	0.756836
6.300000	1.254883	0.771484
6.305000	0.747070	0.644531
6.310000	0.312500	0.483398
6.315000	-0.014648	0.336914
6.320000	-0.244141	-0.019531
6.325000	-0.224609	-0.571289
6.330000	0.141602	-0.747070
6.335000	0.625000	-0.488281
6.340000	0.952148	-0.063477
6.345000	0.991211	0.312500
6.350000	0.781250	0.551758
6.355000	0.410156	0.629883
6.360000	-0.014648	0.566406
6.365000	-0.385742	0.024414
6.370000	-0.390625	-0.971680
6.375000	0.244141	-1.406250
6.380000	1.162109	-1.093750
6.385000	1.875000	-0.439453
6.390000	2.172852	0.195312
6.395000	2.041016	0.620117
6.400000	1.630859	0.781250
6.405000	1.113281	0.742188
6.410000	0.615234	0.600586
6.415000	0.209961	0.444336
6.420000	-0.087891	0.273438
6.425000	-0.263672	-0.166016
6.430000	-0.156250	-0.673828
6.435000	0.283203	-0.708008
6.440000	0.737305	-0.380859
6.445000	0.991211	0.043945
6.450000	0.957031	0.395508
6.455000	0.688477	0.590820
6.460000	0.292969	0.629883
6.465000	-0.126953	0.488281
6.470000	-0.439453	-0.234375
6.475000	-0.278320	-1.191406
6.480000	0.488281	-1.372070
6.485000	1.386719	-0.932617
6.490000	2.001953	-0.258789
6.495000	2.172852	0.332031
6.500000	1.948242	0.683594
6.505000	1.494141	0.781250
6.510000	0.971680	0.708008
6.515000	0.493164	0.551758
6.520000	0.117188	0.405273
6.525000	-0.156250	0.185547
6.530000	-0.273438	-0.327148
6.535000	-0.058594	-0.732422
6.540000	0.415039	-0.639648
6.545000	0.834961	-0.263672
6.550000	1.005859	0.151367
6.555000	0.903320	0.463867
6.560000	0.595703	0.615234
6.565000	0.175781	0.615234
6.570000	-0.239258	0.356445
6.575000	-0.458984	-0.512695
6.580000	-0.122070	-1.323242
6.585000	0.742188	-1.298828
6.590000	1.591797	-0.756836
6.595000	2.094727	-0.078125
6.600000	2.143555	0.458984
6.605000	1.840820	0.732422
6.610000	1.352539	0.776367
6.615000	0.839844	0.668945
6.620000	0.380859	0.512695
6.625000	0.029297	0.371094
6.630000	-0.209961	0.068359
6.635000	-0.253906	-0.478516
6.640000	0.053711	-0.751953
6.645000	0.546875	-0.561523
6.650000	0.908203	-0.146484
6.655000	1.005859	0.253906
6.660000	0.834961	0.522461
6.665000	0.483398	0.625000
6.670000	0.063477	0.595703
6.675000	-0.327148	0.175781
6.680000	-0.439453	-0.795898
6.685000	0.083008	-1.391602
6.690000	0.991211	-1.191406
6.695000	1.772461	-0.571289
6.700000	2.148438	0.087891
6.705000	2.094727	0.556641
6.710000	1.718750	0.771484
6.715000	1.215820	0.761719
6.720000	0.703125	0.629883
6.725000	0.278320	0.468750
6.730000	-0.043945	0.317383
6.735000	-0.249023	-0.063477
6.740000	-0.205078	-0.605469
6.745000	0.185547	-0.737305
6.750000	0.664062	-0.458984
6.755000	0.961914	-0.029297
6.760000	0.981445	0.341797
6.765000	0.756836	0.571289
6.770000	0.371094	0.629883
6.775000	-0.053711	0.541992
6.780000	-0.405273	-0.048828
6.785000	-0.361328	-1.044922
6.790000	0.317383	-1.401367
6.795000	1.235352	-1.044922
6.800000	1.918945	-0.380859
6.805000	2.172852	0.239258
6.810000	2.016602	0.639648
6.815000	1.586914	0.781250
6.820000	1.074219	0.732422
6.825000	0.576172	0.585938
6.830000	0.180664	0.434570
6.835000	-0.112305	0.249023
6.840000	-0.273438	-0.214844
6.845000	-0.131836	-0.698242
6.850000	0.322266	-0.688477
6.855000	0.771484	-0.346680
6.860000	0.991211	0.078125
6.865000	0.937500	0.415039
6.870000	0.659180	0.600586
6.875000	0.258789	0.625000
6.880000	-0.166016	0.458984
6.885000	-0.449219	-0.317383
6.890000	-0.239258	-1.240234
6.895000	0.566406	-1.357422
6.900000	1.450195	-0.878906
6.905000	2.031250	-0.195312
6.910000	2.172852	0.375977
6.915000	1.918945	0.703125
6.920000	1.450195	0.781250
6.925000	0.932617	0.698242
6.930000	0.463867	0.541992
6.935000	0.092773	0.390625
6.940000	-0.170898	0.151367
6.945000	-0.268555	-0.375977
6.950000	-0.024414	-0.747070
6.955000	0.458984	-0.620117
6.960000	0.859375	-0.229492
6.965000	1.005859	0.185547
6.970000	0.883789	0.488281
6.975000	0.561523	0.615234
6.980000	0.141602	0.610352
6.985000	-0.268555	0.307617
6.990000	-0.458984	-0.600586
6.995000	-0.058594	-1.347656
7.000000	0.820312	-1.264648
7.005000	1.655273	-0.698242
7.010000	2.114258	-0.024414
7.015000	2.128906	0.493164
7.020000	1.806641	0.747070
7.025000	1.303711	0.771484
7.030000	0.791016	0.654297
7.035000	0.346680	0.498047
7.040000	0.009766	0.356445
7.045000	-0.229492	0.029297
7.050000	-0.244141	-0.522461
7.055000	0.097656	-0.751953
7.060000	0.585938	-0.527344
7.065000	0.927734	-0.112305
7.070000	1.000977	0.283203
7.075000	0.810547	0.541992
7.080000	0.454102	0.625000
7.085000	0.024414	0.585938
7.090000	-0.361328	0.107422
7.095000	-0.415039	-0.878906
7.100000	0.151367	-1.406250
7.105000	1.074219	-1.152344
7.110000	1.821289	-0.512695
7.115000	2.163086	0.136719
7.120000	2.070312	0.585938
7.125000	1.679688	0.771484
7.130000	1.166992	0.747070
7.135000	0.664062	0.615234
7.140000	0.249023	0.458984
7.145000	-0.063477	0.297852
7.150000	-0.258789	-0.112305
7.155000	-0.180664	-0.639648
7.160000	0.229492	-0.727539
7.165000	0.698242	-0.419922
7.170000	0.976562	0.000000
7.175000	0.971680	0.366211
7.180000	0.722656	0.576172
7.185000	0.336914	0.629883
7.190000	-0.087891	0.522461
7.195000	-0.419922	-0.131836
7.200000	-0.327148	-1.118164
7.205000	0.390625	-1.391602
7.210000	1.303711	-0.996094
7.215000	1.958008	-0.322266
7.220000	2.172852	0.288086
7.225000	1.982422	0.664062
7.230000	1.542969	0.786133
7.235000	1.025391	0.727539
7.240000	0.541992	0.576172
7.245000	0.151367	0.419922
7.250000	-0.131836	0.219727
7.255000	-0.278320	-0.268555
7.260000	-0.097656	-0.712891
7.265000	0.366211	-0.668945
7.270000	0.805664	-0.312500
7.275000	1.005859	0.117188
7.280000	0.927734	0.444336
7.285000	0.625000	0.610352
7.290000	0.219727	0.625000
7.295000	-0.200195	0.410156
7.300000	-0.458984	-0.405273
7.305000	-0.180664	-1.274414
7.310000	0.644531	-1.328125
7.315000	1.518555	-0.820312
7.320000	2.065430	-0.141602
7.325000	2.163086	0.410156
7.330000	1.884766	0.717773
7.335000	1.401367	0.781250
7.340000	0.888672	0.683594
7.345000	0.424805	0.532227
7.350000	0.068359	0.380859
7.355000	-0.190430	0.117188
7.360000	-0.263672	-0.419922
7.365000	0.009766	-0.751953
7.370000	0.498047	-0.590820
7.375000	0.883789	-0.190430
7.380000	1.005859	0.219727
7.385000	0.859375	0.502930
7.390000	0.527344	0.620117
7.395000	0.107422	0.615234
7.400000	-0.297852	0.249023
7.405000	-0.449219	-0.693359
7.410000	0.004883	-1.376953
7.415000	0.903320	-1.240234
7.420000	1.708984	-0.639648
7.425000	2.133789	0.024414
7.430000	2.114258	0.527344
7.435000	1.767578	0.756836
7.440000	1.264648	0.771484
7.445000	0.751953	0.644531
7.450000	0.317383	0.488281
7.455000	-0.014648	0.332031
7.460000	-0.239258	-0.014648
7.465000	-0.224609	-0.566406
7.470000	0.136719	-0.747070
7.475000	0.620117	-0.498047
7.480000	0.942383	-0.073242
7.485000	0.996094	0.307617
7.490000	0.781250	0.551758
7.495000	0.415039	0.629883
7.500000	-0.004883	0.571289
7.505000	-0.380859	0.034180
7.510000	-0.400391	-0.957031
7.515000	0.229492	-1.406250
7.520000	1.152344	-1.103516
7.525000	1.865234	-0.449219
7.530000	2.172852	0.185547
7.535000	2.045898	0.615234
7.540000	1.640625	0.781250
7.545000	1.123047	0.742188
7.550000	0.620117	0.605469
7.555000	0.219727	0.449219
7.560000	-0.087891	0.278320
7.565000	-0.268555	-0.161133
7.570000	-0.156250	-0.668945
7.575000	0.268555	-0.712891
7.580000	0.732422	-0.390625
7.585000	0.986328	0.043945
7.590000	0.957031	0.395508
7.595000	0.693359	0.590820
7.600000	0.297852	0.625000
7.605000	-0.122070	0.493164
7.610000	-0.439453	-0.219727
7.615000	-0.288086	-1.176758
7.620000	0.473633	-1.381836
7.625000	1.372070	-0.942383
7.630000	1.992188	-0.263672
7.635000	2.172852	0.327148
7.640000	1.953125	0.678711
7.645000	1.499023	0.786133
7.650000	0.981445	0.712891
7.655000	0.498047	0.561523
7.660000	0.122070	0.410156
7.665000	-0.156250	0.190430
7.670000	-0.273438	-0.312500
7.675000	-0.063477	-0.732422
7.680000	0.410156	-0.644531
7.685000	0.830078	-0.273438
7.690000	1.005859	0.146484
7.695000	0.908203	0.458984
7.700000	0.595703	0.615234
7.705000	0.185547	0.620117
7.710000	-0.229492	0.366211
7.715000	-0.458984	-0.498047
7.720000	-0.126953	-1.313477
7.725000	0.732422	-1.298828
7.730000	1.582031	-0.766602
7.735000	2.089844	-0.087891
7.740000	2.148438	0.449219
7.745000	1.855469	0.732422
7.750000	1.362305	0.781250
7.755000	0.844727	0.673828
7.760000	0.385742	0.517578
7.765000	0.039062	0.366211
7.770000	-0.205078	0.078125
7.775000	-0.253906	-0.473633
7.780000	0.053711	-0.751953
7.785000	0.541992	-0.566406
7.790000	0.908203	-0.151367
7.795000	1.005859	0.249023
7.800000	0.839844	0.522461
7.805000	0.488281	0.625000
7.810000	0.068359	0.600586
7.815000	-0.322266	0.190430
7.820000	-0.439453	-0.781250
7.825000	0.073242	-1.386719
7.830000	0.981445	-1.191406
7.835000	1.767578	-0.581055
7.840000	2.148438	0.078125
7.845000	2.094727	0.551758
7.850000	1.728516	0.771484
7.855000	1.220703	0.761719
7.860000	0.708008	0.629883
7.865000	0.288086	0.473633
7.870000	-0.034180	0.317383
7.875000	-0.249023	-0.053711
7.880000	-0.205078	-0.600586
7.885000	0.180664	-0.737305
7.890000	0.659180	-0.463867
7.895000	0.961914	-0.039062
7.900000	0.986328	0.332031
7.905000	0.756836	0.566406
7.910000	0.375977	0.629883
7.915000	-0.043945	0.551758
7.920000	-0.400391	-0.039062
7.925000	-0.366211	-1.035156
7.930000	0.302734	-1.401367
7.935000	1.225586	-1.054688
7.940000	1.914062	-0.395508
7.945000	2.172852	0.234375
7.950000	2.021484	0.634766
7.955000	1.596680	0.781250
7.960000	1.079102	0.732422
7.965000	0.585938	0.590820
7.970000	0.185547	0.434570
7.975000	-0.107422	0.249023
7.980000	-0.273438	-0.209961
7.985000	-0.131836	-0.693359
7.990000	0.312500	-0.693359
7.995000	0.766602	-0.351562
8.000000	0.996094	0.078125
8.005000	0.942383	0.419922
8.010000	0.664062	0.595703
8.015000	0.268555	0.625000
8.020000	-0.161133	0.458984
8.025000	-0.449219	-0.302734
8.030000	-0.244141	-1.230469
8.035000	0.551758	-1.357422
8.040000	1.445312	-0.888672
8.045000	2.026367	-0.205078
8.050000	2.172852	0.371094
8.055000	1.923828	0.698242
8.060000	1.459961	0.786133
8.065000	0.937500	0.659180
8.070000	0.361328	0.502930
8.075000	0.024414	0.361328
8.080000	-0.224609	0.048828
8.085000	-0.244141	-0.502930
8.090000	0.078125	-0.751953
8.095000	0.571289	-0.541992
8.100000	0.927734	-0.126953
8.105000	1.005859	0.273438
8.110000	0.820312	0.537109
8.115000	0.463867	0.629883
8.120000	0.039062	0.595703
8.125000	-0.346680	0.136719
8.130000	-0.424805	-0.839844
8.135000	0.122070	-1.401367
8.140000	1.040039	-1.166992
8.145000	1.801758	-0.537109
8.150000	2.158203	0.117188
8.155000	2.080078	0.576172
8.160000	1.699219	0.771484
8.165000	1.191406	0.756836
8.170000	0.678711	0.620117
8.175000	0.258789	0.463867
8.180000	-0.053711	0.307617
8.185000	-0.258789	-0.087891
8.190000	-0.190430	-0.629883
8.195000	0.209961	-0.727539
8.200000	0.688477	-0.439453
8.205000	0.966797	-0.009766
8.210000	0.976562	0.361328
8.215000	0.737305	0.576172
8.220000	0.356445	0.629883
8.225000	-0.073242	0.532227
8.230000	-0.415039	-0.097656
8.235000	-0.341797	-1.083984
8.240000	0.361328	-1.396484
8.245000	1.274414	-1.015625
8.250000	1.943359	-0.346680
8.255000	2.172852	0.263672
8.260000	1.997070	0.649414
8.265000	1.562500	0.786133
8.270000	1.044922	0.727539
8.275000	0.556641	0.576172
8.280000	0.166016	0.419922
8.285000	-0.122070	0.229492
8.290000	-0.278320	-0.244141
8.295000	-0.107422	-0.712891
8.300000	0.346680	-0.678711
8.305000	0.791016	-0.322266
8.310000	1.005859	0.102539
8.315000	0.927734	0.429688
8.320000	0.639648	0.605469
8.325000	0.234375	0.625000
8.330000	-0.180664	0.429688
8.335000	-0.458984	-0.366211
8.340000	-0.209961	-1.259766
8.345000	0.615234	-1.337891
8.350000	1.494141	-0.844727
8.355000	2.050781	-0.166016
8.360000	2.163086	0.395508
8.365000	1.899414	0.712891
8.370000	1.420898	0.781250
8.375000	0.903320	0.693359
8.380000	0.439453	0.532227
8.385000	0.073242	0.385742
8.390000	-0.180664	0.131836
8.395000	-0.268555	-0.400391
8.400000	-0.004883	-0.751953
8.405000	0.478516	-0.605469
8.410000	0.874023	-0.209961
8.415000	1.005859	0.209961
8.420000	0.869141	0.498047
8.425000	0.537109	0.620117
8.430000	0.117188	0.615234
8.435000	-0.283203	0.273438
8.440000	-0.449219	-0.654297
8.445000	-0.019531	-1.362305
8.450000	0.864258	-1.250000
8.455000	1.684570	-0.664062
8.460000	2.128906	0.004883
8.465000	2.119141	0.507812
8.470000	1.787109	0.751953
8.475000	1.279297	0.771484
8.480000	0.771484	0.649414
8.485000	0.332031	0.493164
8.490000	-0.009766	0.341797
8.495000	-0.234375	0.004883
8.500000	-0.234375	-0.546875
8.505000	0.117188	-0.751953
8.510000	0.605469	-0.507812
8.515000	0.937500	-0.087891
8.520000	0.996094	0.297852
8.525000	0.795898	0.546875
8.530000	0.429688	0.629883
8.535000	0.004883	0.576172
8.540000	-0.375977	0.068359
8.545000	-0.405273	-0.927734
8.550000	0.195312	-1.406250
8.555000	1.113281	-1.123047
8.560000	1.850586	-0.478516
8.565000	2.172852	0.166016
8.570000	2.055664	0.605469
8.575000	1.655273	0.771484
8.580000	1.142578	0.747070
8.585000	0.639648	0.610352
8.590000	0.229492	0.454102
8.595000	-0.078125	0.288086
8.600000	-0.263672	-0.136719
8.605000	-0.166016	-0.659180
8.610000	0.253906	-0.717773
8.615000	0.722656	-0.405273
8.620000	0.981445	0.024414
8.625000	0.966797	0.380859
8.630000	0.703125	0.585938
8.635000	0.312500	0.629883
8.640000	-0.107422	0.502930
8.645000	-0.434570	-0.180664
8.650000	-0.302734	-1.152344
8.655000	0.439453	-1.386719
8.660000	1.342773	-0.966797
8.665000	1.977539	-0.292969
8.670000	2.172852	0.307617
8.675000	1.967773	0.673828
8.680000	1.518555	0.786133
8.685000	1.000977	0.717773
8.690000	0.517578	0.566406
8.695000	0.136719	0.419922
8.700000	-0.141602	0.205078
8.705000	-0.273438	-0.297852
8.710000	-0.083008	-0.727539
8.715000	0.385742	-0.659180
8.720000	0.815430	-0.292969
8.725000	1.000977	0.131836
8.730000	0.917969	0.458984
8.735000	0.615234	0.615234
8.740000	0.200195	0.620117
8.745000	-0.214844	0.385742
8.750000	-0.458984	-0.458984
8.755000	-0.156250	-1.298828
8.760000	0.688477	-1.313477
8.765000	1.552734	-0.786133
8.770000	2.080078	-0.112305
8.775000	2.153320	0.434570
8.780000	1.860352	0.727539
8.785000	1.381836	0.781250
8.790000	0.859375	0.678711
8.795000	0.405273	0.522461
8.800000	0.053711	0.375977
8.805000	-0.205078	0.092773
8.810000	-0.258789	-0.449219
8.815000	0.029297	-0.751953
8.820000	0.517578	-0.576172
8.825000	0.898438	-0.170898
8.830000	1.005859	0.234375
8.835000	0.849609	0.512695
8.840000	0.502930	0.625000
8.845000	0.083008	0.605469
8.850000	-0.312500	0.219727
8.855000	-0.444336	-0.742188
8.860000	0.039062	-1.381836
8.865000	0.947266	-1.215820
8.870000	1.738281	-0.610352
8.875000	2.138672	0.058594
8.880000	2.099609	0.541992
8.885000	1.743164	0.761719
8.890000	1.240234	0.766602
8.895000	0.732422	0.634766
8.900000	0.297852	0.478516
8.905000	-0.024414	0.327148
8.910000	-0.244141	-0.039062
8.915000	-0.214844	-0.590820
8.920000	0.161133	-0.747070
8.925000	0.639648	-0.473633
8.930000	0.952148	-0.053711
8.935000	0.986328	0.327148
8.940000	0.766602	0.556641
8.945000	0.395508	0.634766
8.950000	-0.029297	0.561523
8.955000	-0.395508	-0.004883
8.960000	-0.375977	-1.005859
8.965000	0.273438	-1.406250
8.970000	1.191406	-1.074219
8.975000	1.894531	-0.415039
8.980000	2.172852	0.214844
8.985000	2.026367	0.625000
8.990000	1.611328	0.781250
8.995000	1.098633	0.732422
9.000000	0.605469	0.595703
9.005000	0.200195	0.439453
9.010000	-0.097656	0.263672
9.015000	-0.268555	-0.190430
9.020000	-0.141602	-0.678711
9.025000	0.292969	-0.703125
9.030000	0.751953	-0.366211
9.035000	0.991211	0.058594
9.040000	0.952148	0.405273
9.045000	0.673828	0.590820
9.050000	0.278320	0.625000
9.055000	-0.141602	0.473633
9.060000	-0.444336	-0.263672
9.065000	-0.263672	-1.210938
9.070000	0.517578	-1.372070
9.075000	1.411133	-0.913086
9.080000	2.016602	-0.234375
9.085000	2.172852	0.351562
9.090000	1.938477	0.693359
9.095000	1.474609	0.786133
9.100000	0.957031	0.703125
9.105000	0.483398	0.551758
9.110000	0.107422	0.400391
9.115000	-0.166016	0.175781
9.120000	-0.273438	-0.346680
9.125000	-0.048828	-0.737305
9.130000	0.429688	-0.634766
9.135000	0.844727	-0.249023
9.140000	1.005859	0.166016
9.145000	0.893555	0.473633
9.150000	0.576172	0.615234
9.155000	0.161133	0.620117
9.160000	-0.249023	0.336914
9.165000	-0.458984	-0.546875
9.170000	-0.092773	-1.333008
9.175000	0.771484	-1.289062
9.180000	1.621094	-0.732422
9.185000	2.099609	-0.058594
9.190000	2.138672	0.468750
9.195000	1.831055	0.737305
9.200000	1.333008	0.776367
9.205000	0.820312	0.664062
9.210000	0.371094	0.507812
9.215000	0.024414	0.366211
9.220000	-0.219727	0.053711
9.225000	-0.244141	-0.493164
9.230000	0.068359	-0.751953
9.235000	0.561523	-0.551758
9.240000	0.922852	-0.131836
9.245000	1.005859	0.268555
9.250000	0.825195	0.532227
9.255000	0.463867	0.629883
9.260000	0.043945	0.595703
9.265000	-0.341797	0.151367
9.270000	-0.429688	-0.825195
9.275000	0.112305	-1.396484
9.280000	1.025391	-1.176758
9.285000	1.791992	-0.551758
9.290000	2.153320	0.107422
9.295000	2.084961	0.571289
9.300000	1.704102	0.766602
9.305000	1.196289	0.756836
9.310000	0.688477	0.625000
9.315000	0.268555	0.463867
9.320000	-0.048828	0.307617
9.325000	-0.249023	-0.083008
9.330000	-0.195312	-0.625000
9.335000	0.200195	-0.732422
9.340000	0.678711	-0.444336
9.345000	0.966797	-0.014648
9.350000	0.976562	0.351562
9.355000	0.742188	0.576172
9.360000	0.361328	0.634766
9.365000	-0.063477	0.537109
9.370000	-0.415039	-0.078125
9.375000	-0.346680	-1.074219
9.380000	0.346680	-1.396484
9.385000	1.264648	-1.025391
9.390000	1.933594	-0.361328
9.395000	2.172852	0.258789
9.400000	2.001953	0.649414
9.405000	1.572266	0.781250
9.410000	1.049805	0.727539
9.415000	0.561523	0.581055
9.420000	0.170898	0.424805
9.425000	-0.122070	0.239258
9.430000	-0.278320	-0.239258
9.435000	-0.117188	-0.708008
9.440000	0.336914	-0.678711
9.445000	0.786133	-0.332031
9.450000	1.000977	0.097656
9.455000	0.932617	0.429688
9.460000	0.649414	0.600586
9.465000	0.244141	0.625000
9.470000	-0.175781	0.434570
9.475000	-0.454102	-0.351562
9.480000	-0.214844	-1.254883
9.485000	0.595703	-1.347656
9.490000	1.479492	-0.859375
9.495000	2.050781	-0.175781
9.500000	2.167969	0.390625
9.505000	1.904297	0.708008
9.510000	1.430664	0.781250
9.515000	0.913086	0.693359
9.520000	0.449219	0.537109
9.525000	0.078125	0.390625
9.530000	-0.185547	0.136719
9.535000	-0.263672	-0.395508
9.540000	-0.014648	-0.747070
9.545000	0.468750	-0.610352
9.550000	0.874023	-0.214844
9.555000	1.005859	0.200195
9.560000	0.874023	0.493164
9.565000	0.541992	0.620117
9.570000	0.126953	0.615234
9.575000	-0.278320	0.288086
9.580000	-0.454102	-0.634766
9.585000	-0.029297	-1.357422
9.590000	0.854492	-1.254883
9.595000	1.679688	-0.673828
9.600000	2.124023	-0.004883
9.605000	2.124023	0.502930
9.610000	1.787109	0.751953
9.615000	1.289062	0.771484
9.620000	0.776367	0.654297
9.625000	0.336914	0.493164
9.630000	-0.004883	0.346680
9.635000	-0.229492	0.009766
9.640000	-0.234375	-0.537109
9.645000	0.112305	-0.751953
9.650000	0.600586	-0.512695
9.655000	0.937500	-0.092773
9.660000	0.996094	0.297852
9.665000	0.800781	0.541992
9.670000	0.434570	0.629883
9.675000	0.009766	0.581055
9.680000	-0.366211	0.083008
9.685000	-0.410156	-0.913086
9.690000	0.180664	-1.406250
9.695000	1.103516	-1.132812
9.700000	1.840820	-0.488281
9.705000	2.172852	0.156250
9.710000	2.060547	0.600586
9.715000	1.660156	0.776367
9.720000	1.152344	0.747070
9.725000	0.644531	0.615234
9.730000	0.229492	0.458984
9.735000	-0.073242	0.292969
9.740000	-0.263672	-0.126953
9.745000	-0.170898	-0.649414
9.750000	0.244141	-0.717773
9.755000	0.708008	-0.405273
9.760000	0.981445	0.019531
9.765000	0.966797	0.380859
9.770000	0.708008	0.581055
9.775000	0.322266	0.629883
9.780000	-0.102539	0.512695
9.785000	-0.424805	-0.166016
9.790000	-0.312500	-1.142578
9.795000	0.424805	-1.386719
9.800000	1.333008	-0.976562
9.805000	1.977539	-0.302734
9.810000	2.172852	0.302734
9.815000	1.972656	0.668945
9.820000	1.528320	0.781250
9.825000	1.010742	0.717773
9.830000	0.527344	0.566406
9.835000	0.141602	0.419922
9.840000	-0.141602	0.209961
9.845000	-0.273438	-0.283203
9.850000	-0.083008	-0.722656
9.855000	0.380859	-0.659180
9.860000	0.810547	-0.292969
9.865000	1.005859	0.126953
9.870000	0.922852	0.454102
9.875000	0.615234	0.615234
9.880000	0.209961	0.625000
9.885000	-0.209961	0.390625
9.890000	-0.458984	-0.444336
9.895000	-0.166016	-1.289062
9.900000	0.678711	-1.323242
9.905000	1.542969	-0.800781
9.910000	2.075195	-0.122070
9.915000	2.153320	0.429688
9.920000	1.870117	0.727539
9.925000	1.391602	0.776367
9.930000	0.869141	0.683594
9.935000	0.410156	0.522461
9.940000	0.053711	0.375977
9.945000	-0.200195	0.102539
9.950000	-0.258789	-0.444336
9.955000	0.024414	-0.751953
9.960000	0.512695	-0.581055
9.965000	0.893555	-0.175781
9.970000	1.005859	0.229492
9.975000	0.854492	0.512695
9.980000	0.512695	0.625000
9.985000	0.092773	0.610352
9.990000	-0.307617	0.224609
9.995000	-0.444336	-0.727539
10.000000	0.029297	-1.381836
