# Time_s	x	xdot
0.000000	0.888672	-0.117188
0.005000	0.966797	0.273438
0.010000	0.781250	0.537109
0.015000	0.429688	0.625000
0.020000	0.000000	0.581055
0.025000	-0.380859	0.063477
0.030000	-0.405273	-0.937500
0.035000	0.200195	-1.425781
0.040000	1.137695	-1.142578
0.045000	1.884766	-0.488281
0.050000	2.211914	0.166016
0.055000	2.099609	0.615234
0.060000	1.694336	0.786133
0.065000	1.171875	0.761719
0.070000	0.659180	0.615234
0.075000	0.249023	0.454102
0.080000	-0.058594	0.297852
0.085000	-0.253906	-0.102539
0.090000	-0.180664	-0.620117
0.095000	0.214844	-0.703125
0.100000	0.673828	-0.410156
0.105000	0.942383	0.009766
0.110000	0.927734	0.371094
0.115000	0.683594	0.576172
0.120000	0.297852	0.629883
0.125000	-0.126953	0.498047
0.130000	-0.444336	-0.224609
0.135000	-0.288086	-1.201172
0.140000	0.488281	-1.406250
0.145000	1.401367	-0.961914
0.150000	2.036133	-0.273438
0.155000	2.216797	0.332031
0.160000	1.997070	0.688477
0.165000	1.533203	0.800781
0.170000	1.005859	0.722656
0.175000	0.527344	0.561523
0.180000	0.141602	0.410156
0.185000	-0.131836	0.209961
0.190000	-0.263672	-0.273438
0.195000	-0.087891	-0.698242
0.200000	0.361328	-0.639648
0.205000	0.781250	-0.283203
0.210000	0.966797	0.136719
0.215000	0.878906	0.454102
0.220000	0.576172	0.615234
0.225000	0.166016	0.620117
0.230000	-0.249023	0.346680
0.235000	-0.463867	-0.546875
0.240000	-0.102539	-1.352539
0.245000	0.781250	-1.313477
0.250000	1.635742	-0.756836
0.255000	2.138672	-0.068359
0.260000	2.182617	0.468750
0.265000	1.875000	0.751953
0.270000	1.372070	0.786133
0.275000	0.849609	0.673828
0.280000	0.395508	0.512695
0.285000	0.043945	0.366211
0.290000	-0.200195	0.087891
0.295000	-0.249023	-0.444336
0.300000	0.034180	-0.732422
0.305000	0.512695	-0.551758
0.310000	0.874023	-0.151367
0.315000	0.966797	0.249023
0.320000	0.800781	0.517578
0.325000	0.454102	0.625000
0.330000	0.034180	0.595703
0.335000	-0.356445	0.131836
0.340000	-0.429688	-0.869141
0.345000	0.136719	-1.425781
0.350000	1.074219	-1.181641
0.355000	1.845703	-0.541992
0.360000	2.202148	0.122070
0.365000	2.124023	0.590820
0.370000	1.728516	0.781250
0.375000	1.210938	0.766602
0.380000	0.693359	0.625000
0.385000	0.278320	0.458984
0.390000	-0.039062	0.312500
0.395000	-0.244141	-0.058594
0.400000	-0.200195	-0.590820
0.405000	0.175781	-0.712891
0.410000	0.644531	-0.439453
0.415000	0.927734	-0.019531
0.420000	0.942383	0.346680
0.425000	0.708008	0.571289
0.430000	0.327148	0.629883
0.435000	-0.092773	0.527344
0.440000	-0.429688	-0.151367
0.445000	-0.322266	-1.142578
0.450000	0.410156	-1.411133
0.455000	1.337891	-1.005859
0.460000	2.006836	-0.327148
0.465000	2.221680	0.292969
0.470000	2.026367	0.678711
0.475000	1.577148	0.800781
0.480000	1.049805	0.737305
0.485000	0.556641	0.576172
0.490000	0.166016	0.419922
0.495000	-0.117188	0.229492
0.500000	-0.263672	-0.229492
0.505000	-0.112305	-0.683594
0.510000	0.327148	-0.664062
0.515000	0.761719	-0.317383
0.520000	0.966797	0.107422
0.525000	0.893555	0.434570
0.530000	0.605469	0.605469
0.535000	0.200195	0.625000
0.540000	-0.219727	0.390625
0.545000	-0.468750	-0.468750
0.550000	-0.151367	-1.323242
0.555000	0.708008	-1.342773
0.560000	1.586914	-0.805664
0.565000	2.124023	-0.117188
0.570000	2.197266	0.439453
0.575000	1.909180	0.737305
0.580000	1.411133	0.791016
0.585000	0.888672	0.688477
0.590000	0.424805	0.522461
0.595000	0.068359	0.375977
0.600000	-0.185547	0.122070
0.605000	-0.258789	-0.405273
0.610000	0.000000	-0.727539
0.615000	0.473633	-0.576172
0.620000	0.849609	-0.180664
0.625000	0.966797	0.219727
0.630000	0.820312	0.502930
0.635000	0.483398	0.620117
0.640000	0.063477	0.605469
0.645000	-0.327148	0.185547
0.650000	-0.444336	-0.791016
0.655000	0.073242	-1.411133
0.660000	1.005859	-1.220703
0.665000	1.801758	-0.595703
0.670000	2.192383	0.078125
0.675000	2.138672	0.561523
0.680000	1.767578	0.776367
0.685000	1.250000	0.771484
0.690000	0.732422	0.634766
0.695000	0.302734	0.473633
0.700000	-0.019531	0.332031
0.705000	-0.234375	-0.019531
0.710000	-0.214844	-0.556641
0.715000	0.141602	-0.722656
0.720000	0.615234	-0.468750
0.725000	0.922852	-0.048828
0.730000	0.952148	0.322266
0.735000	0.732422	0.561523
0.740000	0.356445	0.629883
0.745000	-0.063477	0.541992
0.750000	-0.419922	-0.073242
0.755000	-0.356445	-1.083984
0.760000	0.346680	-1.420898
0.765000	1.274414	-1.054688
0.770000	1.972656	-0.375977
0.775000	2.221680	0.258789
0.780000	2.050781	0.654297
0.785000	1.611328	0.795898
0.790000	1.088867	0.737305
0.795000	0.590820	0.590820
0.800000	0.190430	0.429688
0.805000	-0.097656	0.253906
0.810000	-0.263672	-0.190430
0.815000	-0.136719	-0.668945
0.820000	0.292969	-0.673828
0.825000	0.732422	-0.346680
0.830000	0.957031	0.073242
0.835000	0.908203	0.415039
0.840000	0.629883	0.595703
0.845000	0.229492	0.625000
0.850000	-0.190430	0.429688
0.855000	-0.463867	-0.390625
0.860000	-0.200195	-1.284180
0.865000	0.634766	-1.367188
0.870000	1.533203	-0.854492
0.875000	2.094727	-0.166016
0.880000	2.207031	0.410156
0.885000	1.938477	0.727539
0.890000	1.455078	0.795898
0.895000	0.922852	0.693359
0.900000	0.454102	0.537109
0.905000	0.092773	0.380859
0.910000	-0.166016	0.151367
0.915000	-0.263672	-0.361328
0.920000	-0.024414	-0.722656
0.925000	0.439453	-0.600586
0.930000	0.834961	-0.214844
0.935000	0.966797	0.195312
0.940000	0.839844	0.488281
0.945000	0.512695	0.615234
0.950000	0.097656	0.615234
0.955000	-0.302734	0.244141
0.960000	-0.454102	-0.717773
0.965000	0.014648	-1.401367
0.970000	0.932617	-1.250000
0.975000	1.752930	-0.644531
0.980000	2.177734	0.029297
0.985000	2.158203	0.537109
0.990000	1.801758	0.766602
0.995000	1.284180	0.776367
1.000000	0.771484	0.649414
1.005000	0.332031	0.488281
1.010000	0.000000	0.336914
1.015000	-0.219727	0.014648
1.020000	-0.229492	-0.522461
1.025000	0.107422	-0.727539
1.030000	0.581055	-0.498047
1.035000	0.903320	-0.083008
1.040000	0.957031	0.302734
1.045000	0.756836	0.546875
1.050000	0.390625	0.625000
1.055000	-0.029297	0.566406
1.060000	-0.400391	-0.004883
1.065000	-0.380859	-1.020508
1.070000	0.278320	-1.430664
1.075000	1.215820	-1.098633
1.080000	1.933594	-0.429688
1.085000	2.216797	0.214844
1.090000	2.075195	0.634766
1.095000	1.655273	0.795898
1.100000	1.127930	0.751953
1.105000	0.625000	0.600586
1.110000	0.219727	0.434570
1.115000	-0.083008	0.273438
1.120000	-0.258789	-0.146484
1.125000	-0.161133	-0.644531
1.130000	0.253906	-0.693359
1.135000	0.703125	-0.375977
1.140000	0.952148	0.043945
1.145000	0.922852	0.395508
1.150000	0.654297	0.590820
1.155000	0.258789	0.625000
1.160000	-0.161133	0.463867
1.165000	-0.454102	-0.307617
1.170000	-0.239258	-1.250000
1.175000	0.566406	-1.386719
1.180000	1.474609	-0.908203
1.185000	2.070312	-0.214844
1.190000	2.211914	0.371094
1.195000	1.962891	0.712891
1.200000	1.494141	0.800781
1.205000	0.961914	0.708008
1.210000	0.488281	0.546875
1.215000	0.112305	0.395508
1.220000	-0.156250	0.175781
1.225000	-0.268555	-0.317383
1.230000	-0.053711	-0.712891
1.235000	0.405273	-0.620117
1.240000	0.810547	-0.244141
1.245000	0.966797	0.166016
1.250000	0.859375	0.473633
1.255000	0.541992	0.615234
1.260000	0.126953	0.615234
1.265000	-0.283203	0.297852
1.270000	-0.463867	-0.639648
1.275000	-0.039062	-1.376953
1.280000	0.864258	-1.284180
1.285000	1.699219	-0.698242
1.290000	2.167969	-0.009766
1.295000	2.172852	0.507812
1.300000	1.835938	0.761719
1.305000	1.323242	0.781250
1.310000	0.805664	0.664062
1.315000	0.361328	0.498047
1.320000	0.024414	0.351562
1.325000	-0.214844	0.048828
1.330000	-0.244141	-0.483398
1.335000	0.068359	-0.732422
1.340000	0.546875	-0.522461
1.345000	0.888672	-0.112305
1.350000	0.961914	0.273438
1.355000	0.776367	0.537109
1.360000	0.419922	0.625000
1.365000	0.000000	0.581055
1.370000	-0.380859	0.058594
1.375000	-0.405273	-0.952148
1.380000	0.209961	-1.430664
1.385000	1.152344	-1.137695
1.390000	1.894531	-0.478516
1.395000	2.211914	0.170898
1.400000	2.094727	0.615234
1.405000	1.689453	0.791016
1.410000	1.166992	0.756836
1.415000	0.659180	0.615234
1.420000	0.244141	0.449219
1.425000	-0.058594	0.292969
1.430000	-0.253906	-0.102539
1.435000	-0.180664	-0.625000
1.440000	0.219727	-0.703125
1.445000	0.673828	-0.405273
1.450000	0.942383	0.014648
1.455000	0.932617	0.375977
1.460000	0.678711	0.576172
1.465000	0.292969	0.629883
1.470000	-0.126953	0.493164
1.475000	-0.449219	-0.229492
1.480000	-0.283203	-1.206055
1.485000	0.493164	-1.406250
1.490000	1.411133	-0.952148
1.495000	2.041016	-0.268555
1.500000	2.216797	0.336914
1.505000	1.997070	0.698242
1.510000	1.533203	0.800781
1.515000	1.005859	0.717773
1.520000	0.522461	0.566406
1.525000	0.136719	0.410156
1.530000	-0.136719	0.205078
1.535000	-0.268555	-0.283203
1.540000	-0.087891	-0.703125
1.545000	0.366211	-0.634766
1.550000	0.786133	-0.278320
1.555000	0.966797	0.136719
1.560000	0.874023	0.458984
1.565000	0.571289	0.615234
1.570000	0.161133	0.620117
1.575000	-0.249023	0.341797
1.580000	-0.468750	-0.561523
1.585000	-0.092773	-1.357422
1.590000	0.791016	-1.313477
1.595000	1.650391	-0.747070
1.600000	2.143555	-0.058594
1.605000	2.187500	0.478516
1.610000	1.865234	0.751953
1.615000	1.362305	0.791016
1.620000	0.844727	0.673828
1.625000	0.385742	0.507812
1.630000	0.043945	0.361328
1.635000	-0.200195	0.083008
1.640000	-0.249023	-0.449219
1.645000	0.039062	-0.732422
1.650000	0.517578	-0.546875
1.655000	0.874023	-0.146484
1.660000	0.966797	0.249023
1.665000	0.800781	0.522461
1.670000	0.454102	0.620117
1.675000	0.029297	0.595703
1.680000	-0.356445	0.122070
1.685000	-0.424805	-0.878906
1.690000	0.146484	-1.420898
1.695000	1.079102	-1.181641
1.700000	1.855469	-0.532227
1.705000	2.207031	0.131836
1.710000	2.119141	0.590820
1.715000	1.728516	0.786133
1.720000	1.206055	0.761719
1.725000	0.693359	0.625000
1.730000	0.273438	0.458984
1.735000	-0.043945	0.307617
1.740000	-0.244141	-0.063477
1.745000	-0.195312	-0.595703
1.750000	0.180664	-0.712891
1.755000	0.644531	-0.434570
1.760000	0.927734	-0.014648
1.765000	0.937500	0.346680
1.770000	0.703125	0.576172
1.775000	0.322266	0.629883
1.780000	-0.097656	0.522461
1.785000	-0.434570	-0.156250
1.790000	-0.322266	-1.157227
1.795000	0.424805	-1.416016
1.800000	1.347656	-1.000977
1.805000	2.011719	-0.317383
1.810000	2.216797	0.297852
1.815000	2.021484	0.678711
1.820000	1.567383	0.795898
1.825000	1.040039	0.732422
1.830000	0.551758	0.576172
1.835000	0.166016	0.419922
1.840000	-0.117188	0.229492
1.845000	-0.263672	-0.234375
1.850000	-0.112305	-0.688477
1.855000	0.332031	-0.659180
1.860000	0.761719	-0.312500
1.865000	0.966797	0.107422
1.870000	0.893555	0.434570
1.875000	0.600586	0.605469
1.880000	0.190430	0.620117
1.885000	-0.224609	0.385742
1.890000	-0.468750	-0.473633
1.895000	-0.146484	-1.328125
1.900000	0.717773	-1.333008
1.905000	1.591797	-0.800781
1.910000	2.128906	-0.107422
1.915000	2.197266	0.444336
1.920000	1.899414	0.742188
1.925000	1.406250	0.791016
1.930000	0.883789	0.683594
1.935000	0.419922	0.522461
1.940000	0.063477	0.375977
1.945000	-0.185547	0.117188
1.950000	-0.258789	-0.410156
1.955000	0.004883	-0.727539
1.960000	0.478516	-0.571289
1.965000	0.854492	-0.180664
1.970000	0.966797	0.224609
1.975000	0.820312	0.507812
1.980000	0.483398	0.620117
1.985000	0.063477	0.605469
1.990000	-0.332031	0.180664
1.995000	-0.439453	-0.800781
2.000000	0.083008	-1.411133
2.005000	1.010742	-1.215820
2.010000	1.806641	-0.585938
2.015000	2.192383	0.083008
2.020000	2.138672	0.571289
2.025000	1.762695	0.776367
2.030000	1.245117	0.771484
2.035000	0.727539	0.634766
2.040000	0.297852	0.468750
2.045000	-0.019531	0.327148
2.050000	-0.239258	-0.029297
2.055000	-0.214844	-0.561523
2.060000	0.146484	-0.717773
2.065000	0.615234	-0.468750
2.070000	0.922852	-0.048828
2.075000	0.947266	0.327148
2.080000	0.727539	0.561523
2.085000	0.351562	0.629883
2.090000	-0.068359	0.541992
2.095000	-0.419922	-0.083008
2.100000	-0.351562	-1.093750
2.105000	0.356445	-1.425781
2.110000	1.284180	-1.044922
2.115000	1.972656	-0.371094
2.120000	2.216797	0.258789
2.125000	2.050781	0.659180
2.130000	1.611328	0.800781
2.135000	1.083984	0.732422
2.140000	0.585938	0.585938
2.145000	0.185547	0.424805
2.150000	-0.102539	0.249023
2.155000	-0.263672	-0.190430
2.160000	-0.136719	-0.673828
2.165000	0.297852	-0.673828
2.170000	0.732422	-0.341797
2.175000	0.957031	0.078125
2.180000	0.908203	0.415039
2.185000	0.625000	0.600586
2.190000	0.229492	0.625000
2.195000	-0.195312	0.424805
2.200000	-0.463867	-0.400391
2.205000	-0.195312	-1.293945
2.210000	0.644531	-1.362305
2.215000	1.538086	-0.849609
2.220000	2.099609	-0.156250
2.225000	2.211914	0.415039
2.230000	1.933594	0.727539
2.235000	1.445312	0.795898
2.240000	0.922852	0.693359
2.245000	0.454102	0.532227
2.250000	0.087891	0.380859
2.255000	-0.170898	0.141602
2.260000	-0.263672	-0.366211
2.265000	-0.024414	-0.722656
2.270000	0.444336	-0.595703
2.275000	0.830078	-0.214844
2.280000	0.966797	0.195312
2.285000	0.839844	0.493164
2.290000	0.507812	0.615234
2.295000	0.092773	0.615234
2.300000	-0.307617	0.239258
2.305000	-0.454102	-0.727539
2.310000	0.019531	-1.406250
2.315000	0.942383	-1.254883
2.320000	1.757812	-0.639648
2.325000	2.182617	0.039062
2.330000	2.158203	0.537109
2.335000	1.796875	0.771484
2.340000	1.279297	0.776367
2.345000	0.766602	0.649414
2.350000	0.327148	0.483398
2.355000	0.000000	0.336914
2.360000	-0.224609	0.004883
2.365000	-0.229492	-0.527344
2.370000	0.112305	-0.727539
2.375000	0.585938	-0.493164
2.380000	0.908203	-0.083008
2.385000	0.957031	0.302734
2.390000	0.756836	0.546875
2.395000	0.385742	0.625000
2.400000	-0.039062	0.561523
2.405000	-0.400391	-0.014648
2.410000	-0.380859	-1.030273
2.415000	0.288086	-1.430664
2.420000	1.225586	-1.093750
2.425000	1.933594	-0.419922
2.430000	2.216797	0.219727
2.435000	2.075195	0.639648
2.440000	1.650391	0.795898
2.445000	1.123047	0.747070
2.450000	0.620117	0.600586
2.455000	0.219727	0.439453
2.460000	-0.083008	0.273438
2.465000	-0.258789	-0.151367
2.470000	-0.156250	-0.644531
2.475000	0.258789	-0.688477
2.480000	0.708008	-0.375977
2.485000	0.952148	0.048828
2.490000	0.917969	0.395508
2.495000	0.654297	0.590820
2.500000	0.258789	0.625000
2.505000	-0.161133	0.463867
2.510000	-0.454102	-0.317383
2.515000	-0.239258	-1.254883
2.520000	0.576172	-1.381836
2.525000	1.479492	-0.898438
2.530000	2.075195	-0.209961
2.535000	2.211914	0.380859
2.540000	1.962891	0.712891
2.545000	1.484375	0.800781
2.550000	0.961914	0.708008
2.555000	0.483398	0.546875
2.560000	0.112305	0.395508
2.565000	-0.156250	0.175781
2.570000	-0.263672	-0.322266
2.575000	-0.053711	-0.712891
2.580000	0.405273	-0.615234
2.585000	0.810547	-0.244141
2.590000	0.966797	0.166016
2.595000	0.854492	0.473633
2.600000	0.541992	0.615234
2.605000	0.126953	0.615234
2.610000	-0.283203	0.288086
2.615000	-0.458984	-0.644531
2.620000	-0.034180	-1.386719
2.625000	0.869141	-1.279297
2.630000	1.708984	-0.693359
2.635000	2.167969	-0.009766
2.640000	2.172852	0.512695
2.645000	1.831055	0.766602
2.650000	1.323242	0.781250
2.655000	0.805664	0.659180
2.660000	0.356445	0.498047
2.665000	0.019531	0.351562
2.670000	-0.214844	0.043945
2.675000	-0.239258	-0.493164
2.680000	0.078125	-0.732422
2.685000	0.551758	-0.522461
2.690000	0.893555	-0.112305
2.695000	0.961914	0.283203
2.700000	0.776367	0.537109
2.705000	0.415039	0.629883
2.710000	-0.004883	0.576172
2.715000	-0.380859	0.053711
2.720000	-0.400391	-0.957031
2.725000	0.219727	-1.430664
2.730000	1.157227	-1.132812
2.735000	1.899414	-0.473633
2.740000	2.211914	0.180664
2.745000	2.094727	0.615234
2.750000	1.689453	0.791016
2.755000	1.162109	0.756836
2.760000	0.654297	0.615234
2.765000	0.244141	0.449219
2.770000	-0.063477	0.292969
2.775000	-0.253906	-0.112305
2.780000	-0.175781	-0.625000
2.785000	0.224609	-0.703125
2.790000	0.678711	-0.405273
2.795000	0.942383	0.019531
2.800000	0.927734	0.375977
2.805000	0.678711	0.576172
2.810000	0.292969	0.629883
2.815000	-0.131836	0.493164
2.820000	-0.449219	-0.244141
2.825000	-0.278320	-1.210938
2.830000	0.502930	-1.401367
2.835000	1.416016	-0.952148
2.840000	2.045898	-0.258789
2.845000	2.216797	0.341797
2.850000	1.992188	0.693359
2.855000	1.528320	0.800781
2.860000	1.000977	0.717773
2.865000	0.517578	0.556641
2.870000	0.136719	0.405273
2.875000	-0.136719	0.200195
2.880000	-0.263672	-0.288086
2.885000	-0.083008	-0.703125
2.890000	0.371094	-0.634766
2.895000	0.786133	-0.273438
2.900000	0.966797	0.136719
2.905000	0.874023	0.458984
2.910000	0.566406	0.615234
2.915000	0.156250	0.620117
2.920000	-0.253906	0.336914
2.925000	-0.468750	-0.566406
2.930000	-0.087891	-1.362305
2.935000	0.800781	-1.308594
2.940000	1.655273	-0.742188
2.945000	2.143555	-0.053711
2.950000	2.187500	0.483398
2.955000	1.865234	0.756836
2.960000	1.362305	0.786133
2.965000	0.839844	0.673828
2.970000	0.380859	0.507812
2.975000	0.043945	0.361328
2.980000	-0.200195	0.083008
2.985000	-0.249023	-0.449219
2.990000	0.043945	-0.732422
2.995000	0.517578	-0.546875
3.000000	0.874023	-0.141602
3.005000	0.966797	0.253906
3.010000	0.795898	0.517578
3.015000	0.449219	0.625000
3.020000	0.024414	0.590820
3.025000	-0.361328	0.112305
3.030000	-0.424805	-0.888672
3.035000	0.151367	-1.425781
3.040000	1.088867	-1.176758
3.045000	1.855469	-0.527344
3.050000	2.207031	0.136719
3.055000	2.119141	0.595703
3.060000	1.723633	0.786133
3.065000	1.206055	0.761719
3.070000	0.688477	0.620117
3.075000	0.268555	0.458984
3.080000	-0.043945	0.307617
3.085000	-0.244141	-0.073242
3.090000	-0.195312	-0.600586
3.095000	0.185547	-0.712891
3.100000	0.649414	-0.434570
3.105000	0.932617	-0.014648
3.110000	0.937500	0.351562
3.115000	0.703125	0.571289
3.120000	0.322266	0.629883
3.125000	-0.102539	0.517578
3.130000	-0.439453	-0.166016
3.135000	-0.317383	-1.157227
3.140000	0.434570	-1.411133
3.145000	1.352539	-0.996094
3.150000	2.016602	-0.312500
3.155000	2.216797	0.302734
3.160000	2.021484	0.678711
3.165000	1.567383	0.800781
3.170000	1.040039	0.732422
3.175000	0.546875	0.571289
3.180000	0.161133	0.415039
3.185000	-0.122070	0.224609
3.190000	-0.263672	-0.239258
3.195000	-0.107422	-0.688477
3.200000	0.336914	-0.654297
3.205000	0.766602	-0.307617
3.210000	0.966797	0.112305
3.215000	0.888672	0.439453
3.220000	0.600586	0.610352
3.225000	0.185547	0.625000
3.230000	-0.229492	0.375977
3.235000	-0.468750	-0.488281
3.240000	-0.141602	-1.328125
3.245000	0.727539	-1.333008
3.250000	1.601562	-0.795898
3.255000	2.128906	-0.102539
3.260000	2.197266	0.449219
3.265000	1.894531	0.742188
3.270000	1.406250	0.795898
3.275000	0.878906	0.683594
3.280000	0.419922	0.522461
3.285000	0.063477	0.371094
3.290000	-0.185547	0.112305
3.295000	-0.253906	-0.415039
3.300000	0.009766	-0.727539
3.305000	0.483398	-0.571289
3.310000	0.854492	-0.175781
3.315000	0.966797	0.229492
3.320000	0.815430	0.502930
3.325000	0.478516	0.625000
3.330000	0.058594	0.600586
3.335000	-0.336914	0.175781
3.340000	-0.439453	-0.810547
3.345000	0.087891	-1.416016
3.350000	1.020508	-1.210938
3.355000	1.811523	-0.581055
3.360000	2.197266	0.087891
3.365000	2.133789	0.571289
3.370000	1.757812	0.776367
3.375000	1.245117	0.771484
3.380000	0.727539	0.634766
3.385000	0.297852	0.468750
3.390000	-0.024414	0.322266
3.395000	-0.239258	-0.029297
3.400000	-0.214844	-0.566406
3.405000	0.151367	-0.717773
3.410000	0.620117	-0.463867
3.415000	0.922852	-0.043945
3.420000	0.952148	0.327148
3.425000	0.727539	0.561523
3.430000	0.351562	0.629883
3.435000	-0.068359	0.537109
3.440000	-0.419922	-0.092773
3.445000	-0.346680	-1.103516
3.450000	0.361328	-1.420898
3.455000	1.293945	-1.040039
3.460000	1.977539	-0.366211
3.465000	2.216797	0.268555
3.470000	2.045898	0.659180
3.475000	1.606445	0.795898
3.480000	1.079102	0.737305
3.485000	0.581055	0.585938
3.490000	0.185547	0.424805
3.495000	-0.102539	0.253906
3.500000	-0.263672	-0.200195
3.505000	-0.131836	-0.673828
3.510000	0.302734	-0.673828
3.515000	0.737305	-0.336914
3.520000	0.961914	0.083008
3.525000	0.908203	0.419922
3.530000	0.620117	0.595703
3.535000	0.224609	0.625000
3.540000	-0.200195	0.419922
3.545000	-0.463867	-0.410156
3.550000	-0.190430	-1.293945
3.555000	0.654297	-1.362305
3.560000	1.547852	-0.844727
3.565000	2.104492	-0.151367
3.570000	2.207031	0.419922
3.575000	1.933594	0.732422
3.580000	1.445312	0.795898
3.585000	0.922852	0.693359
3.590000	0.449219	0.537109
3.595000	0.083008	0.380859
3.600000	-0.170898	0.141602
3.605000	-0.263672	-0.371094
3.610000	-0.019531	-0.722656
3.615000	0.449219	-0.595703
3.620000	0.834961	-0.205078
3.625000	0.966797	0.200195
3.630000	0.839844	0.493164
3.635000	0.507812	0.620117
3.640000	0.087891	0.610352
3.645000	-0.312500	0.229492
3.650000	-0.449219	-0.737305
3.655000	0.029297	-1.406250
3.660000	0.947266	-1.245117
3.665000	1.767578	-0.634766
3.670000	2.182617	0.043945
3.675000	2.158203	0.541992
3.680000	1.791992	0.771484
3.685000	1.274414	0.776367
3.690000	0.761719	0.644531
3.695000	0.327148	0.483398
3.700000	-0.004883	0.336914
3.705000	-0.224609	0.004883
3.710000	-0.229492	-0.532227
3.715000	0.117188	-0.727539
3.720000	0.585938	-0.488281
3.725000	0.908203	-0.073242
3.730000	0.957031	0.307617
3.735000	0.751953	0.546875
3.740000	0.380859	0.629883
3.745000	-0.039062	0.556641
3.750000	-0.405273	-0.024414
3.755000	-0.375977	-1.035156
3.760000	0.292969	-1.430664
3.765000	1.235352	-1.088867
3.770000	1.938477	-0.415039
3.775000	2.216797	0.224609
3.780000	2.070312	0.644531
3.785000	1.645508	0.795898
3.790000	1.118164	0.751953
3.795000	0.615234	0.551758
3.800000	0.131836	0.400391
3.805000	-0.141602	0.190430
3.810000	-0.268555	-0.297852
3.815000	-0.073242	-0.712891
3.820000	0.385742	-0.634766
3.825000	0.795898	-0.263672
3.830000	0.966797	0.151367
3.835000	0.864258	0.458984
3.840000	0.556641	0.615234
3.845000	0.146484	0.620117
3.850000	-0.268555	0.317383
3.855000	-0.463867	-0.590820
3.860000	-0.068359	-1.367188
3.865000	0.825195	-1.298828
3.870000	1.674805	-0.727539
3.875000	2.153320	-0.039062
3.880000	2.177734	0.488281
3.885000	1.855469	0.761719
3.890000	1.347656	0.791016
3.895000	0.825195	0.673828
3.900000	0.375977	0.502930
3.905000	0.029297	0.361328
3.910000	-0.205078	0.068359
3.915000	-0.244141	-0.463867
3.920000	0.053711	-0.732422
3.925000	0.527344	-0.537109
3.930000	0.883789	-0.131836
3.935000	0.966797	0.263672
3.940000	0.791016	0.527344
3.945000	0.439453	0.625000
3.950000	0.014648	0.590820
3.955000	-0.366211	0.087891
3.960000	-0.419922	-0.913086
3.965000	0.175781	-1.425781
3.970000	1.113281	-1.162109
3.975000	1.870117	-0.507812
3.980000	2.207031	0.146484
3.985000	2.114258	0.605469
3.990000	1.708984	0.786133
3.995000	1.186523	0.761719
4.000000	0.673828	0.615234
4.005000	0.263672	0.458984
4.010000	-0.048828	0.302734
4.015000	-0.244141	-0.083008
4.020000	-0.190430	-0.610352
4.025000	0.200195	-0.712891
4.030000	0.664062	-0.424805
4.035000	0.937500	0.000000
4.040000	0.937500	0.361328
4.045000	0.693359	0.581055
4.050000	0.307617	0.629883
4.055000	-0.117188	0.507812
4.060000	-0.439453	-0.190430
4.065000	-0.302734	-1.176758
4.070000	0.454102	-1.411133
4.075000	1.376953	-0.981445
4.080000	2.021484	-0.297852
4.085000	2.221680	0.317383
4.090000	2.011719	0.683594
4.095000	1.552734	0.800781
4.100000	1.025391	0.727539
4.105000	0.537109	0.566406
4.110000	0.151367	0.410156
4.115000	-0.126953	0.219727
4.120000	-0.263672	-0.258789
4.125000	-0.097656	-0.693359
4.130000	0.346680	-0.649414
4.135000	0.771484	-0.297852
4.140000	0.966797	0.122070
4.145000	0.888672	0.444336
4.150000	0.585938	0.610352
4.155000	0.175781	0.625000
4.160000	-0.239258	0.366211
4.165000	-0.463867	-0.512695
4.170000	-0.122070	-1.337891
4.175000	0.747070	-1.323242
4.180000	1.621094	-0.781250
4.185000	2.133789	-0.087891
4.190000	2.192383	0.458984
4.195000	1.884766	0.747070
4.200000	1.391602	0.791016
4.205000	0.864258	0.678711
4.210000	0.405273	0.517578
4.215000	0.053711	0.371094
4.220000	-0.190430	0.097656
4.225000	-0.253906	-0.424805
4.230000	0.019531	-0.732422
4.235000	0.493164	-0.561523
4.240000	0.859375	-0.161133
4.245000	0.966797	0.234375
4.250000	0.810547	0.512695
4.255000	0.463867	0.625000
4.260000	0.048828	0.595703
4.265000	-0.341797	0.156250
4.270000	-0.434570	-0.839844
4.275000	0.112305	-1.420898
4.280000	1.044922	-1.201172
4.285000	1.831055	-0.566406
4.290000	2.202148	0.102539
4.295000	2.128906	0.581055
4.300000	1.743164	0.781250
4.305000	1.235352	0.771484
4.310000	0.712891	0.629883
4.315000	0.288086	0.463867
4.320000	-0.029297	0.317383
4.325000	-0.244141	-0.043945
4.330000	-0.205078	-0.576172
4.335000	0.161133	-0.712891
4.340000	0.625000	-0.454102
4.345000	0.927734	-0.034180
4.350000	0.947266	0.336914
4.355000	0.717773	0.566406
4.360000	0.336914	0.629883
4.365000	-0.083008	0.532227
4.370000	-0.424805	-0.112305
4.375000	-0.336914	-1.118164
4.380000	0.385742	-1.420898
4.385000	1.313477	-1.030273
4.390000	1.992188	-0.346680
4.395000	2.221680	0.278320
4.400000	2.036133	0.668945
4.405000	1.591797	0.800781
4.410000	1.069336	0.732422
4.415000	0.571289	0.576172
4.420000	0.175781	0.419922
4.425000	-0.107422	0.239258
4.430000	-0.263672	-0.209961
4.435000	-0.122070	-0.678711
4.440000	0.307617	-0.668945
4.445000	0.747070	-0.327148
4.450000	0.961914	0.092773
4.455000	0.898438	0.424805
4.460000	0.610352	0.600586
4.465000	0.214844	0.625000
4.470000	-0.209961	0.410156
4.475000	-0.463867	-0.434570
4.480000	-0.175781	-1.308594
4.485000	0.678711	-1.347656
4.490000	1.567383	-0.825195
4.495000	2.114258	-0.131836
4.500000	2.202148	0.429688
4.505000	1.918945	0.732422
4.510000	1.425781	0.795898
4.515000	0.903320	0.693359
4.520000	0.439453	0.532227
4.525000	0.078125	0.380859
4.530000	-0.170898	0.131836
4.535000	-0.258789	-0.385742
4.540000	-0.009766	-0.722656
4.545000	0.458984	-0.585938
4.550000	0.844727	-0.195312
4.555000	0.966797	0.209961
4.560000	0.830078	0.498047
4.565000	0.498047	0.620117
4.570000	0.078125	0.610352
4.575000	-0.317383	0.214844
4.580000	-0.449219	-0.761719
4.585000	0.053711	-1.411133
4.590000	0.971680	-1.235352
4.595000	1.782227	-0.615234
4.600000	2.182617	0.058594
4.605000	2.153320	0.551758
4.610000	1.782227	0.776367
4.615000	1.264648	0.771484
4.620000	0.747070	0.644531
4.625000	0.317383	0.478516
4.630000	-0.014648	0.332031
4.635000	-0.229492	-0.009766
4.640000	-0.219727	-0.541992
4.645000	0.126953	-0.722656
4.650000	0.600586	-0.483398
4.655000	0.917969	-0.063477
4.660000	0.957031	0.317383
4.665000	0.742188	0.551758
4.670000	0.371094	0.625000
4.675000	-0.048828	0.551758
4.680000	-0.405273	-0.043945
4.685000	-0.366211	-1.059570
4.690000	0.317383	-1.425781
4.695000	1.250000	-1.074219
4.700000	1.953125	-0.400391
4.705000	2.221680	0.234375
4.710000	2.060547	0.649414
4.715000	1.630859	0.800781
4.720000	1.103516	0.742188
4.725000	0.605469	0.590820
4.730000	0.205078	0.434570
4.735000	-0.087891	0.263672
4.740000	-0.263672	-0.166016
4.745000	-0.146484	-0.659180
4.750000	0.278320	-0.678711
4.755000	0.722656	-0.356445
4.760000	0.957031	0.063477
4.765000	0.917969	0.410156
4.770000	0.639648	0.595703
4.775000	0.239258	0.625000
4.780000	-0.175781	0.444336
4.785000	-0.458984	-0.351562
4.790000	-0.219727	-1.264648
4.795000	0.605469	-1.376953
4.800000	1.508789	-0.878906
4.805000	2.084961	-0.185547
4.810000	2.211914	0.390625
4.815000	1.948242	0.722656
4.820000	1.469727	0.795898
4.825000	0.942383	0.698242
4.830000	0.468750	0.537109
4.835000	0.102539	0.390625
4.840000	-0.166016	0.161133
4.845000	-0.263672	-0.341797
4.850000	-0.039062	-0.717773
4.855000	0.424805	-0.610352
4.860000	0.820312	-0.229492
4.865000	0.966797	0.180664
4.870000	0.849609	0.483398
4.875000	0.527344	0.615234
4.880000	0.112305	0.615234
4.885000	-0.292969	0.263672
4.890000	-0.458984	-0.678711
4.895000	-0.004883	-1.391602
4.900000	0.903320	-1.259766
4.905000	1.733398	-0.668945
4.910000	2.172852	0.014648
4.915000	2.167969	0.527344
4.920000	1.816406	0.771484
4.925000	1.303711	0.781250
4.930000	0.786133	0.654297
4.935000	0.341797	0.488281
4.940000	0.009766	0.341797
4.945000	-0.219727	0.029297
4.950000	-0.239258	-0.507812
4.955000	0.092773	-0.727539
4.960000	0.566406	-0.507812
4.965000	0.898438	-0.097656
4.970000	0.957031	0.292969
4.975000	0.766602	0.537109
4.980000	0.400391	0.629883
4.985000	-0.019531	0.576172
4.990000	-0.390625	0.024414
4.995000	-0.395508	-0.991211
5.000000	0.249023	-1.430664
5.005000	1.191406	-1.113281
5.010000	1.914062	-0.449219
5.015000	2.211914	0.200195
5.020000	2.089844	0.625000
5.025000	1.669922	0.795898
5.030000	1.147461	0.751953
5.035000	0.634766	0.610352
5.040000	0.229492	0.444336
5.045000	-0.073242	0.283203
5.050000	-0.253906	-0.126953
5.055000	-0.170898	-0.634766
5.060000	0.239258	-0.698242
5.065000	0.688477	-0.395508
5.070000	0.947266	0.029297
5.075000	0.927734	0.380859
5.080000	0.664062	0.585938
5.085000	0.273438	0.629883
5.090000	-0.146484	0.473633
5.095000	-0.454102	-0.273438
5.100000	-0.263672	-1.230469
5.105000	0.537109	-1.391602
5.110000	1.445312	-0.932617
5.115000	2.055664	-0.234375
5.120000	2.216797	0.361328
5.125000	1.977539	0.703125
5.130000	1.508789	0.795898
5.135000	0.981445	0.712891
5.140000	0.498047	0.551758
5.145000	0.126953	0.400391
5.150000	-0.146484	0.190430
5.155000	-0.263672	-0.302734
5.160000	-0.068359	-0.708008
5.165000	0.390625	-0.629883
5.170000	0.800781	-0.263672
5.175000	0.961914	0.151367
5.180000	0.859375	0.463867
5.185000	0.556641	0.615234
5.190000	0.141602	0.615234
5.195000	-0.268555	0.312500
5.200000	-0.463867	-0.605469
5.205000	-0.068359	-1.372070
5.210000	0.830078	-1.298828
5.215000	1.674805	-0.717773
5.220000	2.158203	-0.034180
5.225000	2.177734	0.493164
5.230000	1.850586	0.761719
5.235000	1.342773	0.786133
5.240000	0.825195	0.668945
5.245000	0.371094	0.498047
5.250000	0.029297	0.356445
5.255000	-0.209961	0.063477
5.260000	-0.244141	-0.468750
5.265000	0.058594	-0.732422
5.270000	0.532227	-0.537109
5.275000	0.888672	-0.131836
5.280000	0.966797	0.268555
5.285000	0.786133	0.532227
5.290000	0.434570	0.625000
5.295000	0.009766	0.585938
5.300000	-0.366211	0.083008
5.305000	-0.410156	-0.927734
5.310000	0.185547	-1.430664
5.315000	1.118164	-1.157227
5.320000	1.875000	-0.502930
5.325000	2.207031	0.151367
5.330000	2.109375	0.605469
5.335000	1.708984	0.786133
5.340000	1.186523	0.761719
5.345000	0.673828	0.615234
5.350000	0.258789	0.454102
5.355000	-0.053711	0.302734
5.360000	-0.249023	-0.087891
5.365000	-0.190430	-0.610352
5.370000	0.205078	-0.708008
5.375000	0.659180	-0.419922
5.380000	0.937500	0.000000
5.385000	0.932617	0.366211
5.390000	0.688477	0.576172
5.395000	0.307617	0.625000
5.400000	-0.117188	0.507812
5.405000	-0.439453	-0.200195
5.410000	-0.297852	-1.186523
5.415000	0.463867	-1.406250
5.420000	1.381836	-0.976562
5.425000	2.026367	-0.288086
5.430000	2.216797	0.322266
5.435000	2.011719	0.688477
5.440000	1.547852	0.800781
5.445000	1.020508	0.727539
5.450000	0.532227	0.571289
5.455000	0.146484	0.410156
5.460000	-0.131836	0.214844
5.465000	-0.263672	-0.258789
5.470000	-0.097656	-0.698242
5.475000	0.351562	-0.644531
5.480000	0.771484	-0.292969
5.485000	0.966797	0.126953
5.490000	0.883789	0.449219
5.495000	0.581055	0.610352
5.500000	0.175781	0.625000
5.505000	-0.239258	0.361328
5.510000	-0.468750	-0.527344
5.515000	-0.117188	-1.342773
5.520000	0.756836	-1.323242
5.525000	1.625977	-0.771484
5.530000	2.138672	-0.078125
5.535000	2.187500	0.463867
5.540000	1.884766	0.747070
5.545000	1.386719	0.791016
5.550000	0.859375	0.683594
5.555000	0.400391	0.517578
5.560000	0.053711	0.371094
5.565000	-0.195312	0.097656
5.570000	-0.253906	-0.424805
5.575000	0.024414	-0.732422
5.580000	0.498047	-0.561523
5.585000	0.859375	-0.161133
5.590000	0.966797	0.239258
5.595000	0.805664	0.517578
5.600000	0.463867	0.625000
5.605000	0.043945	0.600586
5.610000	-0.346680	0.146484
5.615000	-0.434570	-0.849609
5.620000	0.117188	-1.420898
5.625000	1.049805	-1.196289
5.630000	1.831055	-0.556641
5.635000	2.202148	0.112305
5.640000	2.128906	0.581055
5.645000	1.743164	0.781250
5.650000	1.225586	0.771484
5.655000	0.708008	0.629883
5.660000	0.283203	0.468750
5.665000	-0.034180	0.317383
5.670000	-0.244141	-0.053711
5.675000	-0.205078	-0.581055
5.680000	0.166016	-0.712891
5.685000	0.629883	-0.449219
5.690000	0.927734	-0.029297
5.695000	0.942383	0.336914
5.700000	0.712891	0.566406
5.705000	0.336914	0.629883
5.710000	-0.083008	0.532227
5.715000	-0.429688	-0.126953
5.720000	-0.332031	-1.127930
5.725000	0.395508	-1.416016
5.730000	1.318359	-1.020508
5.735000	1.992188	-0.336914
5.740000	2.221680	0.283203
5.745000	2.036133	0.673828
5.750000	1.586914	0.800781
5.755000	1.059570	0.732422
5.760000	0.566406	0.576172
5.765000	0.175781	0.419922
5.770000	-0.107422	0.239258
5.775000	-0.263672	-0.214844
5.780000	-0.122070	-0.678711
5.785000	0.312500	-0.668945
5.790000	0.751953	-0.322266
5.795000	0.961914	0.097656
5.800000	0.898438	0.424805
5.805000	0.610352	0.605469
5.810000	0.209961	0.625000
5.815000	-0.209961	0.400391
5.820000	-0.463867	-0.444336
5.825000	-0.170898	-1.313477
5.830000	0.688477	-1.347656
5.835000	1.572266	-0.820312
5.840000	2.114258	-0.126953
5.845000	2.202148	0.429688
5.850000	1.914062	0.737305
5.855000	1.425781	0.795898
5.860000	0.898438	0.688477
5.865000	0.434570	0.527344
5.870000	0.073242	0.380859
5.875000	-0.175781	0.131836
5.880000	-0.263672	-0.390625
5.885000	-0.009766	-0.722656
5.890000	0.463867	-0.585938
5.895000	0.844727	-0.195312
5.900000	0.966797	0.214844
5.905000	0.830078	0.498047
5.910000	0.493164	0.620117
5.915000	0.073242	0.615234
5.920000	-0.322266	0.205078
5.925000	-0.449219	-0.771484
5.930000	0.058594	-1.411133
5.935000	0.981445	-1.230469
5.940000	1.787109	-0.610352
5.945000	2.187500	0.063477
5.950000	2.148438	0.556641
5.955000	1.777344	0.771484
5.960000	1.254883	0.771484
5.965000	0.747070	0.644531
5.970000	0.307617	0.478516
5.975000	-0.009766	0.332031
5.980000	-0.234375	-0.009766
5.985000	-0.219727	-0.551758
5.990000	0.131836	-0.722656
5.995000	0.600586	-0.478516
6.000000	0.917969	-0.063477
6.005000	0.952148	0.317383
6.010000	0.737305	0.551758
6.015000	0.371094	0.629883
6.020000	-0.053711	0.551758
6.025000	-0.410156	-0.053711
6.030000	-0.366211	-1.069336
6.035000	0.322266	-1.425781
6.040000	1.254883	-1.064453
6.045000	1.962891	-0.395508
6.050000	2.216797	0.244141
6.055000	2.055664	0.649414
6.060000	1.625977	0.800781
6.065000	1.098633	0.742188
6.070000	0.600586	0.590820
6.075000	0.200195	0.434570
6.080000	-0.092773	0.258789
6.085000	-0.263672	-0.170898
6.090000	-0.146484	-0.664062
6.095000	0.278320	-0.678711
6.100000	0.727539	-0.356445
6.105000	0.957031	0.068359
6.110000	0.908203	0.410156
6.115000	0.639648	0.595703
6.120000	0.239258	0.625000
6.125000	-0.180664	0.444336
6.130000	-0.463867	-0.366211
6.135000	-0.214844	-1.274414
6.140000	0.615234	-1.372070
6.145000	1.513672	-0.874023
6.150000	2.089844	-0.180664
6.155000	2.211914	0.395508
6.160000	1.948242	0.722656
6.165000	1.464844	0.800781
6.170000	0.937500	0.698242
6.175000	0.463867	0.537109
6.180000	0.097656	0.390625
6.185000	-0.166016	0.151367
6.190000	-0.263672	-0.346680
6.195000	-0.039062	-0.717773
6.200000	0.429688	-0.605469
6.205000	0.830078	-0.224609
6.210000	0.971680	0.185547
6.215000	0.849609	0.483398
6.220000	0.522461	0.615234
6.225000	0.107422	0.615234
6.230000	-0.302734	0.258789
6.235000	-0.458984	-0.688477
6.240000	0.000000	-1.396484
6.245000	0.908203	-1.259766
6.250000	1.738281	-0.659180
6.255000	2.172852	0.019531
6.260000	2.167969	0.527344
6.265000	1.811523	0.766602
6.270000	1.298828	0.781250
6.275000	0.781250	0.654297
6.280000	0.341797	0.488281
6.285000	0.004883	0.341797
6.290000	-0.219727	0.024414
6.295000	-0.234375	-0.507812
6.300000	0.097656	-0.727539
6.305000	0.571289	-0.507812
6.310000	0.898438	-0.092773
6.315000	0.957031	0.292969
6.320000	0.761719	0.541992
6.325000	0.400391	0.629883
6.330000	-0.019531	0.571289
6.335000	-0.395508	0.014648
6.340000	-0.390625	-1.000977
6.345000	0.253906	-1.430664
6.350000	1.191406	-1.108398
6.355000	1.918945	-0.444336
6.360000	2.211914	0.200195
6.365000	2.084961	0.629883
6.370000	1.665039	0.795898
6.375000	1.142578	0.747070
6.380000	0.629883	0.605469
6.385000	0.224609	0.444336
6.390000	-0.073242	0.278320
6.395000	-0.258789	-0.131836
6.400000	-0.166016	-0.634766
6.405000	0.244141	-0.698242
6.410000	0.698242	-0.385742
6.415000	0.952148	0.039062
6.420000	0.922852	0.385742
6.425000	0.664062	0.585938
6.430000	0.273438	0.629883
6.435000	-0.151367	0.468750
6.440000	-0.449219	-0.283203
6.445000	-0.258789	-1.240234
6.450000	0.541992	-1.391602
6.455000	1.455078	-0.922852
6.460000	2.065430	-0.234375
6.465000	2.211914	0.361328
6.470000	1.977539	0.708008
6.475000	1.503906	0.800781
6.480000	0.976562	0.708008
6.485000	0.498047	0.551758
6.490000	0.122070	0.395508
6.495000	-0.151367	0.185547
6.500000	-0.263672	-0.307617
6.505000	-0.063477	-0.712891
6.510000	0.390625	-0.629883
6.515000	0.800781	-0.258789
6.520000	0.966797	0.156250
6.525000	0.864258	0.463867
6.530000	0.551758	0.615234
6.535000	0.141602	0.615234
6.540000	-0.273438	0.307617
6.545000	-0.463867	-0.615234
6.550000	-0.058594	-1.376953
6.555000	0.839844	-1.289062
6.560000	1.684570	-0.712891
6.565000	2.163086	-0.029297
6.570000	2.177734	0.498047
6.575000	1.850586	0.761719
6.580000	1.342773	0.781250
6.585000	0.820312	0.668945
6.590000	0.371094	0.502930
6.595000	0.029297	0.356445
6.600000	-0.209961	0.063477
6.605000	-0.244141	-0.478516
6.610000	0.063477	-0.732422
6.615000	0.537109	-0.527344
6.620000	0.883789	-0.126953
6.625000	0.966797	0.268555
6.630000	0.786133	0.532227
6.635000	0.429688	0.625000
6.640000	0.009766	0.585938
6.645000	-0.371094	0.078125
6.650000	-0.410156	-0.927734
6.655000	0.190430	-1.430664
6.660000	1.132812	-1.147461
6.665000	1.875000	-0.498047
6.670000	2.211914	0.161133
6.675000	2.104492	0.605469
6.680000	1.704102	0.791016
6.685000	1.181641	0.761719
6.690000	0.668945	0.615234
6.695000	0.253906	0.454102
6.700000	-0.053711	0.297852
6.705000	-0.253906	-0.092773
6.710000	-0.185547	-0.615234
6.715000	0.205078	-0.708008
6.720000	0.664062	-0.415039
6.725000	0.937500	0.000000
6.730000	0.932617	0.366211
6.735000	0.688477	0.576172
6.740000	0.297852	0.629883
6.745000	-0.117188	0.502930
6.750000	-0.444336	-0.209961
6.755000	-0.297852	-1.191406
6.760000	0.473633	-1.406250
6.765000	1.391602	-0.971680
6.770000	2.031250	-0.283203
6.775000	2.221680	0.327148
6.780000	2.006836	0.688477
6.785000	1.542969	0.800781
6.790000	1.015625	0.722656
6.795000	0.527344	0.566406
6.800000	0.146484	0.410156
6.805000	-0.131836	0.214844
6.810000	-0.268555	-0.263672
6.815000	-0.092773	-0.698242
6.820000	0.356445	-0.639648
6.825000	0.776367	-0.288086
6.830000	0.966797	0.131836
6.835000	0.883789	0.454102
6.840000	0.581055	0.610352
6.845000	0.170898	0.620117
6.850000	-0.244141	0.356445
6.855000	-0.468750	-0.532227
6.860000	-0.112305	-1.342773
6.865000	0.766602	-1.323242
6.870000	1.630859	-0.766602
6.875000	2.138672	-0.073242
6.880000	2.192383	0.468750
6.885000	1.879883	0.751953
6.890000	1.376953	0.791016
6.895000	0.854492	0.678711
6.900000	0.400391	0.512695
6.905000	0.048828	0.366211
6.910000	-0.195312	0.092773
6.915000	-0.253906	-0.434570
6.920000	0.029297	-0.732422
6.925000	0.502930	-0.556641
6.930000	0.864258	-0.161133
6.935000	0.966797	0.239258
6.940000	0.805664	0.512695
6.945000	0.454102	0.625000
6.950000	0.039062	0.595703
6.955000	-0.351562	0.141602
6.960000	-0.429688	-0.854492
6.965000	0.126953	-1.420898
6.970000	1.059570	-1.191406
6.975000	1.835938	-0.551758
6.980000	2.202148	0.117188
6.985000	2.128906	0.585938
6.990000	1.738281	0.781250
6.995000	1.220703	0.766602
7.000000	0.703125	0.629883
7.005000	0.278320	0.463867
7.010000	-0.039062	0.312500
7.015000	-0.244141	-0.053711
7.020000	-0.200195	-0.581055
7.025000	0.175781	-0.712891
7.030000	0.634766	-0.444336
7.035000	0.927734	-0.024414
7.040000	0.942383	0.341797
7.045000	0.712891	0.571289
7.050000	0.336914	0.629883
7.055000	-0.087891	0.527344
7.060000	-0.429688	-0.131836
7.065000	-0.332031	-1.132812
7.070000	0.400391	-1.416016
7.075000	1.328125	-1.015625
7.080000	2.001953	-0.336914
7.085000	2.221680	0.288086
7.090000	2.031250	0.668945
7.095000	1.582031	0.800781
7.100000	1.054688	0.732422
7.105000	0.561523	0.576172
7.110000	0.170898	0.419922
7.115000	-0.112305	0.234375
7.120000	-0.263672	-0.219727
7.125000	-0.122070	-0.683594
7.130000	0.317383	-0.664062
7.135000	0.756836	-0.322266
7.140000	0.961914	0.102539
7.145000	0.898438	0.434570
7.150000	0.610352	0.600586
7.155000	0.205078	0.625000
7.160000	-0.214844	0.395508
7.165000	-0.463867	-0.449219
7.170000	-0.161133	-1.313477
7.175000	0.693359	-1.347656
7.180000	1.577148	-0.815430
7.185000	2.119141	-0.122070
7.190000	2.202148	0.434570
7.195000	1.909180	0.737305
7.200000	1.420898	0.795898
7.205000	0.893555	0.688477
7.210000	0.429688	0.527344
7.215000	0.073242	0.375977
7.220000	-0.180664	0.126953
7.225000	-0.258789	-0.395508
7.230000	-0.004883	-0.727539
7.235000	0.463867	-0.581055
7.240000	0.849609	-0.190430
7.245000	0.966797	0.219727
7.250000	0.825195	0.498047
7.255000	0.488281	0.620117
7.260000	0.068359	0.610352
7.265000	-0.322266	0.200195
7.270000	-0.444336	-0.781250
7.275000	0.063477	-1.411133
7.280000	0.991211	-1.225586
7.285000	1.791992	-0.605469
7.290000	2.192383	0.068359
7.295000	2.148438	0.556641
7.300000	1.772461	0.776367
7.305000	1.254883	0.771484
7.310000	0.742188	0.639648
7.315000	0.307617	0.473633
7.320000	-0.014648	0.327148
7.325000	-0.234375	-0.014648
7.330000	-0.219727	-0.551758
7.335000	0.136719	-0.722656
7.340000	0.605469	-0.473633
7.345000	0.922852	-0.058594
7.350000	0.952148	0.317383
7.355000	0.737305	0.551758
7.360000	0.366211	0.629883
7.365000	-0.058594	0.546875
7.370000	-0.415039	-0.063477
7.375000	-0.361328	-1.074219
7.380000	0.332031	-1.425781
7.385000	1.264648	-1.059570
7.390000	1.962891	-0.385742
7.395000	2.221680	0.249023
7.400000	2.055664	0.649414
7.405000	1.621094	0.800781
7.410000	1.093750	0.742188
7.415000	0.595703	0.590820
7.420000	0.195312	0.434570
7.425000	-0.097656	0.258789
7.430000	-0.263672	-0.180664
7.435000	-0.141602	-0.664062
7.440000	0.283203	-0.678711
7.445000	0.727539	-0.351562
7.450000	0.957031	0.068359
7.455000	0.908203	0.410156
7.460000	0.634766	0.595703
7.465000	0.234375	0.625000
7.470000	-0.185547	0.434570
7.475000	-0.458984	-0.375977
7.480000	-0.209961	-1.279297
7.485000	0.625000	-1.367188
7.490000	1.523438	-0.869141
7.495000	2.094727	-0.170898
7.500000	2.211914	0.400391
7.505000	1.943359	0.727539
7.510000	1.459961	0.795898
7.515000	0.932617	0.703125
7.520000	0.458984	0.537109
7.525000	0.097656	0.385742
7.530000	-0.166016	0.156250
7.535000	-0.263672	-0.356445
7.540000	-0.034180	-0.722656
7.545000	0.429688	-0.605469
7.550000	0.825195	-0.224609
7.555000	0.966797	0.185547
7.560000	0.844727	0.483398
7.565000	0.517578	0.615234
7.570000	0.107422	0.615234
7.575000	-0.297852	0.253906
7.580000	-0.454102	-0.698242
7.585000	0.004883	-1.396484
7.590000	0.917969	-1.254883
7.595000	1.743164	-0.654297
7.600000	2.172852	0.024414
7.605000	2.158203	0.527344
7.610000	1.806641	0.771484
7.615000	1.293945	0.776367
7.620000	0.776367	0.649414
7.625000	0.336914	0.488281
7.630000	0.000000	0.341797
7.635000	-0.224609	0.024414
7.640000	-0.234375	-0.517578
7.645000	0.102539	-0.732422
7.650000	0.576172	-0.502930
7.655000	0.903320	-0.087891
7.660000	0.957031	0.297852
7.665000	0.761719	0.541992
7.670000	0.395508	0.625000
7.675000	-0.024414	0.571289
7.680000	-0.395508	0.004883
7.685000	-0.385742	-1.005859
7.690000	0.263672	-1.430664
7.695000	1.206055	-1.103516
7.700000	1.928711	-0.439453
7.705000	2.211914	0.209961
7.710000	2.080078	0.634766
7.715000	1.665039	0.791016
7.720000	1.132812	0.751953
7.725000	0.629883	0.605469
7.730000	0.224609	0.439453
7.735000	-0.083008	0.278320
7.740000	-0.258789	-0.136719
7.745000	-0.166016	-0.639648
7.750000	0.249023	-0.693359
7.755000	0.698242	-0.385742
7.760000	0.947266	0.039062
7.765000	0.927734	0.390625
7.770000	0.659180	0.585938
7.775000	0.268555	0.625000
7.780000	-0.156250	0.468750
7.785000	-0.454102	-0.292969
7.790000	-0.253906	-1.245117
7.795000	0.551758	-1.386719
7.800000	1.459961	-0.917969
7.805000	2.065430	-0.229492
7.810000	2.211914	0.366211
7.815000	1.972656	0.708008
7.820000	1.499023	0.800781
7.825000	0.971680	0.712891
7.830000	0.493164	0.551758
7.835000	0.122070	0.395508
7.840000	-0.151367	0.185547
7.845000	-0.263672	-0.312500
7.850000	-0.063477	-0.712891
7.855000	0.395508	-0.629883
7.860000	0.805664	-0.253906
7.865000	0.966797	0.161133
7.870000	0.859375	0.463867
7.875000	0.546875	0.615234
7.880000	0.136719	0.615234
7.885000	-0.273438	0.302734
7.890000	-0.463867	-0.620117
7.895000	-0.048828	-1.376953
7.900000	0.844727	-1.284180
7.905000	1.694336	-0.708008
7.910000	2.163086	-0.024414
7.915000	2.172852	0.498047
7.920000	1.845703	0.761719
7.925000	1.333008	0.786133
7.930000	0.815430	0.664062
7.935000	0.366211	0.498047
7.940000	0.024414	0.356445
7.945000	-0.209961	0.053711
7.950000	-0.244141	-0.478516
7.955000	0.063477	-0.732422
7.960000	0.541992	-0.527344
7.965000	0.888672	-0.122070
7.970000	0.966797	0.268555
7.975000	0.781250	0.532227
7.980000	0.424805	0.625000
7.985000	0.004883	0.581055
7.990000	-0.375977	0.068359
7.995000	-0.410156	-0.937500
8.000000	0.200195	-1.430664
8.005000	1.137695	-1.147461
8.010000	1.884766	-0.493164
8.015000	2.211914	0.161133
8.020000	2.104492	0.610352
8.025000	1.699219	0.791016
8.030000	1.176758	0.756836
8.035000	0.664062	0.615234
8.040000	0.249023	0.454102
8.045000	-0.058594	0.297852
8.050000	-0.249023	-0.097656
8.055000	-0.185547	-0.615234
8.060000	0.214844	-0.708008
8.065000	0.673828	-0.410156
8.070000	0.942383	0.009766
8.075000	0.932617	0.366211
8.080000	0.683594	0.576172
8.085000	0.297852	0.629883
8.090000	-0.122070	0.498047
8.095000	-0.444336	-0.214844
8.100000	-0.288086	-1.196289
8.105000	0.478516	-1.406250
8.110000	1.396484	-0.966797
8.115000	2.031250	-0.278320
8.120000	2.216797	0.327148
8.125000	2.001953	0.693359
8.130000	1.542969	0.800781
8.135000	1.005859	0.722656
8.140000	0.527344	0.566406
8.145000	0.141602	0.410156
8.150000	-0.131836	0.209961
8.155000	-0.263672	-0.268555
8.160000	-0.087891	-0.698242
8.165000	0.361328	-0.639648
8.170000	0.776367	-0.288086
8.175000	0.966797	0.131836
8.180000	0.878906	0.454102
8.185000	0.576172	0.610352
8.190000	0.166016	0.620117
8.195000	-0.244141	0.351562
8.200000	-0.468750	-0.541992
8.205000	-0.107422	-1.347656
8.210000	0.776367	-1.313477
8.215000	1.635742	-0.756836
8.220000	2.138672	-0.068359
8.225000	2.187500	0.463867
8.230000	1.875000	0.751953
8.235000	1.376953	0.791016
8.240000	0.849609	0.678711
8.245000	0.395508	0.512695
8.250000	0.043945	0.366211
8.255000	-0.195312	0.087891
8.260000	-0.253906	-0.439453
8.265000	0.029297	-0.732422
8.270000	0.507812	-0.551758
8.275000	0.869141	-0.151367
8.280000	0.966797	0.244141
8.285000	0.800781	0.517578
8.290000	0.458984	0.625000
8.295000	0.034180	0.595703
8.300000	-0.356445	0.136719
8.305000	-0.429688	-0.864258
8.310000	0.136719	-1.420898
8.315000	1.064453	-1.186523
8.320000	1.845703	-0.546875
8.325000	2.202148	0.117188
8.330000	2.124023	0.585938
8.335000	1.738281	0.781250
8.340000	1.215820	0.766602
8.345000	0.698242	0.625000
8.350000	0.278320	0.458984
8.355000	-0.039062	0.307617
8.360000	-0.244141	-0.058594
8.365000	-0.205078	-0.585938
8.370000	0.170898	-0.712891
8.375000	0.639648	-0.444336
8.380000	0.927734	-0.019531
8.385000	0.942383	0.346680
8.390000	0.708008	0.571289
8.395000	0.327148	0.625000
8.400000	-0.092773	0.527344
8.405000	-0.429688	-0.141602
8.410000	-0.327148	-1.142578
8.415000	0.405273	-1.411133
8.420000	1.333008	-1.010742
8.425000	2.001953	-0.327148
8.430000	2.221680	0.292969
8.435000	2.026367	0.673828
8.440000	1.577148	0.800781
8.445000	1.049805	0.732422
8.450000	0.556641	0.576172
8.455000	0.166016	0.419922
8.460000	-0.112305	0.229492
8.465000	-0.268555	-0.229492
8.470000	-0.117188	-0.683594
8.475000	0.322266	-0.664062
8.480000	0.756836	-0.317383
8.485000	0.961914	0.102539
8.490000	0.893555	0.434570
8.495000	0.605469	0.605469
8.500000	0.200195	0.625000
8.505000	-0.219727	0.390625
8.510000	-0.468750	-0.458984
8.515000	-0.161133	-1.323242
8.520000	0.703125	-1.342773
8.525000	1.582031	-0.810547
8.530000	2.119141	-0.122070
8.535000	2.202148	0.434570
8.540000	1.904297	0.732422
8.545000	1.416016	0.791016
8.550000	0.893555	0.688477
8.555000	0.424805	0.527344
8.560000	0.068359	0.375977
8.565000	-0.185547	0.117188
8.570000	-0.258789	-0.400391
8.575000	-0.004883	-0.727539
8.580000	0.473633	-0.581055
8.585000	0.849609	-0.185547
8.590000	0.966797	0.219727
8.595000	0.825195	0.498047
8.600000	0.488281	0.620117
8.605000	0.063477	0.610352
8.610000	-0.327148	0.195312
8.615000	-0.444336	-0.786133
8.620000	0.073242	-1.411133
8.625000	0.996094	-1.225586
8.630000	1.796875	-0.595703
8.635000	2.192383	0.073242
8.640000	2.138672	0.561523
8.645000	1.772461	0.776367
8.650000	1.250000	0.771484
8.655000	0.737305	0.639648
8.660000	0.302734	0.473633
8.665000	-0.014648	0.327148
8.670000	-0.234375	-0.014648
8.675000	-0.219727	-0.551758
8.680000	0.136719	-0.722656
8.685000	0.610352	-0.468750
8.690000	0.922852	-0.053711
8.695000	0.952148	0.322266
8.700000	0.732422	0.556641
8.705000	0.366211	0.629883
8.710000	-0.063477	0.546875
8.715000	-0.415039	-0.068359
8.720000	-0.356445	-1.083984
8.725000	0.336914	-1.425781
8.730000	1.269531	-1.054688
8.735000	1.967773	-0.380859
8.740000	2.221680	0.253906
8.745000	2.050781	0.654297
8.750000	1.616211	0.800781
8.755000	1.088867	0.737305
8.760000	0.595703	0.590820
8.765000	0.190430	0.429688
8.770000	-0.092773	0.253906
8.775000	-0.263672	-0.185547
8.780000	-0.136719	-0.664062
8.785000	0.288086	-0.678711
8.790000	0.727539	-0.346680
8.795000	0.957031	0.073242
8.800000	0.908203	0.415039
8.805000	0.629883	0.595703
8.810000	0.229492	0.625000
8.815000	-0.190430	0.429688
8.820000	-0.463867	-0.380859
8.825000	-0.205078	-1.284180
8.830000	0.629883	-1.367188
8.835000	1.528320	-0.864258
8.840000	2.094727	-0.170898
8.845000	2.207031	0.405273
8.850000	1.938477	0.727539
8.855000	1.455078	0.795898
8.860000	0.932617	0.698242
8.865000	0.458984	0.537109
8.870000	0.092773	0.380859
8.875000	-0.161133	0.151367
8.880000	-0.263672	-0.356445
8.885000	-0.029297	-0.717773
8.890000	0.434570	-0.600586
8.895000	0.825195	-0.219727
8.900000	0.966797	0.190430
8.905000	0.839844	0.488281
8.910000	0.517578	0.615234
8.915000	0.102539	0.615234
8.920000	-0.307617	0.249023
8.925000	-0.454102	-0.712891
8.930000	0.009766	-1.401367
8.935000	0.927734	-1.250000
8.940000	1.748047	-0.649414
8.945000	2.177734	0.029297
8.950000	2.163086	0.532227
8.955000	1.806641	0.771484
8.960000	1.289062	0.776367
8.965000	0.771484	0.649414
8.970000	0.332031	0.488281
8.975000	0.000000	0.341797
8.980000	-0.224609	0.019531
8.985000	-0.229492	-0.522461
8.990000	0.102539	-0.727539
8.995000	0.576172	-0.498047
9.000000	0.903320	-0.087891
9.005000	0.957031	0.297852
9.010000	0.756836	0.541992
9.015000	0.390625	0.629883
9.020000	-0.029297	0.566406
9.025000	-0.400391	0.000000
9.030000	-0.385742	-1.015625
9.035000	0.273438	-1.430664
9.040000	1.210938	-1.098633
9.045000	1.928711	-0.434570
9.050000	2.216797	0.214844
9.055000	2.080078	0.634766
9.060000	1.655273	0.795898
9.065000	1.132812	0.751953
9.070000	0.625000	0.605469
9.075000	0.224609	0.439453
9.080000	-0.083008	0.273438
9.085000	-0.258789	-0.141602
9.090000	-0.166016	-0.639648
9.095000	0.253906	-0.693359
9.100000	0.703125	-0.380859
9.105000	0.947266	0.043945
9.110000	0.922852	0.390625
9.115000	0.659180	0.585938
9.120000	0.263672	0.625000
9.125000	-0.161133	0.463867
9.130000	-0.454102	-0.302734
9.135000	-0.244141	-1.245117
9.140000	0.561523	-1.386719
9.145000	1.464844	-0.913086
9.150000	2.070312	-0.219727
9.155000	2.211914	0.366211
9.160000	1.967773	0.712891
9.165000	1.499023	0.795898
9.170000	0.966797	0.708008
9.175000	0.488281	0.546875
9.180000	0.117188	0.395508
9.185000	-0.151367	0.180664
9.190000	-0.263672	-0.317383
9.195000	-0.063477	-0.712891
9.200000	0.400391	-0.625000
9.205000	0.805664	-0.249023
9.210000	0.966797	0.166016
9.215000	0.859375	0.468750
9.220000	0.541992	0.615234
9.225000	0.131836	0.615234
9.230000	-0.278320	0.297852
9.235000	-0.463867	-0.629883
9.240000	-0.043945	-1.376953
9.245000	0.859375	-1.284180
9.250000	1.699219	-0.703125
9.255000	2.163086	-0.019531
9.260000	2.172852	0.502930
9.265000	1.840820	0.761719
9.270000	1.328125	0.781250
9.275000	0.810547	0.664062
9.280000	0.361328	0.498047
9.285000	0.024414	0.351562
9.290000	-0.209961	0.048828
9.295000	-0.244141	-0.483398
9.300000	0.068359	-0.732422
9.305000	0.541992	-0.522461
9.310000	0.883789	-0.117188
9.315000	0.961914	0.273438
9.320000	0.776367	0.537109
9.325000	0.424805	0.625000
9.330000	0.000000	0.576172
9.335000	-0.375977	0.063477
9.340000	-0.405273	-0.947266
9.345000	0.205078	-1.430664
9.350000	1.142578	-1.142578
9.355000	1.889648	-0.483398
9.360000	2.211914	0.170898
9.365000	2.099609	0.615234
9.370000	1.694336	0.791016
9.375000	1.171875	0.756836
9.380000	0.659180	0.615234
9.385000	0.249023	0.454102
9.390000	-0.058594	0.292969
9.395000	-0.253906	-0.102539
9.400000	-0.180664	-0.620117
9.405000	0.214844	-0.708008
9.410000	0.673828	-0.410156
9.415000	0.937500	0.009766
9.420000	0.927734	0.371094
9.425000	0.683594	0.576172
9.430000	0.297852	0.629883
9.435000	-0.126953	0.498047
9.440000	-0.444336	-0.224609
9.445000	-0.288086	-1.201172
9.450000	0.488281	-1.401367
9.455000	1.406250	-0.957031
9.460000	2.036133	-0.273438
9.465000	2.216797	0.332031
9.470000	1.997070	0.693359
9.475000	1.538086	0.800781
9.480000	1.005859	0.717773
9.485000	0.522461	0.561523
9.490000	0.141602	0.410156
9.495000	-0.131836	0.209961
9.500000	-0.268555	-0.273438
9.505000	-0.087891	-0.703125
9.510000	0.366211	-0.634766
9.515000	0.781250	-0.283203
9.520000	0.966797	0.136719
9.525000	0.874023	0.458984
9.530000	0.576172	0.610352
9.535000	0.166016	0.620117
9.540000	-0.249023	0.346680
9.545000	-0.468750	-0.551758
9.550000	-0.097656	-1.352539
9.555000	0.781250	-1.313477
9.560000	1.645508	-0.751953
9.565000	2.143555	-0.063477
9.570000	2.187500	0.473633
9.575000	1.865234	0.751953
9.580000	1.367188	0.791016
9.585000	0.849609	0.673828
9.590000	0.390625	0.512695
9.595000	0.048828	0.366211
9.600000	-0.205078	0.083008
9.605000	-0.249023	-0.439453
9.610000	0.034180	-0.732422
9.615000	0.507812	-0.551758
9.620000	0.869141	-0.151367
9.625000	0.966797	0.249023
9.630000	0.800781	0.522461
9.635000	0.454102	0.625000
9.640000	0.029297	0.595703
9.645000	-0.356445	0.126953
9.650000	-0.424805	-0.874023
9.655000	0.141602	-1.425781
9.660000	1.079102	-1.181641
9.665000	1.850586	-0.537109
9.670000	2.207031	0.122070
9.675000	2.124023	0.590820
9.680000	1.728516	0.786133
9.685000	1.210938	0.766602
9.690000	0.693359	0.625000
9.695000	0.273438	0.458984
9.700000	-0.039062	0.307617
9.705000	-0.244141	-0.058594
9.710000	-0.200195	-0.590820
9.715000	0.180664	-0.712891
9.720000	0.644531	-0.439453
9.725000	0.927734	-0.019531
9.730000	0.937500	0.346680
9.735000	0.708008	0.571289
9.740000	0.327148	0.629883
9.745000	-0.097656	0.522461
9.750000	-0.434570	-0.151367
9.755000	-0.322266	-1.147461
9.760000	0.419922	-1.411133
9.765000	1.342773	-1.005859
9.770000	2.006836	-0.322266
9.775000	2.221680	0.297852
9.780000	2.026367	0.678711
9.785000	1.577148	0.800781
9.790000	1.044922	0.732422
9.795000	0.556641	0.576172
9.800000	0.166016	0.419922
9.805000	-0.122070	0.229492
9.810000	-0.263672	-0.234375
9.815000	-0.112305	-0.683594
9.820000	0.327148	-0.659180
9.825000	0.761719	-0.312500
9.830000	0.966797	0.107422
9.835000	0.893555	0.434570
9.840000	0.605469	0.605469
9.845000	0.195312	0.625000
9.850000	-0.224609	0.385742
9.855000	-0.468750	-0.473633
9.860000	-0.151367	-1.323242
9.865000	0.712891	-1.337891
9.870000	1.591797	-0.805664
9.875000	2.124023	-0.112305
9.880000	2.202148	0.444336
9.885000	1.904297	0.737305
9.890000	1.411133	0.791016
9.895000	0.888672	0.683594
9.900000	0.419922	0.522461
9.905000	0.068359	0.380859
9.910000	-0.185547	0.117188
9.915000	-0.258789	-0.405273
9.920000	0.004883	-0.727539
9.925000	0.473633	-0.576172
9.930000	0.849609	-0.180664
9.935000	0.966797	0.219727
9.940000	0.820312	0.507812
9.945000	0.483398	0.620117
9.950000	0.063477	0.605469
9.955000	-0.332031	0.185547
9.960000	-0.444336	-0.795898
9.965000	0.078125	-1.411133
9.970000	1.005859	-1.220703
9.975000	1.801758	-0.595703
9.980000	2.192383	0.078125
9.985000	2.138672	0.566406
9.990000	1.767578	0.776367
9.995000	1.245117	0.771484
10.000000	0.732422	0.634766
