# Time_s	x	xdot
0.000000	-0.253906	-0.185547
0.005000	-0.126953	-0.639648
0.010000	0.283203	-0.634766
0.015000	0.693359	-0.312500
0.020000	0.898438	0.102539
0.025000	0.830078	0.424805
0.030000	0.541992	0.600586
0.035000	0.146484	0.620117
0.040000	-0.273438	0.327148
0.045000	-0.478516	-0.610352
0.050000	-0.068359	-1.406250
0.055000	0.844727	-1.337891
0.060000	1.723633	-0.756836
0.065000	2.226562	-0.043945
0.070000	2.255859	0.502930
0.075000	1.923828	0.776367
0.080000	1.401367	0.810547
0.085000	0.869141	0.683594
0.090000	0.410156	0.507812
0.095000	0.063477	0.361328
0.100000	-0.175781	0.107422
0.105000	-0.244141	-0.390625
0.110000	0.004883	-0.693359
0.115000	0.458984	-0.537109
0.120000	0.805664	-0.151367
0.125000	0.903320	0.239258
0.130000	0.737305	0.517578
0.135000	0.395508	0.620117
0.140000	-0.019531	0.581055
0.145000	-0.400391	0.024414
0.150000	-0.400391	-1.020508
0.155000	0.258789	-1.479492
0.160000	1.225586	-1.157227
0.165000	1.982422	-0.473633
0.170000	2.294922	0.195312
0.175000	2.167969	0.644531
0.180000	1.733398	0.815430
0.185000	1.196289	0.771484
0.190000	0.678711	0.615234
0.195000	0.263672	0.449219
0.200000	-0.043945	0.292969
0.205000	-0.234375	-0.068359
0.210000	-0.185547	-0.566406
0.215000	0.175781	-0.673828
0.220000	0.615234	-0.400391
0.225000	0.878906	0.009766
0.230000	0.869141	0.366211
0.235000	0.620117	0.576172
0.240000	0.234375	0.629883
0.245000	-0.185547	0.454102
0.250000	-0.468750	-0.366211
0.255000	-0.219727	-1.308594
0.260000	0.629883	-1.416016
0.265000	1.562500	-0.908203
0.270000	2.163086	-0.195312
0.275000	2.290039	0.405273
0.280000	2.026367	0.747070
0.285000	1.533203	0.820312
0.290000	0.986328	0.717773
0.295000	0.498047	0.546875
0.300000	0.131836	0.390625
0.305000	-0.131836	0.190430
0.310000	-0.253906	-0.273438
0.315000	-0.078125	-0.668945
0.320000	0.356445	-0.600586
0.325000	0.742188	-0.244141
0.330000	0.908203	0.161133
0.335000	0.795898	0.463867
0.340000	0.483398	0.615234
0.345000	0.068359	0.615234
0.350000	-0.327148	0.209961
0.355000	-0.454102	-0.791016
0.360000	0.063477	-1.450195
0.365000	1.015625	-1.264648
0.370000	1.850586	-0.634766
0.375000	2.270508	0.063477
0.380000	2.226562	0.571289
0.385000	1.850586	0.800781
0.390000	1.308594	0.795898
0.395000	0.786133	0.654297
0.400000	0.341797	0.483398
0.405000	0.014648	0.332031
0.410000	-0.205078	0.039062
0.415000	-0.224609	-0.473633
0.420000	0.078125	-0.693359
0.425000	0.527344	-0.478516
0.430000	0.844727	-0.083008
0.435000	0.888672	0.297852
0.440000	0.693359	0.541992
0.445000	0.327148	0.625000
0.450000	-0.092773	0.537109
0.455000	-0.439453	-0.136719
0.460000	-0.332031	-1.162109
0.465000	0.415039	-1.464844
0.470000	1.376953	-1.054688
0.475000	2.070312	-0.346680
0.480000	2.299805	0.292969
0.485000	2.109375	0.693359
0.490000	1.650391	0.825195
0.495000	1.103516	0.751953
0.500000	0.600586	0.585938
0.505000	0.205078	0.419922
0.510000	-0.083008	0.253906
0.515000	-0.244141	-0.156250
0.520000	-0.141602	-0.625000
0.525000	0.253906	-0.644531
0.530000	0.673828	-0.332031
0.535000	0.893555	0.073242
0.540000	0.839844	0.415039
0.545000	0.566406	0.595703
0.550000	0.166016	0.625000
0.555000	-0.253906	0.356445
0.560000	-0.478516	-0.551758
0.565000	-0.107422	-1.391602
0.570000	0.795898	-1.362305
0.575000	1.694336	-0.795898
0.580000	2.216797	-0.078125
0.585000	2.270508	0.478516
0.590000	1.948242	0.771484
0.595000	1.435547	0.810547
0.600000	0.898438	0.688477
0.605000	0.429688	0.517578
0.610000	0.073242	0.371094
0.615000	-0.166016	0.126953
0.620000	-0.249023	-0.361328
0.625000	-0.014648	-0.688477
0.630000	0.434570	-0.551758
0.635000	0.795898	-0.175781
0.640000	0.908203	0.224609
0.645000	0.756836	0.498047
0.650000	0.419922	0.620117
0.655000	0.000000	0.595703
0.660000	-0.385742	0.073242
0.665000	-0.415039	-0.966797
0.670000	0.209961	-1.474609
0.675000	1.176758	-1.186523
0.680000	1.953125	-0.512695
0.685000	2.290039	0.166016
0.690000	2.182617	0.625000
0.695000	1.762695	0.815430
0.700000	1.230469	0.781250
0.705000	0.698242	0.625000
0.710000	0.278320	0.458984
0.715000	-0.029297	0.302734
0.720000	-0.229492	-0.043945
0.725000	-0.200195	-0.546875
0.730000	0.151367	-0.673828
0.735000	0.595703	-0.415039
0.740000	0.869141	-0.009766
0.745000	0.874023	0.346680
0.750000	0.639648	0.566406
0.755000	0.258789	0.629883
0.760000	-0.161133	0.473633
0.765000	-0.468750	-0.312500
0.770000	-0.253906	-1.279297
0.775000	0.581055	-1.435547
0.780000	1.518555	-0.947266
0.785000	2.143555	-0.234375
0.790000	2.294922	0.380859
0.795000	2.041016	0.732422
0.800000	1.552734	0.820312
0.805000	1.010742	0.732422
0.810000	0.522461	0.556641
0.815000	0.141602	0.395508
0.820000	-0.122070	0.205078
0.825000	-0.253906	-0.244141
0.830000	-0.087891	-0.664062
0.835000	0.332031	-0.610352
0.840000	0.732422	-0.263672
0.845000	0.908203	0.141602
0.850000	0.805664	0.454102
0.855000	0.502930	0.615234
0.860000	0.092773	0.610352
0.865000	-0.312500	0.253906
0.870000	-0.463867	-0.732422
0.875000	0.019531	-1.445312
0.880000	0.961914	-1.293945
0.885000	1.816406	-0.673828
0.890000	2.255859	0.029297
0.895000	2.241211	0.551758
0.900000	1.870117	0.795898
0.905000	1.342773	0.795898
0.910000	0.810547	0.664062
0.915000	0.361328	0.488281
0.920000	0.024414	0.341797
0.925000	-0.200195	0.058594
0.930000	-0.234375	-0.449219
0.935000	0.053711	-0.693359
0.940000	0.507812	-0.498047
0.945000	0.830078	-0.097656
0.950000	0.893555	0.278320
0.955000	0.708008	0.537109
0.960000	0.351562	0.625000
0.965000	-0.073242	0.551758
0.970000	-0.429688	-0.083008
0.975000	-0.361328	-1.123047
0.980000	0.366211	-1.469727
0.985000	1.323242	-1.088867
0.990000	2.041016	-0.390625
0.995000	2.304688	0.263672
1.000000	2.128906	0.678711
1.005000	1.674805	0.820312
1.010000	1.132812	0.756836
1.015000	0.620117	0.595703
1.020000	0.214844	0.424805
1.025000	-0.073242	0.263672
1.030000	-0.244141	-0.126953
1.035000	-0.161133	-0.610352
1.040000	0.229492	-0.654297
1.045000	0.654297	-0.351562
1.050000	0.888672	0.053711
1.055000	0.849609	0.395508
1.060000	0.581055	0.590820
1.065000	0.185547	0.625000
1.070000	-0.234375	0.390625
1.075000	-0.478516	-0.498047
1.080000	-0.146484	-1.367188
1.085000	0.747070	-1.381836
1.090000	1.655273	-0.830078
1.095000	2.202148	-0.112305
1.100000	2.280273	0.458984
1.105000	1.977539	0.766602
1.110000	1.464844	0.815430
1.115000	0.927734	0.698242
1.120000	0.454102	0.527344
1.125000	0.097656	0.371094
1.130000	-0.161133	0.146484
1.135000	-0.249023	-0.332031
1.140000	-0.029297	-0.683594
1.145000	0.410156	-0.566406
1.150000	0.776367	-0.195312
1.155000	0.903320	0.205078
1.160000	0.766602	0.493164
1.165000	0.439453	0.615234
1.170000	0.024414	0.600586
1.175000	-0.366211	0.117188
1.180000	-0.434570	-0.913086
1.185000	0.161133	-1.469727
1.190000	1.123047	-1.215820
1.195000	1.918945	-0.551758
1.200000	2.290039	0.136719
1.205000	2.192383	0.610352
1.210000	1.791992	0.810547
1.215000	1.250000	0.786133
1.220000	0.727539	0.629883
1.225000	0.297852	0.458984
1.230000	-0.014648	0.312500
1.235000	-0.224609	-0.019531
1.240000	-0.205078	-0.527344
1.245000	0.126953	-0.683594
1.250000	0.576172	-0.444336
1.255000	0.859375	-0.029297
1.260000	0.878906	0.332031
1.265000	0.654297	0.561523
1.270000	0.283203	0.625000
1.275000	-0.141602	0.498047
1.280000	-0.458984	-0.258789
1.285000	-0.278320	-1.250000
1.290000	0.527344	-1.445312
1.295000	1.469727	-0.981445
1.300000	2.124023	-0.268555
1.305000	2.299805	0.351562
1.310000	2.065430	0.722656
1.315000	1.586914	0.825195
1.320000	1.040039	0.732422
1.325000	0.546875	0.566406
1.330000	0.161133	0.400391
1.335000	-0.112305	0.219727
1.340000	-0.253906	-0.219727
1.345000	-0.107422	-0.649414
1.350000	0.307617	-0.625000
1.355000	0.712891	-0.288086
1.360000	0.903320	0.122070
1.365000	0.815430	0.444336
1.370000	0.522461	0.605469
1.375000	0.117188	0.620117
1.380000	-0.297852	0.283203
1.385000	-0.468750	-0.678711
1.390000	-0.024414	-1.425781
1.395000	0.913086	-1.318359
1.400000	1.777344	-0.708008
1.405000	2.246094	0.000000
1.410000	2.250977	0.532227
1.415000	1.899414	0.791016
1.420000	1.372070	0.805664
1.425000	0.839844	0.673828
1.430000	0.380859	0.498047
1.435000	0.043945	0.346680
1.440000	-0.190430	0.078125
1.445000	-0.244141	-0.424805
1.450000	0.029297	-0.693359
1.455000	0.483398	-0.517578
1.460000	0.815430	-0.126953
1.465000	0.898438	0.263672
1.470000	0.722656	0.522461
1.475000	0.371094	0.625000
1.480000	-0.048828	0.566406
1.485000	-0.415039	-0.034180
1.490000	-0.380859	-1.079102
1.495000	0.317383	-1.474609
1.500000	1.274414	-1.118164
1.505000	2.016602	-0.429688
1.510000	2.299805	0.234375
1.515000	2.143555	0.664062
1.520000	1.704102	0.820312
1.525000	1.162109	0.766602
1.530000	0.649414	0.610352
1.535000	0.234375	0.439453
1.540000	-0.058594	0.278320
1.545000	-0.244141	-0.102539
1.550000	-0.170898	-0.590820
1.555000	0.205078	-0.668945
1.560000	0.634766	-0.375977
1.565000	0.883789	0.034180
1.570000	0.854492	0.380859
1.575000	0.605469	0.581055
1.580000	0.214844	0.625000
1.585000	-0.209961	0.419922
1.590000	-0.473633	-0.434570
1.595000	-0.180664	-1.342773
1.600000	0.693359	-1.401367
1.605000	1.611328	-0.864258
1.610000	2.182617	-0.151367
1.615000	2.290039	0.434570
1.620000	1.997070	0.756836
1.625000	1.494141	0.820312
1.630000	0.952148	0.708008
1.635000	0.473633	0.537109
1.640000	0.112305	0.380859
1.645000	-0.141602	0.166016
1.650000	-0.249023	-0.307617
1.655000	-0.053711	-0.673828
1.660000	0.385742	-0.581055
1.665000	0.766602	-0.214844
1.670000	0.908203	0.180664
1.675000	0.781250	0.483398
1.680000	0.458984	0.615234
1.685000	0.048828	0.610352
1.690000	-0.351562	0.161133
1.695000	-0.444336	-0.859375
1.700000	0.117188	-1.464844
1.705000	1.079102	-1.245117
1.710000	1.889648	-0.590820
1.715000	2.280273	0.102539
1.720000	2.211914	0.590820
1.725000	1.816406	0.810547
1.730000	1.274414	0.791016
1.735000	0.751953	0.644531
1.740000	0.317383	0.468750
1.745000	-0.004883	0.322266
1.750000	-0.214844	0.004883
1.755000	-0.214844	-0.502930
1.760000	0.107422	-0.683594
1.765000	0.551758	-0.454102
1.770000	0.854492	-0.053711
1.775000	0.888672	0.317383
1.780000	0.673828	0.551758
1.785000	0.302734	0.629883
1.790000	-0.117188	0.517578
1.795000	-0.449219	-0.200195
1.800000	-0.307617	-1.215820
1.805000	0.478516	-1.450195
1.810000	1.430664	-1.015625
1.815000	2.099609	-0.307617
1.820000	2.299805	0.327148
1.825000	2.089844	0.703125
1.830000	1.616211	0.825195
1.835000	1.069336	0.742188
1.840000	0.571289	0.576172
1.845000	0.180664	0.410156
1.850000	-0.097656	0.234375
1.855000	-0.253906	-0.190430
1.860000	-0.126953	-0.634766
1.865000	0.283203	-0.634766
1.870000	0.698242	-0.307617
1.875000	0.898438	0.102539
1.880000	0.830078	0.429688
1.885000	0.541992	0.600586
1.890000	0.141602	0.625000
1.895000	-0.278320	0.322266
1.900000	-0.473633	-0.620117
1.905000	-0.063477	-1.411133
1.910000	0.864258	-1.337891
1.915000	1.738281	-0.747070
1.920000	2.236328	-0.039062
1.925000	2.260742	0.507812
1.930000	1.923828	0.786133
1.935000	1.401367	0.810547
1.940000	0.864258	0.683594
1.945000	0.405273	0.502930
1.950000	0.058594	0.356445
1.955000	-0.180664	0.102539
1.960000	-0.244141	-0.395508
1.965000	0.009766	-0.693359
1.970000	0.458984	-0.532227
1.975000	0.805664	-0.146484
1.980000	0.908203	0.244141
1.985000	0.737305	0.517578
1.990000	0.390625	0.625000
1.995000	-0.024414	0.581055
2.000000	-0.400391	0.014648
2.005000	-0.400391	-1.025391
2.010000	0.268555	-1.474609
2.015000	1.235352	-1.152344
2.020000	1.987305	-0.468750
2.025000	2.294922	0.205078
2.030000	2.167969	0.649414
2.035000	1.733398	0.820312
2.040000	1.186523	0.771484
2.045000	0.668945	0.615234
2.050000	0.258789	0.444336
2.055000	-0.043945	0.288086
2.060000	-0.239258	-0.073242
2.065000	-0.185547	-0.571289
2.070000	0.180664	-0.673828
2.075000	0.620117	-0.395508
2.080000	0.878906	0.014648
2.085000	0.869141	0.366211
2.090000	0.620117	0.576172
2.095000	0.234375	0.625000
2.100000	-0.190430	0.444336
2.105000	-0.468750	-0.380859
2.110000	-0.214844	-1.318359
2.115000	0.639648	-1.416016
2.120000	1.567383	-0.908203
2.125000	2.167969	-0.185547
2.130000	2.290039	0.410156
2.135000	2.016602	0.747070
2.140000	1.523438	0.820312
2.145000	0.976562	0.717773
2.150000	0.493164	0.541992
2.155000	0.126953	0.385742
2.160000	-0.131836	0.180664
2.165000	-0.253906	-0.278320
2.170000	-0.073242	-0.673828
2.175000	0.361328	-0.595703
2.180000	0.751953	-0.239258
2.185000	0.908203	0.166016
2.190000	0.795898	0.468750
2.195000	0.478516	0.615234
2.200000	0.068359	0.615234
2.205000	-0.332031	0.205078
2.210000	-0.454102	-0.805664
2.215000	0.068359	-1.455078
2.220000	1.025391	-1.264648
2.225000	1.855469	-0.625000
2.230000	2.270508	0.068359
2.235000	2.226562	0.576172
2.240000	1.845703	0.800781
2.245000	1.303711	0.795898
2.250000	0.776367	0.649414
2.255000	0.336914	0.478516
2.260000	0.009766	0.332031
2.265000	-0.209961	0.029297
2.270000	-0.224609	-0.478516
2.275000	0.078125	-0.693359
2.280000	0.532227	-0.473633
2.285000	0.844727	-0.078125
2.290000	0.888672	0.297852
2.295000	0.688477	0.541992
2.300000	0.322266	0.625000
2.305000	-0.097656	0.537109
2.310000	-0.439453	-0.146484
2.315000	-0.332031	-1.171875
2.320000	0.424805	-1.464844
2.325000	1.386719	-1.049805
2.330000	2.075195	-0.346680
2.335000	2.304688	0.297852
2.340000	2.104492	0.693359
2.345000	1.640625	0.825195
2.350000	1.098633	0.751953
2.355000	0.595703	0.585938
2.360000	0.200195	0.415039
2.365000	-0.083008	0.253906
2.370000	-0.249023	-0.166016
2.375000	-0.141602	-0.625000
2.380000	0.263672	-0.644531
2.385000	0.683594	-0.327148
2.390000	0.893555	0.078125
2.395000	0.839844	0.415039
2.400000	0.561523	0.595703
2.405000	0.161133	0.625000
2.410000	-0.253906	0.351562
2.415000	-0.478516	-0.566406
2.420000	-0.102539	-1.396484
2.425000	0.810547	-1.362305
2.430000	1.704102	-0.781250
2.435000	2.221680	-0.073242
2.440000	2.270508	0.488281
2.445000	1.943359	0.776367
2.450000	1.430664	0.810547
2.455000	0.893555	0.693359
2.460000	0.424805	0.517578
2.465000	0.073242	0.366211
2.470000	-0.170898	0.126953
2.475000	-0.249023	-0.371094
2.480000	-0.009766	-0.688477
2.485000	0.439453	-0.546875
2.490000	0.795898	-0.170898
2.495000	0.908203	0.224609
2.500000	0.751953	0.502930
2.505000	0.415039	0.620117
2.510000	-0.004883	0.585938
2.515000	-0.385742	0.063477
2.520000	-0.415039	-0.976562
2.525000	0.219727	-1.474609
2.530000	1.186523	-1.181641
2.535000	1.958008	-0.502930
2.540000	2.294922	0.175781
2.545000	2.182617	0.634766
2.550000	1.757812	0.815430
2.555000	1.220703	0.776367
2.560000	0.698242	0.620117
2.565000	0.273438	0.454102
2.570000	-0.034180	0.302734
2.575000	-0.234375	-0.048828
2.580000	-0.195312	-0.556641
2.585000	0.156250	-0.673828
2.590000	0.600586	-0.410156
2.595000	0.869141	-0.009766
2.600000	0.874023	0.351562
2.605000	0.634766	0.571289
2.610000	0.258789	0.629883
2.615000	-0.166016	0.468750
2.620000	-0.468750	-0.322266
2.625000	-0.249023	-1.284180
2.630000	0.590820	-1.430664
2.635000	1.528320	-0.942383
2.640000	2.148438	-0.224609
2.645000	2.294922	0.380859
2.650000	2.041016	0.732422
2.655000	1.552734	0.825195
2.660000	1.005859	0.727539
2.665000	0.517578	0.556641
2.670000	0.141602	0.390625
2.675000	-0.126953	0.205078
2.680000	-0.253906	-0.253906
2.685000	-0.092773	-0.664062
2.690000	0.336914	-0.605469
2.695000	0.732422	-0.258789
2.700000	0.903320	0.146484
2.705000	0.805664	0.458984
2.710000	0.498047	0.615234
2.715000	0.087891	0.615234
2.720000	-0.317383	0.244141
2.725000	-0.458984	-0.747070
2.730000	0.029297	-1.450195
2.735000	0.976562	-1.289062
2.740000	1.821289	-0.664062
2.745000	2.255859	0.039062
2.750000	2.236328	0.556641
2.755000	1.865234	0.795898
2.760000	1.333008	0.800781
2.765000	0.800781	0.664062
2.770000	0.356445	0.488281
2.775000	0.024414	0.336914
2.780000	-0.200195	0.053711
2.785000	-0.234375	-0.454102
2.790000	0.058594	-0.693359
2.795000	0.512695	-0.493164
2.800000	0.834961	-0.097656
2.805000	0.893555	0.283203
2.810000	0.703125	0.537109
2.815000	0.346680	0.629883
2.820000	-0.078125	0.551758
2.825000	-0.429688	-0.092773
2.830000	-0.351562	-1.132812
2.835000	0.375977	-1.469727
2.840000	1.333008	-1.079102
2.845000	2.045898	-0.380859
2.850000	2.304688	0.273438
2.855000	2.124023	0.683594
2.860000	1.669922	0.825195
2.865000	1.127930	0.756836
2.870000	0.615234	0.595703
2.875000	0.219727	0.419922
2.880000	-0.073242	0.263672
2.885000	-0.244141	-0.136719
2.890000	-0.156250	-0.610352
2.895000	0.234375	-0.649414
2.900000	0.659180	-0.351562
2.905000	0.888672	0.063477
2.910000	0.844727	0.400391
2.915000	0.576172	0.590820
2.920000	0.180664	0.625000
2.925000	-0.239258	0.380859
2.930000	-0.478516	-0.507812
2.935000	-0.136719	-1.372070
2.940000	0.756836	-1.376953
2.945000	1.660156	-0.825195
2.950000	2.207031	-0.107422
2.955000	2.275391	0.463867
2.960000	1.972656	0.771484
2.965000	1.459961	0.815430
2.970000	0.917969	0.698242
2.975000	0.449219	0.527344
2.980000	0.092773	0.371094
2.985000	-0.161133	0.141602
2.990000	-0.249023	-0.341797
2.995000	-0.029297	-0.683594
3.000000	0.415039	-0.561523
3.005000	0.776367	-0.190430
3.010000	0.908203	0.209961
3.015000	0.766602	0.493164
3.020000	0.434570	0.615234
3.025000	0.014648	0.595703
3.030000	-0.371094	0.107422
3.035000	-0.429688	-0.927734
3.040000	0.170898	-1.469727
3.045000	1.137695	-1.206055
3.050000	1.928711	-0.541992
3.055000	2.290039	0.141602
3.060000	2.192383	0.615234
3.065000	1.787109	0.810547
3.070000	1.245117	0.781250
3.075000	0.722656	0.634766
3.080000	0.292969	0.458984
3.085000	-0.019531	0.307617
3.090000	-0.224609	-0.019531
3.095000	-0.205078	-0.532227
3.100000	0.136719	-0.683594
3.105000	0.581055	-0.439453
3.110000	0.864258	-0.029297
3.115000	0.878906	0.336914
3.120000	0.649414	0.561523
3.125000	0.278320	0.629883
3.130000	-0.146484	0.488281
3.135000	-0.458984	-0.263672
3.140000	-0.273438	-1.254883
3.145000	0.541992	-1.445312
3.150000	1.484375	-0.976562
3.155000	2.124023	-0.263672
3.160000	2.294922	0.356445
3.165000	2.060547	0.727539
3.170000	1.582031	0.825195
3.175000	1.035156	0.732422
3.180000	0.541992	0.571289
3.185000	0.161133	0.400391
3.190000	-0.112305	0.219727
3.195000	-0.258789	-0.224609
3.200000	-0.102539	-0.649414
3.205000	0.312500	-0.625000
3.210000	0.717773	-0.283203
3.215000	0.903320	0.126953
3.220000	0.815430	0.444336
3.225000	0.517578	0.605469
3.230000	0.112305	0.615234
3.235000	-0.297852	0.278320
3.240000	-0.468750	-0.688477
3.245000	-0.014648	-1.435547
3.250000	0.922852	-1.313477
3.255000	1.787109	-0.703125
3.260000	2.250977	0.000000
3.265000	2.250977	0.532227
3.270000	1.889648	0.795898
3.275000	1.367188	0.805664
3.280000	0.830078	0.673828
3.285000	0.375977	0.493164
3.290000	0.039062	0.346680
3.295000	-0.190430	0.078125
3.300000	-0.239258	-0.429688
3.305000	0.039062	-0.693359
3.310000	0.488281	-0.512695
3.315000	0.820312	-0.122070
3.320000	0.898438	0.268555
3.325000	0.717773	0.532227
3.330000	0.366211	0.625000
3.335000	-0.053711	0.566406
3.340000	-0.415039	-0.048828
3.345000	-0.375977	-1.083984
3.350000	0.327148	-1.474609
3.355000	1.289062	-1.113281
3.360000	2.021484	-0.419922
3.365000	2.299805	0.239258
3.370000	2.143555	0.668945
3.375000	1.699219	0.820312
3.380000	1.157227	0.766602
3.385000	0.639648	0.605469
3.390000	0.234375	0.434570
3.395000	-0.063477	0.278320
3.400000	-0.244141	-0.107422
3.405000	-0.166016	-0.595703
3.410000	0.214844	-0.664062
3.415000	0.644531	-0.371094
3.420000	0.888672	0.039062
3.425000	0.849609	0.380859
3.430000	0.595703	0.581055
3.435000	0.209961	0.625000
3.440000	-0.214844	0.415039
3.445000	-0.478516	-0.449219
3.450000	-0.170898	-1.347656
3.455000	0.703125	-1.396484
3.460000	1.621094	-0.859375
3.465000	2.187500	-0.141602
3.470000	2.290039	0.444336
3.475000	1.997070	0.756836
3.480000	1.484375	0.820312
3.485000	0.947266	0.708008
3.490000	0.468750	0.537109
3.495000	0.107422	0.380859
3.500000	-0.146484	0.161133
3.505000	-0.253906	-0.312500
3.510000	-0.048828	-0.673828
3.515000	0.390625	-0.581055
3.520000	0.766602	-0.209961
3.525000	0.908203	0.185547
3.530000	0.776367	0.483398
3.535000	0.454102	0.615234
3.540000	0.039062	0.610352
3.545000	-0.356445	0.151367
3.550000	-0.444336	-0.869141
3.555000	0.126953	-1.464844
3.560000	1.088867	-1.240234
3.565000	1.894531	-0.581055
3.570000	2.285156	0.107422
3.575000	2.207031	0.600586
3.580000	1.811523	0.810547
3.585000	1.274414	0.791016
3.590000	0.747070	0.644531
3.595000	0.307617	0.468750
3.600000	-0.004883	0.317383
3.605000	-0.214844	0.000000
3.610000	-0.214844	-0.507812
3.615000	0.112305	-0.683594
3.620000	0.556641	-0.454102
3.625000	0.854492	-0.053711
3.630000	0.888672	0.322266
3.635000	0.668945	0.556641
3.640000	0.297852	0.625000
3.645000	-0.122070	0.512695
3.650000	-0.449219	-0.209961
3.655000	-0.302734	-1.220703
3.660000	0.488281	-1.450195
3.665000	1.440430	-1.005859
3.670000	2.104492	-0.297852
3.675000	2.304688	0.336914
3.680000	2.084961	0.712891
3.685000	1.606445	0.825195
3.690000	1.064453	0.742188
3.695000	0.566406	0.576172
3.700000	0.175781	0.405273
3.705000	-0.102539	0.229492
3.710000	-0.253906	-0.195312
3.715000	-0.122070	-0.639648
3.720000	0.288086	-0.629883
3.725000	0.698242	-0.302734
3.730000	0.898438	0.107422
3.735000	0.825195	0.434570
3.740000	0.537109	0.600586
3.745000	0.131836	0.620117
3.750000	-0.278320	0.312500
3.755000	-0.473633	-0.634766
3.760000	-0.053711	-1.416016
3.765000	0.869141	-1.337891
3.770000	1.748047	-0.737305
3.775000	2.236328	-0.029297
3.780000	2.255859	0.517578
3.785000	1.918945	0.786133
3.790000	1.391602	0.810547
3.795000	0.854492	0.678711
3.800000	0.400391	0.502930
3.805000	0.053711	0.356445
3.810000	-0.180664	0.097656
3.815000	-0.244141	-0.405273
3.820000	0.014648	-0.693359
3.825000	0.463867	-0.527344
3.830000	0.810547	-0.141602
3.835000	0.903320	0.249023
3.840000	0.732422	0.517578
3.845000	0.385742	0.625000
3.850000	-0.029297	0.576172
3.855000	-0.400391	0.000000
3.860000	-0.395508	-1.040039
3.865000	0.278320	-1.474609
3.870000	1.245117	-1.147461
3.875000	1.992188	-0.458984
3.880000	2.299805	0.214844
3.885000	2.158203	0.649414
3.890000	1.723633	0.820312
3.895000	1.186523	0.771484
3.900000	0.664062	0.615234
3.905000	0.253906	0.439453
3.910000	-0.043945	0.288086
3.915000	-0.239258	-0.078125
3.920000	-0.180664	-0.581055
3.925000	0.185547	-0.673828
3.930000	0.625000	-0.390625
3.935000	0.883789	0.019531
3.940000	0.864258	0.371094
3.945000	0.615234	0.576172
3.950000	0.229492	0.625000
3.955000	-0.195312	0.439453
3.960000	-0.473633	-0.390625
3.965000	-0.209961	-1.323242
3.970000	0.649414	-1.411133
3.975000	1.577148	-0.898438
3.980000	2.172852	-0.175781
3.985000	2.290039	0.415039
3.990000	2.016602	0.747070
3.995000	1.518555	0.820312
4.000000	0.976562	0.717773
4.005000	0.493164	0.541992
4.010000	0.126953	0.385742
4.015000	-0.136719	0.180664
4.020000	-0.253906	-0.288086
4.025000	-0.063477	-0.673828
4.030000	0.366211	-0.595703
4.035000	0.756836	-0.234375
4.040000	0.908203	0.170898
4.045000	0.791016	0.468750
4.050000	0.473633	0.615234
4.055000	0.058594	0.615234
4.060000	-0.336914	0.190430
4.065000	-0.449219	-0.815430
4.070000	0.083008	-1.455078
4.075000	1.035156	-1.254883
4.080000	1.865234	-0.620117
4.085000	2.275391	0.078125
4.090000	2.221680	0.581055
4.095000	1.835938	0.805664
4.100000	1.298828	0.795898
4.105000	0.771484	0.649414
4.110000	0.327148	0.478516
4.115000	0.009766	0.332031
4.120000	-0.205078	0.024414
4.125000	-0.224609	-0.488281
4.130000	0.087891	-0.693359
4.135000	0.537109	-0.473633
4.140000	0.844727	-0.073242
4.145000	0.893555	0.302734
4.150000	0.683594	0.546875
4.155000	0.317383	0.629883
4.160000	-0.097656	0.532227
4.165000	-0.444336	-0.161133
4.170000	-0.327148	-1.181641
4.175000	0.439453	-1.459961
4.180000	1.391602	-1.040039
4.185000	2.080078	-0.336914
4.190000	2.304688	0.302734
4.195000	2.099609	0.698242
4.200000	1.635742	0.825195
4.205000	1.093750	0.751953
4.210000	0.585938	0.581055
4.215000	0.195312	0.419922
4.220000	-0.087891	0.249023
4.225000	-0.249023	-0.166016
4.230000	-0.136719	-0.629883
4.235000	0.263672	-0.639648
4.240000	0.683594	-0.327148
4.245000	0.893555	0.083008
4.250000	0.834961	0.415039
4.255000	0.556641	0.600586
4.260000	0.156250	0.625000
4.265000	-0.258789	0.346680
4.270000	-0.478516	-0.581055
4.275000	-0.092773	-1.401367
4.280000	0.820312	-1.357422
4.285000	1.708984	-0.776367
4.290000	2.226562	-0.063477
4.295000	2.270508	0.488281
4.300000	1.943359	0.776367
4.305000	1.420898	0.810547
4.310000	0.888672	0.688477
4.315000	0.419922	0.517578
4.320000	0.068359	0.361328
4.325000	-0.170898	0.122070
4.330000	-0.244141	-0.375977
4.335000	-0.004883	-0.688477
4.340000	0.444336	-0.546875
4.345000	0.795898	-0.166016
4.350000	0.908203	0.229492
4.355000	0.747070	0.507812
4.360000	0.410156	0.625000
4.365000	-0.009766	0.585938
4.370000	-0.390625	0.048828
4.375000	-0.410156	-0.986328
4.380000	0.229492	-1.479492
4.385000	1.201172	-1.176758
4.390000	1.967773	-0.498047
4.395000	2.294922	0.180664
4.400000	2.177734	0.634766
4.405000	1.752930	0.815430
4.410000	1.210938	0.776367
4.415000	0.688477	0.620117
4.420000	0.268555	0.449219
4.425000	-0.034180	0.302734
4.430000	-0.234375	-0.053711
4.435000	-0.195312	-0.556641
4.440000	0.161133	-0.678711
4.445000	0.605469	-0.415039
4.450000	0.874023	-0.004883
4.455000	0.874023	0.356445
4.460000	0.629883	0.571289
4.465000	0.249023	0.629883
4.470000	-0.170898	0.463867
4.475000	-0.468750	-0.336914
4.480000	-0.239258	-1.293945
4.485000	0.600586	-1.425781
4.490000	1.542969	-0.932617
4.495000	2.153320	-0.219727
4.500000	2.294922	0.390625
4.505000	2.036133	0.737305
4.510000	1.547852	0.825195
4.515000	1.000977	0.722656
4.520000	0.517578	0.551758
4.525000	0.141602	0.390625
4.530000	-0.131836	0.195312
4.535000	-0.253906	-0.258789
4.540000	-0.083008	-0.664062
4.545000	0.341797	-0.605469
4.550000	0.737305	-0.253906
4.555000	0.903320	0.146484
4.560000	0.800781	0.458984
4.565000	0.493164	0.610352
4.570000	0.083008	0.615234
4.575000	-0.317383	0.234375
4.580000	-0.463867	-0.756836
4.585000	0.039062	-1.450195
4.590000	0.986328	-1.284180
4.595000	1.831055	-0.654297
4.600000	2.260742	0.043945
4.605000	2.236328	0.561523
4.610000	1.865234	0.800781
4.615000	1.328125	0.800781
4.620000	0.795898	0.659180
4.625000	0.351562	0.488281
4.630000	0.019531	0.336914
4.635000	-0.200195	0.048828
4.640000	-0.234375	-0.458984
4.645000	0.063477	-0.693359
4.650000	0.517578	-0.493164
4.655000	0.834961	-0.092773
4.660000	0.893555	0.288086
4.665000	0.698242	0.537109
4.670000	0.336914	0.629883
4.675000	-0.083008	0.546875
4.680000	-0.434570	-0.102539
4.685000	-0.351562	-1.142578
4.690000	0.385742	-1.469727
4.695000	1.347656	-1.074219
4.700000	2.055664	-0.371094
4.705000	2.304688	0.273438
4.710000	2.119141	0.688477
4.715000	1.665039	0.820312
4.720000	1.118164	0.756836
4.725000	0.615234	0.595703
4.730000	0.214844	0.419922
4.735000	-0.078125	0.258789
4.740000	-0.244141	-0.141602
4.745000	-0.156250	-0.615234
4.750000	0.239258	-0.649414
4.755000	0.664062	-0.346680
4.760000	0.888672	0.063477
4.765000	0.849609	0.405273
4.770000	0.576172	0.590820
4.775000	0.180664	0.625000
4.780000	-0.239258	0.375977
4.785000	-0.478516	-0.522461
4.790000	-0.126953	-1.376953
4.795000	0.771484	-1.372070
4.800000	1.669922	-0.810547
4.805000	2.207031	-0.097656
4.810000	2.280273	0.468750
4.815000	1.962891	0.766602
4.820000	1.455078	0.810547
4.825000	0.913086	0.693359
4.830000	0.444336	0.522461
4.835000	0.087891	0.371094
4.840000	-0.166016	0.141602
4.845000	-0.249023	-0.351562
4.850000	-0.024414	-0.683594
4.855000	0.415039	-0.561523
4.860000	0.786133	-0.185547
4.865000	0.908203	0.209961
4.870000	0.761719	0.493164
4.875000	0.429688	0.620117
4.880000	0.009766	0.595703
4.885000	-0.375977	0.097656
4.890000	-0.424805	-0.937500
4.895000	0.180664	-1.474609
4.900000	1.147461	-1.206055
4.905000	1.933594	-0.537109
4.910000	2.290039	0.146484
4.915000	2.192383	0.620117
4.920000	1.777344	0.810547
4.925000	1.240234	0.781250
4.930000	0.712891	0.629883
4.935000	0.288086	0.458984
4.940000	-0.019531	0.312500
4.945000	-0.224609	-0.024414
4.950000	-0.205078	-0.537109
4.955000	0.141602	-0.683594
4.960000	0.581055	-0.429688
4.965000	0.864258	-0.019531
4.970000	0.878906	0.341797
4.975000	0.649414	0.566406
4.980000	0.273438	0.629883
4.985000	-0.151367	0.483398
4.990000	-0.463867	-0.283203
4.995000	-0.268555	-1.259766
5.000000	0.551758	-1.440430
5.005000	1.494141	-0.966797
5.010000	2.133789	-0.253906
5.015000	2.299805	0.366211
5.020000	2.060547	0.727539
5.025000	1.572266	0.825195
5.030000	1.030273	0.732422
5.035000	0.537109	0.566406
5.040000	0.156250	0.400391
5.045000	-0.117188	0.209961
5.050000	-0.258789	-0.229492
5.055000	-0.102539	-0.654297
5.060000	0.317383	-0.620117
5.065000	0.722656	-0.278320
5.070000	0.908203	0.131836
5.075000	0.815430	0.449219
5.080000	0.517578	0.610352
5.085000	0.107422	0.615234
5.090000	-0.302734	0.268555
5.095000	-0.468750	-0.708008
5.100000	-0.004883	-1.435547
5.105000	0.937500	-1.308594
5.110000	1.796875	-0.693359
5.115000	2.250977	0.009766
5.120000	2.246094	0.541992
5.125000	1.889648	0.795898
5.130000	1.362305	0.805664
5.135000	0.830078	0.673828
5.140000	0.375977	0.493164
5.145000	0.034180	0.341797
5.150000	-0.190430	0.073242
5.155000	-0.239258	-0.434570
5.160000	0.043945	-0.693359
5.165000	0.493164	-0.507812
5.170000	0.825195	-0.117188
5.175000	0.898438	0.268555
5.180000	0.717773	0.532227
5.185000	0.361328	0.625000
5.190000	-0.058594	0.566406
5.195000	-0.419922	-0.053711
5.200000	-0.371094	-1.098633
5.205000	0.336914	-1.474609
5.210000	1.298828	-1.108398
5.215000	2.026367	-0.410156
5.220000	2.299805	0.249023
5.225000	2.138672	0.668945
5.230000	1.694336	0.820312
5.235000	1.152344	0.761719
5.240000	0.634766	0.600586
5.245000	0.229492	0.429688
5.250000	-0.063477	0.273438
5.255000	-0.244141	-0.112305
5.260000	-0.166016	-0.600586
5.265000	0.214844	-0.664062
5.270000	0.644531	-0.366211
5.275000	0.888672	0.043945
5.280000	0.854492	0.385742
5.285000	0.595703	0.585938
5.290000	0.200195	0.625000
5.295000	-0.219727	0.410156
5.300000	-0.478516	-0.458984
5.305000	-0.161133	-1.352539
5.310000	0.717773	-1.391602
5.315000	1.630859	-0.854492
5.320000	2.192383	-0.136719
5.325000	2.285156	0.444336
5.330000	1.987305	0.761719
5.335000	1.479492	0.820312
5.340000	0.937500	0.703125
5.345000	0.463867	0.537109
5.350000	0.107422	0.375977
5.355000	-0.151367	0.156250
5.360000	-0.253906	-0.322266
5.365000	-0.043945	-0.678711
5.370000	0.395508	-0.576172
5.375000	0.771484	-0.205078
5.380000	0.908203	0.195312
5.385000	0.776367	0.488281
5.390000	0.449219	0.615234
5.395000	0.034180	0.605469
5.400000	-0.361328	0.141602
5.405000	-0.439453	-0.883789
5.410000	0.136719	-1.469727
5.415000	1.098633	-1.230469
5.420000	1.904297	-0.576172
5.425000	2.285156	0.117188
5.430000	2.202148	0.605469
5.435000	1.806641	0.810547
5.440000	1.264648	0.786133
5.445000	0.742188	0.639648
5.450000	0.307617	0.463867
5.455000	-0.009766	0.317383
5.460000	-0.219727	0.000000
5.465000	-0.214844	-0.512695
5.470000	0.117188	-0.683594
5.475000	0.566406	-0.449219
5.480000	0.854492	-0.043945
5.485000	0.888672	0.322266
5.490000	0.664062	0.556641
5.495000	0.292969	0.625000
5.500000	-0.126953	0.507812
5.505000	-0.454102	-0.224609
5.510000	-0.292969	-1.230469
5.515000	0.498047	-1.450195
5.520000	1.445312	-1.000977
5.525000	2.109375	-0.288086
5.530000	2.304688	0.336914
5.535000	2.080078	0.717773
5.540000	1.601562	0.825195
5.545000	1.054688	0.737305
5.550000	0.556641	0.571289
5.555000	0.175781	0.410156
5.560000	-0.102539	0.229492
5.565000	-0.253906	-0.200195
5.570000	-0.122070	-0.639648
5.575000	0.292969	-0.634766
5.580000	0.703125	-0.297852
5.585000	0.898438	0.112305
5.590000	0.830078	0.439453
5.595000	0.532227	0.605469
5.600000	0.131836	0.625000
5.605000	-0.288086	0.302734
5.610000	-0.473633	-0.644531
5.615000	-0.043945	-1.420898
5.620000	0.883789	-1.328125
5.625000	1.757812	-0.732422
5.630000	2.241211	-0.019531
5.635000	2.255859	0.522461
5.640000	1.914062	0.786133
5.645000	1.386719	0.810547
5.650000	0.854492	0.678711
5.655000	0.390625	0.502930
5.660000	0.053711	0.356445
5.665000	-0.185547	0.092773
5.670000	-0.244141	-0.405273
5.675000	0.019531	-0.693359
5.680000	0.468750	-0.522461
5.685000	0.810547	-0.136719
5.690000	0.903320	0.253906
5.695000	0.732422	0.522461
5.700000	0.385742	0.625000
5.705000	-0.034180	0.576172
5.710000	-0.405273	-0.004883
5.715000	-0.390625	-1.049805
5.720000	0.292969	-1.474609
5.725000	1.254883	-1.137695
5.730000	2.001953	-0.449219
5.735000	2.294922	0.219727
5.740000	2.158203	0.654297
5.745000	1.718750	0.820312
5.750000	1.176758	0.771484
5.755000	0.659180	0.615234
5.760000	0.244141	0.439453
5.765000	-0.048828	0.283203
5.770000	-0.244141	-0.083008
5.775000	-0.180664	-0.581055
5.780000	0.195312	-0.668945
5.785000	0.629883	-0.385742
5.790000	0.878906	0.019531
5.795000	0.859375	0.375977
5.800000	0.610352	0.576172
5.805000	0.224609	0.629883
5.810000	-0.195312	0.434570
5.815000	-0.473633	-0.405273
5.820000	-0.195312	-1.328125
5.825000	0.664062	-1.411133
5.830000	1.586914	-0.888672
5.835000	2.177734	-0.170898
5.840000	2.294922	0.419922
5.845000	2.011719	0.751953
5.850000	1.508789	0.820312
5.855000	0.966797	0.712891
5.860000	0.488281	0.537109
5.865000	0.117188	0.380859
5.870000	-0.141602	0.175781
5.875000	-0.253906	-0.292969
5.880000	-0.063477	-0.673828
5.885000	0.371094	-0.590820
5.890000	0.756836	-0.229492
5.895000	0.908203	0.175781
5.900000	0.786133	0.473633
5.905000	0.468750	0.615234
5.910000	0.058594	0.615234
5.915000	-0.341797	0.185547
5.920000	-0.449219	-0.830078
5.925000	0.087891	-1.459961
5.930000	1.049805	-1.250000
5.935000	1.870117	-0.610352
5.940000	2.275391	0.083008
5.945000	2.221680	0.585938
5.950000	1.831055	0.805664
5.955000	1.293945	0.795898
5.960000	0.766602	0.649414
5.965000	0.327148	0.473633
5.970000	0.004883	0.327148
5.975000	-0.209961	0.019531
5.980000	-0.219727	-0.488281
5.985000	0.092773	-0.693359
5.990000	0.541992	-0.468750
5.995000	0.844727	-0.068359
6.000000	0.888672	0.307617
6.005000	0.678711	0.546875
6.010000	0.312500	0.629883
6.015000	-0.107422	0.527344
6.020000	-0.444336	-0.170898
6.025000	-0.317383	-1.196289
6.030000	0.449219	-1.455078
6.035000	1.406250	-1.030273
6.040000	2.089844	-0.327148
6.045000	2.304688	0.312500
6.050000	2.099609	0.698242
6.055000	1.630859	0.825195
6.060000	1.083984	0.751953
6.065000	0.585938	0.576172
6.070000	0.185547	0.415039
6.075000	-0.087891	0.244141
6.080000	-0.249023	-0.175781
6.085000	-0.136719	-0.634766
6.090000	0.268555	-0.634766
6.095000	0.688477	-0.317383
6.100000	0.898438	0.087891
6.105000	0.834961	0.419922
6.110000	0.551758	0.600586
6.115000	0.151367	0.625000
6.120000	-0.263672	0.336914
6.125000	-0.478516	-0.590820
6.130000	-0.083008	-1.401367
6.135000	0.830078	-1.347656
6.140000	1.718750	-0.771484
6.145000	2.226562	-0.058594
6.150000	2.265625	0.493164
6.155000	1.938477	0.776367
6.160000	1.416016	0.815430
6.165000	0.878906	0.688477
6.170000	0.415039	0.512695
6.175000	0.063477	0.361328
6.180000	-0.170898	0.112305
6.185000	-0.244141	-0.380859
6.190000	0.000000	-0.688477
6.195000	0.449219	-0.541992
6.200000	0.800781	-0.156250
6.205000	0.903320	0.234375
6.210000	0.747070	0.512695
6.215000	0.400391	0.625000
6.220000	-0.014648	0.581055
6.225000	-0.395508	0.039062
6.230000	-0.405273	-1.000977
6.235000	0.239258	-1.474609
6.240000	1.210938	-1.166992
6.245000	1.972656	-0.488281
6.250000	2.294922	0.185547
6.255000	2.172852	0.639648
6.260000	1.748047	0.815430
6.265000	1.206055	0.776367
6.270000	0.683594	0.615234
6.275000	0.268555	0.449219
6.280000	-0.039062	0.297852
6.285000	-0.234375	-0.058594
6.290000	-0.190430	-0.561523
6.295000	0.166016	-0.673828
6.300000	0.610352	-0.405273
6.305000	0.874023	0.000000
6.310000	0.869141	0.361328
6.315000	0.625000	0.576172
6.320000	0.244141	0.625000
6.325000	-0.175781	0.458984
6.330000	-0.468750	-0.346680
6.335000	-0.234375	-1.298828
6.340000	0.615234	-1.420898
6.345000	1.542969	-0.922852
6.350000	2.158203	-0.209961
6.355000	2.290039	0.395508
6.360000	2.031250	0.742188
6.365000	1.542969	0.820312
6.370000	0.991211	0.722656
6.375000	0.507812	0.551758
6.380000	0.136719	0.390625
6.385000	-0.126953	0.190430
6.390000	-0.253906	-0.263672
6.395000	-0.083008	-0.668945
6.400000	0.346680	-0.605469
6.405000	0.742188	-0.249023
6.410000	0.908203	0.151367
6.415000	0.800781	0.458984
6.420000	0.493164	0.615234
6.425000	0.078125	0.615234
6.430000	-0.322266	0.219727
6.435000	-0.463867	-0.771484
6.440000	0.048828	-1.450195
6.445000	0.996094	-1.279297
6.450000	1.840820	-0.644531
6.455000	2.265625	0.048828
6.460000	2.231445	0.566406
6.465000	1.860352	0.800781
6.470000	1.323242	0.800781
6.475000	0.795898	0.659180
6.480000	0.346680	0.483398
6.485000	0.019531	0.332031
6.490000	-0.205078	0.043945
6.495000	-0.229492	-0.463867
6.500000	0.068359	-0.693359
6.505000	0.522461	-0.483398
6.510000	0.839844	-0.087891
6.515000	0.893555	0.292969
6.520000	0.698242	0.537109
6.525000	0.336914	0.629883
6.530000	-0.083008	0.541992
6.535000	-0.434570	-0.117188
6.540000	-0.346680	-1.152344
6.545000	0.400391	-1.464844
6.550000	1.357422	-1.064453
6.555000	2.060547	-0.366211
6.560000	2.304688	0.283203
6.565000	2.119141	0.688477
6.570000	1.660156	0.825195
6.575000	1.113281	0.751953
6.580000	0.610352	0.590820
6.585000	0.209961	0.419922
6.590000	-0.083008	0.253906
6.595000	-0.244141	-0.146484
6.600000	-0.156250	-0.620117
6.605000	0.244141	-0.649414
6.610000	0.668945	-0.341797
6.615000	0.893555	0.068359
6.620000	0.844727	0.405273
6.625000	0.571289	0.595703
6.630000	0.170898	0.625000
6.635000	-0.244141	0.371094
6.640000	-0.478516	-0.527344
6.645000	-0.122070	-1.381836
6.650000	0.781250	-1.372070
6.655000	1.679688	-0.805664
6.660000	2.211914	-0.092773
6.665000	2.275391	0.473633
6.670000	1.958008	0.771484
6.675000	1.445312	0.810547
6.680000	0.908203	0.693359
6.685000	0.439453	0.522461
6.690000	0.083008	0.371094
6.695000	-0.166016	0.136719
6.700000	-0.249023	-0.351562
6.705000	-0.019531	-0.688477
6.710000	0.424805	-0.556641
6.715000	0.791016	-0.180664
6.720000	0.903320	0.219727
6.725000	0.761719	0.498047
6.730000	0.424805	0.620117
6.735000	0.004883	0.595703
6.740000	-0.375977	0.087891
6.745000	-0.424805	-0.947266
6.750000	0.195312	-1.474609
6.755000	1.157227	-1.201172
6.760000	1.943359	-0.527344
6.765000	2.290039	0.156250
6.770000	2.187500	0.620117
6.775000	1.777344	0.810547
6.780000	1.240234	0.781250
6.785000	0.708008	0.625000
6.790000	0.288086	0.458984
6.795000	-0.019531	0.302734
6.800000	-0.229492	-0.034180
6.805000	-0.205078	-0.541992
6.810000	0.146484	-0.678711
6.815000	0.590820	-0.424805
6.820000	0.864258	-0.014648
6.825000	0.874023	0.341797
6.830000	0.644531	0.566406
6.835000	0.268555	0.625000
6.840000	-0.156250	0.483398
6.845000	-0.458984	-0.292969
6.850000	-0.263672	-1.264648
6.855000	0.561523	-1.435547
6.860000	1.503906	-0.957031
6.865000	2.138672	-0.244141
6.870000	2.294922	0.371094
6.875000	2.050781	0.727539
6.880000	1.567383	0.825195
6.885000	1.020508	0.732422
6.890000	0.532227	0.561523
6.895000	0.151367	0.400391
6.900000	-0.117188	0.209961
6.905000	-0.253906	-0.239258
6.910000	-0.097656	-0.659180
6.915000	0.322266	-0.615234
6.920000	0.727539	-0.273438
6.925000	0.903320	0.136719
6.930000	0.810547	0.454102
6.935000	0.507812	0.610352
6.940000	0.102539	0.620117
6.945000	-0.307617	0.263672
6.950000	-0.463867	-0.712891
6.955000	0.004883	-1.440430
6.960000	0.947266	-1.298828
6.965000	1.801758	-0.683594
6.970000	2.255859	0.014648
6.975000	2.246094	0.541992
6.980000	1.879883	0.795898
6.985000	1.352539	0.800781
6.990000	0.820312	0.668945
6.995000	0.371094	0.493164
7.000000	0.034180	0.341797
7.005000	-0.195312	0.063477
7.010000	-0.234375	-0.439453
7.015000	0.048828	-0.693359
7.020000	0.498047	-0.502930
7.025000	0.830078	-0.112305
7.030000	0.893555	0.273438
7.035000	0.712891	0.532227
7.040000	0.361328	0.625000
7.045000	-0.063477	0.556641
7.050000	-0.424805	-0.068359
7.055000	-0.366211	-1.108398
7.060000	0.346680	-1.474609
7.065000	1.308594	-1.103516
7.070000	2.036133	-0.400391
7.075000	2.299805	0.253906
7.080000	2.138672	0.678711
7.085000	1.689453	0.820312
7.090000	1.142578	0.761719
7.095000	0.629883	0.600586
7.100000	0.224609	0.429688
7.105000	-0.068359	0.268555
7.110000	-0.244141	-0.117188
7.115000	-0.166016	-0.605469
7.120000	0.224609	-0.659180
7.125000	0.649414	-0.361328
7.130000	0.888672	0.048828
7.135000	0.854492	0.390625
7.140000	0.590820	0.585938
7.145000	0.190430	0.625000
7.150000	-0.224609	0.405273
7.155000	-0.473633	-0.473633
7.160000	-0.151367	-1.357422
7.165000	0.727539	-1.386719
7.170000	1.640625	-0.844727
7.175000	2.197266	-0.126953
7.180000	2.285156	0.454102
7.185000	1.982422	0.766602
7.190000	1.474609	0.815430
7.195000	0.937500	0.703125
7.200000	0.458984	0.532227
7.205000	0.102539	0.375977
7.210000	-0.156250	0.151367
7.215000	-0.249023	-0.322266
7.220000	-0.043945	-0.678711
7.225000	0.400391	-0.571289
7.230000	0.771484	-0.205078
7.235000	0.908203	0.200195
7.240000	0.771484	0.488281
7.245000	0.449219	0.620117
7.250000	0.029297	0.600586
7.255000	-0.361328	0.131836
7.260000	-0.434570	-0.893555
7.265000	0.146484	-1.469727
7.270000	1.108398	-1.230469
7.275000	1.914062	-0.566406
7.280000	2.290039	0.122070
7.285000	2.202148	0.610352
7.290000	1.801758	0.810547
7.295000	1.259766	0.781250
7.300000	0.732422	0.639648
7.305000	0.307617	0.463867
7.310000	-0.009766	0.317383
7.315000	-0.219727	-0.009766
7.320000	-0.205078	-0.517578
7.325000	0.117188	-0.683594
7.330000	0.566406	-0.444336
7.335000	0.859375	-0.039062
7.340000	0.883789	0.327148
7.345000	0.659180	0.556641
7.350000	0.288086	0.625000
7.355000	-0.131836	0.502930
7.360000	-0.454102	-0.239258
7.365000	-0.292969	-1.240234
7.370000	0.512695	-1.450195
7.375000	1.455078	-0.991211
7.380000	2.114258	-0.283203
7.385000	2.299805	0.341797
7.390000	2.075195	0.717773
7.395000	1.596680	0.825195
7.400000	1.054688	0.737305
7.405000	0.556641	0.571289
7.410000	0.170898	0.405273
7.415000	-0.107422	0.224609
7.420000	-0.253906	-0.209961
7.425000	-0.117188	-0.644531
7.430000	0.297852	-0.629883
7.435000	0.708008	-0.297852
7.440000	0.903320	0.112305
7.445000	0.820312	0.434570
7.450000	0.532227	0.605469
7.455000	0.126953	0.620117
7.460000	-0.288086	0.297852
7.465000	-0.473633	-0.659180
7.470000	-0.034180	-1.425781
7.475000	0.898438	-1.328125
7.480000	1.762695	-0.722656
7.485000	2.241211	-0.014648
7.490000	2.250977	0.522461
7.495000	1.904297	0.786133
7.500000	1.381836	0.805664
7.505000	0.844727	0.678711
7.510000	0.390625	0.498047
7.515000	0.048828	0.351562
7.520000	-0.190430	0.087891
7.525000	-0.244141	-0.410156
7.530000	0.024414	-0.693359
7.535000	0.473633	-0.522461
7.540000	0.815430	-0.131836
7.545000	0.903320	0.253906
7.550000	0.727539	0.517578
7.555000	0.380859	0.625000
7.560000	-0.043945	0.571289
7.565000	-0.410156	-0.019531
7.570000	-0.385742	-1.059570
7.575000	0.297852	-1.474609
7.580000	1.264648	-1.127930
7.585000	2.006836	-0.439453
7.590000	2.299805	0.219727
7.595000	2.153320	0.654297
7.600000	1.713867	0.820312
7.605000	1.171875	0.766602
7.610000	0.654297	0.610352
7.615000	0.244141	0.434570
7.620000	-0.053711	0.283203
7.625000	-0.244141	-0.092773
7.630000	-0.175781	-0.585938
7.635000	0.195312	-0.668945
7.640000	0.634766	-0.380859
7.645000	0.883789	0.024414
7.650000	0.854492	0.380859
7.655000	0.610352	0.581055
7.660000	0.219727	0.629883
7.665000	-0.205078	0.429688
7.670000	-0.473633	-0.415039
7.675000	-0.190430	-1.333008
7.680000	0.673828	-1.406250
7.685000	1.596680	-0.878906
7.690000	2.177734	-0.161133
7.695000	2.290039	0.424805
7.700000	2.006836	0.751953
7.705000	1.503906	0.815430
7.710000	0.961914	0.712891
7.715000	0.483398	0.537109
7.720000	0.112305	0.375977
7.725000	-0.141602	0.170898
7.730000	-0.253906	-0.297852
7.735000	-0.058594	-0.673828
7.740000	0.375977	-0.585938
7.745000	0.756836	-0.224609
7.750000	0.908203	0.175781
7.755000	0.781250	0.473633
7.760000	0.463867	0.615234
7.765000	0.053711	0.615234
7.770000	-0.346680	0.175781
7.775000	-0.449219	-0.839844
7.780000	0.102539	-1.459961
7.785000	1.059570	-1.250000
7.790000	1.879883	-0.605469
7.795000	2.275391	0.092773
7.800000	2.211914	0.590820
7.805000	1.826172	0.805664
7.810000	1.284180	0.791016
7.815000	0.761719	0.649414
7.820000	0.322266	0.473633
7.825000	0.000000	0.322266
7.830000	-0.214844	0.014648
7.835000	-0.219727	-0.493164
7.840000	0.097656	-0.688477
7.845000	0.546875	-0.463867
7.850000	0.844727	-0.063477
7.855000	0.883789	0.312500
7.860000	0.678711	0.551758
7.865000	0.307617	0.625000
7.870000	-0.112305	0.522461
7.875000	-0.444336	-0.180664
7.880000	-0.312500	-1.201172
7.885000	0.458984	-1.455078
7.890000	1.411133	-1.025391
7.895000	2.094727	-0.322266
7.900000	2.304688	0.312500
7.905000	2.094727	0.703125
7.910000	1.621094	0.825195
7.915000	1.079102	0.747070
7.920000	0.581055	0.576172
7.925000	0.185547	0.415039
7.930000	-0.092773	0.239258
7.935000	-0.249023	-0.175781
7.940000	-0.131836	-0.634766
7.945000	0.278320	-0.634766
7.950000	0.688477	-0.317383
7.955000	0.898438	0.092773
7.960000	0.830078	0.424805
7.965000	0.546875	0.595703
7.970000	0.146484	0.620117
7.975000	-0.268555	0.327148
7.980000	-0.478516	-0.605469
7.985000	-0.078125	-1.411133
7.990000	0.844727	-1.342773
7.995000	1.728516	-0.756836
8.000000	2.231445	-0.048828
8.005000	2.265625	0.502930
8.010000	1.933594	0.776367
8.015000	1.411133	0.810547
8.020000	0.874023	0.683594
8.025000	0.415039	0.512695
8.030000	0.063477	0.361328
8.035000	-0.175781	0.112305
8.040000	-0.244141	-0.390625
8.045000	0.004883	-0.693359
8.050000	0.454102	-0.537109
8.055000	0.800781	-0.156250
8.060000	0.903320	0.239258
8.065000	0.742188	0.512695
8.070000	0.395508	0.620117
8.075000	-0.019531	0.581055
8.080000	-0.400391	0.029297
8.085000	-0.405273	-1.010742
8.090000	0.249023	-1.474609
8.095000	1.220703	-1.162109
8.100000	1.977539	-0.478516
8.105000	2.290039	0.195312
8.110000	2.172852	0.644531
8.115000	1.738281	0.820312
8.120000	1.201172	0.771484
8.125000	0.678711	0.615234
8.130000	0.263672	0.449219
8.135000	-0.039062	0.288086
8.140000	-0.239258	-0.063477
8.145000	-0.185547	-0.561523
8.150000	0.170898	-0.673828
8.155000	0.615234	-0.400391
8.160000	0.874023	0.004883
8.165000	0.869141	0.366211
8.170000	0.625000	0.576172
8.175000	0.239258	0.629883
8.180000	-0.180664	0.458984
8.185000	-0.473633	-0.361328
8.190000	-0.224609	-1.303711
8.195000	0.625000	-1.420898
8.200000	1.557617	-0.917969
8.205000	2.163086	-0.200195
8.210000	2.294922	0.400391
8.215000	2.026367	0.747070
8.220000	1.533203	0.825195
8.225000	0.986328	0.717773
8.230000	0.502930	0.546875
8.235000	0.131836	0.385742
8.240000	-0.131836	0.185547
8.245000	-0.253906	-0.273438
8.250000	-0.078125	-0.668945
8.255000	0.351562	-0.600586
8.260000	0.747070	-0.249023
8.265000	0.903320	0.156250
8.270000	0.795898	0.463867
8.275000	0.488281	0.615234
8.280000	0.073242	0.615234
8.285000	-0.327148	0.214844
8.290000	-0.458984	-0.786133
8.295000	0.058594	-1.450195
8.300000	1.010742	-1.269531
8.305000	1.845703	-0.639648
8.310000	2.270508	0.058594
8.315000	2.231445	0.571289
8.320000	1.850586	0.800781
8.325000	1.313477	0.800781
8.330000	0.786133	0.654297
8.335000	0.341797	0.483398
8.340000	0.014648	0.332031
8.345000	-0.205078	0.039062
8.350000	-0.229492	-0.468750
8.355000	0.073242	-0.693359
8.360000	0.527344	-0.478516
8.365000	0.839844	-0.083008
8.370000	0.888672	0.297852
8.375000	0.693359	0.541992
8.380000	0.332031	0.625000
8.385000	-0.092773	0.537109
8.390000	-0.439453	-0.131836
8.395000	-0.336914	-1.162109
8.400000	0.410156	-1.464844
8.405000	1.367188	-1.064453
8.410000	2.065430	-0.351562
8.415000	2.304688	0.288086
8.420000	2.114258	0.688477
8.425000	1.650391	0.825195
8.430000	1.108398	0.751953
8.435000	0.600586	0.585938
8.440000	0.205078	0.419922
8.445000	-0.087891	0.253906
8.450000	-0.249023	-0.151367
8.455000	-0.146484	-0.620117
8.460000	0.253906	-0.644531
8.465000	0.673828	-0.332031
8.470000	0.888672	0.073242
8.475000	0.844727	0.410156
8.480000	0.566406	0.595703
8.485000	0.166016	0.629883
8.490000	-0.249023	0.366211
8.495000	-0.478516	-0.546875
8.500000	-0.112305	-1.386719
8.505000	0.791016	-1.362305
8.510000	1.694336	-0.795898
8.515000	2.211914	-0.083008
8.520000	2.270508	0.478516
8.525000	1.953125	0.771484
8.530000	1.435547	0.810547
8.535000	0.903320	0.693359
8.540000	0.429688	0.517578
8.545000	0.078125	0.366211
8.550000	-0.166016	0.126953
8.555000	-0.249023	-0.361328
8.560000	-0.014648	-0.688477
8.565000	0.429688	-0.551758
8.570000	0.791016	-0.175781
8.575000	0.908203	0.219727
8.580000	0.756836	0.498047
8.585000	0.419922	0.620117
8.590000	0.000000	0.590820
8.595000	-0.380859	0.073242
8.600000	-0.419922	-0.961914
8.605000	0.205078	-1.474609
8.610000	1.171875	-1.191406
8.615000	1.948242	-0.517578
8.620000	2.290039	0.161133
8.625000	2.182617	0.625000
8.630000	1.767578	0.810547
8.635000	1.230469	0.781250
8.640000	0.703125	0.625000
8.645000	0.283203	0.454102
8.650000	-0.029297	0.302734
8.655000	-0.229492	-0.039062
8.660000	-0.200195	-0.546875
8.665000	0.151367	-0.678711
8.670000	0.590820	-0.419922
8.675000	0.869141	-0.009766
8.680000	0.874023	0.341797
8.685000	0.639648	0.566406
8.690000	0.258789	0.629883
8.695000	-0.161133	0.473633
8.700000	-0.468750	-0.307617
8.705000	-0.253906	-1.274414
8.710000	0.576172	-1.435547
8.715000	1.513672	-0.947266
8.720000	2.138672	-0.239258
8.725000	2.294922	0.375977
8.730000	2.050781	0.732422
8.735000	1.557617	0.825195
8.740000	1.015625	0.732422
8.745000	0.527344	0.556641
8.750000	0.146484	0.395508
8.755000	-0.122070	0.205078
8.760000	-0.253906	-0.244141
8.765000	-0.092773	-0.659180
8.770000	0.327148	-0.615234
8.775000	0.727539	-0.268555
8.780000	0.908203	0.141602
8.785000	0.805664	0.454102
8.790000	0.507812	0.610352
8.795000	0.097656	0.615234
8.800000	-0.312500	0.253906
8.805000	-0.463867	-0.727539
8.810000	0.014648	-1.445312
8.815000	0.957031	-1.293945
8.820000	1.811523	-0.678711
8.825000	2.255859	0.024414
8.830000	2.241211	0.546875
8.835000	1.875000	0.795898
8.840000	1.342773	0.800781
8.845000	0.810547	0.664062
8.850000	0.366211	0.488281
8.855000	0.029297	0.341797
8.860000	-0.200195	0.058594
8.865000	-0.234375	-0.449219
8.870000	0.053711	-0.693359
8.875000	0.502930	-0.502930
8.880000	0.830078	-0.102539
8.885000	0.893555	0.278320
8.890000	0.708008	0.537109
8.895000	0.351562	0.625000
8.900000	-0.068359	0.551758
8.905000	-0.429688	-0.078125
8.910000	-0.361328	-1.118164
8.915000	0.361328	-1.469727
8.920000	1.318359	-1.093750
8.925000	2.041016	-0.395508
8.930000	2.304688	0.258789
8.935000	2.133789	0.673828
8.940000	1.674805	0.825195
8.945000	1.137695	0.761719
8.950000	0.625000	0.600586
8.955000	0.224609	0.424805
8.960000	-0.068359	0.263672
8.965000	-0.244141	-0.126953
8.970000	-0.161133	-0.605469
8.975000	0.224609	-0.654297
8.980000	0.654297	-0.351562
8.985000	0.888672	0.053711
8.990000	0.849609	0.395508
8.995000	0.585938	0.590820
9.000000	0.190430	0.625000
9.005000	-0.229492	0.390625
9.010000	-0.478516	-0.488281
9.015000	-0.151367	-1.367188
9.020000	0.742188	-1.386719
9.025000	1.645508	-0.834961
9.030000	2.202148	-0.122070
9.035000	2.280273	0.458984
9.040000	1.977539	0.766602
9.045000	1.464844	0.815430
9.050000	0.927734	0.703125
9.055000	0.449219	0.527344
9.060000	0.097656	0.375977
9.065000	-0.156250	0.151367
9.070000	-0.253906	-0.332031
9.075000	-0.034180	-0.683594
9.080000	0.405273	-0.566406
9.085000	0.776367	-0.200195
9.090000	0.908203	0.205078
9.095000	0.766602	0.493164
9.100000	0.444336	0.615234
9.105000	0.024414	0.605469
9.110000	-0.366211	0.122070
9.115000	-0.434570	-0.908203
9.120000	0.156250	-1.469727
9.125000	1.118164	-1.220703
9.130000	1.918945	-0.551758
9.135000	2.290039	0.131836
9.140000	2.197266	0.610352
9.145000	1.796875	0.810547
9.150000	1.245117	0.786133
9.155000	0.727539	0.634766
9.160000	0.297852	0.458984
9.165000	-0.014648	0.312500
9.170000	-0.224609	-0.014648
9.175000	-0.209961	-0.522461
9.180000	0.131836	-0.683594
9.185000	0.571289	-0.439453
9.190000	0.859375	-0.034180
9.195000	0.883789	0.332031
9.200000	0.654297	0.561523
9.205000	0.283203	0.629883
9.210000	-0.136719	0.498047
9.215000	-0.458984	-0.253906
9.220000	-0.283203	-1.245117
9.225000	0.522461	-1.445312
9.230000	1.469727	-0.986328
9.235000	2.119141	-0.278320
9.240000	2.304688	0.351562
9.245000	2.070312	0.722656
9.250000	1.591797	0.825195
9.255000	1.044922	0.732422
9.260000	0.546875	0.571289
9.265000	0.161133	0.405273
9.270000	-0.107422	0.224609
9.275000	-0.249023	-0.214844
9.280000	-0.112305	-0.649414
9.285000	0.302734	-0.629883
9.290000	0.712891	-0.288086
9.295000	0.903320	0.122070
9.300000	0.815430	0.439453
9.305000	0.527344	0.605469
9.310000	0.117188	0.620117
9.315000	-0.292969	0.292969
9.320000	-0.468750	-0.673828
9.325000	-0.024414	-1.425781
9.330000	0.908203	-1.323242
9.335000	1.772461	-0.717773
9.340000	2.246094	-0.004883
9.345000	2.250977	0.527344
9.350000	1.904297	0.791016
9.355000	1.372070	0.805664
9.360000	0.844727	0.673828
9.365000	0.385742	0.493164
9.370000	0.043945	0.346680
9.375000	-0.190430	0.078125
9.380000	-0.239258	-0.419922
9.385000	0.029297	-0.693359
9.390000	0.478516	-0.517578
9.395000	0.815430	-0.126953
9.400000	0.898438	0.258789
9.405000	0.727539	0.522461
9.410000	0.375977	0.625000
9.415000	-0.043945	0.566406
9.420000	-0.415039	-0.029297
9.425000	-0.380859	-1.069336
9.430000	0.307617	-1.474609
9.435000	1.269531	-1.123047
9.440000	2.011719	-0.434570
9.445000	2.299805	0.229492
9.450000	2.148438	0.659180
9.455000	1.708984	0.820312
9.460000	1.162109	0.761719
9.465000	0.649414	0.610352
9.470000	0.239258	0.439453
9.475000	-0.053711	0.278320
9.480000	-0.244141	-0.097656
9.485000	-0.170898	-0.590820
9.490000	0.205078	-0.668945
9.495000	0.639648	-0.375977
9.500000	0.888672	0.034180
9.505000	0.859375	0.380859
9.510000	0.605469	0.581055
9.515000	0.214844	0.625000
9.520000	-0.209961	0.424805
9.525000	-0.478516	-0.429688
9.530000	-0.180664	-1.337891
9.535000	0.688477	-1.401367
9.540000	1.606445	-0.874023
9.545000	2.182617	-0.156250
9.550000	2.285156	0.434570
9.555000	2.001953	0.756836
9.560000	1.494141	0.820312
9.565000	0.952148	0.708008
9.570000	0.473633	0.537109
9.575000	0.112305	0.380859
9.580000	-0.146484	0.166016
9.585000	-0.253906	-0.307617
9.590000	-0.053711	-0.678711
9.595000	0.380859	-0.585938
9.600000	0.766602	-0.219727
9.605000	0.903320	0.180664
9.610000	0.781250	0.478516
9.615000	0.458984	0.615234
9.620000	0.048828	0.610352
9.625000	-0.351562	0.166016
9.630000	-0.449219	-0.854492
9.635000	0.112305	-1.464844
9.640000	1.074219	-1.245117
9.645000	1.884766	-0.590820
9.650000	2.280273	0.102539
9.655000	2.211914	0.595703
9.660000	1.821289	0.805664
9.665000	1.279297	0.791016
9.670000	0.756836	0.644531
9.675000	0.317383	0.468750
9.680000	-0.004883	0.322266
9.685000	-0.214844	0.009766
9.690000	-0.219727	-0.502930
9.695000	0.102539	-0.688477
9.700000	0.551758	-0.454102
9.705000	0.849609	-0.053711
9.710000	0.888672	0.317383
9.715000	0.673828	0.551758
9.720000	0.302734	0.625000
9.725000	-0.117188	0.517578
9.730000	-0.449219	-0.195312
9.735000	-0.312500	-1.210938
9.740000	0.473633	-1.450195
9.745000	1.425781	-1.020508
9.750000	2.099609	-0.312500
9.755000	2.304688	0.322266
9.760000	2.089844	0.708008
9.765000	1.611328	0.825195
9.770000	1.074219	0.747070
9.775000	0.576172	0.576172
9.780000	0.180664	0.410156
9.785000	-0.097656	0.234375
9.790000	-0.249023	-0.185547
9.795000	-0.131836	-0.634766
9.800000	0.283203	-0.634766
9.805000	0.693359	-0.312500
9.810000	0.898438	0.102539
9.815000	0.830078	0.424805
9.820000	0.541992	0.600586
9.825000	0.141602	0.620117
9.830000	-0.273438	0.322266
9.835000	-0.473633	-0.615234
9.840000	-0.063477	-1.411133
9.845000	0.859375	-1.337891
9.850000	1.738281	-0.751953
9.855000	2.236328	-0.039062
9.860000	2.260742	0.507812
9.865000	1.928711	0.786133
9.870000	1.406250	0.810547
9.875000	0.869141	0.683594
9.880000	0.405273	0.512695
9.885000	0.063477	0.361328
9.890000	-0.180664	0.107422
9.895000	-0.244141	-0.390625
9.900000	0.009766	-0.693359
9.905000	0.458984	-0.532227
9.910000	0.805664	-0.146484
9.915000	0.903320	0.239258
9.920000	0.737305	0.512695
9.925000	0.395508	0.625000
9.930000	-0.024414	0.581055
9.935000	-0.400391	0.014648
9.940000	-0.400391	-1.020508
9.945000	0.263672	-1.474609
9.950000	1.230469	-1.157227
9.955000	1.987305	-0.468750
9.960000	2.299805	0.200195
9.965000	2.167969	0.649414
9.970000	1.733398	0.820312
9.975000	1.196289	0.771484
9.980000	0.673828	0.610352
9.985000	0.258789	0.444336
9.990000	-0.043945	0.292969
9.995000	-0.239258	-0.073242
10.000000	-0.185547	-0.571289
