# Time_s	x	xdot
0.000000	1.811523	0.874023
0.005000	1.230469	0.805664
0.010000	0.688477	0.620117
0.015000	0.268555	0.424805
0.020000	-0.024414	0.273438
0.025000	-0.205078	-0.039062
0.030000	-0.175781	-0.488281
0.035000	0.131836	-0.605469
0.040000	0.527344	-0.351562
0.045000	0.751953	0.029297
0.050000	0.732422	0.371094
0.055000	0.483398	0.576172
0.060000	0.097656	0.625000
0.065000	-0.317383	0.283203
0.070000	-0.483398	-0.737305
0.075000	0.000000	-1.508789
0.080000	0.996094	-1.386719
0.085000	1.904297	-0.742188
0.090000	2.402344	0.004883
0.095000	2.397461	0.576172
0.100000	2.016602	0.849609
0.105000	1.445312	0.849609
0.110000	0.883789	0.698242
0.115000	0.410156	0.498047
0.120000	0.068359	0.332031
0.125000	-0.156250	0.107422
0.130000	-0.200195	-0.444336
0.135000	0.087891	-0.615234
0.140000	0.483398	-0.395508
0.145000	0.742188	-0.014648
0.150000	0.751953	0.336914
0.155000	0.527344	0.561523
0.160000	0.146484	0.625000
0.165000	-0.268555	0.366211
0.170000	-0.493164	-0.595703
0.175000	-0.097656	-1.469727
0.180000	0.864258	-1.445312
0.185000	1.806641	-0.839844
0.190000	2.368164	-0.083008
0.195000	2.421875	0.522461
0.200000	2.080078	0.830078
0.205000	1.523438	0.864258
0.210000	0.947266	0.722656
0.215000	0.463867	0.527344
0.220000	0.107422	0.356445
0.225000	-0.131836	0.151367
0.230000	-0.229492	-0.273438
0.235000	-0.053711	-0.605469
0.240000	0.341797	-0.512695
0.245000	0.668945	-0.166016
0.250000	0.776367	0.214844
0.255000	0.629883	0.493164
0.260000	0.302734	0.615234
0.265000	-0.117188	0.541992
0.270000	-0.458984	-0.170898
0.275000	-0.332031	-1.250000
0.280000	0.473633	-1.547852
0.285000	1.489258	-1.108398
0.290000	2.216797	-0.356445
0.295000	2.460938	0.322266
0.300000	2.241211	0.751953
0.305000	1.743164	0.878906
0.310000	1.166992	0.791016
0.315000	0.629883	0.600586
0.320000	0.224609	0.410156
0.325000	-0.053711	0.253906
0.330000	-0.219727	-0.092773
0.335000	-0.156250	-0.532227
0.340000	0.185547	-0.590820
0.345000	0.566406	-0.307617
0.350000	0.766602	0.078125
0.355000	0.712891	0.405273
0.360000	0.444336	0.590820
0.365000	0.048828	0.615234
0.370000	-0.361328	0.180664
0.375000	-0.463867	-0.878906
0.380000	0.112305	-1.547852
0.385000	1.123047	-1.333008
0.390000	1.997070	-0.649414
0.395000	2.426758	0.087891
0.400000	2.368164	0.625000
0.405000	1.953125	0.859375
0.410000	1.376953	0.844727
0.415000	0.820312	0.673828
0.420000	0.366211	0.473633
0.425000	0.039062	0.312500
0.430000	-0.170898	0.068359
0.435000	-0.214844	-0.385742
0.440000	0.034180	-0.620117
0.445000	0.434570	-0.439453
0.450000	0.722656	-0.068359
0.455000	0.761719	0.297852
0.460000	0.566406	0.537109
0.465000	0.200195	0.625000
0.470000	-0.214844	0.434570
0.475000	-0.488281	-0.449219
0.480000	-0.185547	-1.411133
0.485000	0.732422	-1.489258
0.490000	1.708984	-0.937500
0.495000	2.329102	-0.175781
0.500000	2.446289	0.458984
0.505000	2.138672	0.805664
0.510000	1.596680	0.874023
0.515000	1.020508	0.747070
0.520000	0.522461	0.546875
0.525000	0.146484	0.371094
0.530000	-0.107422	0.190430
0.535000	-0.234375	-0.209961
0.540000	-0.087891	-0.590820
0.545000	0.288086	-0.541992
0.550000	0.639648	-0.214844
0.555000	0.776367	0.170898
0.560000	0.664062	0.463867
0.565000	0.346680	0.615234
0.570000	-0.058594	0.576172
0.575000	-0.429688	-0.043945
0.580000	-0.390625	-1.137695
0.585000	0.346680	-1.562500
0.590000	1.362305	-1.191406
0.595000	2.148438	-0.458984
0.600000	2.456055	0.249023
0.605000	2.290039	0.712891
0.610000	1.816406	0.878906
0.615000	1.235352	0.810547
0.620000	0.693359	0.625000
0.625000	0.268555	0.429688
0.630000	-0.024414	0.278320
0.635000	-0.205078	-0.039062
0.640000	-0.180664	-0.488281
0.645000	0.131836	-0.605469
0.650000	0.527344	-0.356445
0.655000	0.756836	0.024414
0.660000	0.732422	0.371094
0.665000	0.488281	0.576172
0.670000	0.102539	0.620117
0.675000	-0.312500	0.283203
0.680000	-0.483398	-0.737305
0.685000	0.000000	-1.513672
0.690000	0.991211	-1.391602
0.695000	1.904297	-0.747070
0.700000	2.402344	0.004883
0.705000	2.402344	0.576172
0.710000	2.016602	0.849609
0.715000	1.450195	0.854492
0.720000	0.888672	0.703125
0.725000	0.415039	0.498047
0.730000	0.073242	0.332031
0.735000	-0.151367	0.112305
0.740000	-0.224609	-0.327148
0.745000	-0.009766	-0.615234
0.750000	0.385742	-0.478516
0.755000	0.688477	-0.122070
0.760000	0.766602	0.258789
0.765000	0.600586	0.517578
0.770000	0.253906	0.620117
0.775000	-0.161133	0.493164
0.780000	-0.478516	-0.302734
0.785000	-0.268555	-1.333008
0.790000	0.595703	-1.528320
0.795000	1.596680	-1.025391
0.800000	2.275391	-0.268555
0.805000	2.456055	0.390625
0.810000	2.192383	0.776367
0.815000	1.674805	0.878906
0.820000	1.093750	0.771484
0.825000	0.576172	0.576172
0.830000	0.185547	0.390625
0.835000	-0.083008	0.224609
0.840000	-0.224609	-0.151367
0.845000	-0.126953	-0.561523
0.850000	0.234375	-0.566406
0.855000	0.605469	-0.263672
0.860000	0.771484	0.122070
0.865000	0.688477	0.434570
0.870000	0.400391	0.600586
0.875000	-0.004883	0.600586
0.880000	-0.395508	0.078125
0.885000	-0.434570	-1.005859
0.890000	0.224609	-1.562500
0.895000	1.245117	-1.259766
0.900000	2.075195	-0.556641
0.905000	2.446289	0.170898
0.910000	2.329102	0.673828
0.915000	1.884766	0.874023
0.920000	1.303711	0.830078
0.925000	0.756836	0.649414
0.930000	0.312500	0.458984
0.935000	0.004883	0.302734
0.940000	-0.190430	0.014648
0.945000	-0.205078	-0.439453
0.950000	0.078125	-0.615234
0.955000	0.483398	-0.400391
0.960000	0.737305	-0.019531
0.965000	0.751953	0.332031
0.970000	0.527344	0.561523
0.975000	0.151367	0.625000
0.980000	-0.263672	0.366211
0.985000	-0.493164	-0.590820
0.990000	-0.097656	-1.474609
0.995000	0.859375	-1.450195
1.000000	1.806641	-0.844727
1.005000	2.368164	-0.087891
1.010000	2.426758	0.517578
1.015000	2.080078	0.830078
1.020000	1.528320	0.864258
1.025000	0.952148	0.727539
1.030000	0.463867	0.527344
1.035000	0.112305	0.356445
1.040000	-0.131836	0.151367
1.045000	-0.229492	-0.268555
1.050000	-0.053711	-0.605469
1.055000	0.336914	-0.512695
1.060000	0.668945	-0.170898
1.065000	0.771484	0.214844
1.070000	0.634766	0.493164
1.075000	0.302734	0.615234
1.080000	-0.107422	0.541992
1.085000	-0.458984	-0.166016
1.090000	-0.332031	-1.240234
1.095000	0.468750	-1.547852
1.100000	1.484375	-1.113281
1.105000	2.216797	-0.366211
1.110000	2.456055	0.322266
1.115000	2.246094	0.747070
1.120000	1.748047	0.878906
1.125000	1.166992	0.791016
1.130000	0.634766	0.600586
1.135000	0.229492	0.410156
1.140000	-0.048828	0.253906
1.145000	-0.214844	-0.087891
1.150000	-0.156250	-0.527344
1.155000	0.180664	-0.590820
1.160000	0.561523	-0.312500
1.165000	0.766602	0.078125
1.170000	0.708008	0.400391
1.175000	0.444336	0.585938
1.180000	0.048828	0.615234
1.185000	-0.356445	0.185547
1.190000	-0.463867	-0.874023
1.195000	0.102539	-1.542969
1.200000	1.118164	-1.333008
1.205000	1.997070	-0.654297
1.210000	2.426758	0.083008
1.215000	2.368164	0.625000
1.220000	1.958008	0.859375
1.225000	1.381836	0.844727
1.230000	0.820312	0.678711
1.235000	0.366211	0.478516
1.240000	0.043945	0.317383
1.245000	-0.170898	0.068359
1.250000	-0.214844	-0.390625
1.255000	0.029297	-0.615234
1.260000	0.434570	-0.444336
1.265000	0.722656	-0.068359
1.270000	0.761719	0.297852
1.275000	0.566406	0.537109
1.280000	0.205078	0.625000
1.285000	-0.214844	0.434570
1.290000	-0.488281	-0.439453
1.295000	-0.190430	-1.406250
1.300000	0.727539	-1.494141
1.305000	1.704102	-0.937500
1.310000	2.319336	-0.175781
1.315000	2.446289	0.454102
1.320000	2.138672	0.805664
1.325000	1.601562	0.874023
1.330000	1.025391	0.747070
1.335000	0.522461	0.546875
1.340000	0.146484	0.371094
1.345000	-0.102539	0.190430
1.350000	-0.234375	-0.209961
1.355000	-0.092773	-0.590820
1.360000	0.283203	-0.541992
1.365000	0.634766	-0.219727
1.370000	0.776367	0.166016
1.375000	0.664062	0.463867
1.380000	0.351562	0.615234
1.385000	-0.053711	0.576172
1.390000	-0.429688	-0.034180
1.395000	-0.395508	-1.132812
1.400000	0.336914	-1.562500
1.405000	1.357422	-1.196289
1.410000	2.148438	-0.463867
1.415000	2.456055	0.249023
1.420000	2.290039	0.708008
1.425000	1.821289	0.878906
1.430000	1.240234	0.810547
1.435000	0.693359	0.625000
1.440000	0.273438	0.434570
1.445000	-0.019531	0.278320
1.450000	-0.205078	-0.034180
1.455000	-0.180664	-0.483398
1.460000	0.131836	-0.605469
1.465000	0.522461	-0.356445
1.470000	0.751953	0.024414
1.475000	0.732422	0.371094
1.480000	0.488281	0.576172
1.485000	0.102539	0.625000
1.490000	-0.317383	0.283203
1.495000	-0.483398	-0.727539
1.500000	-0.004883	-1.513672
1.505000	0.986328	-1.396484
1.510000	1.899414	-0.756836
1.515000	2.402344	0.000000
1.520000	2.402344	0.571289
1.525000	2.021484	0.844727
1.530000	1.459961	0.854492
1.535000	0.888672	0.698242
1.540000	0.415039	0.498047
1.545000	0.068359	0.336914
1.550000	-0.156250	0.112305
1.555000	-0.224609	-0.327148
1.560000	-0.014648	-0.615234
1.565000	0.380859	-0.478516
1.570000	0.693359	-0.122070
1.575000	0.771484	0.258789
1.580000	0.605469	0.517578
1.585000	0.253906	0.625000
1.590000	-0.161133	0.498047
1.595000	-0.478516	-0.297852
1.600000	-0.273438	-1.333008
1.605000	0.590820	-1.528320
1.610000	1.591797	-1.030273
1.615000	2.270508	-0.273438
1.620000	2.456055	0.385742
1.625000	2.197266	0.776367
1.630000	1.679688	0.878906
1.635000	1.098633	0.771484
1.640000	0.581055	0.576172
1.645000	0.190430	0.395508
1.650000	-0.078125	0.224609
1.655000	-0.229492	-0.146484
1.660000	-0.126953	-0.561523
1.665000	0.229492	-0.566406
1.670000	0.600586	-0.268555
1.675000	0.771484	0.117188
1.680000	0.693359	0.434570
1.685000	0.400391	0.605469
1.690000	-0.004883	0.605469
1.695000	-0.395508	0.083008
1.700000	-0.439453	-1.000977
1.705000	0.214844	-1.557617
1.710000	1.235352	-1.264648
1.715000	2.070312	-0.561523
1.720000	2.446289	0.166016
1.725000	2.333984	0.668945
1.730000	1.889648	0.869141
1.735000	1.308594	0.830078
1.740000	0.761719	0.649414
1.745000	0.317383	0.458984
1.750000	0.009766	0.302734
1.755000	-0.190430	0.019531
1.760000	-0.205078	-0.434570
1.765000	0.078125	-0.615234
1.770000	0.478516	-0.405273
1.775000	0.737305	-0.024414
1.780000	0.751953	0.332031
1.785000	0.532227	0.556641
1.790000	0.151367	0.625000
1.795000	-0.263672	0.371094
1.800000	-0.493164	-0.581055
1.805000	-0.102539	-1.469727
1.810000	0.854492	-1.450195
1.815000	1.801758	-0.849609
1.820000	2.363281	-0.087891
1.825000	2.426758	0.517578
1.830000	2.084961	0.830078
1.835000	1.533203	0.864258
1.840000	0.957031	0.727539
1.845000	0.463867	0.527344
1.850000	0.112305	0.356445
1.855000	-0.126953	0.156250
1.860000	-0.229492	-0.268555
1.865000	-0.053711	-0.605469
1.870000	0.332031	-0.512695
1.875000	0.664062	-0.170898
1.880000	0.771484	0.214844
1.885000	0.634766	0.488281
1.890000	0.302734	0.620117
1.895000	-0.107422	0.541992
1.900000	-0.454102	-0.156250
1.905000	-0.336914	-1.235352
1.910000	0.458984	-1.552734
1.915000	1.474609	-1.118164
1.920000	2.211914	-0.371094
1.925000	2.456055	0.322266
1.930000	2.246094	0.747070
1.935000	1.752930	0.878906
1.940000	1.171875	0.791016
1.945000	0.634766	0.605469
1.950000	0.229492	0.415039
1.955000	-0.053711	0.258789
1.960000	-0.214844	-0.087891
1.965000	-0.156250	-0.527344
1.970000	0.180664	-0.590820
1.975000	0.566406	-0.317383
1.980000	0.766602	0.073242
1.985000	0.712891	0.400391
1.990000	0.444336	0.590820
1.995000	0.053711	0.615234
2.000000	-0.356445	0.190430
2.005000	-0.468750	-0.864258
2.010000	0.097656	-1.542969
2.015000	1.113281	-1.333008
2.020000	1.987305	-0.659180
2.025000	2.426758	0.083008
2.030000	2.373047	0.620117
2.035000	1.958008	0.859375
2.040000	1.381836	0.844727
2.045000	0.825195	0.678711
2.050000	0.366211	0.478516
2.055000	0.043945	0.317383
2.060000	-0.170898	0.068359
2.065000	-0.214844	-0.380859
2.070000	0.029297	-0.620117
2.075000	0.429688	-0.444336
2.080000	0.717773	-0.073242
2.085000	0.766602	0.292969
2.090000	0.566406	0.537109
2.095000	0.205078	0.625000
2.100000	-0.209961	0.439453
2.105000	-0.488281	-0.434570
2.110000	-0.195312	-1.401367
2.115000	0.717773	-1.494141
2.120000	1.699219	-0.942383
2.125000	2.324219	-0.180664
2.130000	2.441406	0.454102
2.135000	2.143555	0.805664
2.140000	1.606445	0.874023
2.145000	1.025391	0.747070
2.150000	0.527344	0.551758
2.155000	0.151367	0.375977
2.160000	-0.102539	0.190430
2.165000	-0.229492	-0.205078
2.170000	-0.092773	-0.585938
2.175000	0.283203	-0.546875
2.180000	0.634766	-0.219727
2.185000	0.776367	0.166016
2.190000	0.664062	0.463867
2.195000	0.351562	0.610352
2.200000	-0.053711	0.581055
2.205000	-0.429688	-0.029297
2.210000	-0.395508	-1.127930
2.215000	0.332031	-1.562500
2.220000	1.352539	-1.201172
2.225000	2.143555	-0.468750
2.230000	2.456055	0.244141
2.235000	2.294922	0.708008
2.240000	1.826172	0.874023
2.245000	1.240234	0.810547
2.250000	0.698242	0.625000
2.255000	0.273438	0.434570
2.260000	-0.019531	0.283203
2.265000	-0.205078	-0.029297
2.270000	-0.180664	-0.483398
2.275000	0.126953	-0.605469
2.280000	0.517578	-0.361328
2.285000	0.751953	0.024414
2.290000	0.732422	0.366211
2.295000	0.488281	0.576172
2.300000	0.107422	0.625000
2.305000	-0.307617	0.292969
2.310000	-0.483398	-0.717773
2.315000	-0.009766	-1.508789
2.320000	0.976562	-1.396484
2.325000	1.894531	-0.756836
2.330000	2.397461	-0.004883
2.335000	2.407227	0.571289
2.340000	2.026367	0.844727
2.345000	1.459961	0.854492
2.350000	0.893555	0.698242
2.355000	0.419922	0.502930
2.360000	0.073242	0.336914
2.365000	-0.151367	0.117188
2.370000	-0.224609	-0.322266
2.375000	-0.014648	-0.615234
2.380000	0.380859	-0.478516
2.385000	0.693359	-0.126953
2.390000	0.771484	0.249023
2.395000	0.605469	0.517578
2.400000	0.258789	0.620117
2.405000	-0.161133	0.498047
2.410000	-0.478516	-0.292969
2.415000	-0.273438	-1.328125
2.420000	0.581055	-1.528320
2.425000	1.582031	-1.035156
2.430000	2.265625	-0.278320
2.435000	2.451172	0.385742
2.440000	2.197266	0.776367
2.445000	1.679688	0.878906
2.450000	1.098633	0.771484
2.455000	0.581055	0.576172
2.460000	0.190430	0.390625
2.465000	-0.073242	0.224609
2.470000	-0.224609	-0.146484
2.475000	-0.126953	-0.561523
2.480000	0.229492	-0.571289
2.485000	0.600586	-0.268555
2.490000	0.771484	0.117188
2.495000	0.688477	0.434570
2.500000	0.400391	0.600586
2.505000	-0.004883	0.610352
2.510000	-0.395508	0.087891
2.515000	-0.439453	-0.996094
2.520000	0.209961	-1.557617
2.525000	1.230469	-1.264648
2.530000	2.065430	-0.566406
2.535000	2.446289	0.161133
2.540000	2.333984	0.664062
2.545000	1.894531	0.869141
2.550000	1.308594	0.830078
2.555000	0.761719	0.654297
2.560000	0.322266	0.458984
2.565000	0.009766	0.302734
2.570000	-0.190430	0.019531
2.575000	-0.205078	-0.434570
2.580000	0.073242	-0.615234
2.585000	0.473633	-0.405273
2.590000	0.732422	-0.024414
2.595000	0.751953	0.327148
2.600000	0.532227	0.556641
2.605000	0.156250	0.625000
2.610000	-0.263672	0.371094
2.615000	-0.488281	-0.576172
2.620000	-0.107422	-1.464844
2.625000	0.844727	-1.450195
2.630000	1.801758	-0.849609
2.635000	2.363281	-0.087891
2.640000	2.426758	0.507812
2.645000	2.084961	0.830078
2.650000	1.533203	0.869141
2.655000	0.957031	0.732422
2.660000	0.468750	0.532227
2.665000	0.112305	0.356445
2.670000	-0.126953	0.156250
2.675000	-0.229492	-0.263672
2.680000	-0.053711	-0.605469
2.685000	0.332031	-0.512695
2.690000	0.668945	-0.170898
2.695000	0.771484	0.209961
2.700000	0.634766	0.488281
2.705000	0.307617	0.615234
2.710000	-0.107422	0.541992
2.715000	-0.454102	-0.151367
2.720000	-0.341797	-1.230469
2.725000	0.454102	-1.552734
2.730000	1.469727	-1.118164
2.735000	2.211914	-0.371094
2.740000	2.460938	0.312500
2.745000	2.250977	0.747070
2.750000	1.752930	0.878906
2.755000	1.176758	0.791016
2.760000	0.644531	0.605469
2.765000	0.234375	0.415039
2.770000	-0.048828	0.258789
2.775000	-0.214844	-0.083008
2.780000	-0.161133	-0.522461
2.785000	0.175781	-0.590820
2.790000	0.566406	-0.317383
2.795000	0.766602	0.068359
2.800000	0.717773	0.400391
2.805000	0.449219	0.590820
2.810000	0.053711	0.620117
2.815000	-0.351562	0.200195
2.820000	-0.468750	-0.859375
2.825000	0.092773	-1.542969
2.830000	1.103516	-1.337891
2.835000	1.982422	-0.664062
2.840000	2.421875	0.083008
2.845000	2.373047	0.620117
2.850000	1.962891	0.854492
2.855000	1.386719	0.849609
2.860000	0.830078	0.678711
2.865000	0.371094	0.478516
2.870000	0.043945	0.317383
2.875000	-0.166016	0.068359
2.880000	-0.214844	-0.380859
2.885000	0.029297	-0.620117
2.890000	0.424805	-0.444336
2.895000	0.717773	-0.073242
2.900000	0.761719	0.288086
2.905000	0.566406	0.537109
2.910000	0.209961	0.625000
2.915000	-0.209961	0.444336
2.920000	-0.488281	-0.424805
2.925000	-0.200195	-1.401367
2.930000	0.712891	-1.494141
2.935000	1.694336	-0.947266
2.940000	2.319336	-0.185547
2.945000	2.446289	0.454102
2.950000	2.143555	0.805664
2.955000	1.611328	0.874023
2.960000	1.030273	0.751953
2.965000	0.527344	0.551758
2.970000	0.151367	0.371094
2.975000	-0.102539	0.195312
2.980000	-0.229492	-0.200195
2.985000	-0.092773	-0.585938
2.990000	0.278320	-0.546875
2.995000	0.634766	-0.219727
3.000000	0.771484	0.166016
3.005000	0.664062	0.458984
3.010000	0.356445	0.615234
3.015000	-0.048828	0.581055
3.020000	-0.429688	-0.024414
3.025000	-0.395508	-1.118164
3.030000	0.327148	-1.562500
3.035000	1.347656	-1.206055
3.040000	2.138672	-0.473633
3.045000	2.451172	0.239258
3.050000	2.294922	0.703125
3.055000	1.826172	0.878906
3.060000	1.245117	0.810547
3.065000	0.698242	0.625000
3.070000	0.278320	0.434570
3.075000	-0.014648	0.278320
3.080000	-0.205078	-0.024414
3.085000	-0.180664	-0.483398
3.090000	0.122070	-0.610352
3.095000	0.522461	-0.361328
3.100000	0.751953	0.019531
3.105000	0.732422	0.366211
3.110000	0.488281	0.571289
3.115000	0.107422	0.625000
3.120000	-0.307617	0.292969
3.125000	-0.483398	-0.712891
3.130000	-0.014648	-1.503906
3.135000	0.971680	-1.401367
3.140000	1.889648	-0.761719
3.145000	2.397461	-0.004883
3.150000	2.402344	0.571289
3.155000	2.026367	0.849609
3.160000	1.464844	0.854492
3.165000	0.898438	0.703125
3.170000	0.419922	0.502930
3.175000	0.078125	0.336914
3.180000	-0.146484	0.117188
3.185000	-0.224609	-0.317383
3.190000	-0.014648	-0.620117
3.195000	0.375977	-0.478516
3.200000	0.688477	-0.122070
3.205000	0.771484	0.249023
3.210000	0.605469	0.512695
3.215000	0.258789	0.625000
3.220000	-0.156250	0.502930
3.225000	-0.478516	-0.288086
3.230000	-0.278320	-1.323242
3.235000	0.581055	-1.528320
3.240000	1.582031	-1.040039
3.245000	2.265625	-0.283203
3.250000	2.456055	0.380859
3.255000	2.202148	0.776367
3.260000	1.684570	0.878906
3.265000	1.103516	0.771484
3.270000	0.585938	0.576172
3.275000	0.190430	0.390625
3.280000	-0.073242	0.224609
3.285000	-0.224609	-0.141602
3.290000	-0.131836	-0.556641
3.295000	0.224609	-0.571289
3.300000	0.600586	-0.268555
3.305000	0.771484	0.112305
3.310000	0.693359	0.429688
3.315000	0.405273	0.600586
3.320000	0.000000	0.605469
3.325000	-0.395508	0.092773
3.330000	-0.439453	-0.991211
3.335000	0.205078	-1.557617
3.340000	1.230469	-1.269531
3.345000	2.065430	-0.571289
3.350000	2.446289	0.156250
3.355000	2.338867	0.664062
3.360000	1.894531	0.869141
3.365000	1.313477	0.830078
3.370000	0.761719	0.649414
3.375000	0.322266	0.454102
3.380000	0.014648	0.302734
3.385000	-0.190430	0.024414
3.390000	-0.205078	-0.429688
3.395000	0.073242	-0.615234
3.400000	0.473633	-0.405273
3.405000	0.732422	-0.024414
3.410000	0.751953	0.327148
3.415000	0.532227	0.556641
3.420000	0.161133	0.625000
3.425000	-0.258789	0.380859
3.430000	-0.493164	-0.571289
3.435000	-0.112305	-1.464844
3.440000	0.839844	-1.455078
3.445000	1.796875	-0.859375
3.450000	2.363281	-0.097656
3.455000	2.426758	0.512695
3.460000	2.089844	0.825195
3.465000	1.538086	0.869141
3.470000	0.966797	0.732422
3.475000	0.473633	0.532227
3.480000	0.117188	0.356445
3.485000	-0.126953	0.161133
3.490000	-0.229492	-0.263672
3.495000	-0.063477	-0.605469
3.500000	0.327148	-0.512695
3.505000	0.664062	-0.175781
3.510000	0.776367	0.205078
3.515000	0.634766	0.488281
3.520000	0.312500	0.615234
3.525000	-0.102539	0.546875
3.530000	-0.458984	-0.146484
3.535000	-0.346680	-1.230469
3.540000	0.449219	-1.552734
3.545000	1.464844	-1.127930
3.550000	2.207031	-0.375977
3.555000	2.460938	0.312500
3.560000	2.250977	0.742188
3.565000	1.757812	0.878906
3.570000	1.176758	0.791016
3.575000	0.644531	0.605469
3.580000	0.234375	0.415039
3.585000	-0.043945	0.258789
3.590000	-0.214844	-0.078125
3.595000	-0.161133	-0.522461
3.600000	0.175781	-0.595703
3.605000	0.556641	-0.317383
3.610000	0.766602	0.068359
3.615000	0.712891	0.400391
3.620000	0.449219	0.585938
3.625000	0.053711	0.615234
3.630000	-0.351562	0.205078
3.635000	-0.468750	-0.849609
3.640000	0.083008	-1.542969
3.645000	1.098633	-1.342773
3.650000	1.977539	-0.668945
3.655000	2.421875	0.073242
3.660000	2.373047	0.615234
3.665000	1.962891	0.859375
3.670000	1.391602	0.849609
3.675000	0.834961	0.683594
3.680000	0.375977	0.478516
3.685000	0.043945	0.317383
3.690000	-0.166016	0.073242
3.695000	-0.214844	-0.375977
3.700000	0.024414	-0.615234
3.705000	0.424805	-0.444336
3.710000	0.712891	-0.078125
3.715000	0.766602	0.288086
3.720000	0.571289	0.537109
3.725000	0.214844	0.625000
3.730000	-0.205078	0.449219
3.735000	-0.488281	-0.419922
3.740000	-0.205078	-1.396484
3.745000	0.703125	-1.494141
3.750000	1.689453	-0.952148
3.755000	2.314453	-0.190430
3.760000	2.446289	0.449219
3.765000	2.148438	0.805664
3.770000	1.616211	0.874023
3.775000	1.030273	0.751953
3.780000	0.532227	0.551758
3.785000	0.156250	0.375977
3.790000	-0.097656	0.195312
3.795000	-0.229492	-0.195312
3.800000	-0.092773	-0.585938
3.805000	0.278320	-0.546875
3.810000	0.629883	-0.224609
3.815000	0.776367	0.161133
3.820000	0.668945	0.458984
3.825000	0.356445	0.615234
3.830000	-0.048828	0.581055
3.835000	-0.424805	-0.019531
3.840000	-0.395508	-1.113281
3.845000	0.322266	-1.562500
3.850000	1.337891	-1.206055
3.855000	2.138672	-0.478516
3.860000	2.456055	0.234375
3.865000	2.299805	0.698242
3.870000	1.831055	0.883789
3.875000	1.245117	0.810547
3.880000	0.703125	0.629883
3.885000	0.283203	0.434570
3.890000	-0.014648	0.283203
3.895000	-0.205078	-0.024414
3.900000	-0.185547	-0.478516
3.905000	0.122070	-0.605469
3.910000	0.517578	-0.361328
3.915000	0.751953	0.014648
3.920000	0.737305	0.366211
3.925000	0.488281	0.576172
3.930000	0.112305	0.625000
3.935000	-0.307617	0.297852
3.940000	-0.488281	-0.708008
3.945000	-0.014648	-1.503906
3.950000	0.961914	-1.406250
3.955000	1.884766	-0.771484
3.960000	2.397461	-0.014648
3.965000	2.407227	0.566406
3.970000	2.031250	0.844727
3.975000	1.469727	0.854492
3.980000	0.898438	0.703125
3.985000	0.424805	0.502930
3.990000	0.078125	0.341797
3.995000	-0.151367	0.117188
4.000000	-0.224609	-0.317383
4.005000	-0.019531	-0.615234
4.010000	0.375977	-0.483398
4.015000	0.688477	-0.126953
4.020000	0.776367	0.249023
4.025000	0.610352	0.512695
4.030000	0.263672	0.620117
4.035000	-0.156250	0.502930
4.040000	-0.478516	-0.283203
4.045000	-0.283203	-1.318359
4.050000	0.576172	-1.533203
4.055000	1.577148	-1.040039
4.060000	2.260742	-0.288086
4.065000	2.456055	0.380859
4.070000	2.207031	0.771484
4.075000	1.689453	0.878906
4.080000	1.108398	0.771484
4.085000	0.585938	0.576172
4.090000	0.195312	0.390625
4.095000	-0.073242	0.229492
4.100000	-0.224609	-0.136719
4.105000	-0.126953	-0.556641
4.110000	0.224609	-0.571289
4.115000	0.595703	-0.273438
4.120000	0.771484	0.117188
4.125000	0.693359	0.429688
4.130000	0.410156	0.600586
4.135000	0.004883	0.610352
4.140000	-0.390625	0.097656
4.145000	-0.444336	-0.986328
4.150000	0.200195	-1.557617
4.155000	1.225586	-1.274414
4.160000	2.060547	-0.576172
4.165000	2.446289	0.156250
4.170000	2.343750	0.659180
4.175000	1.899414	0.864258
4.180000	1.318359	0.830078
4.185000	0.771484	0.654297
4.190000	0.327148	0.458984
4.195000	0.009766	0.302734
4.200000	-0.190430	0.029297
4.205000	-0.205078	-0.429688
4.210000	0.073242	-0.615234
4.215000	0.468750	-0.405273
4.220000	0.727539	-0.024414
4.225000	0.751953	0.327148
4.230000	0.532227	0.551758
4.235000	0.161133	0.625000
4.240000	-0.253906	0.380859
4.245000	-0.493164	-0.561523
4.250000	-0.117188	-1.459961
4.255000	0.834961	-1.455078
4.260000	1.787109	-0.864258
4.265000	2.358398	-0.102539
4.270000	2.426758	0.507812
4.275000	2.089844	0.825195
4.280000	1.542969	0.869141
4.285000	0.961914	0.732422
4.290000	0.478516	0.532227
4.295000	0.112305	0.356445
4.300000	-0.126953	0.161133
4.305000	-0.229492	-0.258789
4.310000	-0.058594	-0.600586
4.315000	0.327148	-0.517578
4.320000	0.664062	-0.175781
4.325000	0.776367	0.205078
4.330000	0.634766	0.488281
4.335000	0.312500	0.615234
4.340000	-0.102539	0.551758
4.345000	-0.454102	-0.141602
4.350000	-0.346680	-1.225586
4.355000	0.444336	-1.552734
4.360000	1.455078	-1.132812
4.365000	2.202148	-0.380859
4.370000	2.460938	0.307617
4.375000	2.255859	0.742188
4.380000	1.762695	0.878906
4.385000	1.181641	0.795898
4.390000	0.649414	0.605469
4.395000	0.234375	0.415039
4.400000	-0.048828	0.258789
4.405000	-0.214844	-0.078125
4.410000	-0.161133	-0.522461
4.415000	0.170898	-0.595703
4.420000	0.556641	-0.317383
4.425000	0.766602	0.068359
4.430000	0.717773	0.395508
4.435000	0.454102	0.585938
4.440000	0.058594	0.620117
4.445000	-0.346680	0.205078
4.450000	-0.468750	-0.844727
4.455000	0.083008	-1.542969
4.460000	1.093750	-1.342773
4.465000	1.972656	-0.673828
4.470000	2.421875	0.068359
4.475000	2.377930	0.615234
4.480000	1.967773	0.859375
4.485000	1.396484	0.844727
4.490000	0.834961	0.683594
4.495000	0.375977	0.483398
4.500000	0.043945	0.322266
4.505000	-0.166016	0.073242
4.510000	-0.214844	-0.375977
4.515000	0.024414	-0.620117
4.520000	0.424805	-0.449219
4.525000	0.712891	-0.078125
4.530000	0.766602	0.288086
4.535000	0.576172	0.537109
4.540000	0.214844	0.625000
4.545000	-0.200195	0.454102
4.550000	-0.488281	-0.415039
4.555000	-0.205078	-1.396484
4.560000	0.698242	-1.499023
4.565000	1.679688	-0.957031
4.570000	2.314453	-0.195312
4.575000	2.446289	0.444336
4.580000	2.153320	0.800781
4.585000	1.616211	0.874023
4.590000	1.040039	0.751953
4.595000	0.532227	0.551758
4.600000	0.151367	0.371094
4.605000	-0.097656	0.195312
4.610000	-0.229492	-0.200195
4.615000	-0.097656	-0.581055
4.620000	0.273438	-0.546875
4.625000	0.625000	-0.229492
4.630000	0.776367	0.156250
4.635000	0.668945	0.458984
4.640000	0.361328	0.615234
4.645000	-0.048828	0.581055
4.650000	-0.424805	-0.014648
4.655000	-0.400391	-1.108398
4.660000	0.317383	-1.567383
4.665000	1.333008	-1.215820
4.670000	2.133789	-0.478516
4.675000	2.456055	0.229492
4.680000	2.299805	0.703125
4.685000	1.835938	0.878906
4.690000	1.250000	0.815430
4.695000	0.708008	0.629883
4.700000	0.283203	0.434570
4.705000	-0.014648	0.283203
4.710000	-0.205078	-0.019531
4.715000	-0.185547	-0.478516
4.720000	0.122070	-0.610352
4.725000	0.517578	-0.366211
4.730000	0.751953	0.014648
4.735000	0.737305	0.361328
4.740000	0.493164	0.576172
4.745000	0.112305	0.625000
4.750000	-0.302734	0.297852
4.755000	-0.488281	-0.698242
4.760000	-0.024414	-1.503906
4.765000	0.961914	-1.406250
4.770000	1.879883	-0.771484
4.775000	2.392578	-0.014648
4.780000	2.407227	0.566406
4.785000	2.031250	0.844727
4.790000	1.469727	0.859375
4.795000	0.903320	0.708008
4.800000	0.424805	0.502930
4.805000	0.083008	0.341797
4.810000	-0.146484	0.122070
4.815000	-0.224609	-0.312500
4.820000	-0.019531	-0.615234
4.825000	0.371094	-0.483398
4.830000	0.688477	-0.131836
4.835000	0.771484	0.249023
4.840000	0.605469	0.512695
4.845000	0.263672	0.625000
4.850000	-0.151367	0.507812
4.855000	-0.473633	-0.273438
4.860000	-0.283203	-1.308594
4.865000	0.566406	-1.533203
4.870000	1.572266	-1.044922
4.875000	2.260742	-0.292969
4.880000	2.456055	0.375977
4.885000	2.207031	0.771484
4.890000	1.694336	0.878906
4.895000	1.108398	0.771484
4.900000	0.590820	0.581055
4.905000	0.195312	0.390625
4.910000	-0.073242	0.229492
4.915000	-0.224609	-0.136719
4.920000	-0.131836	-0.556641
4.925000	0.219727	-0.576172
4.930000	0.590820	-0.278320
4.935000	0.771484	0.112305
4.940000	0.688477	0.429688
4.945000	0.410156	0.600586
4.950000	0.004883	0.605469
4.955000	-0.385742	0.102539
4.960000	-0.444336	-0.976562
4.965000	0.190430	-1.557617
4.970000	1.215820	-1.279297
4.975000	2.055664	-0.581055
4.980000	2.441406	0.151367
4.985000	2.343750	0.659180
4.990000	1.904297	0.869141
4.995000	1.323242	0.830078
5.000000	0.771484	0.654297
5.005000	0.327148	0.458984
5.010000	0.014648	0.302734
5.015000	-0.185547	0.029297
5.020000	-0.205078	-0.429688
5.025000	0.068359	-0.615234
5.030000	0.468750	-0.410156
5.035000	0.732422	-0.029297
5.040000	0.751953	0.322266
5.045000	0.537109	0.551758
5.050000	0.161133	0.625000
5.055000	-0.253906	0.385742
5.060000	-0.493164	-0.551758
5.065000	-0.126953	-1.455078
5.070000	0.825195	-1.459961
5.075000	1.782227	-0.869141
5.080000	2.358398	-0.102539
5.085000	2.426758	0.502930
5.090000	2.094727	0.825195
5.095000	1.547852	0.869141
5.100000	0.966797	0.732422
5.105000	0.478516	0.532227
5.110000	0.117188	0.361328
5.115000	-0.126953	0.161133
5.120000	-0.229492	-0.258789
5.125000	-0.063477	-0.600586
5.130000	0.322266	-0.522461
5.135000	0.659180	-0.175781
5.140000	0.776367	0.205078
5.145000	0.639648	0.488281
5.150000	0.317383	0.615234
5.155000	-0.097656	0.551758
5.160000	-0.454102	-0.136719
5.165000	-0.351562	-1.220703
5.170000	0.439453	-1.552734
5.175000	1.450195	-1.132812
5.180000	2.197266	-0.390625
5.185000	2.456055	0.302734
5.190000	2.255859	0.737305
5.195000	1.767578	0.878906
5.200000	1.186523	0.795898
5.205000	0.649414	0.610352
5.210000	0.239258	0.415039
5.215000	-0.048828	0.263672
5.220000	-0.214844	-0.078125
5.225000	-0.161133	-0.517578
5.230000	0.166016	-0.595703
5.235000	0.556641	-0.322266
5.240000	0.766602	0.063477
5.245000	0.717773	0.395508
5.250000	0.454102	0.585938
5.255000	0.058594	0.615234
5.260000	-0.351562	0.214844
5.265000	-0.473633	-0.834961
5.270000	0.078125	-1.538086
5.275000	1.083984	-1.347656
5.280000	1.972656	-0.678711
5.285000	2.416992	0.063477
5.290000	2.377930	0.615234
5.295000	1.972656	0.859375
5.300000	1.396484	0.849609
5.305000	0.844727	0.683594
5.310000	0.375977	0.488281
5.315000	0.053711	0.322266
5.320000	-0.166016	0.078125
5.325000	-0.219727	-0.366211
5.330000	0.019531	-0.620117
5.335000	0.419922	-0.449219
5.340000	0.712891	-0.078125
5.345000	0.766602	0.283203
5.350000	0.576172	0.532227
5.355000	0.214844	0.625000
5.360000	-0.205078	0.454102
5.365000	-0.488281	-0.405273
5.370000	-0.214844	-1.396484
5.375000	0.693359	-1.499023
5.380000	1.674805	-0.961914
5.385000	2.309570	-0.200195
5.390000	2.446289	0.439453
5.395000	2.153320	0.805664
5.400000	1.621094	0.874023
5.405000	1.040039	0.751953
5.410000	0.537109	0.556641
5.415000	0.156250	0.375977
5.420000	-0.097656	0.200195
5.425000	-0.234375	-0.195312
5.430000	-0.097656	-0.581055
5.435000	0.273438	-0.551758
5.440000	0.629883	-0.229492
5.445000	0.776367	0.151367
5.450000	0.668945	0.458984
5.455000	0.366211	0.610352
5.460000	-0.043945	0.585938
5.465000	-0.424805	-0.009766
5.470000	-0.405273	-1.098633
5.475000	0.312500	-1.562500
5.480000	1.328125	-1.215820
5.485000	2.128906	-0.488281
5.490000	2.451172	0.224609
5.495000	2.304688	0.698242
5.500000	1.835938	0.878906
5.505000	1.250000	0.810547
5.510000	0.708008	0.629883
5.515000	0.278320	0.434570
5.520000	-0.009766	0.283203
5.525000	-0.205078	-0.019531
5.530000	-0.190430	-0.473633
5.535000	0.117188	-0.605469
5.540000	0.512695	-0.366211
5.545000	0.751953	0.014648
5.550000	0.737305	0.361328
5.555000	0.493164	0.571289
5.560000	0.112305	0.625000
5.565000	-0.302734	0.307617
5.570000	-0.488281	-0.693359
5.575000	-0.029297	-1.508789
5.580000	0.952148	-1.406250
5.585000	1.875000	-0.776367
5.590000	2.392578	-0.019531
5.595000	2.407227	0.556641
5.600000	2.036133	0.844727
5.605000	1.474609	0.854492
5.610000	0.903320	0.708008
5.615000	0.424805	0.502930
5.620000	0.083008	0.341797
5.625000	-0.146484	0.126953
5.630000	-0.229492	-0.317383
5.635000	-0.024414	-0.615234
5.640000	0.371094	-0.488281
5.645000	0.688477	-0.136719
5.650000	0.771484	0.244141
5.655000	0.610352	0.512695
5.660000	0.268555	0.620117
5.665000	-0.151367	0.507812
5.670000	-0.478516	-0.263672
5.675000	-0.288086	-1.308594
5.680000	0.561523	-1.533203
5.685000	1.562500	-1.049805
5.690000	2.255859	-0.302734
5.695000	2.456055	0.371094
5.700000	2.211914	0.771484
5.705000	1.694336	0.878906
5.710000	1.113281	0.771484
5.715000	0.590820	0.581055
5.720000	0.200195	0.395508
5.725000	-0.068359	0.234375
5.730000	-0.224609	-0.131836
5.735000	-0.136719	-0.556641
5.740000	0.219727	-0.576172
5.745000	0.595703	-0.278320
5.750000	0.771484	0.112305
5.755000	0.693359	0.424805
5.760000	0.410156	0.600586
5.765000	0.009766	0.610352
5.770000	-0.390625	0.107422
5.775000	-0.444336	-0.971680
5.780000	0.190430	-1.557617
5.785000	1.210938	-1.284180
5.790000	2.055664	-0.585938
5.795000	2.446289	0.146484
5.800000	2.343750	0.654297
5.805000	1.904297	0.869141
5.810000	1.323242	0.830078
5.815000	0.776367	0.659180
5.820000	0.332031	0.458984
5.825000	0.014648	0.302734
5.830000	-0.185547	0.029297
5.835000	-0.205078	-0.424805
5.840000	0.068359	-0.615234
5.845000	0.463867	-0.410156
5.850000	0.732422	-0.034180
5.855000	0.751953	0.322266
5.860000	0.537109	0.551758
5.865000	0.166016	0.625000
5.870000	-0.253906	0.385742
5.875000	-0.493164	-0.546875
5.880000	-0.126953	-1.455078
5.885000	0.820312	-1.459961
5.890000	1.772461	-0.869141
5.895000	2.358398	-0.112305
5.900000	2.431641	0.498047
5.905000	2.094727	0.825195
5.910000	1.547852	0.869141
5.915000	0.971680	0.732422
5.920000	0.478516	0.532227
5.925000	0.122070	0.356445
5.930000	-0.122070	0.166016
5.935000	-0.229492	-0.249023
5.940000	-0.063477	-0.605469
5.945000	0.317383	-0.522461
5.950000	0.659180	-0.180664
5.955000	0.771484	0.200195
5.960000	0.639648	0.488281
5.965000	0.317383	0.615234
5.970000	-0.097656	0.551758
5.975000	-0.454102	-0.126953
5.980000	-0.351562	-1.215820
5.985000	0.434570	-1.552734
5.990000	1.445312	-1.137695
5.995000	2.197266	-0.390625
6.000000	2.456055	0.297852
6.005000	2.260742	0.737305
6.010000	1.772461	0.878906
6.015000	1.191406	0.795898
6.020000	0.654297	0.610352
6.025000	0.239258	0.419922
6.030000	-0.043945	0.263672
6.035000	-0.214844	-0.078125
6.040000	-0.166016	-0.517578
6.045000	0.166016	-0.595703
6.050000	0.551758	-0.327148
6.055000	0.761719	0.058594
6.060000	0.722656	0.395508
6.065000	0.454102	0.581055
6.070000	0.063477	0.620117
6.075000	-0.341797	0.214844
6.080000	-0.473633	-0.830078
6.085000	0.073242	-1.538086
6.090000	1.079102	-1.347656
6.095000	1.967773	-0.683594
6.100000	2.421875	0.063477
6.105000	2.377930	0.610352
6.110000	1.972656	0.859375
6.115000	1.401367	0.849609
6.120000	0.839844	0.683594
6.125000	0.375977	0.483398
6.130000	0.048828	0.322266
6.135000	-0.166016	0.078125
6.140000	-0.219727	-0.371094
6.145000	0.019531	-0.620117
6.150000	0.415039	-0.454102
6.155000	0.712891	-0.083008
6.160000	0.766602	0.283203
6.165000	0.576172	0.532227
6.170000	0.219727	0.625000
6.175000	-0.200195	0.458984
6.180000	-0.488281	-0.400391
6.185000	-0.214844	-1.386719
6.190000	0.683594	-1.503906
6.195000	1.669922	-0.966797
6.200000	2.309570	-0.205078
6.205000	2.446289	0.439453
6.210000	2.158203	0.800781
6.215000	1.621094	0.878906
6.220000	1.044922	0.756836
6.225000	0.537109	0.556641
6.230000	0.161133	0.375977
6.235000	-0.097656	0.205078
6.240000	-0.229492	-0.190430
6.245000	-0.102539	-0.581055
6.250000	0.268555	-0.551758
6.255000	0.620117	-0.234375
6.260000	0.776367	0.151367
6.265000	0.673828	0.454102
6.270000	0.366211	0.615234
6.275000	-0.043945	0.585938
6.280000	-0.419922	-0.004883
6.285000	-0.405273	-1.093750
6.290000	0.307617	-1.562500
6.295000	1.318359	-1.220703
6.300000	2.124023	-0.493164
6.305000	2.451172	0.224609
6.310000	2.304688	0.698242
6.315000	1.840820	0.878906
6.320000	1.254883	0.810547
6.325000	0.712891	0.629883
6.330000	0.283203	0.439453
6.335000	-0.014648	0.283203
6.340000	-0.205078	-0.014648
6.345000	-0.185547	-0.473633
6.350000	0.112305	-0.605469
6.355000	0.507812	-0.371094
6.360000	0.747070	0.009766
6.365000	0.737305	0.361328
6.370000	0.498047	0.571289
6.375000	0.117188	0.625000
6.380000	-0.297852	0.312500
6.385000	-0.488281	-0.688477
6.390000	-0.034180	-1.503906
6.395000	0.947266	-1.411133
6.400000	1.870117	-0.781250
6.405000	2.392578	-0.024414
6.410000	2.407227	0.556641
6.415000	2.036133	0.844727
6.420000	1.474609	0.854492
6.425000	0.908203	0.708008
6.430000	0.429688	0.507812
6.435000	0.083008	0.341797
6.440000	-0.146484	0.126953
6.445000	-0.229492	-0.312500
6.450000	-0.024414	-0.615234
6.455000	0.366211	-0.488281
6.460000	0.683594	-0.131836
6.465000	0.771484	0.239258
6.470000	0.615234	0.512695
6.475000	0.268555	0.620117
6.480000	-0.146484	0.507812
6.485000	-0.478516	-0.258789
6.490000	-0.292969	-1.303711
6.495000	0.551758	-1.533203
6.500000	1.557617	-1.059570
6.505000	2.255859	-0.302734
6.510000	2.456055	0.371094
6.515000	2.211914	0.771484
6.520000	1.694336	0.878906
6.525000	1.118164	0.776367
6.530000	0.595703	0.581055
6.535000	0.200195	0.395508
6.540000	-0.068359	0.229492
6.545000	-0.224609	-0.126953
6.550000	-0.136719	-0.551758
6.555000	0.214844	-0.576172
6.560000	0.590820	-0.278320
6.565000	0.771484	0.107422
6.570000	0.698242	0.424805
6.575000	0.415039	0.595703
6.580000	0.009766	0.610352
6.585000	-0.385742	0.112305
6.590000	-0.444336	-0.966797
6.595000	0.185547	-1.557617
6.600000	1.201172	-1.284180
6.605000	2.045898	-0.590820
6.610000	2.436523	0.141602
6.615000	2.348633	0.654297
6.620000	1.909180	0.869141
6.625000	1.328125	0.834961
6.630000	0.776367	0.654297
6.635000	0.332031	0.458984
6.640000	0.014648	0.302734
6.645000	-0.185547	0.034180
6.650000	-0.205078	-0.419922
6.655000	0.063477	-0.615234
6.660000	0.463867	-0.415039
6.665000	0.732422	-0.039062
6.670000	0.751953	0.322266
6.675000	0.537109	0.551758
6.680000	0.170898	0.625000
6.685000	-0.249023	0.390625
6.690000	-0.493164	-0.541992
6.695000	-0.131836	-1.450195
6.700000	0.810547	-1.459961
6.705000	1.777344	-0.878906
6.710000	2.353516	-0.117188
6.715000	2.431641	0.498047
6.720000	2.099609	0.820312
6.725000	1.552734	0.869141
6.730000	0.976562	0.732422
6.735000	0.483398	0.537109
6.740000	0.122070	0.361328
6.745000	-0.122070	0.166016
6.750000	-0.234375	-0.249023
6.755000	-0.068359	-0.600586
6.760000	0.317383	-0.522461
6.765000	0.659180	-0.185547
6.770000	0.776367	0.200195
6.775000	0.644531	0.483398
6.780000	0.317383	0.615234
6.785000	-0.092773	0.551758
6.790000	-0.449219	-0.122070
6.795000	-0.356445	-1.210938
6.800000	0.424805	-1.557617
6.805000	1.440430	-1.142578
6.810000	2.192383	-0.400391
6.815000	2.456055	0.297852
6.820000	2.260742	0.732422
6.825000	1.772461	0.878906
6.830000	1.191406	0.800781
6.835000	0.654297	0.610352
6.840000	0.244141	0.419922
6.845000	-0.043945	0.263672
6.850000	-0.214844	-0.073242
6.855000	-0.166016	-0.517578
6.860000	0.161133	-0.595703
6.865000	0.546875	-0.322266
6.870000	0.761719	0.058594
6.875000	0.717773	0.390625
6.880000	0.458984	0.585938
6.885000	0.063477	0.620117
6.890000	-0.341797	0.224609
6.895000	-0.473633	-0.820312
6.900000	0.063477	-1.538086
6.905000	1.074219	-1.357422
6.910000	1.958008	-0.688477
6.915000	2.416992	0.058594
6.920000	2.382812	0.605469
6.925000	1.977539	0.854492
6.930000	1.406250	0.844727
6.935000	0.844727	0.683594
6.940000	0.380859	0.488281
6.945000	0.053711	0.327148
6.950000	-0.166016	0.083008
6.955000	-0.219727	-0.366211
6.960000	0.014648	-0.615234
6.965000	0.415039	-0.454102
6.970000	0.712891	-0.083008
6.975000	0.766602	0.278320
6.980000	0.576172	0.532227
6.985000	0.224609	0.625000
6.990000	-0.195312	0.458984
6.995000	-0.488281	-0.395508
7.000000	-0.224609	-1.381836
7.005000	0.678711	-1.503906
7.010000	1.665039	-0.971680
7.015000	2.304688	-0.209961
7.020000	2.446289	0.434570
7.025000	2.163086	0.795898
7.030000	1.625977	0.878906
7.035000	1.049805	0.751953
7.040000	0.541992	0.556641
7.045000	0.161133	0.375977
7.050000	-0.092773	0.205078
7.055000	-0.229492	-0.190430
7.060000	-0.102539	-0.581055
7.065000	0.268555	-0.551758
7.070000	0.620117	-0.234375
7.075000	0.776367	0.151367
7.080000	0.673828	0.458984
7.085000	0.366211	0.610352
7.090000	-0.039062	0.590820
7.095000	-0.419922	0.004883
7.100000	-0.405273	-1.088867
7.105000	0.297852	-1.562500
7.110000	1.313477	-1.225586
7.115000	2.124023	-0.498047
7.120000	2.451172	0.219727
7.125000	2.304688	0.698242
7.130000	1.845703	0.878906
7.135000	1.259766	0.810547
7.140000	0.717773	0.634766
7.145000	0.283203	0.439453
7.150000	-0.009766	0.283203
7.155000	-0.205078	-0.014648
7.160000	-0.185547	-0.468750
7.165000	0.112305	-0.605469
7.170000	0.507812	-0.371094
7.175000	0.751953	0.009766
7.180000	0.737305	0.356445
7.185000	0.498047	0.571289
7.190000	0.117188	0.625000
7.195000	-0.297852	0.312500
7.200000	-0.488281	-0.678711
7.205000	-0.039062	-1.499023
7.210000	0.942383	-1.411133
7.215000	1.870117	-0.786133
7.220000	2.387695	-0.029297
7.225000	2.412109	0.551758
7.230000	2.041016	0.844727
7.235000	1.479492	0.859375
7.240000	0.913086	0.708008
7.245000	0.434570	0.507812
7.250000	0.083008	0.341797
7.255000	-0.146484	0.126953
7.260000	-0.229492	-0.307617
7.265000	-0.024414	-0.615234
7.270000	0.366211	-0.488281
7.275000	0.683594	-0.136719
7.280000	0.771484	0.239258
7.285000	0.610352	0.507812
7.290000	0.273438	0.620117
7.295000	-0.141602	0.512695
7.300000	-0.473633	-0.253906
7.305000	-0.297852	-1.298828
7.310000	0.546875	-1.533203
7.315000	1.552734	-1.059570
7.320000	2.255859	-0.302734
7.325000	2.456055	0.366211
7.330000	2.211914	0.771484
7.335000	1.704102	0.878906
7.340000	1.123047	0.776367
7.345000	0.600586	0.585938
7.350000	0.205078	0.395508
7.355000	-0.068359	0.234375
7.360000	-0.224609	-0.126953
7.365000	-0.141602	-0.551758
7.370000	0.214844	-0.576172
7.375000	0.585938	-0.283203
7.380000	0.766602	0.102539
7.385000	0.698242	0.424805
7.390000	0.415039	0.595703
7.395000	0.014648	0.610352
7.400000	-0.380859	0.122070
7.405000	-0.449219	-0.957031
7.410000	0.175781	-1.557617
7.415000	1.196289	-1.289062
7.420000	2.045898	-0.595703
7.425000	2.441406	0.136719
7.430000	2.348633	0.654297
7.435000	1.914062	0.864258
7.440000	1.333008	0.834961
7.445000	0.781250	0.659180
7.450000	0.332031	0.458984
7.455000	0.019531	0.307617
7.460000	-0.185547	0.034180
7.465000	-0.205078	-0.419922
7.470000	0.063477	-0.615234
7.475000	0.458984	-0.415039
7.480000	0.732422	-0.039062
7.485000	0.756836	0.317383
7.490000	0.537109	0.546875
7.495000	0.170898	0.625000
7.500000	-0.244141	0.390625
7.505000	-0.498047	-0.537109
7.510000	-0.136719	-1.445312
7.515000	0.805664	-1.464844
7.520000	1.767578	-0.883789
7.525000	2.348633	-0.122070
7.530000	2.431641	0.493164
7.535000	2.104492	0.820312
7.540000	1.552734	0.869141
7.545000	0.981445	0.732422
7.550000	0.488281	0.532227
7.555000	0.126953	0.361328
7.560000	-0.122070	0.166016
7.565000	-0.234375	-0.249023
7.570000	-0.068359	-0.600586
7.575000	0.312500	-0.522461
7.580000	0.654297	-0.190430
7.585000	0.776367	0.195312
7.590000	0.644531	0.483398
7.595000	0.322266	0.615234
7.600000	-0.087891	0.561523
7.605000	-0.449219	-0.122070
7.610000	-0.356445	-1.206055
7.615000	0.419922	-1.557617
7.620000	1.435547	-1.147461
7.625000	2.187500	-0.400391
7.630000	2.460938	0.292969
7.635000	2.260742	0.732422
7.640000	1.777344	0.878906
7.645000	1.196289	0.795898
7.650000	0.659180	0.610352
7.655000	0.244141	0.419922
7.660000	-0.039062	0.263672
7.665000	-0.214844	-0.068359
7.670000	-0.170898	-0.512695
7.675000	0.156250	-0.595703
7.680000	0.546875	-0.327148
7.685000	0.761719	0.058594
7.690000	0.722656	0.390625
7.695000	0.458984	0.585938
7.700000	0.068359	0.620117
7.705000	-0.336914	0.224609
7.710000	-0.473633	-0.820312
7.715000	0.063477	-1.533203
7.720000	1.069336	-1.357422
7.725000	1.958008	-0.698242
7.730000	2.412109	0.053711
7.735000	2.382812	0.605469
7.740000	1.977539	0.854492
7.745000	1.411133	0.849609
7.750000	0.849609	0.688477
7.755000	0.385742	0.488281
7.760000	0.053711	0.327148
7.765000	-0.166016	0.083008
7.770000	-0.219727	-0.361328
7.775000	0.014648	-0.620117
7.780000	0.415039	-0.458984
7.785000	0.708008	-0.087891
7.790000	0.766602	0.278320
7.795000	0.581055	0.532227
7.800000	0.224609	0.620117
7.805000	-0.195312	0.458984
7.810000	-0.488281	-0.385742
7.815000	-0.224609	-1.381836
7.820000	0.673828	-1.508789
7.825000	1.660156	-0.971680
7.830000	2.304688	-0.214844
7.835000	2.446289	0.429688
7.840000	2.163086	0.795898
7.845000	1.630859	0.874023
7.850000	1.049805	0.756836
7.855000	0.541992	0.561523
7.860000	0.161133	0.380859
7.865000	-0.092773	0.205078
7.870000	-0.229492	-0.185547
7.875000	-0.107422	-0.581055
7.880000	0.263672	-0.556641
7.885000	0.620117	-0.239258
7.890000	0.771484	0.151367
7.895000	0.673828	0.454102
7.900000	0.366211	0.615234
7.905000	-0.039062	0.585938
7.910000	-0.419922	0.009766
7.915000	-0.410156	-1.083984
7.920000	0.292969	-1.562500
7.925000	1.308594	-1.225586
7.930000	2.119141	-0.498047
7.935000	2.446289	0.214844
7.940000	2.309570	0.698242
7.945000	1.850586	0.878906
7.950000	1.259766	0.815430
7.955000	0.717773	0.634766
7.960000	0.288086	0.444336
7.965000	-0.009766	0.288086
7.970000	-0.200195	-0.009766
7.975000	-0.185547	-0.473633
7.980000	0.107422	-0.610352
7.985000	0.502930	-0.371094
7.990000	0.751953	0.004883
7.995000	0.737305	0.351562
8.000000	0.502930	0.566406
8.005000	0.122070	0.625000
8.010000	-0.292969	0.317383
8.015000	-0.488281	-0.673828
8.020000	-0.043945	-1.499023
8.025000	0.932617	-1.416016
8.030000	1.865234	-0.791016
8.035000	2.387695	-0.034180
8.040000	2.412109	0.551758
8.045000	2.045898	0.844727
8.050000	1.484375	0.859375
8.055000	0.917969	0.708008
8.060000	0.434570	0.507812
8.065000	0.087891	0.341797
8.070000	-0.146484	0.131836
8.075000	-0.229492	-0.307617
8.080000	-0.029297	-0.615234
8.085000	0.366211	-0.493164
8.090000	0.683594	-0.136719
8.095000	0.771484	0.234375
8.100000	0.615234	0.502930
8.105000	0.278320	0.620117
8.110000	-0.141602	0.517578
8.115000	-0.478516	-0.244141
8.120000	-0.297852	-1.293945
8.125000	0.541992	-1.538086
8.130000	1.547852	-1.064453
8.135000	2.250977	-0.312500
8.140000	2.456055	0.361328
8.145000	2.216797	0.766602
8.150000	1.704102	0.878906
8.155000	1.123047	0.776367
8.160000	0.600586	0.585938
8.165000	0.205078	0.395508
8.170000	-0.068359	0.234375
8.175000	-0.224609	-0.122070
8.180000	-0.141602	-0.551758
8.185000	0.209961	-0.581055
8.190000	0.585938	-0.288086
8.195000	0.771484	0.102539
8.200000	0.693359	0.424805
8.205000	0.415039	0.595703
8.210000	0.014648	0.615234
8.215000	-0.380859	0.122070
8.220000	-0.449219	-0.952148
8.225000	0.170898	-1.557617
8.230000	1.191406	-1.293945
8.235000	2.041016	-0.600586
8.240000	2.441406	0.131836
8.245000	2.348633	0.649414
8.250000	1.914062	0.869141
8.255000	1.333008	0.834961
8.260000	0.786133	0.659180
8.265000	0.332031	0.463867
8.270000	0.019531	0.307617
8.275000	-0.185547	0.034180
8.280000	-0.205078	-0.415039
8.285000	0.058594	-0.625000
8.290000	0.463867	-0.419922
8.295000	0.732422	-0.043945
8.300000	0.756836	0.317383
8.305000	0.541992	0.546875
8.310000	0.175781	0.625000
8.315000	-0.249023	0.395508
8.320000	-0.493164	-0.527344
8.325000	-0.141602	-1.445312
8.330000	0.800781	-1.464844
8.335000	1.762695	-0.888672
8.340000	2.348633	-0.126953
8.345000	2.431641	0.488281
8.350000	2.104492	0.820312
8.355000	1.557617	0.869141
8.360000	0.986328	0.732422
8.365000	0.488281	0.537109
8.370000	0.126953	0.361328
8.375000	-0.122070	0.170898
8.380000	-0.234375	-0.244141
8.385000	-0.068359	-0.600586
8.390000	0.312500	-0.527344
8.395000	0.649414	-0.190430
8.400000	0.771484	0.190430
8.405000	0.644531	0.478516
8.410000	0.322266	0.615234
8.415000	-0.087891	0.556641
8.420000	-0.449219	-0.112305
8.425000	-0.361328	-1.201172
8.430000	0.415039	-1.562500
8.435000	1.430664	-1.147461
8.440000	2.187500	-0.405273
8.445000	2.456055	0.292969
8.450000	2.265625	0.732422
8.455000	1.777344	0.878906
8.460000	1.201172	0.800781
8.465000	0.659180	0.610352
8.470000	0.249023	0.419922
8.475000	-0.039062	0.263672
8.480000	-0.214844	-0.068359
8.485000	-0.166016	-0.512695
8.490000	0.161133	-0.595703
8.495000	0.546875	-0.332031
8.500000	0.761719	0.058594
8.505000	0.722656	0.390625
8.510000	0.463867	0.581055
8.515000	0.068359	0.620117
8.520000	-0.341797	0.229492
8.525000	-0.478516	-0.810547
8.530000	0.058594	-1.533203
8.535000	1.064453	-1.357422
8.540000	1.953125	-0.693359
8.545000	2.412109	0.048828
8.550000	2.382812	0.605469
8.555000	1.987305	0.854492
8.560000	1.411133	0.854492
8.565000	0.849609	0.683594
8.570000	0.385742	0.488281
8.575000	0.053711	0.327148
8.580000	-0.166016	0.087891
8.585000	-0.224609	-0.361328
8.590000	0.009766	-0.615234
8.595000	0.415039	-0.458984
8.600000	0.708008	-0.087891
8.605000	0.771484	0.278320
8.610000	0.581055	0.532227
8.615000	0.229492	0.625000
8.620000	-0.190430	0.463867
8.625000	-0.488281	-0.380859
8.630000	-0.229492	-1.376953
8.635000	0.664062	-1.508789
8.640000	1.655273	-0.981445
8.645000	2.304688	-0.214844
8.650000	2.446289	0.429688
8.655000	2.167969	0.791016
8.660000	1.635742	0.874023
8.665000	1.054688	0.756836
8.670000	0.541992	0.561523
8.675000	0.166016	0.380859
8.680000	-0.092773	0.209961
8.685000	-0.229492	-0.180664
8.690000	-0.107422	-0.581055
8.695000	0.258789	-0.556641
8.700000	0.620117	-0.239258
8.705000	0.771484	0.151367
8.710000	0.673828	0.454102
8.715000	0.375977	0.610352
8.720000	-0.034180	0.590820
8.725000	-0.415039	0.014648
8.730000	-0.410156	-1.079102
8.735000	0.288086	-1.562500
8.740000	1.303711	-1.230469
8.745000	2.114258	-0.507812
8.750000	2.451172	0.214844
8.755000	2.314453	0.693359
8.760000	1.850586	0.874023
8.765000	1.264648	0.815430
8.770000	0.722656	0.634766
8.775000	0.292969	0.439453
8.780000	-0.009766	0.288086
8.785000	-0.200195	-0.009766
8.790000	-0.190430	-0.468750
8.795000	0.107422	-0.610352
8.800000	0.502930	-0.375977
8.805000	0.747070	0.004883
8.810000	0.737305	0.351562
8.815000	0.502930	0.571289
8.820000	0.122070	0.625000
8.825000	-0.292969	0.322266
8.830000	-0.488281	-0.668945
8.835000	-0.048828	-1.494141
8.840000	0.927734	-1.420898
8.845000	1.860352	-0.795898
8.850000	2.387695	-0.034180
8.855000	2.412109	0.546875
8.860000	2.045898	0.844727
8.865000	1.484375	0.859375
8.870000	0.922852	0.708008
8.875000	0.439453	0.512695
8.880000	0.092773	0.341797
8.885000	-0.141602	0.131836
8.890000	-0.229492	-0.302734
8.895000	-0.034180	-0.610352
8.900000	0.361328	-0.493164
8.905000	0.683594	-0.141602
8.910000	0.771484	0.234375
8.915000	0.615234	0.507812
8.920000	0.278320	0.620117
8.925000	-0.136719	0.517578
8.930000	-0.468750	-0.239258
8.935000	-0.302734	-1.289062
8.940000	0.537109	-1.538086
8.945000	1.538086	-1.069336
8.950000	2.246094	-0.312500
8.955000	2.456055	0.361328
8.960000	2.216797	0.766602
8.965000	1.708984	0.874023
8.970000	1.127930	0.776367
8.975000	0.605469	0.585938
8.980000	0.209961	0.400391
8.985000	-0.068359	0.234375
8.990000	-0.224609	-0.122070
8.995000	-0.141602	-0.551758
9.000000	0.209961	-0.581055
9.005000	0.585938	-0.288086
9.010000	0.771484	0.102539
9.015000	0.698242	0.419922
9.020000	0.419922	0.595703
9.025000	0.019531	0.615234
9.030000	-0.380859	0.131836
9.035000	-0.449219	-0.947266
9.040000	0.170898	-1.552734
9.045000	1.186523	-1.293945
9.050000	2.036133	-0.605469
9.055000	2.441406	0.131836
9.060000	2.348633	0.649414
9.065000	1.918945	0.864258
9.070000	1.342773	0.834961
9.075000	0.786133	0.659180
9.080000	0.341797	0.463867
9.085000	0.024414	0.307617
9.090000	-0.185547	0.039062
9.095000	-0.209961	-0.415039
9.100000	0.058594	-0.615234
9.105000	0.458984	-0.419922
9.110000	0.732422	-0.043945
9.115000	0.756836	0.317383
9.120000	0.546875	0.546875
9.125000	0.175781	0.625000
9.130000	-0.244141	0.405273
9.135000	-0.493164	-0.522461
9.140000	-0.146484	-1.440430
9.145000	0.795898	-1.469727
9.150000	1.757812	-0.893555
9.155000	2.348633	-0.126953
9.160000	2.431641	0.493164
9.165000	2.109375	0.820312
9.170000	1.562500	0.869141
9.175000	0.986328	0.732422
9.180000	0.493164	0.537109
9.185000	0.126953	0.361328
9.190000	-0.122070	0.175781
9.195000	-0.234375	-0.244141
9.200000	-0.073242	-0.600586
9.205000	0.307617	-0.527344
9.210000	0.654297	-0.195312
9.215000	0.776367	0.190430
9.220000	0.644531	0.478516
9.225000	0.327148	0.615234
9.230000	-0.083008	0.561523
9.235000	-0.444336	-0.102539
9.240000	-0.361328	-1.196289
9.245000	0.410156	-1.557617
9.250000	1.420898	-1.152344
9.255000	2.182617	-0.410156
9.260000	2.460938	0.288086
9.265000	2.265625	0.732422
9.270000	1.782227	0.878906
9.275000	1.201172	0.800781
9.280000	0.664062	0.615234
9.285000	0.249023	0.419922
9.290000	-0.034180	0.263672
9.295000	-0.209961	-0.063477
9.300000	-0.166016	-0.507812
9.305000	0.156250	-0.595703
9.310000	0.541992	-0.332031
9.315000	0.761719	0.053711
9.320000	0.722656	0.385742
9.325000	0.463867	0.581055
9.330000	0.073242	0.620117
9.335000	-0.332031	0.234375
9.340000	-0.478516	-0.805664
9.345000	0.053711	-1.533203
9.350000	1.054688	-1.362305
9.355000	1.948242	-0.698242
9.360000	2.412109	0.048828
9.365000	2.387695	0.605469
9.370000	1.987305	0.854492
9.375000	1.416016	0.849609
9.380000	0.854492	0.688477
9.385000	0.385742	0.488281
9.390000	0.053711	0.327148
9.395000	-0.166016	0.092773
9.400000	-0.219727	-0.356445
9.405000	0.009766	-0.620117
9.410000	0.415039	-0.458984
9.415000	0.708008	-0.092773
9.420000	0.766602	0.273438
9.425000	0.581055	0.532227
9.430000	0.229492	0.625000
9.435000	-0.190430	0.468750
9.440000	-0.483398	-0.371094
9.445000	-0.229492	-1.367188
9.450000	0.664062	-1.508789
9.455000	1.650391	-0.981445
9.460000	2.299805	-0.219727
9.465000	2.446289	0.424805
9.470000	2.167969	0.791016
9.475000	1.635742	0.878906
9.480000	1.059570	0.761719
9.485000	0.546875	0.561523
9.490000	0.166016	0.380859
9.495000	-0.092773	0.209961
9.500000	-0.229492	-0.175781
9.505000	-0.107422	-0.576172
9.510000	0.258789	-0.556641
9.515000	0.620117	-0.239258
9.520000	0.771484	0.146484
9.525000	0.673828	0.454102
9.530000	0.375977	0.610352
9.535000	-0.034180	0.595703
9.540000	-0.410156	0.019531
9.545000	-0.410156	-1.074219
9.550000	0.283203	-1.562500
9.555000	1.298828	-1.235352
9.560000	2.114258	-0.507812
9.565000	2.446289	0.209961
9.570000	2.314453	0.688477
9.575000	1.855469	0.874023
9.580000	1.264648	0.815430
9.585000	0.727539	0.639648
9.590000	0.297852	0.444336
9.595000	-0.004883	0.288086
9.600000	-0.200195	-0.009766
9.605000	-0.190430	-0.463867
9.610000	0.102539	-0.610352
9.615000	0.502930	-0.380859
9.620000	0.747070	0.000000
9.625000	0.742188	0.351562
9.630000	0.507812	0.566406
9.635000	0.126953	0.625000
9.640000	-0.292969	0.327148
9.645000	-0.488281	-0.659180
9.650000	-0.053711	-1.494141
9.655000	0.922852	-1.420898
9.660000	1.855469	-0.800781
9.665000	2.382812	-0.039062
9.670000	2.412109	0.546875
9.675000	2.050781	0.844727
9.680000	1.494141	0.859375
9.685000	0.917969	0.712891
9.690000	0.444336	0.512695
9.695000	0.092773	0.341797
9.700000	-0.141602	0.131836
9.705000	-0.229492	-0.297852
9.710000	-0.034180	-0.610352
9.715000	0.361328	-0.498047
9.720000	0.683594	-0.146484
9.725000	0.771484	0.229492
9.730000	0.615234	0.502930
9.735000	0.283203	0.620117
9.740000	-0.131836	0.522461
9.745000	-0.473633	-0.234375
9.750000	-0.307617	-1.279297
9.755000	0.532227	-1.538086
9.760000	1.533203	-1.074219
9.765000	2.246094	-0.317383
9.770000	2.456055	0.356445
9.775000	2.216797	0.761719
9.780000	1.713867	0.878906
9.785000	1.132812	0.781250
9.790000	0.610352	0.590820
9.795000	0.205078	0.405273
9.800000	-0.063477	0.239258
9.805000	-0.224609	-0.117188
9.810000	-0.141602	-0.546875
9.815000	0.205078	-0.576172
9.820000	0.581055	-0.288086
9.825000	0.771484	0.097656
9.830000	0.698242	0.419922
9.835000	0.419922	0.595703
9.840000	0.019531	0.615234
9.845000	-0.380859	0.136719
9.850000	-0.449219	-0.942383
9.855000	0.156250	-1.557617
9.860000	1.181641	-1.298828
9.865000	2.031250	-0.610352
9.870000	2.436523	0.126953
9.875000	2.353516	0.644531
9.880000	1.918945	0.864258
9.885000	1.342773	0.834961
9.890000	0.791016	0.664062
9.895000	0.341797	0.463867
9.900000	0.019531	0.302734
9.905000	-0.180664	0.043945
9.910000	-0.209961	-0.410156
9.915000	0.058594	-0.620117
9.920000	0.454102	-0.424805
9.925000	0.732422	-0.043945
9.930000	0.756836	0.312500
9.935000	0.546875	0.546875
9.940000	0.180664	0.629883
9.945000	-0.239258	0.405273
9.950000	-0.493164	-0.512695
9.955000	-0.146484	-1.440430
9.960000	0.791016	-1.469727
9.965000	1.752930	-0.898438
9.970000	2.348633	-0.131836
9.975000	2.436523	0.483398
9.980000	2.109375	0.815430
9.985000	1.567383	0.869141
9.990000	0.991211	0.732422
9.995000	0.493164	0.537109
10.000000	0.131836	0.361328
