# Time_s	x	xdot
0.000000	0.659180	-0.068359
0.005000	0.703125	0.288086
0.010000	0.507812	0.532227
0.015000	0.151367	0.625000
0.020000	-0.263672	0.375977
0.025000	-0.498047	-0.581055
0.030000	-0.112305	-1.494141
0.035000	0.864258	-1.494141
0.040000	1.845703	-0.883789
0.045000	2.426758	-0.102539
0.050000	2.490234	0.527344
0.055000	2.143555	0.854492
0.060000	1.572266	0.893555
0.065000	0.981445	0.742188
0.070000	0.478516	0.532227
0.075000	0.117188	0.341797
0.080000	-0.117188	0.151367
0.085000	-0.219727	-0.244141
0.090000	-0.058594	-0.571289
0.095000	0.302734	-0.483398
0.100000	0.620117	-0.151367
0.105000	0.717773	0.219727
0.110000	0.571289	0.493164
0.115000	0.234375	0.615234
0.120000	-0.175781	0.493164
0.125000	-0.488281	-0.332031
0.130000	-0.258789	-1.376953
0.135000	0.634766	-1.562500
0.140000	1.660156	-1.044922
0.145000	2.348633	-0.263672
0.150000	2.519531	0.419922
0.155000	2.246094	0.810547
0.160000	1.704102	0.908203
0.165000	1.108398	0.786133
0.170000	0.576172	0.576172
0.175000	0.185547	0.380859
0.180000	-0.073242	0.214844
0.185000	-0.214844	-0.141602
0.190000	-0.122070	-0.532227
0.195000	0.219727	-0.527344
0.200000	0.566406	-0.234375
0.205000	0.712891	0.146484
0.210000	0.615234	0.444336
0.215000	0.317383	0.605469
0.220000	-0.087891	0.571289
0.225000	-0.449219	-0.097656
0.230000	-0.371094	-1.210938
0.235000	0.410156	-1.596680
0.240000	1.455078	-1.196289
0.245000	2.241211	-0.429688
0.250000	2.519531	0.292969
0.255000	2.333984	0.756836
0.260000	1.835938	0.908203
0.265000	1.230469	0.825195
0.270000	0.678711	0.620117
0.275000	0.258789	0.419922
0.280000	-0.024414	0.258789
0.285000	-0.205078	-0.053711
0.290000	-0.166016	-0.473633
0.295000	0.141602	-0.561523
0.300000	0.502930	-0.312500
0.305000	0.703125	0.063477
0.310000	0.654297	0.390625
0.315000	0.390625	0.581055
0.320000	0.000000	0.615234
0.325000	-0.395508	0.107422
0.330000	-0.449219	-0.996094
0.335000	0.200195	-1.596680
0.340000	1.245117	-1.318359
0.345000	2.109375	-0.605469
0.350000	2.504883	0.156250
0.355000	2.407227	0.683594
0.360000	1.953125	0.898438
0.365000	1.352539	0.854492
0.370000	0.786133	0.668945
0.375000	0.336914	0.454102
0.380000	0.019531	0.292969
0.385000	-0.175781	0.034180
0.390000	-0.200195	-0.400391
0.395000	0.058594	-0.581055
0.400000	0.434570	-0.385742
0.405000	0.683594	-0.014648
0.410000	0.688477	0.332031
0.415000	0.463867	0.556641
0.420000	0.092773	0.625000
0.425000	-0.322266	0.283203
0.430000	-0.488281	-0.751953
0.435000	0.004883	-1.552734
0.440000	1.025391	-1.430664
0.445000	1.962891	-0.771484
0.450000	2.470703	0.004883
0.455000	2.470703	0.595703
0.460000	2.075195	0.883789
0.465000	1.489258	0.888672
0.470000	0.903320	0.712891
0.475000	0.419922	0.498047
0.480000	0.078125	0.327148
0.485000	-0.141602	0.112305
0.490000	-0.214844	-0.312500
0.495000	-0.014648	-0.581055
0.500000	0.356445	-0.444336
0.505000	0.649414	-0.092773
0.510000	0.708008	0.268555
0.515000	0.532227	0.522461
0.520000	0.180664	0.625000
0.525000	-0.239258	0.419922
0.530000	-0.493164	-0.502930
0.535000	-0.161133	-1.464844
0.540000	0.791016	-1.518555
0.545000	1.791992	-0.937500
0.550000	2.407227	-0.151367
0.555000	2.504883	0.493164
0.560000	2.182617	0.849609
0.565000	1.616211	0.898438
0.570000	1.020508	0.756836
0.575000	0.512695	0.546875
0.580000	0.141602	0.356445
0.585000	-0.102539	0.175781
0.590000	-0.219727	-0.209961
0.595000	-0.078125	-0.556641
0.600000	0.278320	-0.498047
0.605000	0.605469	-0.175781
0.610000	0.717773	0.195312
0.615000	0.585938	0.483398
0.620000	0.263672	0.615234
0.625000	-0.151367	0.522461
0.630000	-0.478516	-0.258789
0.635000	-0.297852	-1.328125
0.640000	0.566406	-1.572266
0.645000	1.596680	-1.093750
0.650000	2.319336	-0.312500
0.655000	2.519531	0.380859
0.660000	2.280273	0.795898
0.665000	1.748047	0.908203
0.670000	1.147461	0.800781
0.675000	0.610352	0.595703
0.680000	0.209961	0.390625
0.685000	-0.058594	0.224609
0.690000	-0.209961	-0.117188
0.695000	-0.131836	-0.517578
0.700000	0.195312	-0.541992
0.705000	0.546875	-0.258789
0.710000	0.712891	0.117188
0.715000	0.629883	0.429688
0.720000	0.341797	0.600586
0.725000	-0.058594	0.581055
0.730000	-0.434570	-0.029297
0.735000	-0.400391	-1.152344
0.740000	0.346680	-1.606445
0.745000	1.391602	-1.235352
0.750000	2.207031	-0.483398
0.755000	2.519531	0.249023
0.760000	2.363281	0.732422
0.765000	1.865234	0.908203
0.770000	1.264648	0.834961
0.775000	0.703125	0.634766
0.780000	0.278320	0.429688
0.785000	-0.009766	0.268555
0.790000	-0.195312	-0.024414
0.795000	-0.175781	-0.449219
0.800000	0.112305	-0.571289
0.805000	0.483398	-0.332031
0.810000	0.693359	0.039062
0.815000	0.668945	0.375977
0.820000	0.415039	0.576172
0.825000	0.029297	0.615234
0.830000	-0.371094	0.166016
0.835000	-0.468750	-0.927734
0.840000	0.131836	-1.586914
0.845000	1.176758	-1.352539
0.850000	2.070312	-0.654297
0.855000	2.495117	0.112305
0.860000	2.431641	0.659180
0.865000	1.992188	0.893555
0.870000	1.396484	0.864258
0.875000	0.825195	0.683594
0.880000	0.361328	0.473633
0.885000	0.034180	0.307617
0.890000	-0.166016	0.058594
0.895000	-0.205078	-0.371094
0.900000	0.034180	-0.581055
0.905000	0.415039	-0.405273
0.910000	0.673828	-0.039062
0.915000	0.693359	0.312500
0.920000	0.483398	0.541992
0.925000	0.117188	0.625000
0.930000	-0.297852	0.327148
0.935000	-0.498047	-0.678711
0.940000	-0.048828	-1.528320
0.945000	0.947266	-1.459961
0.950000	1.909180	-0.820312
0.955000	2.451172	-0.039062
0.960000	2.480469	0.566406
0.965000	2.104492	0.869141
0.970000	1.528320	0.888672
0.975000	0.937500	0.732422
0.980000	0.449219	0.512695
0.985000	0.097656	0.336914
0.990000	-0.131836	0.131836
0.995000	-0.214844	-0.278320
1.000000	-0.034180	-0.576172
1.005000	0.332031	-0.463867
1.010000	0.634766	-0.122070
1.015000	0.708008	0.244141
1.020000	0.546875	0.507812
1.025000	0.205078	0.620117
1.030000	-0.209961	0.454102
1.035000	-0.498047	-0.424805
1.040000	-0.209961	-1.425781
1.045000	0.722656	-1.542969
1.050000	1.728516	-0.986328
1.055000	2.382812	-0.200195
1.060000	2.509766	0.463867
1.065000	2.211914	0.834961
1.070000	1.660156	0.903320
1.075000	1.059570	0.771484
1.080000	0.541992	0.561523
1.085000	0.161133	0.371094
1.090000	-0.087891	0.190430
1.095000	-0.214844	-0.180664
1.100000	-0.092773	-0.551758
1.105000	0.253906	-0.512695
1.110000	0.585938	-0.200195
1.115000	0.717773	0.175781
1.120000	0.600586	0.463867
1.125000	0.288086	0.615234
1.130000	-0.117188	0.541992
1.135000	-0.468750	-0.185547
1.140000	-0.332031	-1.274414
1.145000	0.498047	-1.586914
1.150000	1.533203	-1.137695
1.155000	2.285156	-0.366211
1.160000	2.524414	0.341797
1.165000	2.304688	0.776367
1.170000	1.787109	0.908203
1.175000	1.186523	0.810547
1.180000	0.639648	0.610352
1.185000	0.229492	0.405273
1.190000	-0.048828	0.239258
1.195000	-0.205078	-0.083008
1.200000	-0.146484	-0.498047
1.205000	0.170898	-0.556641
1.210000	0.532227	-0.278320
1.215000	0.712891	0.097656
1.220000	0.644531	0.415039
1.225000	0.371094	0.595703
1.230000	-0.029297	0.595703
1.235000	-0.419922	0.029297
1.240000	-0.419922	-1.083984
1.245000	0.278320	-1.601562
1.250000	1.323242	-1.269531
1.255000	2.167969	-0.537109
1.260000	2.514648	0.209961
1.265000	2.382812	0.712891
1.270000	1.914062	0.908203
1.275000	1.308594	0.849609
1.280000	0.747070	0.649414
1.285000	0.302734	0.444336
1.290000	0.000000	0.283203
1.295000	-0.185547	0.004883
1.300000	-0.185547	-0.429688
1.305000	0.087891	-0.576172
1.310000	0.463867	-0.351562
1.315000	0.693359	0.014648
1.320000	0.678711	0.356445
1.325000	0.439453	0.571289
1.330000	0.058594	0.620117
1.335000	-0.346680	0.219727
1.340000	-0.478516	-0.849609
1.345000	0.073242	-1.567383
1.350000	1.108398	-1.391602
1.355000	2.021484	-0.708008
1.360000	2.485352	0.063477
1.365000	2.451172	0.629883
1.370000	2.026367	0.888672
1.375000	1.435547	0.874023
1.380000	0.859375	0.698242
1.385000	0.385742	0.483398
1.390000	0.058594	0.312500
1.395000	-0.156250	0.083008
1.400000	-0.205078	-0.341797
1.405000	0.014648	-0.581055
1.410000	0.385742	-0.424805
1.415000	0.664062	-0.063477
1.420000	0.703125	0.292969
1.425000	0.507812	0.537109
1.430000	0.146484	0.625000
1.435000	-0.268555	0.371094
1.440000	-0.498047	-0.595703
1.445000	-0.097656	-1.503906
1.450000	0.878906	-1.489258
1.455000	1.855469	-0.878906
1.460000	2.436523	-0.092773
1.465000	2.490234	0.532227
1.470000	2.138672	0.859375
1.475000	1.567383	0.893555
1.480000	0.976562	0.747070
1.485000	0.473633	0.532227
1.490000	0.117188	0.346680
1.495000	-0.122070	0.151367
1.500000	-0.219727	-0.249023
1.505000	-0.053711	-0.566406
1.510000	0.307617	-0.483398
1.515000	0.615234	-0.146484
1.520000	0.717773	0.224609
1.525000	0.566406	0.498047
1.530000	0.234375	0.620117
1.535000	-0.180664	0.488281
1.540000	-0.488281	-0.346680
1.545000	-0.249023	-1.386719
1.550000	0.649414	-1.557617
1.555000	1.669922	-1.035156
1.560000	2.358398	-0.253906
1.565000	2.519531	0.424805
1.570000	2.246094	0.815430
1.575000	1.699219	0.908203
1.580000	1.098633	0.781250
1.585000	0.571289	0.571289
1.590000	0.180664	0.380859
1.595000	-0.083008	0.209961
1.600000	-0.214844	-0.151367
1.605000	-0.117188	-0.537109
1.610000	0.229492	-0.527344
1.615000	0.571289	-0.229492
1.620000	0.717773	0.146484
1.625000	0.615234	0.454102
1.630000	0.312500	0.610352
1.635000	-0.092773	0.561523
1.640000	-0.454102	-0.112305
1.645000	-0.361328	-1.225586
1.650000	0.429688	-1.596680
1.655000	1.469727	-1.186523
1.660000	2.250977	-0.419922
1.665000	2.524414	0.302734
1.670000	2.333984	0.761719
1.675000	1.831055	0.908203
1.680000	1.225586	0.825195
1.685000	0.673828	0.620117
1.690000	0.258789	0.415039
1.695000	-0.029297	0.258789
1.700000	-0.200195	-0.053711
1.705000	-0.161133	-0.478516
1.710000	0.146484	-0.561523
1.715000	0.507812	-0.307617
1.720000	0.703125	0.068359
1.725000	0.654297	0.395508
1.730000	0.385742	0.585938
1.735000	-0.004883	0.610352
1.740000	-0.395508	0.092773
1.745000	-0.444336	-1.010742
1.750000	0.209961	-1.596680
1.755000	1.254883	-1.308594
1.760000	2.124023	-0.590820
1.765000	2.509766	0.161133
1.770000	2.407227	0.688477
1.775000	1.948242	0.898438
1.780000	1.347656	0.854492
1.785000	0.781250	0.668945
1.790000	0.332031	0.458984
1.795000	0.019531	0.292969
1.800000	-0.175781	0.029297
1.805000	-0.190430	-0.400391
1.810000	0.063477	-0.576172
1.815000	0.439453	-0.375977
1.820000	0.683594	-0.009766
1.825000	0.683594	0.336914
1.830000	0.463867	0.556641
1.835000	0.087891	0.625000
1.840000	-0.322266	0.273438
1.845000	-0.488281	-0.766602
1.850000	0.014648	-1.557617
1.855000	1.035156	-1.425781
1.860000	1.972656	-0.761719
1.865000	2.475586	0.014648
1.870000	2.465820	0.605469
1.875000	2.065430	0.883789
1.880000	1.474609	0.883789
1.885000	0.893555	0.712891
1.890000	0.415039	0.498047
1.895000	0.073242	0.327148
1.900000	-0.146484	0.107422
1.905000	-0.214844	-0.317383
1.910000	-0.009766	-0.576172
1.915000	0.366211	-0.444336
1.920000	0.649414	-0.092773
1.925000	0.703125	0.268555
1.930000	0.522461	0.527344
1.935000	0.175781	0.625000
1.940000	-0.244141	0.410156
1.945000	-0.498047	-0.517578
1.950000	-0.151367	-1.469727
1.955000	0.805664	-1.518555
1.960000	1.801758	-0.927734
1.965000	2.407227	-0.141602
1.970000	2.500000	0.502930
1.975000	2.177734	0.849609
1.980000	1.606445	0.898438
1.985000	1.010742	0.756836
1.990000	0.507812	0.541992
1.995000	0.136719	0.356445
2.000000	-0.107422	0.170898
2.005000	-0.214844	-0.214844
2.010000	-0.078125	-0.561523
2.015000	0.283203	-0.498047
2.020000	0.610352	-0.170898
2.025000	0.717773	0.200195
2.030000	0.581055	0.483398
2.035000	0.258789	0.615234
2.040000	-0.156250	0.512695
2.045000	-0.478516	-0.268555
2.050000	-0.288086	-1.333008
2.055000	0.581055	-1.572266
2.060000	1.611328	-1.083984
2.065000	2.324219	-0.307617
2.070000	2.519531	0.385742
2.075000	2.270508	0.800781
2.080000	1.743164	0.908203
2.085000	1.137695	0.795898
2.090000	0.605469	0.590820
2.095000	0.205078	0.390625
2.100000	-0.063477	0.224609
2.105000	-0.209961	-0.122070
2.110000	-0.131836	-0.522461
2.115000	0.200195	-0.541992
2.120000	0.551758	-0.249023
2.125000	0.712891	0.126953
2.130000	0.625000	0.434570
2.135000	0.336914	0.600586
2.140000	-0.063477	0.581055
2.145000	-0.434570	-0.043945
2.150000	-0.395508	-1.162109
2.155000	0.356445	-1.601562
2.160000	1.401367	-1.230469
2.165000	2.211914	-0.473633
2.170000	2.519531	0.258789
2.175000	2.358398	0.737305
2.180000	1.865234	0.908203
2.185000	1.254883	0.834961
2.190000	0.708008	0.634766
2.195000	0.278320	0.424805
2.200000	-0.014648	0.268555
2.205000	-0.195312	-0.029297
2.210000	-0.170898	-0.454102
2.215000	0.117188	-0.566406
2.220000	0.488281	-0.327148
2.225000	0.698242	0.043945
2.230000	0.668945	0.375977
2.235000	0.415039	0.576172
2.240000	0.024414	0.615234
2.245000	-0.375977	0.151367
2.250000	-0.463867	-0.937500
2.255000	0.151367	-1.586914
2.260000	1.186523	-1.347656
2.265000	2.080078	-0.644531
2.270000	2.495117	0.117188
2.275000	2.426758	0.664062
2.280000	1.987305	0.898438
2.285000	1.391602	0.864258
2.290000	0.815430	0.683594
2.295000	0.356445	0.468750
2.300000	0.034180	0.302734
2.305000	-0.166016	0.058594
2.310000	-0.205078	-0.375977
2.315000	0.039062	-0.581055
2.320000	0.419922	-0.400391
2.325000	0.673828	-0.034180
2.330000	0.693359	0.317383
2.335000	0.483398	0.546875
2.340000	0.112305	0.625000
2.345000	-0.297852	0.317383
2.350000	-0.498047	-0.688477
2.355000	-0.039062	-1.533203
2.360000	0.961914	-1.450195
2.365000	1.918945	-0.810547
2.370000	2.456055	-0.029297
2.375000	2.480469	0.571289
2.380000	2.099609	0.874023
2.385000	1.518555	0.888672
2.390000	0.932617	0.727539
2.395000	0.444336	0.512695
2.400000	0.092773	0.332031
2.405000	-0.131836	0.126953
2.410000	-0.214844	-0.283203
2.415000	-0.029297	-0.576172
2.420000	0.341797	-0.458984
2.425000	0.639648	-0.117188
2.430000	0.712891	0.249023
2.435000	0.541992	0.512695
2.440000	0.200195	0.620117
2.445000	-0.209961	0.449219
2.450000	-0.498047	-0.439453
2.455000	-0.200195	-1.435547
2.460000	0.737305	-1.533203
2.465000	1.743164	-0.976562
2.470000	2.387695	-0.190430
2.475000	2.509766	0.468750
2.480000	2.207031	0.834961
2.485000	1.650391	0.908203
2.490000	1.054688	0.771484
2.495000	0.537109	0.556641
2.500000	0.156250	0.366211
2.505000	-0.087891	0.185547
2.510000	-0.214844	-0.185547
2.515000	-0.092773	-0.551758
2.520000	0.258789	-0.512695
2.525000	0.585938	-0.200195
2.530000	0.717773	0.175781
2.535000	0.595703	0.463867
2.540000	0.283203	0.615234
2.545000	-0.126953	0.537109
2.550000	-0.468750	-0.195312
2.555000	-0.327148	-1.284180
2.560000	0.512695	-1.586914
2.565000	1.547852	-1.132812
2.570000	2.290039	-0.361328
2.575000	2.519531	0.346680
2.580000	2.299805	0.781250
2.585000	1.777344	0.908203
2.590000	1.176758	0.810547
2.595000	0.634766	0.605469
2.600000	0.224609	0.400391
2.605000	-0.048828	0.239258
2.610000	-0.205078	-0.087891
2.615000	-0.146484	-0.502930
2.620000	0.175781	-0.551758
2.625000	0.532227	-0.278320
2.630000	0.712891	0.102539
2.635000	0.644531	0.419922
2.640000	0.361328	0.595703
2.645000	-0.034180	0.595703
2.650000	-0.419922	0.024414
2.655000	-0.419922	-1.093750
2.660000	0.288086	-1.601562
2.665000	1.333008	-1.264648
2.670000	2.172852	-0.527344
2.675000	2.514648	0.219727
2.680000	2.377930	0.717773
2.685000	1.904297	0.908203
2.690000	1.298828	0.844727
2.695000	0.742188	0.649414
2.700000	0.302734	0.439453
2.705000	-0.004883	0.278320
2.710000	-0.185547	-0.004883
2.715000	-0.185547	-0.434570
2.720000	0.092773	-0.576172
2.725000	0.463867	-0.351562
2.730000	0.693359	0.019531
2.735000	0.673828	0.361328
2.740000	0.439453	0.571289
2.745000	0.053711	0.620117
2.750000	-0.351562	0.209961
2.755000	-0.473633	-0.859375
2.760000	0.087891	-1.572266
2.765000	1.118164	-1.386719
2.770000	2.026367	-0.698242
2.775000	2.490234	0.073242
2.780000	2.446289	0.634766
2.785000	2.021484	0.888672
2.790000	1.425781	0.869141
2.795000	0.849609	0.693359
2.800000	0.380859	0.483398
2.805000	0.048828	0.312500
2.810000	-0.161133	0.073242
2.815000	-0.205078	-0.346680
2.820000	0.014648	-0.581055
2.825000	0.390625	-0.419922
2.830000	0.664062	-0.058594
2.835000	0.693359	0.297852
2.840000	0.502930	0.537109
2.845000	0.141602	0.625000
2.850000	-0.273438	0.366211
2.855000	-0.498047	-0.610352
2.860000	-0.092773	-1.508789
2.865000	0.893555	-1.484375
2.870000	1.865234	-0.864258
2.875000	2.436523	-0.083008
2.880000	2.490234	0.541992
2.885000	2.138672	0.859375
2.890000	1.562500	0.893555
2.895000	0.966797	0.737305
2.900000	0.468750	0.527344
2.905000	0.112305	0.341797
2.910000	-0.122070	0.146484
2.915000	-0.214844	-0.253906
2.920000	-0.053711	-0.571289
2.925000	0.312500	-0.473633
2.930000	0.620117	-0.141602
2.935000	0.712891	0.224609
2.940000	0.566406	0.498047
2.945000	0.224609	0.615234
2.950000	-0.185547	0.478516
2.955000	-0.488281	-0.361328
2.960000	-0.244141	-1.396484
2.965000	0.664062	-1.557617
2.970000	1.684570	-1.025391
2.975000	2.358398	-0.244141
2.980000	2.514648	0.434570
2.985000	2.236328	0.815430
2.990000	1.689453	0.908203
2.995000	1.093750	0.781250
3.000000	0.566406	0.576172
3.005000	0.180664	0.375977
3.010000	-0.078125	0.205078
3.015000	-0.209961	-0.156250
3.020000	-0.112305	-0.537109
3.025000	0.229492	-0.522461
3.030000	0.576172	-0.224609
3.035000	0.717773	0.156250
3.040000	0.615234	0.454102
3.045000	0.307617	0.610352
3.050000	-0.097656	0.561523
3.055000	-0.454102	-0.126953
3.060000	-0.361328	-1.235352
3.065000	0.439453	-1.591797
3.070000	1.479492	-1.176758
3.075000	2.255859	-0.410156
3.080000	2.519531	0.307617
3.085000	2.324219	0.761719
3.090000	1.821289	0.913086
3.095000	1.220703	0.820312
3.100000	0.668945	0.615234
3.105000	0.249023	0.415039
3.110000	-0.029297	0.253906
3.115000	-0.205078	-0.058594
3.120000	-0.161133	-0.483398
3.125000	0.151367	-0.561523
3.130000	0.507812	-0.297852
3.135000	0.703125	0.073242
3.140000	0.654297	0.395508
3.145000	0.385742	0.585938
3.150000	-0.009766	0.610352
3.155000	-0.400391	0.087891
3.160000	-0.444336	-1.020508
3.165000	0.224609	-1.601562
3.170000	1.269531	-1.303711
3.175000	2.128906	-0.581055
3.180000	2.509766	0.170898
3.185000	2.402344	0.693359
3.190000	1.943359	0.903320
3.195000	1.342773	0.849609
3.200000	0.771484	0.664062
3.205000	0.322266	0.454102
3.210000	0.014648	0.288086
3.215000	-0.175781	0.019531
3.220000	-0.190430	-0.405273
3.225000	0.063477	-0.581055
3.230000	0.444336	-0.371094
3.235000	0.683594	-0.009766
3.240000	0.683594	0.336914
3.245000	0.458984	0.561523
3.250000	0.078125	0.620117
3.255000	-0.327148	0.263672
3.260000	-0.488281	-0.781250
3.265000	0.024414	-1.562500
3.270000	1.049805	-1.416016
3.275000	1.982422	-0.751953
3.280000	2.480469	0.024414
3.285000	2.460938	0.610352
3.290000	2.060547	0.883789
3.295000	1.469727	0.878906
3.300000	0.893555	0.712891
3.305000	0.405273	0.493164
3.310000	0.068359	0.322266
3.315000	-0.146484	0.107422
3.320000	-0.209961	-0.317383
3.325000	-0.004883	-0.581055
3.330000	0.366211	-0.439453
3.335000	0.649414	-0.087891
3.340000	0.703125	0.278320
3.345000	0.522461	0.527344
3.350000	0.166016	0.625000
3.355000	-0.249023	0.405273
3.360000	-0.498047	-0.532227
3.365000	-0.141602	-1.474609
3.370000	0.820312	-1.508789
3.375000	1.811523	-0.917969
3.380000	2.416992	-0.131836
3.385000	2.495117	0.507812
3.390000	2.167969	0.849609
3.395000	1.601562	0.898438
3.400000	1.005859	0.756836
3.405000	0.498047	0.537109
3.410000	0.131836	0.356445
3.415000	-0.107422	0.166016
3.420000	-0.219727	-0.224609
3.425000	-0.073242	-0.561523
3.430000	0.288086	-0.493164
3.435000	0.610352	-0.166016
3.440000	0.717773	0.205078
3.445000	0.576172	0.488281
3.450000	0.253906	0.615234
3.455000	-0.161133	0.507812
3.460000	-0.483398	-0.283203
3.465000	-0.283203	-1.347656
3.470000	0.590820	-1.567383
3.475000	1.621094	-1.074219
3.480000	2.329102	-0.297852
3.485000	2.519531	0.395508
3.490000	2.265625	0.805664
3.495000	1.733398	0.908203
3.500000	1.132812	0.795898
3.505000	0.595703	0.585938
3.510000	0.195312	0.385742
3.515000	-0.068359	0.219727
3.520000	-0.209961	-0.126953
3.525000	-0.126953	-0.517578
3.530000	0.205078	-0.537109
3.535000	0.556641	-0.249023
3.540000	0.712891	0.126953
3.545000	0.625000	0.434570
3.550000	0.332031	0.605469
3.555000	-0.068359	0.576172
3.560000	-0.444336	-0.058594
3.565000	-0.390625	-1.171875
3.570000	0.371094	-1.601562
3.575000	1.416016	-1.220703
3.580000	2.216797	-0.463867
3.585000	2.519531	0.263672
3.590000	2.353516	0.742188
3.595000	1.860352	0.908203
3.600000	1.254883	0.834961
3.605000	0.698242	0.634766
3.610000	0.273438	0.429688
3.615000	-0.019531	0.263672
3.620000	-0.195312	-0.034180
3.625000	-0.166016	-0.458984
3.630000	0.122070	-0.566406
3.635000	0.493164	-0.322266
3.640000	0.698242	0.048828
3.645000	0.664062	0.380859
3.650000	0.410156	0.581055
3.655000	0.019531	0.615234
3.660000	-0.380859	0.141602
3.665000	-0.458984	-0.947266
3.670000	0.161133	-1.586914
3.675000	1.206055	-1.342773
3.680000	2.084961	-0.634766
3.685000	2.500000	0.122070
3.690000	2.426758	0.668945
3.695000	1.982422	0.898438
3.700000	1.381836	0.864258
3.705000	0.810547	0.678711
3.710000	0.351562	0.463867
3.715000	0.029297	0.302734
3.720000	-0.166016	0.048828
3.725000	-0.205078	-0.380859
3.730000	0.043945	-0.576172
3.735000	0.419922	-0.395508
3.740000	0.673828	-0.029297
3.745000	0.693359	0.317383
3.750000	0.478516	0.551758
3.755000	0.107422	0.625000
3.760000	-0.307617	0.307617
3.765000	-0.498047	-0.703125
3.770000	-0.029297	-1.538086
3.775000	0.976562	-1.450195
3.780000	1.928711	-0.805664
3.785000	2.465820	-0.019531
3.790000	2.480469	0.581055
3.795000	2.094727	0.874023
3.800000	1.513672	0.888672
3.805000	0.927734	0.727539
3.810000	0.439453	0.512695
3.815000	0.092773	0.332031
3.820000	-0.136719	0.126953
3.825000	-0.209961	-0.292969
3.830000	-0.029297	-0.576172
3.835000	0.341797	-0.454102
3.840000	0.639648	-0.112305
3.845000	0.708008	0.253906
3.850000	0.541992	0.512695
3.855000	0.195312	0.625000
3.860000	-0.219727	0.444336
3.865000	-0.498047	-0.454102
3.870000	-0.190430	-1.440430
3.875000	0.747070	-1.533203
3.880000	1.752930	-0.966797
3.885000	2.392578	-0.185547
3.890000	2.509766	0.473633
3.895000	2.202148	0.839844
3.900000	1.645508	0.903320
3.905000	1.044922	0.766602
3.910000	0.532227	0.556641
3.915000	0.151367	0.366211
3.920000	-0.092773	0.185547
3.925000	-0.214844	-0.190430
3.930000	-0.092773	-0.551758
3.935000	0.263672	-0.512695
3.940000	0.590820	-0.195312
3.945000	0.717773	0.180664
3.950000	0.595703	0.468750
3.955000	0.278320	0.615234
3.960000	-0.131836	0.537109
3.965000	-0.473633	-0.209961
3.970000	-0.322266	-1.293945
3.975000	0.522461	-1.582031
3.980000	1.557617	-1.123047
3.985000	2.294922	-0.346680
3.990000	2.519531	0.356445
3.995000	2.290039	0.786133
4.000000	1.777344	0.908203
4.005000	1.171875	0.805664
4.010000	0.625000	0.600586
4.015000	0.219727	0.395508
4.020000	-0.053711	0.234375
4.025000	-0.205078	-0.092773
4.030000	-0.141602	-0.507812
4.035000	0.180664	-0.551758
4.040000	0.537109	-0.273438
4.045000	0.712891	0.102539
4.050000	0.639648	0.419922
4.055000	0.356445	0.595703
4.060000	-0.039062	0.590820
4.065000	-0.419922	0.009766
4.070000	-0.415039	-1.108398
4.075000	0.302734	-1.601562
4.080000	1.347656	-1.254883
4.085000	2.182617	-0.517578
4.090000	2.519531	0.224609
4.095000	2.377930	0.717773
4.100000	1.894531	0.908203
4.105000	1.289062	0.844727
4.110000	0.732422	0.644531
4.115000	0.297852	0.439453
4.120000	-0.004883	0.278320
4.125000	-0.190430	-0.009766
4.130000	-0.180664	-0.439453
4.135000	0.102539	-0.576172
4.140000	0.463867	-0.346680
4.145000	0.693359	0.024414
4.150000	0.673828	0.366211
4.155000	0.429688	0.571289
4.160000	0.048828	0.615234
4.165000	-0.356445	0.200195
4.170000	-0.473633	-0.874023
4.175000	0.097656	-1.572266
4.180000	1.132812	-1.381836
4.185000	2.041016	-0.688477
4.190000	2.490234	0.078125
4.195000	2.446289	0.639648
4.200000	2.016602	0.888672
4.205000	1.420898	0.869141
4.210000	0.849609	0.688477
4.215000	0.375977	0.478516
4.220000	0.048828	0.312500
4.225000	-0.161133	0.073242
4.230000	-0.205078	-0.351562
4.235000	0.019531	-0.581055
4.240000	0.400391	-0.410156
4.245000	0.668945	-0.053711
4.250000	0.698242	0.297852
4.255000	0.502930	0.541992
4.260000	0.136719	0.625000
4.265000	-0.278320	0.356445
4.270000	-0.498047	-0.620117
4.275000	-0.083008	-1.513672
4.280000	0.903320	-1.484375
4.285000	1.875000	-0.854492
4.290000	2.441406	-0.073242
4.295000	2.490234	0.546875
4.300000	2.133789	0.864258
4.305000	1.552734	0.888672
4.310000	0.961914	0.737305
4.315000	0.463867	0.527344
4.320000	0.107422	0.341797
4.325000	-0.126953	0.146484
4.330000	-0.214844	-0.263672
4.335000	-0.053711	-0.566406
4.340000	0.317383	-0.473633
4.345000	0.625000	-0.136719
4.350000	0.712891	0.229492
4.355000	0.556641	0.498047
4.360000	0.224609	0.615234
4.365000	-0.190430	0.473633
4.370000	-0.493164	-0.371094
4.375000	-0.239258	-1.401367
4.380000	0.673828	-1.552734
4.385000	1.694336	-1.015625
4.390000	2.368164	-0.234375
4.395000	2.514648	0.439453
4.400000	2.231445	0.825195
4.405000	1.684570	0.908203
4.410000	1.083984	0.776367
4.415000	0.561523	0.571289
4.420000	0.175781	0.375977
4.425000	-0.083008	0.205078
4.430000	-0.214844	-0.161133
4.435000	-0.112305	-0.541992
4.440000	0.234375	-0.522461
4.445000	0.576172	-0.219727
4.450000	0.717773	0.156250
4.455000	0.615234	0.458984
4.460000	0.302734	0.615234
4.465000	-0.102539	0.551758
4.470000	-0.458984	-0.136719
4.475000	-0.356445	-1.245117
4.480000	0.454102	-1.591797
4.485000	1.489258	-1.171875
4.490000	2.260742	-0.405273
4.495000	2.519531	0.312500
4.500000	2.324219	0.771484
4.505000	1.811523	0.908203
4.510000	1.210938	0.815430
4.515000	0.659180	0.615234
4.520000	0.244141	0.415039
4.525000	-0.034180	0.253906
4.530000	-0.205078	-0.068359
4.535000	-0.156250	-0.483398
4.540000	0.151367	-0.556641
4.545000	0.517578	-0.297852
4.550000	0.708008	0.078125
4.555000	0.649414	0.400391
4.560000	0.380859	0.585938
4.565000	-0.009766	0.605469
4.570000	-0.400391	0.073242
4.575000	-0.439453	-1.040039
4.580000	0.239258	-1.601562
4.585000	1.279297	-1.298828
4.590000	2.138672	-0.571289
4.595000	2.509766	0.180664
4.600000	2.397461	0.698242
4.605000	1.933594	0.903320
4.610000	1.333008	0.849609
4.615000	0.766602	0.664062
4.620000	0.317383	0.458984
4.625000	0.014648	0.292969
4.630000	-0.180664	0.019531
4.635000	-0.190430	-0.415039
4.640000	0.073242	-0.576172
4.645000	0.449219	-0.366211
4.650000	0.683594	0.000000
4.655000	0.683594	0.341797
4.660000	0.454102	0.561523
4.665000	0.073242	0.620117
4.670000	-0.332031	0.253906
4.675000	-0.483398	-0.800781
4.680000	0.039062	-1.562500
4.685000	1.059570	-1.416016
4.690000	1.987305	-0.742188
4.695000	2.480469	0.034180
4.700000	2.460938	0.615234
4.705000	2.050781	0.888672
4.710000	1.464844	0.878906
4.715000	0.878906	0.708008
4.720000	0.405273	0.493164
4.725000	0.068359	0.322266
4.730000	-0.151367	0.097656
4.735000	-0.209961	-0.322266
4.740000	-0.009766	-0.581055
4.745000	0.371094	-0.429688
4.750000	0.649414	-0.083008
4.755000	0.703125	0.278320
4.760000	0.517578	0.532227
4.765000	0.166016	0.620117
4.770000	-0.249023	0.400391
4.775000	-0.498047	-0.546875
4.780000	-0.131836	-1.484375
4.785000	0.830078	-1.508789
4.790000	1.821289	-0.908203
4.795000	2.416992	-0.122070
4.800000	2.495117	0.512695
4.805000	2.163086	0.849609
4.810000	1.591797	0.898438
4.815000	1.000977	0.751953
4.820000	0.493164	0.537109
4.825000	0.131836	0.351562
4.830000	-0.107422	0.166016
4.835000	-0.219727	-0.229492
4.840000	-0.073242	-0.561523
4.845000	0.292969	-0.488281
4.850000	0.615234	-0.166016
4.855000	0.717773	0.209961
4.860000	0.576172	0.488281
4.865000	0.249023	0.615234
4.870000	-0.166016	0.502930
4.875000	-0.483398	-0.297852
4.880000	-0.278320	-1.357422
4.885000	0.600586	-1.567383
4.890000	1.630859	-1.069336
4.895000	2.333984	-0.288086
4.900000	2.519531	0.400391
4.905000	2.260742	0.805664
4.910000	1.723633	0.908203
4.915000	1.123047	0.791016
4.920000	0.590820	0.585938
4.925000	0.195312	0.385742
4.930000	-0.068359	0.224609
4.935000	-0.214844	-0.131836
4.940000	-0.126953	-0.522461
4.945000	0.209961	-0.537109
4.950000	0.556641	-0.244141
4.955000	0.712891	0.131836
4.960000	0.620117	0.439453
4.965000	0.332031	0.605469
4.970000	-0.073242	0.576172
4.975000	-0.444336	-0.068359
4.980000	-0.385742	-1.181641
4.985000	0.380859	-1.601562
4.990000	1.425781	-1.215820
4.995000	2.226562	-0.458984
5.000000	2.519531	0.273438
5.005000	2.348633	0.747070
5.010000	1.855469	0.903320
5.015000	1.245117	0.830078
5.020000	0.693359	0.629883
5.025000	0.268555	0.424805
5.030000	-0.019531	0.263672
5.035000	-0.195312	-0.039062
5.040000	-0.166016	-0.468750
5.045000	0.126953	-0.566406
5.050000	0.493164	-0.317383
5.055000	0.703125	0.053711
5.060000	0.664062	0.385742
5.065000	0.405273	0.581055
5.070000	0.014648	0.615234
5.075000	-0.385742	0.131836
5.080000	-0.454102	-0.966797
5.085000	0.170898	-1.591797
5.090000	1.215820	-1.333008
5.095000	2.089844	-0.625000
5.100000	2.504883	0.131836
5.105000	2.421875	0.673828
5.110000	1.972656	0.898438
5.115000	1.376953	0.859375
5.120000	0.800781	0.673828
5.125000	0.341797	0.463867
5.130000	0.029297	0.302734
5.135000	-0.166016	0.043945
5.140000	-0.200195	-0.385742
5.145000	0.048828	-0.576172
5.150000	0.424805	-0.390625
5.155000	0.678711	-0.024414
5.160000	0.693359	0.322266
5.165000	0.473633	0.551758
5.170000	0.102539	0.625000
5.175000	-0.307617	0.302734
5.180000	-0.493164	-0.717773
5.185000	-0.019531	-1.542969
5.190000	0.986328	-1.445312
5.195000	1.933594	-0.795898
5.200000	2.465820	-0.014648
5.205000	2.475586	0.581055
5.210000	2.089844	0.874023
5.215000	1.503906	0.883789
5.220000	0.922852	0.722656
5.225000	0.429688	0.502930
5.230000	0.083008	0.332031
5.235000	-0.136719	0.112305
5.240000	-0.214844	-0.292969
5.245000	-0.029297	-0.576172
5.250000	0.346680	-0.454102
5.255000	0.639648	-0.107422
5.260000	0.708008	0.258789
5.265000	0.537109	0.517578
5.270000	0.190430	0.620117
5.275000	-0.224609	0.434570
5.280000	-0.498047	-0.468750
5.285000	-0.180664	-1.450195
5.290000	0.756836	-1.533203
5.295000	1.762695	-0.961914
5.300000	2.392578	-0.175781
5.305000	2.504883	0.478516
5.310000	2.192383	0.839844
5.315000	1.635742	0.903320
5.320000	1.040039	0.766602
5.325000	0.527344	0.546875
5.330000	0.146484	0.361328
5.335000	-0.097656	0.180664
5.340000	-0.214844	-0.200195
5.345000	-0.087891	-0.556641
5.350000	0.268555	-0.507812
5.355000	0.600586	-0.190430
5.360000	0.717773	0.185547
5.365000	0.595703	0.473633
5.370000	0.273438	0.615234
5.375000	-0.136719	0.532227
5.380000	-0.478516	-0.224609
5.385000	-0.312500	-1.303711
5.390000	0.532227	-1.582031
5.395000	1.567383	-1.113281
5.400000	2.299805	-0.341797
5.405000	2.519531	0.361328
5.410000	2.290039	0.791016
5.415000	1.767578	0.908203
5.420000	1.166992	0.805664
5.425000	0.620117	0.600586
5.430000	0.219727	0.395508
5.435000	-0.053711	0.234375
5.440000	-0.205078	-0.097656
5.445000	-0.141602	-0.507812
5.450000	0.180664	-0.546875
5.455000	0.537109	-0.268555
5.460000	0.712891	0.107422
5.465000	0.634766	0.419922
5.470000	0.351562	0.595703
5.475000	-0.048828	0.590820
5.480000	-0.429688	0.000000
5.485000	-0.410156	-1.118164
5.490000	0.312500	-1.606445
5.495000	1.357422	-1.250000
5.500000	2.187500	-0.512695
5.505000	2.519531	0.229492
5.510000	2.373047	0.727539
5.515000	1.889648	0.908203
5.520000	1.284180	0.839844
5.525000	0.727539	0.644531
5.530000	0.288086	0.439453
5.535000	-0.004883	0.273438
5.540000	-0.190430	-0.014648
5.545000	-0.180664	-0.439453
5.550000	0.102539	-0.576172
5.555000	0.468750	-0.341797
5.560000	0.693359	0.029297
5.565000	0.673828	0.366211
5.570000	0.429688	0.576172
5.575000	0.043945	0.620117
5.580000	-0.361328	0.190430
5.585000	-0.473633	-0.888672
5.590000	0.107422	-1.582031
5.595000	1.142578	-1.372070
5.600000	2.045898	-0.678711
5.605000	2.490234	0.087891
5.610000	2.441406	0.644531
5.615000	2.011719	0.888672
5.620000	1.416016	0.869141
5.625000	0.839844	0.693359
5.630000	0.371094	0.473633
5.635000	0.048828	0.307617
5.640000	-0.161133	0.068359
5.645000	-0.205078	-0.356445
5.650000	0.024414	-0.581055
5.655000	0.400391	-0.415039
5.660000	0.668945	-0.053711
5.665000	0.693359	0.302734
5.670000	0.493164	0.537109
5.675000	0.131836	0.625000
5.680000	-0.288086	0.346680
5.685000	-0.498047	-0.639648
5.690000	-0.073242	-1.518555
5.695000	0.913086	-1.474609
5.700000	1.884766	-0.844727
5.705000	2.446289	-0.063477
5.710000	2.485352	0.551758
5.715000	2.124023	0.869141
5.720000	1.547852	0.888672
5.725000	0.957031	0.732422
5.730000	0.458984	0.517578
5.735000	0.107422	0.341797
5.740000	-0.126953	0.141602
5.745000	-0.214844	-0.263672
5.750000	-0.043945	-0.571289
5.755000	0.322266	-0.473633
5.760000	0.629883	-0.131836
5.765000	0.712891	0.234375
5.770000	0.556641	0.502930
5.775000	0.219727	0.620117
5.780000	-0.195312	0.468750
5.785000	-0.493164	-0.390625
5.790000	-0.229492	-1.406250
5.795000	0.688477	-1.552734
5.800000	1.704102	-1.010742
5.805000	2.368164	-0.224609
5.810000	2.509766	0.444336
5.815000	2.226562	0.825195
5.820000	1.679688	0.908203
5.825000	1.079102	0.776367
5.830000	0.551758	0.566406
5.835000	0.170898	0.371094
5.840000	-0.087891	0.200195
5.845000	-0.214844	-0.166016
5.850000	-0.102539	-0.541992
5.855000	0.239258	-0.522461
5.860000	0.576172	-0.214844
5.865000	0.717773	0.161133
5.870000	0.610352	0.458984
5.875000	0.297852	0.615234
5.880000	-0.107422	0.551758
5.885000	-0.458984	-0.146484
5.890000	-0.346680	-1.250000
5.895000	0.458984	-1.591797
5.900000	1.503906	-1.162109
5.905000	2.270508	-0.390625
5.910000	2.519531	0.322266
5.915000	2.319336	0.771484
5.920000	1.806641	0.908203
5.925000	1.206055	0.815430
5.930000	0.654297	0.615234
5.935000	0.239258	0.410156
5.940000	-0.039062	0.249023
5.945000	-0.205078	-0.073242
5.950000	-0.156250	-0.488281
5.955000	0.156250	-0.556641
5.960000	0.522461	-0.292969
5.965000	0.708008	0.083008
5.970000	0.649414	0.405273
5.975000	0.375977	0.590820
5.980000	-0.014648	0.605469
5.985000	-0.405273	0.063477
5.990000	-0.434570	-1.049805
5.995000	0.249023	-1.601562
6.000000	1.289062	-1.289062
6.005000	2.143555	-0.561523
6.010000	2.509766	0.185547
6.015000	2.392578	0.698242
6.020000	1.928711	0.898438
6.025000	1.323242	0.849609
6.030000	0.756836	0.659180
6.035000	0.317383	0.454102
6.040000	0.009766	0.288086
6.045000	-0.180664	0.014648
6.050000	-0.190430	-0.419922
6.055000	0.078125	-0.581055
6.060000	0.454102	-0.361328
6.065000	0.688477	0.000000
6.070000	0.683594	0.346680
6.075000	0.454102	0.566406
6.080000	0.068359	0.625000
6.085000	-0.336914	0.239258
6.090000	-0.483398	-0.810547
6.095000	0.048828	-1.562500
6.100000	1.074219	-1.406250
6.105000	1.997070	-0.732422
6.110000	2.485352	0.039062
6.115000	2.456055	0.615234
6.120000	2.045898	0.888672
6.125000	1.459961	0.878906
6.130000	0.874023	0.703125
6.135000	0.400391	0.488281
6.140000	0.063477	0.317383
6.145000	-0.151367	0.092773
6.150000	-0.209961	-0.327148
6.155000	-0.004883	-0.581055
6.160000	0.375977	-0.434570
6.165000	0.654297	-0.078125
6.170000	0.703125	0.283203
6.175000	0.517578	0.532227
6.180000	0.161133	0.625000
6.185000	-0.253906	0.385742
6.190000	-0.498047	-0.561523
6.195000	-0.126953	-1.489258
6.200000	0.844727	-1.499023
6.205000	1.831055	-0.898438
6.210000	2.426758	-0.112305
6.215000	2.495117	0.522461
6.220000	2.158203	0.854492
6.225000	1.586914	0.898438
6.230000	0.996094	0.747070
6.235000	0.488281	0.537109
6.240000	0.126953	0.351562
6.245000	-0.112305	0.161133
6.250000	-0.219727	-0.234375
6.255000	-0.063477	-0.566406
6.260000	0.297852	-0.488281
6.265000	0.610352	-0.161133
6.270000	0.717773	0.214844
6.275000	0.576172	0.488281
6.280000	0.244141	0.615234
6.285000	-0.166016	0.498047
6.290000	-0.483398	-0.317383
6.295000	-0.268555	-1.362305
6.300000	0.615234	-1.567383
6.305000	1.640625	-1.059570
6.310000	2.338867	-0.278320
6.315000	2.519531	0.405273
6.320000	2.255859	0.805664
6.325000	1.718750	0.908203
6.330000	1.118164	0.791016
6.335000	0.585938	0.581055
6.340000	0.190430	0.380859
6.345000	-0.068359	0.219727
6.350000	-0.214844	-0.136719
6.355000	-0.126953	-0.527344
6.360000	0.219727	-0.532227
6.365000	0.561523	-0.239258
6.370000	0.712891	0.136719
6.375000	0.620117	0.444336
6.380000	0.327148	0.605469
6.385000	-0.078125	0.576172
6.390000	-0.444336	-0.078125
6.395000	-0.380859	-1.196289
6.400000	0.395508	-1.596680
6.405000	1.440430	-1.206055
6.410000	2.231445	-0.444336
6.415000	2.519531	0.283203
6.420000	2.343750	0.751953
6.425000	1.845703	0.908203
6.430000	1.240234	0.830078
6.435000	0.688477	0.625000
6.440000	0.263672	0.424805
6.445000	-0.024414	0.258789
6.450000	-0.200195	-0.043945
6.455000	-0.166016	-0.468750
6.460000	0.131836	-0.566406
6.465000	0.498047	-0.317383
6.470000	0.703125	0.058594
6.475000	0.654297	0.390625
6.480000	0.400391	0.581055
6.485000	0.009766	0.615234
6.490000	-0.385742	0.122070
6.495000	-0.454102	-0.971680
6.500000	0.180664	-1.591797
6.505000	1.225586	-1.333008
6.510000	2.099609	-0.615234
6.515000	2.504883	0.141602
6.520000	2.412109	0.678711
6.525000	1.962891	0.898438
6.530000	1.367188	0.859375
6.535000	0.800781	0.673828
6.540000	0.341797	0.458984
6.545000	0.024414	0.302734
6.550000	-0.166016	0.043945
6.555000	-0.200195	-0.395508
6.560000	0.053711	-0.581055
6.565000	0.424805	-0.385742
6.570000	0.683594	-0.019531
6.575000	0.693359	0.327148
6.580000	0.468750	0.556641
6.585000	0.102539	0.625000
6.590000	-0.312500	0.297852
6.595000	-0.493164	-0.732422
6.600000	-0.009766	-1.542969
6.605000	0.996094	-1.440430
6.610000	1.943359	-0.786133
6.615000	2.465820	-0.004883
6.620000	2.470703	0.590820
6.625000	2.084961	0.878906
6.630000	1.499023	0.888672
6.635000	0.913086	0.722656
6.640000	0.424805	0.502930
6.645000	0.083008	0.327148
6.650000	-0.141602	0.117188
6.655000	-0.214844	-0.302734
6.660000	-0.019531	-0.576172
6.665000	0.346680	-0.454102
6.670000	0.644531	-0.102539
6.675000	0.708008	0.263672
6.680000	0.537109	0.517578
6.685000	0.185547	0.620117
6.690000	-0.229492	0.429688
6.695000	-0.498047	-0.483398
6.700000	-0.175781	-1.450195
6.705000	0.771484	-1.528320
6.710000	1.772461	-0.952148
6.715000	2.402344	-0.166016
6.720000	2.504883	0.483398
6.725000	2.192383	0.844727
6.730000	1.625977	0.903320
6.735000	1.035156	0.761719
6.740000	0.517578	0.546875
6.745000	0.146484	0.356445
6.750000	-0.102539	0.180664
6.755000	-0.214844	-0.200195
6.760000	-0.083008	-0.556641
6.765000	0.263672	-0.502930
6.770000	0.600586	-0.185547
6.775000	0.717773	0.185547
6.780000	0.590820	0.478516
6.785000	0.273438	0.615234
6.790000	-0.141602	0.527344
6.795000	-0.473633	-0.234375
6.800000	-0.307617	-1.313477
6.805000	0.541992	-1.577148
6.810000	1.577148	-1.103516
6.815000	2.309570	-0.327148
6.820000	2.519531	0.366211
6.825000	2.285156	0.791016
6.830000	1.757812	0.908203
6.835000	1.157227	0.800781
6.840000	0.615234	0.595703
6.845000	0.214844	0.395508
6.850000	-0.053711	0.234375
6.855000	-0.205078	-0.107422
6.860000	-0.136719	-0.512695
6.865000	0.185547	-0.546875
6.870000	0.546875	-0.263672
6.875000	0.712891	0.112305
6.880000	0.634766	0.424805
6.885000	0.346680	0.600586
6.890000	-0.048828	0.590820
6.895000	-0.429688	-0.009766
6.900000	-0.405273	-1.127930
6.905000	0.322266	-1.601562
6.910000	1.372070	-1.245117
6.915000	2.192383	-0.498047
6.920000	2.519531	0.239258
6.925000	2.368164	0.727539
6.930000	1.884766	0.908203
6.935000	1.279297	0.839844
6.940000	0.722656	0.644531
6.945000	0.288086	0.434570
6.950000	-0.009766	0.273438
6.955000	-0.185547	-0.014648
6.960000	-0.175781	-0.444336
6.965000	0.107422	-0.571289
6.970000	0.478516	-0.341797
6.975000	0.693359	0.034180
6.980000	0.668945	0.366211
6.985000	0.424805	0.576172
6.990000	0.039062	0.615234
6.995000	-0.361328	0.180664
7.000000	-0.468750	-0.903320
7.005000	0.122070	-1.582031
7.010000	1.157227	-1.367188
7.015000	2.055664	-0.668945
7.020000	2.490234	0.097656
7.025000	2.436523	0.649414
7.030000	2.006836	0.893555
7.035000	1.411133	0.869141
7.040000	0.834961	0.688477
7.045000	0.371094	0.473633
7.050000	0.043945	0.307617
7.055000	-0.166016	0.068359
7.060000	-0.205078	-0.361328
7.065000	0.029297	-0.581055
7.070000	0.405273	-0.405273
7.075000	0.673828	-0.048828
7.080000	0.698242	0.307617
7.085000	0.493164	0.541992
7.090000	0.126953	0.620117
7.095000	-0.288086	0.341797
7.100000	-0.498047	-0.649414
7.105000	-0.063477	-1.523438
7.110000	0.932617	-1.469727
7.115000	1.894531	-0.834961
7.120000	2.446289	-0.053711
7.125000	2.485352	0.556641
7.130000	2.119141	0.864258
7.135000	1.538086	0.888672
7.140000	0.952148	0.732422
7.145000	0.458984	0.522461
7.150000	0.102539	0.336914
7.155000	-0.126953	0.136719
7.160000	-0.219727	-0.268555
7.165000	-0.043945	-0.571289
7.170000	0.327148	-0.468750
7.175000	0.629883	-0.131836
7.180000	0.712891	0.239258
7.185000	0.551758	0.502930
7.190000	0.214844	0.620117
7.195000	-0.200195	0.463867
7.200000	-0.493164	-0.400391
7.205000	-0.219727	-1.411133
7.210000	0.703125	-1.547852
7.215000	1.713867	-1.000977
7.220000	2.377930	-0.219727
7.225000	2.509766	0.454102
7.230000	2.221680	0.825195
7.235000	1.669922	0.908203
7.240000	1.074219	0.776367
7.245000	0.546875	0.566406
7.250000	0.166016	0.371094
7.255000	-0.083008	0.200195
7.260000	-0.214844	-0.170898
7.265000	-0.107422	-0.546875
7.270000	0.244141	-0.517578
7.275000	0.581055	-0.209961
7.280000	0.717773	0.166016
7.285000	0.610352	0.458984
7.290000	0.292969	0.615234
7.295000	-0.112305	0.546875
7.300000	-0.463867	-0.161133
7.305000	-0.341797	-1.254883
7.310000	0.473633	-1.586914
7.315000	1.513672	-1.152344
7.320000	2.275391	-0.380859
7.325000	2.519531	0.332031
7.330000	2.314453	0.771484
7.335000	1.796875	0.908203
7.340000	1.201172	0.810547
7.345000	0.649414	0.615234
7.350000	0.229492	0.410156
7.355000	-0.043945	0.249023
7.360000	-0.205078	-0.078125
7.365000	-0.151367	-0.498047
7.370000	0.161133	-0.556641
7.375000	0.522461	-0.288086
7.380000	0.708008	0.087891
7.385000	0.644531	0.410156
7.390000	0.371094	0.590820
7.395000	-0.019531	0.600586
7.400000	-0.410156	0.053711
7.405000	-0.429688	-1.059570
7.410000	0.258789	-1.596680
7.415000	1.298828	-1.284180
7.420000	2.158203	-0.556641
7.425000	2.514648	0.190430
7.430000	2.387695	0.708008
7.435000	1.923828	0.903320
7.440000	1.318359	0.849609
7.445000	0.751953	0.654297
7.450000	0.312500	0.449219
7.455000	0.004883	0.288086
7.460000	-0.180664	0.014648
7.465000	-0.190430	-0.415039
7.470000	0.078125	-0.576172
7.475000	0.454102	-0.361328
7.480000	0.688477	0.009766
7.485000	0.683594	0.351562
7.490000	0.444336	0.561523
7.495000	0.068359	0.625000
7.500000	-0.341797	0.239258
7.505000	-0.478516	-0.825195
7.510000	0.058594	-1.567383
7.515000	1.083984	-1.401367
7.520000	2.006836	-0.727539
7.525000	2.480469	0.043945
7.530000	2.456055	0.620117
7.535000	2.041016	0.888672
7.540000	1.450195	0.874023
7.545000	0.874023	0.703125
7.550000	0.390625	0.493164
7.555000	0.063477	0.317383
7.560000	-0.156250	0.087891
7.565000	-0.205078	-0.332031
7.570000	0.000000	-0.581055
7.575000	0.380859	-0.429688
7.580000	0.654297	-0.073242
7.585000	0.703125	0.288086
7.590000	0.507812	0.537109
7.595000	0.156250	0.625000
7.600000	-0.263672	0.385742
7.605000	-0.498047	-0.576172
7.610000	-0.112305	-1.494141
7.615000	0.859375	-1.494141
7.620000	1.840820	-0.888672
7.625000	2.426758	-0.107422
7.630000	2.495117	0.522461
7.635000	2.153320	0.854492
7.640000	1.582031	0.893555
7.645000	0.991211	0.747070
7.650000	0.483398	0.537109
7.655000	0.122070	0.346680
7.660000	-0.112305	0.156250
7.665000	-0.214844	-0.239258
7.670000	-0.063477	-0.566406
7.675000	0.302734	-0.483398
7.680000	0.615234	-0.156250
7.685000	0.717773	0.219727
7.690000	0.571289	0.493164
7.695000	0.239258	0.615234
7.700000	-0.175781	0.493164
7.705000	-0.488281	-0.322266
7.710000	-0.263672	-1.372070
7.715000	0.629883	-1.567383
7.720000	1.650391	-1.049805
7.725000	2.348633	-0.268555
7.730000	2.519531	0.410156
7.735000	2.250977	0.810547
7.740000	1.708984	0.908203
7.745000	1.113281	0.786133
7.750000	0.581055	0.576172
7.755000	0.185547	0.380859
7.760000	-0.073242	0.219727
7.765000	-0.209961	-0.141602
7.770000	-0.122070	-0.532227
7.775000	0.219727	-0.532227
7.780000	0.566406	-0.234375
7.785000	0.712891	0.141602
7.790000	0.615234	0.444336
7.795000	0.317383	0.605469
7.800000	-0.083008	0.571289
7.805000	-0.449219	-0.087891
7.810000	-0.371094	-1.206055
7.815000	0.405273	-1.601562
7.820000	1.450195	-1.201172
7.825000	2.236328	-0.434570
7.830000	2.524414	0.288086
7.835000	2.338867	0.751953
7.840000	1.835938	0.908203
7.845000	1.240234	0.825195
7.850000	0.683594	0.620117
7.855000	0.258789	0.419922
7.860000	-0.029297	0.258789
7.865000	-0.200195	-0.048828
7.870000	-0.166016	-0.473633
7.875000	0.136719	-0.561523
7.880000	0.502930	-0.312500
7.885000	0.703125	0.063477
7.890000	0.654297	0.390625
7.895000	0.395508	0.581055
7.900000	0.004883	0.610352
7.905000	-0.390625	0.112305
7.910000	-0.449219	-0.986328
7.915000	0.195312	-1.596680
7.920000	1.240234	-1.323242
7.925000	2.109375	-0.610352
7.930000	2.509766	0.151367
7.935000	2.412109	0.683594
7.940000	1.962891	0.903320
7.945000	1.362305	0.854492
7.950000	0.791016	0.673828
7.955000	0.336914	0.463867
7.960000	0.024414	0.297852
7.965000	-0.170898	0.034180
7.970000	-0.200195	-0.395508
7.975000	0.058594	-0.581055
7.980000	0.434570	-0.380859
7.985000	0.683594	-0.014648
7.990000	0.693359	0.332031
7.995000	0.463867	0.556641
8.000000	0.097656	0.620117
8.005000	-0.317383	0.288086
8.010000	-0.493164	-0.742188
8.015000	0.000000	-1.547852
8.020000	1.015625	-1.435547
8.025000	1.953125	-0.776367
8.030000	2.470703	0.004883
8.035000	2.470703	0.595703
8.040000	2.080078	0.878906
8.045000	1.489258	0.888672
8.050000	0.908203	0.717773
8.055000	0.419922	0.502930
8.060000	0.078125	0.332031
8.065000	-0.136719	0.112305
8.070000	-0.214844	-0.302734
8.075000	-0.014648	-0.576172
8.080000	0.356445	-0.449219
8.085000	0.644531	-0.097656
8.090000	0.703125	0.263672
8.095000	0.537109	0.517578
8.100000	0.185547	0.625000
8.105000	-0.234375	0.424805
8.110000	-0.498047	-0.493164
8.115000	-0.166016	-1.459961
8.120000	0.781250	-1.523438
8.125000	1.782227	-0.942383
8.130000	2.402344	-0.156250
8.135000	2.504883	0.488281
8.140000	2.182617	0.844727
8.145000	1.625977	0.903320
8.150000	1.025391	0.761719
8.155000	0.517578	0.546875
8.160000	0.141602	0.361328
8.165000	-0.102539	0.175781
8.170000	-0.214844	-0.209961
8.175000	-0.083008	-0.556641
8.180000	0.278320	-0.502930
8.185000	0.600586	-0.180664
8.190000	0.717773	0.195312
8.195000	0.585938	0.478516
8.200000	0.268555	0.615234
8.205000	-0.146484	0.527344
8.210000	-0.478516	-0.249023
8.215000	-0.302734	-1.318359
8.220000	0.556641	-1.572266
8.225000	1.586914	-1.098633
8.230000	2.314453	-0.322266
8.235000	2.519531	0.375977
8.240000	2.280273	0.795898
8.245000	1.752930	0.908203
8.250000	1.152344	0.800781
8.255000	0.610352	0.590820
8.260000	0.209961	0.390625
8.265000	-0.058594	0.229492
8.270000	-0.209961	-0.112305
8.275000	-0.136719	-0.517578
8.280000	0.190430	-0.541992
8.285000	0.541992	-0.258789
8.290000	0.717773	0.117188
8.295000	0.629883	0.429688
8.300000	0.346680	0.600586
8.305000	-0.053711	0.581055
8.310000	-0.434570	-0.024414
8.315000	-0.400391	-1.142578
8.320000	0.336914	-1.601562
8.325000	1.381836	-1.240234
8.330000	2.197266	-0.493164
8.335000	2.524414	0.244141
8.340000	2.368164	0.732422
8.345000	1.875000	0.908203
8.350000	1.269531	0.839844
8.355000	0.717773	0.639648
8.360000	0.283203	0.434570
8.365000	-0.009766	0.268555
8.370000	-0.190430	-0.024414
8.375000	-0.175781	-0.449219
8.380000	0.112305	-0.571289
8.385000	0.483398	-0.332031
8.390000	0.693359	0.039062
8.395000	0.673828	0.375977
8.400000	0.419922	0.576172
8.405000	0.034180	0.615234
8.410000	-0.366211	0.170898
8.415000	-0.468750	-0.913086
8.420000	0.131836	-1.582031
8.425000	1.171875	-1.362305
8.430000	2.060547	-0.659180
8.435000	2.495117	0.102539
8.440000	2.436523	0.649414
8.445000	1.997070	0.888672
8.450000	1.396484	0.864258
8.455000	0.830078	0.683594
8.460000	0.366211	0.473633
8.465000	0.043945	0.302734
8.470000	-0.166016	0.058594
8.475000	-0.205078	-0.366211
8.480000	0.029297	-0.581055
8.485000	0.410156	-0.405273
8.490000	0.673828	-0.043945
8.495000	0.693359	0.307617
8.500000	0.488281	0.541992
8.505000	0.122070	0.625000
8.510000	-0.288086	0.332031
8.515000	-0.498047	-0.664062
8.520000	-0.053711	-1.528320
8.525000	0.942383	-1.464844
8.530000	1.899414	-0.830078
8.535000	2.451172	-0.043945
8.540000	2.485352	0.566406
8.545000	2.109375	0.869141
8.550000	1.533203	0.883789
8.555000	0.942383	0.732422
8.560000	0.454102	0.517578
8.565000	0.097656	0.336914
8.570000	-0.131836	0.131836
8.575000	-0.214844	-0.273438
8.580000	-0.039062	-0.576172
8.585000	0.332031	-0.463867
8.590000	0.629883	-0.126953
8.595000	0.712891	0.244141
8.600000	0.551758	0.502930
8.605000	0.209961	0.620117
8.610000	-0.209961	0.458984
8.615000	-0.498047	-0.415039
8.620000	-0.214844	-1.420898
8.625000	0.708008	-1.542969
8.630000	1.723633	-0.991211
8.635000	2.377930	-0.209961
8.640000	2.509766	0.458984
8.645000	2.211914	0.834961
8.650000	1.665039	0.908203
8.655000	1.064453	0.771484
8.660000	0.546875	0.561523
8.665000	0.161133	0.371094
8.670000	-0.087891	0.195312
8.675000	-0.214844	-0.175781
8.680000	-0.097656	-0.546875
8.685000	0.249023	-0.517578
8.690000	0.585938	-0.209961
8.695000	0.717773	0.170898
8.700000	0.605469	0.463867
8.705000	0.292969	0.615234
8.710000	-0.117188	0.541992
8.715000	-0.468750	-0.170898
8.720000	-0.336914	-1.264648
8.725000	0.483398	-1.586914
8.730000	1.528320	-1.147461
8.735000	2.280273	-0.375977
8.740000	2.519531	0.332031
8.745000	2.304688	0.776367
8.750000	1.791992	0.908203
8.755000	1.191406	0.810547
8.760000	0.644531	0.610352
8.765000	0.229492	0.405273
8.770000	-0.048828	0.244141
8.775000	-0.205078	-0.083008
8.780000	-0.151367	-0.498047
8.785000	0.166016	-0.556641
8.790000	0.527344	-0.288086
8.795000	0.712891	0.092773
8.800000	0.644531	0.415039
8.805000	0.371094	0.595703
8.810000	-0.024414	0.600586
8.815000	-0.410156	0.043945
8.820000	-0.429688	-1.074219
8.825000	0.268555	-1.601562
8.830000	1.313477	-1.274414
8.835000	2.158203	-0.546875
8.840000	2.514648	0.200195
8.845000	2.387695	0.708008
8.850000	1.918945	0.908203
8.855000	1.308594	0.849609
8.860000	0.751953	0.654297
8.865000	0.307617	0.444336
8.870000	0.004883	0.283203
8.875000	-0.185547	0.004883
8.880000	-0.190430	-0.424805
8.885000	0.083008	-0.576172
8.890000	0.458984	-0.361328
8.895000	0.688477	0.014648
8.900000	0.683594	0.351562
8.905000	0.444336	0.566406
8.910000	0.058594	0.620117
8.915000	-0.341797	0.229492
8.920000	-0.478516	-0.839844
8.925000	0.068359	-1.567383
8.930000	1.098633	-1.396484
8.935000	2.011719	-0.712891
8.940000	2.485352	0.053711
8.945000	2.451172	0.625000
8.950000	2.036133	0.888672
8.955000	1.445312	0.878906
8.960000	0.864258	0.698242
8.965000	0.390625	0.488281
8.970000	0.063477	0.312500
8.975000	-0.156250	0.083008
8.980000	-0.205078	-0.336914
8.985000	0.009766	-0.581055
8.990000	0.385742	-0.424805
8.995000	0.659180	-0.068359
9.000000	0.703125	0.288086
9.005000	0.507812	0.537109
9.010000	0.151367	0.625000
9.015000	-0.263672	0.375977
9.020000	-0.493164	-0.585938
9.025000	-0.107422	-1.499023
9.030000	0.869141	-1.494141
9.035000	1.845703	-0.878906
9.040000	2.431641	-0.097656
9.045000	2.490234	0.532227
9.050000	2.143555	0.859375
9.055000	1.572266	0.893555
9.060000	0.981445	0.742188
9.065000	0.478516	0.537109
9.070000	0.117188	0.346680
9.075000	-0.117188	0.151367
9.080000	-0.214844	-0.244141
9.085000	-0.058594	-0.566406
9.090000	0.302734	-0.478516
9.095000	0.620117	-0.151367
9.100000	0.717773	0.219727
9.105000	0.571289	0.493164
9.110000	0.234375	0.615234
9.115000	-0.175781	0.488281
9.120000	-0.488281	-0.336914
9.125000	-0.253906	-1.376953
9.130000	0.639648	-1.562500
9.135000	1.660156	-1.040039
9.140000	2.348633	-0.258789
9.145000	2.519531	0.419922
9.150000	2.246094	0.810547
9.155000	1.704102	0.908203
9.160000	1.103516	0.786133
9.165000	0.576172	0.576172
9.170000	0.185547	0.380859
9.175000	-0.078125	0.214844
9.180000	-0.214844	-0.146484
9.185000	-0.117188	-0.532227
9.190000	0.224609	-0.527344
9.195000	0.566406	-0.229492
9.200000	0.717773	0.141602
9.205000	0.615234	0.449219
9.210000	0.317383	0.605469
9.215000	-0.087891	0.566406
9.220000	-0.454102	-0.102539
9.225000	-0.371094	-1.215820
9.230000	0.415039	-1.596680
9.235000	1.459961	-1.191406
9.240000	2.246094	-0.424805
9.245000	2.519531	0.292969
9.250000	2.333984	0.756836
9.255000	1.831055	0.908203
9.260000	1.230469	0.825195
9.265000	0.678711	0.620117
9.270000	0.253906	0.419922
9.275000	-0.029297	0.258789
9.280000	-0.200195	-0.053711
9.285000	-0.166016	-0.473633
9.290000	0.141602	-0.561523
9.295000	0.502930	-0.307617
9.300000	0.703125	0.068359
9.305000	0.654297	0.395508
9.310000	0.390625	0.581055
9.315000	0.000000	0.610352
9.320000	-0.400391	0.107422
9.325000	-0.449219	-1.000977
9.330000	0.205078	-1.596680
9.335000	1.250000	-1.313477
9.340000	2.119141	-0.600586
9.345000	2.509766	0.161133
9.350000	2.407227	0.683594
9.355000	1.948242	0.898438
9.360000	1.352539	0.859375
9.365000	0.786133	0.668945
9.370000	0.332031	0.458984
9.375000	0.024414	0.292969
9.380000	-0.170898	0.029297
9.385000	-0.195312	-0.400391
9.390000	0.063477	-0.576172
9.395000	0.434570	-0.380859
9.400000	0.678711	-0.014648
9.405000	0.688477	0.332031
9.410000	0.463867	0.556641
9.415000	0.092773	0.625000
9.420000	-0.322266	0.278320
9.425000	-0.488281	-0.761719
9.430000	0.009766	-1.552734
9.435000	1.020508	-1.425781
9.440000	1.962891	-0.766602
9.445000	2.475586	0.009766
9.450000	2.465820	0.600586
9.455000	2.065430	0.883789
9.460000	1.484375	0.883789
9.465000	0.898438	0.712891
9.470000	0.415039	0.498047
9.475000	0.073242	0.327148
9.480000	-0.146484	0.107422
9.485000	-0.209961	-0.312500
9.490000	-0.014648	-0.581055
9.495000	0.361328	-0.444336
9.500000	0.649414	-0.092773
9.505000	0.708008	0.268555
9.510000	0.527344	0.527344
9.515000	0.175781	0.625000
9.520000	-0.244141	0.419922
9.525000	-0.498047	-0.507812
9.530000	-0.156250	-1.464844
9.535000	0.795898	-1.518555
9.540000	1.791992	-0.932617
9.545000	2.407227	-0.146484
9.550000	2.500000	0.493164
9.555000	2.177734	0.849609
9.560000	1.616211	0.898438
9.565000	1.020508	0.761719
9.570000	0.512695	0.541992
9.575000	0.141602	0.356445
9.580000	-0.102539	0.170898
9.585000	-0.219727	-0.214844
9.590000	-0.083008	-0.556641
9.595000	0.283203	-0.498047
9.600000	0.605469	-0.175781
9.605000	0.717773	0.195312
9.610000	0.585938	0.483398
9.615000	0.263672	0.615234
9.620000	-0.151367	0.517578
9.625000	-0.478516	-0.263672
9.630000	-0.297852	-1.333008
9.635000	0.571289	-1.572266
9.640000	1.596680	-1.088867
9.645000	2.319336	-0.312500
9.650000	2.519531	0.380859
9.655000	2.275391	0.795898
9.660000	1.743164	0.908203
9.665000	1.142578	0.795898
9.670000	0.605469	0.590820
9.675000	0.205078	0.390625
9.680000	-0.063477	0.224609
9.685000	-0.209961	-0.117188
9.690000	-0.131836	-0.517578
9.695000	0.195312	-0.541992
9.700000	0.546875	-0.253906
9.705000	0.712891	0.122070
9.710000	0.629883	0.429688
9.715000	0.341797	0.600586
9.720000	-0.058594	0.581055
9.725000	-0.439453	-0.034180
9.730000	-0.400391	-1.147461
9.735000	0.346680	-1.606445
9.740000	1.391602	-1.235352
9.745000	2.207031	-0.478516
9.750000	2.519531	0.253906
9.755000	2.363281	0.732422
9.760000	1.870117	0.908203
9.765000	1.264648	0.834961
9.770000	0.708008	0.639648
9.775000	0.283203	0.429688
9.780000	-0.009766	0.268555
9.785000	-0.190430	-0.024414
9.790000	-0.170898	-0.454102
9.795000	0.117188	-0.566406
9.800000	0.483398	-0.327148
9.805000	0.698242	0.043945
9.810000	0.668945	0.375977
9.815000	0.415039	0.576172
9.820000	0.029297	0.615234
9.825000	-0.371094	0.166016
9.830000	-0.463867	-0.927734
9.835000	0.141602	-1.586914
9.840000	1.181641	-1.352539
9.845000	2.070312	-0.649414
9.850000	2.495117	0.112305
9.855000	2.431641	0.654297
9.860000	1.992188	0.893555
9.865000	1.396484	0.864258
9.870000	0.820312	0.683594
9.875000	0.361328	0.468750
9.880000	0.039062	0.302734
9.885000	-0.166016	0.058594
9.890000	-0.205078	-0.371094
9.895000	0.034180	-0.581055
9.900000	0.415039	-0.400391
9.905000	0.673828	-0.039062
9.910000	0.693359	0.312500
9.915000	0.483398	0.541992
9.920000	0.117188	0.625000
9.925000	-0.297852	0.327148
9.930000	-0.498047	-0.678711
9.935000	-0.043945	-1.533203
9.940000	0.957031	-1.459961
9.945000	1.914062	-0.820312
9.950000	2.456055	-0.034180
9.955000	2.485352	0.566406
9.960000	2.104492	0.869141
9.965000	1.528320	0.888672
9.970000	0.937500	0.732422
9.975000	0.444336	0.517578
9.980000	0.097656	0.336914
9.985000	-0.131836	0.131836
9.990000	-0.214844	-0.283203
9.995000	-0.034180	-0.576172
10.000000	0.336914	-0.463867
