# Time_s	x	xdot
0.000000	2.119141	-0.664062
0.005000	2.553711	0.122070
0.010000	2.480469	0.683594
0.015000	2.026367	0.927734
0.020000	1.411133	0.888672
0.025000	0.825195	0.693359
0.030000	0.351562	0.468750
0.035000	0.034180	0.292969
0.040000	-0.166016	0.043945
0.045000	-0.190430	-0.366211
0.050000	0.043945	-0.556641
0.055000	0.400391	-0.366211
0.060000	0.639648	-0.009766
0.065000	0.639648	0.336914
0.070000	0.419922	0.556641
0.075000	0.039062	0.620117
0.080000	-0.366211	0.195312
0.085000	-0.478516	-0.898438
0.090000	0.112305	-1.611328
0.095000	1.166992	-1.406250
0.100000	2.094727	-0.698242
0.105000	2.548828	0.092773
0.110000	2.490234	0.664062
0.115000	2.055664	0.922852
0.120000	1.440430	0.893555
0.125000	0.844727	0.703125
0.130000	0.375977	0.478516
0.135000	0.043945	0.302734
0.140000	-0.156250	0.063477
0.145000	-0.195312	-0.341797
0.150000	0.024414	-0.551758
0.155000	0.380859	-0.380859
0.160000	0.625000	-0.024414
0.165000	0.556641	0.458984
0.170000	0.253906	0.610352
0.175000	-0.151367	0.527344
0.180000	-0.483398	-0.258789
0.185000	-0.302734	-1.347656
0.190000	0.571289	-1.611328
0.195000	1.625977	-1.123047
0.200000	2.368164	-0.322266
0.205000	2.583008	0.390625
0.210000	2.329102	0.825195
0.215000	1.777344	0.937500
0.220000	1.162109	0.820312
0.225000	0.610352	0.600586
0.230000	0.205078	0.385742
0.235000	-0.058594	0.214844
0.240000	-0.205078	-0.122070
0.245000	-0.122070	-0.498047
0.250000	0.195312	-0.512695
0.255000	0.527344	-0.224609
0.260000	0.673828	0.141602
0.265000	0.576172	0.449219
0.270000	0.273438	0.610352
0.275000	-0.131836	0.537109
0.280000	-0.478516	-0.209961
0.285000	-0.327148	-1.308594
0.290000	0.527344	-1.616211
0.295000	1.582031	-1.157227
0.300000	2.353516	-0.361328
0.305000	2.583008	0.366211
0.310000	2.348633	0.810547
0.315000	1.811523	0.937500
0.320000	1.191406	0.830078
0.325000	0.629883	0.610352
0.330000	0.219727	0.390625
0.335000	-0.048828	0.224609
0.340000	-0.200195	-0.097656
0.345000	-0.131836	-0.483398
0.350000	0.175781	-0.517578
0.355000	0.507812	-0.244141
0.360000	0.664062	0.126953
0.365000	0.576172	0.429688
0.370000	0.288086	0.600586
0.375000	-0.117188	0.551758
0.380000	-0.468750	-0.161133
0.385000	-0.346680	-1.274414
0.390000	0.478516	-1.625977
0.395000	1.542969	-1.186523
0.400000	2.329102	-0.395508
0.405000	2.583008	0.336914
0.410000	2.368164	0.800781
0.415000	1.835938	0.937500
0.420000	1.220703	0.834961
0.425000	0.654297	0.620117
0.430000	0.234375	0.400391
0.435000	-0.043945	0.234375
0.440000	-0.195312	-0.083008
0.445000	-0.146484	-0.473633
0.450000	0.156250	-0.522461
0.455000	0.498047	-0.258789
0.460000	0.664062	0.112305
0.465000	0.590820	0.419922
0.470000	0.302734	0.595703
0.475000	-0.097656	0.566406
0.480000	-0.458984	-0.112305
0.485000	-0.366211	-1.240234
0.490000	0.439453	-1.630859
0.495000	1.503906	-1.215820
0.500000	2.304688	-0.434570
0.505000	2.587891	0.307617
0.510000	2.387695	0.786133
0.515000	1.865234	0.937500
0.520000	1.240234	0.849609
0.525000	0.673828	0.625000
0.530000	0.253906	0.410156
0.535000	-0.029297	0.244141
0.540000	-0.190430	-0.058594
0.545000	-0.151367	-0.463867
0.550000	0.141602	-0.532227
0.555000	0.488281	-0.273438
0.560000	0.664062	0.097656
0.565000	0.600586	0.415039
0.570000	0.317383	0.595703
0.575000	-0.078125	0.576172
0.580000	-0.449219	-0.068359
0.585000	-0.390625	-1.201172
0.590000	0.390625	-1.635742
0.595000	1.459961	-1.245117
0.600000	2.280273	-0.468750
0.605000	2.587891	0.288086
0.610000	2.402344	0.771484
0.615000	1.889648	0.937500
0.620000	1.259766	0.849609
0.625000	0.698242	0.639648
0.630000	0.263672	0.419922
0.635000	-0.019531	0.253906
0.640000	-0.185547	-0.043945
0.645000	-0.161133	-0.449219
0.650000	0.126953	-0.532227
0.655000	0.473633	-0.288086
0.660000	0.654297	0.078125
0.665000	0.605469	0.405273
0.670000	0.332031	0.585938
0.675000	-0.058594	0.585938
0.680000	-0.439453	-0.024414
0.685000	-0.405273	-1.162109
0.690000	0.346680	-1.640625
0.695000	1.411133	-1.264648
0.700000	2.255859	-0.502930
0.705000	2.583008	0.253906
0.710000	2.416992	0.756836
0.715000	1.909180	0.932617
0.720000	1.284180	0.854492
0.725000	0.717773	0.649414
0.730000	0.278320	0.424805
0.735000	-0.009766	0.258789
0.740000	-0.190430	-0.024414
0.745000	-0.166016	-0.434570
0.750000	0.112305	-0.537109
0.755000	0.463867	-0.302734
0.760000	0.654297	0.063477
0.765000	0.615234	0.385742
0.770000	0.346680	0.581055
0.775000	-0.039062	0.595703
0.780000	-0.429688	0.009766
0.785000	-0.419922	-1.118164
0.790000	0.302734	-1.635742
0.795000	1.367188	-1.289062
0.800000	2.226562	-0.541992
0.805000	2.573242	0.224609
0.810000	2.436523	0.737305
0.815000	1.943359	0.932617
0.820000	1.318359	0.864258
0.825000	0.742188	0.659180
0.830000	0.297852	0.439453
0.835000	-0.004883	0.268555
0.840000	-0.180664	-0.009766
0.845000	-0.166016	-0.424805
0.850000	0.097656	-0.541992
0.855000	0.449219	-0.317383
0.860000	0.654297	0.043945
0.865000	0.615234	0.375977
0.870000	0.361328	0.576172
0.875000	-0.019531	0.605469
0.880000	-0.415039	0.053711
0.885000	-0.439453	-1.074219
0.890000	0.263672	-1.635742
0.895000	1.323242	-1.318359
0.900000	2.197266	-0.576172
0.905000	2.573242	0.195312
0.910000	2.451172	0.727539
0.915000	1.967773	0.932617
0.920000	1.342773	0.874023
0.925000	0.766602	0.673828
0.930000	0.307617	0.449219
0.935000	0.004883	0.273438
0.940000	-0.170898	0.000000
0.945000	-0.175781	-0.405273
0.950000	0.083008	-0.546875
0.955000	0.434570	-0.327148
0.960000	0.649414	0.034180
0.965000	0.620117	0.366211
0.970000	0.375977	0.576172
0.975000	-0.004883	0.610352
0.980000	-0.400391	0.097656
0.985000	-0.449219	-1.025391
0.990000	0.219727	-1.635742
0.995000	1.279297	-1.342773
1.000000	2.172852	-0.615234
1.005000	2.568359	0.166016
1.010000	2.465820	0.712891
1.015000	1.992188	0.927734
1.020000	1.372070	0.883789
1.025000	0.786133	0.673828
1.030000	0.327148	0.458984
1.035000	0.014648	0.283203
1.040000	-0.166016	0.019531
1.045000	-0.180664	-0.395508
1.050000	0.063477	-0.551758
1.055000	0.419922	-0.346680
1.060000	0.644531	0.019531
1.065000	0.629883	0.356445
1.070000	0.390625	0.566406
1.075000	0.009766	0.615234
1.080000	-0.390625	0.141602
1.085000	-0.463867	-0.976562
1.090000	0.175781	-1.625977
1.095000	1.240234	-1.367188
1.100000	2.143555	-0.644531
1.105000	2.563477	0.136719
1.110000	2.480469	0.693359
1.115000	2.016602	0.927734
1.120000	1.396484	0.888672
1.125000	0.810547	0.688477
1.130000	0.346680	0.463867
1.135000	0.029297	0.288086
1.140000	-0.166016	0.039062
1.145000	-0.185547	-0.375977
1.150000	0.053711	-0.551758
1.155000	0.410156	-0.356445
1.160000	0.639648	0.000000
1.165000	0.634766	0.341797
1.170000	0.405273	0.561523
1.175000	0.029297	0.615234
1.180000	-0.371094	0.170898
1.185000	-0.473633	-0.932617
1.190000	0.136719	-1.616211
1.195000	1.196289	-1.396484
1.200000	2.109375	-0.678711
1.205000	2.558594	0.107422
1.210000	2.490234	0.673828
1.215000	2.041016	0.927734
1.220000	1.425781	0.888672
1.225000	0.834961	0.698242
1.230000	0.361328	0.473633
1.235000	0.039062	0.297852
1.240000	-0.161133	0.053711
1.245000	-0.190430	-0.361328
1.250000	0.039062	-0.551758
1.255000	0.390625	-0.366211
1.260000	0.629883	-0.014648
1.265000	0.639648	0.327148
1.270000	0.419922	0.551758
1.275000	0.048828	0.620117
1.280000	-0.356445	0.209961
1.285000	-0.478516	-0.878906
1.290000	0.092773	-1.606445
1.295000	1.152344	-1.416016
1.300000	2.080078	-0.712891
1.305000	2.548828	0.078125
1.310000	2.495117	0.659180
1.315000	2.065430	0.922852
1.320000	1.455078	0.898438
1.325000	0.859375	0.708008
1.330000	0.375977	0.478516
1.335000	0.053711	0.297852
1.340000	-0.151367	0.068359
1.345000	-0.195312	-0.341797
1.350000	0.024414	-0.556641
1.355000	0.375977	-0.380859
1.360000	0.620117	-0.029297
1.365000	0.644531	0.317383
1.370000	0.434570	0.546875
1.375000	0.063477	0.625000
1.380000	-0.341797	0.244141
1.385000	-0.488281	-0.830078
1.390000	0.053711	-1.601562
1.395000	1.103516	-1.440430
1.400000	2.050781	-0.751953
1.405000	2.539062	0.043945
1.410000	2.509766	0.639648
1.415000	2.084961	0.917969
1.420000	1.479492	0.903320
1.425000	0.878906	0.722656
1.430000	0.395508	0.488281
1.435000	0.063477	0.307617
1.440000	-0.146484	0.078125
1.445000	-0.200195	-0.322266
1.450000	0.004883	-0.556641
1.455000	0.366211	-0.395508
1.460000	0.620117	-0.048828
1.465000	0.649414	0.302734
1.470000	0.449219	0.537109
1.475000	0.083008	0.625000
1.480000	-0.327148	0.278320
1.485000	-0.493164	-0.781250
1.490000	0.014648	-1.582031
1.495000	1.054688	-1.459961
1.500000	2.016602	-0.781250
1.505000	2.529297	0.014648
1.510000	2.519531	0.620117
1.515000	2.114258	0.913086
1.520000	1.503906	0.908203
1.525000	0.903320	0.727539
1.530000	0.415039	0.498047
1.535000	0.073242	0.317383
1.540000	-0.136719	0.092773
1.545000	-0.205078	-0.307617
1.550000	-0.004883	-0.556641
1.555000	0.351562	-0.405273
1.560000	0.615234	-0.063477
1.565000	0.654297	0.292969
1.570000	0.458984	0.537109
1.575000	0.097656	0.625000
1.580000	-0.312500	0.307617
1.585000	-0.498047	-0.727539
1.590000	-0.014648	-1.567383
1.595000	1.010742	-1.479492
1.600000	1.982422	-0.820312
1.605000	2.519531	-0.014648
1.610000	2.529297	0.605469
1.615000	2.138672	0.903320
1.620000	1.538086	0.913086
1.625000	0.927734	0.737305
1.630000	0.429688	0.507812
1.635000	0.087891	0.322266
1.640000	-0.131836	0.107422
1.645000	-0.205078	-0.288086
1.650000	-0.014648	-0.551758
1.655000	0.332031	-0.419922
1.660000	0.610352	-0.078125
1.665000	0.654297	0.278320
1.670000	0.468750	0.527344
1.675000	0.117188	0.625000
1.680000	-0.292969	0.336914
1.685000	-0.502930	-0.673828
1.690000	-0.053711	-1.557617
1.695000	0.961914	-1.499023
1.700000	1.948242	-0.849609
1.705000	2.504883	-0.048828
1.710000	2.539062	0.581055
1.715000	2.158203	0.898438
1.720000	1.557617	0.917969
1.725000	0.952148	0.747070
1.730000	0.454102	0.522461
1.735000	0.097656	0.332031
1.740000	-0.126953	0.122070
1.745000	-0.205078	-0.273438
1.750000	-0.029297	-0.546875
1.755000	0.317383	-0.434570
1.760000	0.600586	-0.092773
1.765000	0.659180	0.263672
1.770000	0.478516	0.522461
1.775000	0.136719	0.625000
1.780000	-0.278320	0.366211
1.785000	-0.502930	-0.620117
1.790000	-0.087891	-1.538086
1.795000	0.917969	-1.518555
1.800000	1.914062	-0.888672
1.805000	2.490234	-0.078125
1.810000	2.548828	0.561523
1.815000	2.182617	0.888672
1.820000	1.586914	0.927734
1.825000	0.976562	0.756836
1.830000	0.468750	0.527344
1.835000	0.107422	0.332031
1.840000	-0.122070	0.136719
1.845000	-0.205078	-0.253906
1.850000	-0.043945	-0.546875
1.855000	0.307617	-0.439453
1.860000	0.590820	-0.112305
1.865000	0.664062	0.253906
1.870000	0.493164	0.512695
1.875000	0.151367	0.620117
1.880000	-0.258789	0.390625
1.885000	-0.507812	-0.576172
1.890000	-0.122070	-1.518555
1.895000	0.869141	-1.533203
1.900000	1.875000	-0.922852
1.905000	2.485352	-0.112305
1.910000	2.553711	0.541992
1.915000	2.202148	0.883789
1.920000	1.616211	0.927734
1.925000	1.000977	0.766602
1.930000	0.488281	0.537109
1.935000	0.126953	0.341797
1.940000	-0.107422	0.146484
1.945000	-0.205078	-0.234375
1.950000	-0.053711	-0.541992
1.955000	0.288086	-0.454102
1.960000	0.581055	-0.126953
1.965000	0.664062	0.234375
1.970000	0.507812	0.498047
1.975000	0.170898	0.615234
1.980000	-0.244141	0.419922
1.985000	-0.502930	-0.522461
1.990000	-0.151367	-1.499023
1.995000	0.825195	-1.552734
2.000000	1.840820	-0.952148
2.005000	2.470703	-0.146484
2.010000	2.558594	0.517578
2.015000	2.226562	0.878906
2.020000	1.640625	0.927734
2.025000	1.030273	0.771484
2.030000	0.507812	0.546875
2.035000	0.136719	0.346680
2.040000	-0.102539	0.156250
2.045000	-0.209961	-0.214844
2.050000	-0.068359	-0.532227
2.055000	0.273438	-0.463867
2.060000	0.576172	-0.141602
2.065000	0.668945	0.224609
2.070000	0.517578	0.493164
2.075000	0.185547	0.615234
2.080000	-0.224609	0.444336
2.085000	-0.498047	-0.468750
2.090000	-0.185547	-1.474609
2.095000	0.776367	-1.567383
2.100000	1.801758	-0.986328
2.105000	2.451172	-0.180664
2.110000	2.568359	0.493164
2.115000	2.246094	0.864258
2.120000	1.669922	0.932617
2.125000	1.054688	0.781250
2.130000	0.527344	0.556641
2.135000	0.146484	0.356445
2.140000	-0.092773	0.175781
2.145000	-0.205078	-0.195312
2.150000	-0.083008	-0.527344
2.155000	0.258789	-0.473633
2.160000	0.566406	-0.161133
2.165000	0.664062	0.205078
2.170000	0.532227	0.483398
2.175000	0.200195	0.615234
2.180000	-0.205078	0.463867
2.185000	-0.498047	-0.419922
2.190000	-0.214844	-1.450195
2.195000	0.727539	-1.577148
2.200000	1.762695	-1.020508
2.205000	2.436523	-0.219727
2.210000	2.573242	0.473633
2.215000	2.270508	0.854492
2.220000	1.694336	0.932617
2.225000	1.079102	0.791016
2.230000	0.546875	0.566406
2.235000	0.161133	0.361328
2.240000	-0.087891	0.180664
2.245000	-0.205078	-0.180664
2.250000	-0.087891	-0.517578
2.255000	0.244141	-0.483398
2.260000	0.556641	-0.170898
2.265000	0.668945	0.190430
2.270000	0.541992	0.478516
2.275000	0.219727	0.615234
2.280000	-0.195312	0.483398
2.285000	-0.498047	-0.371094
2.290000	-0.244141	-1.420898
2.295000	0.683594	-1.586914
2.300000	1.723633	-1.049805
2.305000	2.416992	-0.249023
2.310000	2.578125	0.444336
2.315000	2.285156	0.849609
2.320000	1.723633	0.937500
2.325000	1.108398	0.805664
2.330000	0.566406	0.576172
2.335000	0.175781	0.371094
2.340000	-0.078125	0.195312
2.345000	-0.205078	-0.156250
2.350000	-0.097656	-0.517578
2.355000	0.229492	-0.493164
2.360000	0.541992	-0.190430
2.365000	0.668945	0.180664
2.370000	0.546875	0.463867
2.375000	0.229492	0.615234
2.380000	-0.170898	0.502930
2.385000	-0.493164	-0.317383
2.390000	-0.268555	-1.391602
2.395000	0.634766	-1.601562
2.400000	1.684570	-1.088867
2.405000	2.397461	-0.283203
2.410000	2.583008	0.424805
2.415000	2.309570	0.839844
2.420000	1.748047	0.937500
2.425000	1.127930	0.810547
2.430000	0.585938	0.585938
2.435000	0.190430	0.375977
2.440000	-0.068359	0.205078
2.445000	-0.205078	-0.141602
2.450000	-0.112305	-0.507812
2.455000	0.214844	-0.498047
2.460000	0.537109	-0.209961
2.465000	0.668945	0.161133
2.470000	0.556641	0.458984
2.475000	0.253906	0.610352
2.480000	-0.156250	0.517578
2.485000	-0.483398	-0.273438
2.490000	-0.292969	-1.357422
2.495000	0.590820	-1.606445
2.500000	1.645508	-1.113281
2.505000	2.377930	-0.317383
2.510000	2.587891	0.400391
2.515000	2.329102	0.830078
2.520000	1.777344	0.937500
2.525000	1.157227	0.815430
2.530000	0.605469	0.600586
2.535000	0.205078	0.385742
2.540000	-0.063477	0.214844
2.545000	-0.205078	-0.122070
2.550000	-0.122070	-0.498047
2.555000	0.195312	-0.507812
2.560000	0.527344	-0.214844
2.565000	0.668945	0.146484
2.570000	0.571289	0.449219
2.575000	0.268555	0.605469
2.580000	-0.141602	0.532227
2.585000	-0.478516	-0.219727
2.590000	-0.317383	-1.323242
2.595000	0.546875	-1.611328
2.600000	1.601562	-1.147461
2.605000	2.358398	-0.351562
2.610000	2.587891	0.371094
2.615000	2.343750	0.810547
2.620000	1.806641	0.937500
2.625000	1.186523	0.830078
2.630000	0.625000	0.610352
2.635000	0.219727	0.390625
2.640000	-0.048828	0.224609
2.645000	-0.200195	-0.102539
2.650000	-0.131836	-0.488281
2.655000	0.180664	-0.517578
2.660000	0.517578	-0.239258
2.665000	0.664062	0.131836
2.670000	0.576172	0.439453
2.675000	0.283203	0.605469
2.680000	-0.122070	0.546875
2.685000	-0.468750	-0.175781
2.690000	-0.336914	-1.289062
2.695000	0.498047	-1.625977
2.700000	1.557617	-1.176758
2.705000	2.333984	-0.385742
2.710000	2.587891	0.346680
2.715000	2.363281	0.805664
2.720000	1.826172	0.937500
2.725000	1.210938	0.834961
2.730000	0.644531	0.620117
2.735000	0.224609	0.400391
2.740000	-0.043945	0.229492
2.745000	-0.200195	-0.087891
2.750000	-0.136719	-0.478516
2.755000	0.166016	-0.517578
2.760000	0.502930	-0.249023
2.765000	0.664062	0.112305
2.770000	0.585938	0.429688
2.775000	0.297852	0.595703
2.780000	-0.097656	0.561523
2.785000	-0.463867	-0.131836
2.790000	-0.361328	-1.254883
2.795000	0.454102	-1.630859
2.800000	1.513672	-1.210938
2.805000	2.314453	-0.419922
2.810000	2.587891	0.317383
2.815000	2.377930	0.791016
2.820000	1.855469	0.937500
2.825000	1.235352	0.849609
2.830000	0.668945	0.625000
2.835000	0.244141	0.410156
2.840000	-0.034180	0.239258
2.845000	-0.195312	-0.068359
2.850000	-0.146484	-0.468750
2.855000	0.146484	-0.522461
2.860000	0.493164	-0.268555
2.865000	0.664062	0.102539
2.870000	0.595703	0.415039
2.875000	0.312500	0.595703
2.880000	-0.083008	0.571289
2.885000	-0.454102	-0.083008
2.890000	-0.380859	-1.220703
2.895000	0.405273	-1.630859
2.900000	1.474609	-1.235352
2.905000	2.285156	-0.458984
2.910000	2.587891	0.292969
2.915000	2.402344	0.776367
2.920000	1.879883	0.937500
2.925000	1.254883	0.849609
2.930000	0.688477	0.634766
2.935000	0.258789	0.419922
2.940000	-0.024414	0.249023
2.945000	-0.190430	-0.048828
2.950000	-0.156250	-0.454102
2.955000	0.131836	-0.532227
2.960000	0.478516	-0.283203
2.965000	0.659180	0.083008
2.970000	0.600586	0.405273
2.975000	0.327148	0.590820
2.980000	-0.063477	0.585938
2.985000	-0.439453	-0.039062
2.990000	-0.400391	-1.176758
2.995000	0.361328	-1.640625
3.000000	1.430664	-1.254883
3.005000	2.260742	-0.493164
3.010000	2.583008	0.263672
3.015000	2.416992	0.761719
3.020000	1.904297	0.937500
3.025000	1.279297	0.854492
3.030000	0.712891	0.644531
3.035000	0.278320	0.424805
3.040000	-0.009766	0.263672
3.045000	-0.185547	-0.034180
3.050000	-0.166016	-0.439453
3.055000	0.117188	-0.541992
3.060000	0.463867	-0.297852
3.065000	0.654297	0.068359
3.070000	0.615234	0.395508
3.075000	0.341797	0.585938
3.080000	-0.043945	0.590820
3.085000	-0.429688	0.004883
3.090000	-0.415039	-1.127930
3.095000	0.317383	-1.635742
3.100000	1.381836	-1.284180
3.105000	2.236328	-0.527344
3.110000	2.578125	0.239258
3.115000	2.426758	0.751953
3.120000	1.933594	0.937500
3.125000	1.308594	0.864258
3.130000	0.737305	0.659180
3.135000	0.292969	0.434570
3.140000	-0.009766	0.263672
3.145000	-0.185547	-0.014648
3.150000	-0.166016	-0.424805
3.155000	0.102539	-0.541992
3.160000	0.454102	-0.312500
3.165000	0.654297	0.053711
3.170000	0.615234	0.380859
3.175000	0.361328	0.576172
3.180000	-0.029297	0.600586
3.185000	-0.415039	0.043945
3.190000	-0.434570	-1.088867
3.195000	0.278320	-1.635742
3.200000	1.337891	-1.308594
3.205000	2.207031	-0.561523
3.210000	2.578125	0.209961
3.215000	2.446289	0.732422
3.220000	1.958008	0.932617
3.225000	1.337891	0.869141
3.230000	0.756836	0.668945
3.235000	0.307617	0.444336
3.240000	0.000000	0.268555
3.245000	-0.175781	0.000000
3.250000	-0.170898	-0.410156
3.255000	0.087891	-0.546875
3.260000	0.439453	-0.322266
3.265000	0.649414	0.039062
3.270000	0.620117	0.371094
3.275000	0.375977	0.576172
3.280000	-0.009766	0.610352
3.285000	-0.400391	0.083008
3.290000	-0.444336	-1.040039
3.295000	0.234375	-1.630859
3.300000	1.293945	-1.337891
3.305000	2.182617	-0.600586
3.310000	2.568359	0.175781
3.315000	2.456055	0.712891
3.320000	1.982422	0.927734
3.325000	1.362305	0.878906
3.330000	0.776367	0.678711
3.335000	0.327148	0.458984
3.340000	0.014648	0.283203
3.345000	-0.166016	0.014648
3.350000	-0.180664	-0.395508
3.355000	0.073242	-0.546875
3.360000	0.429688	-0.336914
3.365000	0.644531	0.019531
3.370000	0.625000	0.361328
3.375000	0.385742	0.571289
3.380000	0.004883	0.615234
3.385000	-0.395508	0.122070
3.390000	-0.454102	-0.996094
3.395000	0.190430	-1.625977
3.400000	1.254883	-1.362305
3.405000	2.153320	-0.629883
3.410000	2.563477	0.151367
3.415000	2.480469	0.698242
3.420000	2.006836	0.927734
3.425000	1.386719	0.888672
3.430000	0.800781	0.683594
3.435000	0.336914	0.458984
3.440000	0.029297	0.288086
3.445000	-0.166016	0.029297
3.450000	-0.185547	-0.380859
3.455000	0.058594	-0.551758
3.460000	0.415039	-0.351562
3.465000	0.644531	0.004883
3.470000	0.629883	0.346680
3.475000	0.400391	0.561523
3.480000	0.019531	0.615234
3.485000	-0.375977	0.161133
3.490000	-0.468750	-0.947266
3.495000	0.146484	-1.616211
3.500000	1.210938	-1.386719
3.505000	2.124023	-0.664062
3.510000	2.558594	0.117188
3.515000	2.485352	0.683594
3.520000	2.031250	0.927734
3.525000	1.416016	0.888672
3.530000	0.825195	0.698242
3.535000	0.356445	0.468750
3.540000	0.034180	0.292969
3.545000	-0.161133	0.043945
3.550000	-0.190430	-0.361328
3.555000	0.043945	-0.556641
3.560000	0.395508	-0.366211
3.565000	0.634766	-0.009766
3.570000	0.639648	0.332031
3.575000	0.415039	0.556641
3.580000	0.043945	0.620117
3.585000	-0.366211	0.200195
3.590000	-0.478516	-0.898438
3.595000	0.107422	-1.611328
3.600000	1.166992	-1.411133
3.605000	2.089844	-0.703125
3.610000	2.548828	0.083008
3.615000	2.495117	0.664062
3.620000	2.055664	0.927734
3.625000	1.445312	0.893555
3.630000	0.849609	0.703125
3.635000	0.371094	0.478516
3.640000	0.048828	0.302734
3.645000	-0.156250	0.063477
3.650000	-0.195312	-0.346680
3.655000	0.024414	-0.556641
3.660000	0.380859	-0.375977
3.665000	0.629883	-0.024414
3.670000	0.644531	0.322266
3.675000	0.424805	0.546875
3.680000	0.058594	0.620117
3.685000	-0.351562	0.234375
3.690000	-0.483398	-0.844727
3.695000	0.068359	-1.601562
3.700000	1.123047	-1.430664
3.705000	2.060547	-0.737305
3.710000	2.543945	0.058594
3.715000	2.504883	0.644531
3.720000	2.084961	0.917969
3.725000	1.469727	0.903320
3.730000	0.874023	0.717773
3.735000	0.390625	0.493164
3.740000	0.058594	0.307617
3.745000	-0.151367	0.073242
3.750000	-0.200195	-0.327148
3.755000	0.014648	-0.551758
3.760000	0.371094	-0.395508
3.765000	0.620117	-0.039062
3.770000	0.644531	0.302734
3.775000	0.439453	0.541992
3.780000	0.073242	0.625000
3.785000	-0.332031	0.268555
3.790000	-0.493164	-0.795898
3.795000	0.034180	-1.591797
3.800000	1.069336	-1.455078
3.805000	2.026367	-0.771484
3.810000	2.534180	0.024414
3.815000	2.514648	0.629883
3.820000	2.104492	0.908203
3.825000	1.499023	0.908203
3.830000	0.898438	0.727539
3.835000	0.410156	0.498047
3.840000	0.068359	0.312500
3.845000	-0.141602	0.092773
3.850000	-0.205078	-0.317383
3.855000	-0.004883	-0.556641
3.860000	0.356445	-0.400391
3.865000	0.615234	-0.058594
3.870000	0.654297	0.292969
3.875000	0.454102	0.537109
3.880000	0.097656	0.625000
3.885000	-0.317383	0.297852
3.890000	-0.498047	-0.742188
3.895000	-0.004883	-1.572266
3.900000	1.025391	-1.474609
3.905000	1.997070	-0.805664
3.910000	2.519531	-0.004883
3.915000	2.524414	0.615234
3.920000	2.128906	0.903320
3.925000	1.523438	0.913086
3.930000	0.917969	0.732422
3.935000	0.424805	0.507812
3.940000	0.078125	0.317383
3.945000	-0.136719	0.102539
3.950000	-0.205078	-0.292969
3.955000	-0.009766	-0.551758
3.960000	0.341797	-0.415039
3.965000	0.610352	-0.073242
3.970000	0.654297	0.278320
3.975000	0.463867	0.532227
3.980000	0.112305	0.620117
3.985000	-0.302734	0.327148
3.990000	-0.502930	-0.693359
3.995000	-0.039062	-1.562500
4.000000	0.981445	-1.494141
4.005000	1.958008	-0.839844
4.010000	2.509766	-0.039062
4.015000	2.539062	0.590820
4.020000	2.148438	0.898438
4.025000	1.552734	0.917969
4.030000	0.942383	0.742188
4.035000	0.444336	0.512695
4.040000	0.092773	0.327148
4.045000	-0.126953	0.117188
4.050000	-0.205078	-0.278320
4.055000	-0.029297	-0.551758
4.060000	0.327148	-0.424805
4.065000	0.605469	-0.087891
4.070000	0.654297	0.268555
4.075000	0.478516	0.517578
4.080000	0.126953	0.620117
4.085000	-0.288086	0.356445
4.090000	-0.502930	-0.644531
4.095000	-0.078125	-1.547852
4.100000	0.932617	-1.513672
4.105000	1.923828	-0.874023
4.110000	2.495117	-0.068359
4.115000	2.543945	0.566406
4.120000	2.172852	0.893555
4.125000	1.577148	0.927734
4.130000	0.966797	0.751953
4.135000	0.458984	0.527344
4.140000	0.107422	0.332031
4.145000	-0.122070	0.131836
4.150000	-0.205078	-0.258789
4.155000	-0.043945	-0.546875
4.160000	0.307617	-0.439453
4.165000	0.595703	-0.102539
4.170000	0.659180	0.253906
4.175000	0.493164	0.512695
4.180000	0.141602	0.625000
4.185000	-0.268555	0.385742
4.190000	-0.502930	-0.595703
4.195000	-0.107422	-1.528320
4.200000	0.883789	-1.533203
4.205000	1.889648	-0.913086
4.210000	2.485352	-0.102539
4.215000	2.548828	0.546875
4.220000	2.197266	0.888672
4.225000	1.606445	0.927734
4.230000	0.996094	0.761719
4.235000	0.478516	0.537109
4.240000	0.117188	0.336914
4.245000	-0.117188	0.141602
4.250000	-0.205078	-0.239258
4.255000	-0.053711	-0.541992
4.260000	0.292969	-0.454102
4.265000	0.585938	-0.126953
4.270000	0.664062	0.239258
4.275000	0.498047	0.502930
4.280000	0.161133	0.620117
4.285000	-0.253906	0.410156
4.290000	-0.502930	-0.541992
4.295000	-0.141602	-1.503906
4.300000	0.839844	-1.547852
4.305000	1.850586	-0.942383
4.310000	2.475586	-0.136719
4.315000	2.558594	0.527344
4.320000	2.216797	0.883789
4.325000	1.630859	0.927734
4.330000	1.020508	0.771484
4.335000	0.498047	0.541992
4.340000	0.131836	0.346680
4.345000	-0.107422	0.151367
4.350000	-0.209961	-0.224609
4.355000	-0.058594	-0.537109
4.360000	0.283203	-0.463867
4.365000	0.581055	-0.136719
4.370000	0.668945	0.224609
4.375000	0.512695	0.498047
4.380000	0.180664	0.615234
4.385000	-0.234375	0.429688
4.390000	-0.502930	-0.488281
4.395000	-0.175781	-1.484375
4.400000	0.791016	-1.562500
4.405000	1.816406	-0.976562
4.410000	2.456055	-0.170898
4.415000	2.563477	0.507812
4.420000	2.241211	0.869141
4.425000	1.660156	0.927734
4.430000	1.044922	0.781250
4.435000	0.522461	0.556641
4.440000	0.141602	0.351562
4.445000	-0.097656	0.166016
4.450000	-0.209961	-0.205078
4.455000	-0.073242	-0.532227
4.460000	0.263672	-0.468750
4.465000	0.571289	-0.156250
4.470000	0.668945	0.209961
4.475000	0.527344	0.488281
4.480000	0.200195	0.615234
4.485000	-0.214844	0.454102
4.490000	-0.498047	-0.439453
4.495000	-0.205078	-1.455078
4.500000	0.742188	-1.572266
4.505000	1.777344	-1.010742
4.510000	2.441406	-0.200195
4.515000	2.568359	0.478516
4.520000	2.260742	0.859375
4.525000	1.684570	0.927734
4.530000	1.069336	0.791016
4.535000	0.541992	0.566406
4.540000	0.156250	0.361328
4.545000	-0.087891	0.175781
4.550000	-0.205078	-0.185547
4.555000	-0.087891	-0.522461
4.560000	0.249023	-0.478516
4.565000	0.561523	-0.170898
4.570000	0.668945	0.195312
4.575000	0.537109	0.483398
4.580000	0.214844	0.615234
4.585000	-0.195312	0.473633
4.590000	-0.498047	-0.385742
4.595000	-0.234375	-1.430664
4.600000	0.698242	-1.586914
4.605000	1.738281	-1.040039
4.610000	2.426758	-0.234375
4.615000	2.573242	0.458984
4.620000	2.280273	0.854492
4.625000	1.713867	0.932617
4.630000	1.093750	0.800781
4.635000	0.556641	0.576172
4.640000	0.170898	0.366211
4.645000	-0.083008	0.185547
4.650000	-0.205078	-0.166016
4.655000	-0.097656	-0.517578
4.660000	0.234375	-0.488281
4.665000	0.546875	-0.185547
4.670000	0.668945	0.180664
4.675000	0.546875	0.468750
4.680000	0.229492	0.615234
4.685000	-0.180664	0.493164
4.690000	-0.493164	-0.336914
4.695000	-0.258789	-1.401367
4.700000	0.649414	-1.596680
4.705000	1.694336	-1.074219
4.710000	2.407227	-0.268555
4.715000	2.578125	0.429688
4.720000	2.299805	0.844727
4.725000	1.738281	0.932617
4.730000	1.123047	0.805664
4.735000	0.576172	0.581055
4.740000	0.180664	0.375977
4.745000	-0.073242	0.200195
4.750000	-0.205078	-0.146484
4.755000	-0.107422	-0.512695
4.760000	0.219727	-0.498047
4.765000	0.537109	-0.205078
4.770000	0.668945	0.166016
4.775000	0.556641	0.458984
4.780000	0.249023	0.615234
4.785000	-0.161133	0.512695
4.790000	-0.488281	-0.288086
4.795000	-0.288086	-1.372070
4.800000	0.600586	-1.606445
4.805000	1.655273	-1.108398
4.810000	2.387695	-0.302734
4.815000	2.583008	0.410156
4.820000	2.319336	0.830078
4.825000	1.767578	0.937500
4.830000	1.147461	0.815430
4.835000	0.600586	0.595703
4.840000	0.195312	0.375977
4.845000	-0.063477	0.209961
4.850000	-0.205078	-0.131836
4.855000	-0.117188	-0.502930
4.860000	0.205078	-0.502930
4.865000	0.532227	-0.214844
4.870000	0.668945	0.151367
4.875000	0.566406	0.454102
4.880000	0.263672	0.610352
4.885000	-0.141602	0.532227
4.890000	-0.478516	-0.239258
4.895000	-0.312500	-1.337891
4.900000	0.561523	-1.611328
4.905000	1.616211	-1.137695
4.910000	2.363281	-0.336914
4.915000	2.587891	0.380859
4.920000	2.338867	0.820312
4.925000	1.796875	0.937500
4.930000	1.171875	0.825195
4.935000	0.620117	0.605469
4.940000	0.214844	0.390625
4.945000	-0.058594	0.219727
4.950000	-0.205078	-0.107422
4.955000	-0.126953	-0.493164
4.960000	0.185547	-0.512695
4.965000	0.517578	-0.234375
4.970000	0.668945	0.136719
4.975000	0.576172	0.439453
4.980000	0.278320	0.605469
4.985000	-0.122070	0.541992
4.990000	-0.473633	-0.190430
4.995000	-0.332031	-1.303711
5.000000	0.512695	-1.621094
5.005000	1.572266	-1.166992
5.010000	2.343750	-0.375977
5.015000	2.587891	0.356445
5.020000	2.358398	0.800781
5.025000	1.816406	0.937500
5.030000	1.196289	0.830078
5.035000	0.639648	0.615234
5.040000	0.224609	0.395508
5.045000	-0.048828	0.229492
5.050000	-0.200195	-0.087891
5.055000	-0.136719	-0.478516
5.060000	0.170898	-0.517578
5.065000	0.507812	-0.249023
5.070000	0.664062	0.122070
5.075000	0.581055	0.429688
5.080000	0.292969	0.600586
5.085000	-0.107422	0.556641
5.090000	-0.463867	-0.146484
5.095000	-0.356445	-1.264648
5.100000	0.468750	-1.625977
5.105000	1.533203	-1.196289
5.110000	2.319336	-0.410156
5.115000	2.587891	0.332031
5.120000	2.373047	0.795898
5.125000	1.850586	0.937500
5.130000	1.225586	0.839844
5.135000	0.659180	0.620117
5.140000	0.239258	0.405273
5.145000	-0.039062	0.234375
5.150000	-0.195312	-0.078125
5.155000	-0.141602	-0.473633
5.160000	0.156250	-0.522461
5.165000	0.493164	-0.258789
5.170000	0.664062	0.107422
5.175000	0.590820	0.419922
5.180000	0.307617	0.595703
5.185000	-0.087891	0.571289
5.190000	-0.454102	-0.097656
5.195000	-0.375977	-1.235352
5.200000	0.419922	-1.630859
5.205000	1.489258	-1.225586
5.210000	2.294922	-0.444336
5.215000	2.587891	0.302734
5.220000	2.392578	0.781250
5.225000	1.870117	0.937500
5.230000	1.245117	0.844727
5.235000	0.683594	0.629883
5.240000	0.253906	0.415039
5.245000	-0.029297	0.244141
5.250000	-0.190430	-0.058594
5.255000	-0.151367	-0.458984
5.260000	0.141602	-0.532227
5.265000	0.483398	-0.278320
5.270000	0.659180	0.092773
5.275000	0.600586	0.415039
5.280000	0.322266	0.590820
5.285000	-0.073242	0.581055
5.290000	-0.444336	-0.053711
5.295000	-0.395508	-1.191406
5.300000	0.380859	-1.635742
5.305000	1.445312	-1.250000
5.310000	2.270508	-0.478516
5.315000	2.587891	0.273438
5.320000	2.407227	0.766602
5.325000	1.899414	0.937500
5.330000	1.269531	0.854492
5.335000	0.703125	0.644531
5.340000	0.268555	0.419922
5.345000	-0.014648	0.253906
5.350000	-0.185547	-0.039062
5.355000	-0.161133	-0.444336
5.360000	0.126953	-0.537109
5.365000	0.468750	-0.288086
5.370000	0.654297	0.073242
5.375000	0.605469	0.395508
5.380000	0.336914	0.585938
5.385000	-0.053711	0.590820
5.390000	-0.434570	-0.009766
5.395000	-0.410156	-1.152344
5.400000	0.332031	-1.635742
5.405000	1.401367	-1.269531
5.410000	2.246094	-0.512695
5.415000	2.578125	0.244141
5.420000	2.426758	0.751953
5.425000	1.923828	0.937500
5.430000	1.298828	0.859375
5.435000	0.727539	0.649414
5.440000	0.288086	0.434570
5.445000	-0.009766	0.263672
5.450000	-0.185547	-0.024414
5.455000	-0.166016	-0.434570
5.460000	0.107422	-0.541992
5.465000	0.458984	-0.302734
5.470000	0.654297	0.058594
5.475000	0.615234	0.385742
5.480000	0.356445	0.581055
5.485000	-0.034180	0.600586
5.490000	-0.424805	0.029297
5.495000	-0.429688	-1.103516
5.500000	0.288086	-1.635742
5.505000	1.357422	-1.298828
5.510000	2.216797	-0.546875
5.515000	2.578125	0.219727
5.520000	2.441406	0.737305
5.525000	1.948242	0.937500
5.530000	1.323242	0.864258
5.535000	0.751953	0.659180
5.540000	0.302734	0.439453
5.545000	0.000000	0.268555
5.550000	-0.175781	-0.004883
5.555000	-0.166016	-0.415039
5.560000	0.092773	-0.546875
5.565000	0.444336	-0.317383
5.570000	0.649414	0.043945
5.575000	0.615234	0.375977
5.580000	0.366211	0.576172
5.585000	-0.019531	0.605469
5.590000	-0.410156	0.068359
5.595000	-0.444336	-1.059570
5.600000	0.249023	-1.635742
5.605000	1.308594	-1.328125
5.610000	2.187500	-0.585938
5.615000	2.568359	0.190430
5.620000	2.456055	0.722656
5.625000	1.972656	0.932617
5.630000	1.352539	0.874023
5.635000	0.766602	0.673828
5.640000	0.317383	0.449219
5.645000	0.014648	0.278320
5.650000	-0.170898	0.009766
5.655000	-0.180664	-0.400391
5.660000	0.073242	-0.546875
5.665000	0.429688	-0.332031
5.670000	0.644531	0.024414
5.675000	0.625000	0.366211
5.680000	0.380859	0.571289
5.685000	0.000000	0.610352
5.690000	-0.395508	0.107422
5.695000	-0.454102	-1.010742
5.700000	0.205078	-1.625977
5.705000	1.264648	-1.352539
5.710000	2.163086	-0.620117
5.715000	2.568359	0.161133
5.720000	2.470703	0.703125
5.725000	2.001953	0.927734
5.730000	1.376953	0.883789
5.735000	0.795898	0.683594
5.740000	0.332031	0.458984
5.745000	0.019531	0.283203
5.750000	-0.166016	0.024414
5.755000	-0.185547	-0.385742
5.760000	0.063477	-0.551758
5.765000	0.419922	-0.346680
5.770000	0.644531	0.009766
5.775000	0.629883	0.351562
5.780000	0.395508	0.566406
5.785000	0.019531	0.615234
5.790000	-0.380859	0.151367
5.795000	-0.468750	-0.961914
5.800000	0.166016	-1.621094
5.805000	1.225586	-1.376953
5.810000	2.133789	-0.654297
5.815000	2.558594	0.131836
5.820000	2.480469	0.688477
5.825000	2.026367	0.927734
5.830000	1.406250	0.888672
5.835000	0.815430	0.693359
5.840000	0.351562	0.463867
5.845000	0.029297	0.288086
5.850000	-0.166016	0.043945
5.855000	-0.185547	-0.371094
5.860000	0.048828	-0.551758
5.865000	0.405273	-0.361328
5.870000	0.634766	-0.004883
5.875000	0.634766	0.336914
5.880000	0.410156	0.556641
5.885000	0.034180	0.615234
5.890000	-0.371094	0.185547
5.895000	-0.473633	-0.913086
5.900000	0.122070	-1.611328
5.905000	1.181641	-1.401367
5.910000	2.099609	-0.688477
5.915000	2.553711	0.097656
5.920000	2.490234	0.668945
5.925000	2.050781	0.927734
5.930000	1.430664	0.893555
5.935000	0.844727	0.698242
5.940000	0.366211	0.473633
5.945000	0.039062	0.297852
5.950000	-0.156250	0.053711
5.955000	-0.195312	-0.356445
5.960000	0.034180	-0.556641
5.965000	0.390625	-0.371094
5.970000	0.629883	-0.019531
5.975000	0.644531	0.327148
5.980000	0.419922	0.551758
5.985000	0.053711	0.620117
5.990000	-0.356445	0.219727
5.995000	-0.483398	-0.864258
6.000000	0.083008	-1.606445
6.005000	1.137695	-1.425781
6.010000	2.070312	-0.727539
6.015000	2.543945	0.068359
6.020000	2.504883	0.654297
6.025000	2.070312	0.922852
6.030000	1.459961	0.903320
6.035000	0.864258	0.712891
6.040000	0.380859	0.483398
6.045000	0.053711	0.302734
6.050000	-0.151367	0.068359
6.055000	-0.195312	-0.332031
6.060000	0.019531	-0.556641
6.065000	0.375977	-0.390625
6.070000	0.625000	-0.039062
6.075000	0.644531	0.312500
6.080000	0.434570	0.541992
6.085000	0.068359	0.625000
6.090000	-0.336914	0.253906
6.095000	-0.488281	-0.815430
6.100000	0.043945	-1.596680
6.105000	1.088867	-1.445312
6.110000	2.041016	-0.761719
6.115000	2.534180	0.034180
6.120000	2.514648	0.634766
6.125000	2.094727	0.917969
6.130000	1.484375	0.908203
6.135000	0.888672	0.722656
6.140000	0.400391	0.493164
6.145000	0.063477	0.307617
6.150000	-0.146484	0.083008
6.155000	-0.205078	-0.317383
6.160000	0.004883	-0.551758
6.165000	0.361328	-0.400391
6.170000	0.615234	-0.053711
6.175000	0.649414	0.297852
6.180000	0.449219	0.537109
6.185000	0.087891	0.625000
6.190000	-0.322266	0.283203
6.195000	-0.493164	-0.766602
6.200000	0.004883	-1.582031
6.205000	1.044922	-1.469727
6.210000	2.006836	-0.795898
6.215000	2.524414	0.000000
6.220000	2.524414	0.615234
6.225000	2.124023	0.908203
6.230000	1.513672	0.908203
6.235000	0.913086	0.727539
6.240000	0.419922	0.502930
6.245000	0.078125	0.317383
6.250000	-0.136719	0.102539
6.255000	-0.205078	-0.302734
6.260000	-0.009766	-0.551758
6.265000	0.346680	-0.405273
6.270000	0.615234	-0.068359
6.275000	0.654297	0.288086
6.280000	0.463867	0.532227
6.285000	0.107422	0.625000
6.290000	-0.307617	0.312500
6.295000	-0.498047	-0.712891
6.300000	-0.024414	-1.567383
6.305000	0.996094	-1.489258
6.310000	1.972656	-0.830078
6.315000	2.514648	-0.024414
6.320000	2.534180	0.595703
6.325000	2.143555	0.903320
6.330000	1.542969	0.913086
6.335000	0.937500	0.742188
6.340000	0.439453	0.512695
6.345000	0.092773	0.322266
6.350000	-0.131836	0.112305
6.355000	-0.205078	-0.283203
6.360000	-0.019531	-0.551758
6.365000	0.332031	-0.424805
6.370000	0.610352	-0.083008
6.375000	0.654297	0.273438
6.380000	0.473633	0.522461
6.385000	0.126953	0.625000
6.390000	-0.288086	0.346680
6.395000	-0.502930	-0.659180
6.400000	-0.063477	-1.552734
6.405000	0.947266	-1.503906
6.410000	1.938477	-0.864258
6.415000	2.504883	-0.058594
6.420000	2.543945	0.576172
6.425000	2.167969	0.893555
6.430000	1.567383	0.922852
6.435000	0.961914	0.751953
6.440000	0.454102	0.527344
6.445000	0.102539	0.332031
6.450000	-0.122070	0.126953
6.455000	-0.205078	-0.263672
6.460000	-0.034180	-0.546875
6.465000	0.312500	-0.434570
6.470000	0.600586	-0.097656
6.475000	0.659180	0.258789
6.480000	0.488281	0.517578
6.485000	0.141602	0.625000
6.490000	-0.278320	0.371094
6.495000	-0.502930	-0.610352
6.500000	-0.097656	-1.538086
6.505000	0.903320	-1.523438
6.510000	1.899414	-0.898438
6.515000	2.490234	-0.087891
6.520000	2.548828	0.556641
6.525000	2.187500	0.888672
6.530000	1.596680	0.927734
6.535000	0.986328	0.761719
6.540000	0.473633	0.532227
6.545000	0.112305	0.336914
6.550000	-0.117188	0.141602
6.555000	-0.205078	-0.244141
6.560000	-0.043945	-0.546875
6.565000	0.302734	-0.444336
6.570000	0.590820	-0.112305
6.575000	0.664062	0.249023
6.580000	0.502930	0.507812
6.585000	0.156250	0.620117
6.590000	-0.253906	0.395508
6.595000	-0.502930	-0.556641
6.600000	-0.131836	-1.513672
6.605000	0.854492	-1.538086
6.610000	1.865234	-0.932617
6.615000	2.480469	-0.122070
6.620000	2.558594	0.532227
6.625000	2.207031	0.883789
6.630000	1.621094	0.927734
6.635000	1.010742	0.771484
6.640000	0.493164	0.541992
6.645000	0.126953	0.341797
6.650000	-0.107422	0.151367
6.655000	-0.205078	-0.229492
6.660000	-0.058594	-0.537109
6.665000	0.288086	-0.454102
6.670000	0.576172	-0.131836
6.675000	0.664062	0.224609
6.680000	0.507812	0.502930
6.685000	0.175781	0.620117
6.690000	-0.244141	0.424805
6.695000	-0.502930	-0.507812
6.700000	-0.161133	-1.489258
6.705000	0.810547	-1.557617
6.710000	1.831055	-0.961914
6.715000	2.465820	-0.156250
6.720000	2.563477	0.512695
6.725000	2.231445	0.874023
6.730000	1.655273	0.922852
6.735000	1.035156	0.776367
6.740000	0.512695	0.551758
6.745000	0.136719	0.351562
6.750000	-0.102539	0.161133
6.755000	-0.205078	-0.209961
6.760000	-0.073242	-0.537109
6.765000	0.268555	-0.463867
6.770000	0.576172	-0.151367
6.775000	0.668945	0.219727
6.780000	0.522461	0.493164
6.785000	0.190430	0.615234
6.790000	-0.219727	0.449219
6.795000	-0.498047	-0.454102
6.800000	-0.195312	-1.464844
6.805000	0.756836	-1.567383
6.810000	1.791992	-0.996094
6.815000	2.451172	-0.190430
6.820000	2.568359	0.488281
6.825000	2.255859	0.864258
6.830000	1.679688	0.927734
6.835000	1.064453	0.786133
6.840000	0.532227	0.561523
6.845000	0.151367	0.361328
6.850000	-0.092773	0.175781
6.855000	-0.205078	-0.190430
6.860000	-0.083008	-0.527344
6.865000	0.253906	-0.473633
6.870000	0.566406	-0.166016
6.875000	0.668945	0.200195
6.880000	0.537109	0.483398
6.885000	0.209961	0.615234
6.890000	-0.205078	0.468750
6.895000	-0.498047	-0.405273
6.900000	-0.224609	-1.440430
6.905000	0.712891	-1.577148
6.910000	1.748047	-1.030273
6.915000	2.431641	-0.224609
6.920000	2.573242	0.463867
6.925000	2.270508	0.854492
6.930000	1.704102	0.932617
6.935000	1.083984	0.795898
6.940000	0.546875	0.571289
6.945000	0.166016	0.361328
6.950000	-0.083008	0.190430
6.955000	-0.205078	-0.170898
6.960000	-0.092773	-0.522461
6.965000	0.239258	-0.483398
6.970000	0.551758	-0.180664
6.975000	0.668945	0.190430
6.980000	0.541992	0.473633
6.985000	0.224609	0.615234
6.990000	-0.185547	0.488281
6.995000	-0.493164	-0.356445
7.000000	-0.249023	-1.411133
7.005000	0.664062	-1.596680
7.010000	1.713867	-1.064453
7.015000	2.416992	-0.258789
7.020000	2.578125	0.439453
7.025000	2.290039	0.849609
7.030000	1.728516	0.932617
7.035000	1.113281	0.805664
7.040000	0.571289	0.576172
7.045000	0.180664	0.371094
7.050000	-0.078125	0.195312
7.055000	-0.205078	-0.156250
7.060000	-0.102539	-0.517578
7.065000	0.224609	-0.493164
7.070000	0.541992	-0.195312
7.075000	0.668945	0.170898
7.080000	0.551758	0.463867
7.085000	0.244141	0.615234
7.090000	-0.170898	0.507812
7.095000	-0.488281	-0.302734
7.100000	-0.278320	-1.381836
7.105000	0.620117	-1.601562
7.110000	1.669922	-1.093750
7.115000	2.397461	-0.292969
7.120000	2.583008	0.415039
7.125000	2.314453	0.834961
7.130000	1.757812	0.932617
7.135000	1.137695	0.815430
7.140000	0.595703	0.590820
7.145000	0.195312	0.380859
7.150000	-0.068359	0.205078
7.155000	-0.205078	-0.131836
7.160000	-0.112305	-0.502930
7.165000	0.209961	-0.502930
7.170000	0.537109	-0.209961
7.175000	0.668945	0.156250
7.180000	0.561523	0.458984
7.185000	0.258789	0.610352
7.190000	-0.146484	0.527344
7.195000	-0.483398	-0.258789
7.200000	-0.302734	-1.347656
7.205000	0.576172	-1.611328
7.210000	1.630859	-1.123047
7.215000	2.373047	-0.327148
7.220000	2.583008	0.390625
7.225000	2.329102	0.825195
7.230000	1.787109	0.932617
7.235000	1.166992	0.820312
7.240000	0.610352	0.600586
7.245000	0.205078	0.385742
7.250000	-0.053711	0.219727
7.255000	-0.205078	-0.117188
7.260000	-0.122070	-0.493164
7.265000	0.190430	-0.512695
7.270000	0.522461	-0.224609
7.275000	0.668945	0.141602
7.280000	0.566406	0.444336
7.285000	0.273438	0.605469
7.290000	-0.131836	0.537109
7.295000	-0.478516	-0.209961
7.300000	-0.327148	-1.313477
7.305000	0.527344	-1.616211
7.310000	1.586914	-1.157227
7.315000	2.353516	-0.361328
7.320000	2.587891	0.366211
7.325000	2.348633	0.810547
7.330000	1.811523	0.937500
7.335000	1.191406	0.830078
7.340000	0.629883	0.615234
7.345000	0.219727	0.390625
7.350000	-0.048828	0.224609
7.355000	-0.200195	-0.097656
7.360000	-0.131836	-0.483398
7.365000	0.175781	-0.517578
7.370000	0.512695	-0.244141
7.375000	0.668945	0.126953
7.380000	0.576172	0.434570
7.385000	0.288086	0.600586
7.390000	-0.112305	0.551758
7.395000	-0.468750	-0.161133
7.400000	-0.346680	-1.274414
7.405000	0.483398	-1.625977
7.410000	1.542969	-1.186523
7.415000	2.329102	-0.395508
7.420000	2.587891	0.336914
7.425000	2.368164	0.795898
7.430000	1.840820	0.937500
7.435000	1.210938	0.839844
7.440000	0.654297	0.615234
7.445000	0.234375	0.405273
7.450000	-0.039062	0.234375
7.455000	-0.195312	-0.073242
7.460000	-0.141602	-0.478516
7.465000	0.161133	-0.517578
7.470000	0.502930	-0.258789
7.475000	0.664062	0.112305
7.480000	0.590820	0.419922
7.485000	0.307617	0.595703
7.490000	-0.097656	0.566406
7.495000	-0.458984	-0.112305
7.500000	-0.366211	-1.240234
7.505000	0.434570	-1.630859
7.510000	1.503906	-1.215820
7.515000	2.304688	-0.434570
7.520000	2.587891	0.312500
7.525000	2.387695	0.786133
7.530000	1.865234	0.937500
7.535000	1.240234	0.849609
7.540000	0.673828	0.625000
7.545000	0.249023	0.415039
7.550000	-0.029297	0.239258
7.555000	-0.195312	-0.063477
7.560000	-0.151367	-0.463867
7.565000	0.146484	-0.527344
7.570000	0.488281	-0.273438
7.575000	0.659180	0.097656
7.580000	0.595703	0.415039
7.585000	0.317383	0.595703
7.590000	-0.078125	0.576172
7.595000	-0.449219	-0.068359
7.600000	-0.385742	-1.206055
7.605000	0.395508	-1.635742
7.610000	1.459961	-1.240234
7.615000	2.280273	-0.468750
7.620000	2.587891	0.283203
7.625000	2.402344	0.771484
7.630000	1.889648	0.937500
7.635000	1.264648	0.849609
7.640000	0.693359	0.639648
7.645000	0.263672	0.419922
7.650000	-0.019531	0.249023
7.655000	-0.190430	-0.043945
7.660000	-0.161133	-0.449219
7.665000	0.131836	-0.532227
7.670000	0.473633	-0.288086
7.675000	0.659180	0.078125
7.680000	0.605469	0.400391
7.685000	0.336914	0.585938
7.690000	-0.058594	0.585938
7.695000	-0.439453	-0.024414
7.700000	-0.405273	-1.162109
7.705000	0.351562	-1.635742
7.710000	1.416016	-1.264648
7.715000	2.250977	-0.507812
7.720000	2.583008	0.258789
7.725000	2.416992	0.756836
7.730000	1.909180	0.937500
7.735000	1.289062	0.859375
7.740000	0.722656	0.649414
7.745000	0.283203	0.429688
7.750000	-0.009766	0.263672
7.755000	-0.185547	-0.024414
7.760000	-0.166016	-0.439453
7.765000	0.112305	-0.537109
7.770000	0.463867	-0.302734
7.775000	0.654297	0.063477
7.780000	0.610352	0.385742
7.785000	0.346680	0.581055
7.790000	-0.039062	0.595703
7.795000	-0.429688	0.009766
7.800000	-0.424805	-1.123047
7.805000	0.307617	-1.635742
7.810000	1.372070	-1.289062
7.815000	2.226562	-0.541992
7.820000	2.578125	0.229492
7.825000	2.436523	0.742188
7.830000	1.938477	0.932617
7.835000	1.313477	0.864258
7.840000	0.742188	0.659180
7.845000	0.297852	0.434570
7.850000	-0.004883	0.263672
7.855000	-0.180664	-0.009766
7.860000	-0.170898	-0.419922
7.865000	0.102539	-0.541992
7.870000	0.449219	-0.317383
7.875000	0.654297	0.048828
7.880000	0.620117	0.375977
7.885000	0.366211	0.576172
7.890000	-0.019531	0.605469
7.895000	-0.415039	0.058594
7.900000	-0.434570	-1.074219
7.905000	0.263672	-1.635742
7.910000	1.328125	-1.318359
7.915000	2.202148	-0.576172
7.920000	2.573242	0.200195
7.925000	2.451172	0.727539
7.930000	1.967773	0.932617
7.935000	1.337891	0.874023
7.940000	0.766602	0.668945
7.945000	0.312500	0.449219
7.950000	0.009766	0.278320
7.955000	-0.170898	0.004883
7.960000	-0.175781	-0.405273
7.965000	0.078125	-0.546875
7.970000	0.434570	-0.327148
7.975000	0.644531	0.029297
7.980000	0.620117	0.366211
7.985000	0.375977	0.571289
7.990000	-0.009766	0.610352
7.995000	-0.400391	0.097656
8.000000	-0.449219	-1.025391
8.005000	0.219727	-1.625977
8.010000	1.279297	-1.342773
8.015000	2.172852	-0.610352
8.020000	2.568359	0.166016
8.025000	2.465820	0.712891
8.030000	1.992188	0.927734
8.035000	1.372070	0.878906
8.040000	0.786133	0.678711
8.045000	0.327148	0.454102
8.050000	0.019531	0.283203
8.055000	-0.166016	0.019531
8.060000	-0.180664	-0.390625
8.065000	0.068359	-0.551758
8.070000	0.424805	-0.341797
8.075000	0.644531	0.014648
8.080000	0.629883	0.356445
8.085000	0.390625	0.566406
8.090000	0.009766	0.615234
8.095000	-0.390625	0.131836
8.100000	-0.458984	-0.976562
8.105000	0.175781	-1.625977
8.110000	1.240234	-1.372070
8.115000	2.138672	-0.644531
8.120000	2.558594	0.141602
8.125000	2.480469	0.693359
8.130000	2.016602	0.927734
8.135000	1.396484	0.883789
8.140000	0.810547	0.688477
8.145000	0.346680	0.463867
8.150000	0.024414	0.292969
8.155000	-0.166016	0.034180
8.160000	-0.185547	-0.375977
8.165000	0.053711	-0.551758
8.170000	0.410156	-0.356445
8.175000	0.634766	0.000000
8.180000	0.634766	0.341797
8.185000	0.400391	0.561523
8.190000	0.029297	0.615234
8.195000	-0.371094	0.175781
8.200000	-0.473633	-0.927734
8.205000	0.136719	-1.616211
8.210000	1.196289	-1.391602
8.215000	2.114258	-0.678711
8.220000	2.558594	0.107422
8.225000	2.485352	0.678711
8.230000	2.041016	0.927734
8.235000	1.420898	0.888672
8.240000	0.839844	0.698242
8.245000	0.361328	0.473633
8.250000	0.039062	0.297852
8.255000	-0.161133	0.053711
8.260000	-0.190430	-0.356445
8.265000	0.039062	-0.556641
8.270000	0.390625	-0.371094
8.275000	0.629883	-0.014648
8.280000	0.644531	0.332031
8.285000	0.419922	0.551758
8.290000	0.048828	0.615234
8.295000	-0.356445	0.209961
8.300000	-0.478516	-0.878906
8.305000	0.097656	-1.606445
8.310000	1.152344	-1.416016
8.315000	2.080078	-0.712891
8.320000	2.548828	0.078125
8.325000	2.495117	0.659180
8.330000	2.065430	0.922852
8.335000	1.450195	0.898438
8.340000	0.854492	0.708008
8.345000	0.375977	0.483398
8.350000	0.048828	0.302734
8.355000	-0.156250	0.063477
8.360000	-0.195312	-0.341797
8.365000	0.024414	-0.551758
8.370000	0.380859	-0.380859
8.375000	0.625000	-0.029297
8.380000	0.644531	0.312500
8.385000	0.434570	0.546875
8.390000	0.063477	0.620117
8.395000	-0.346680	0.244141
8.400000	-0.488281	-0.830078
8.405000	0.058594	-1.601562
8.410000	1.103516	-1.440430
8.415000	2.050781	-0.747070
8.420000	2.539062	0.048828
8.425000	2.509766	0.639648
8.430000	2.089844	0.917969
8.435000	1.479492	0.908203
8.440000	0.883789	0.717773
8.445000	0.395508	0.488281
8.450000	0.063477	0.302734
8.455000	-0.146484	0.083008
8.460000	-0.200195	-0.322266
8.465000	0.009766	-0.556641
8.470000	0.366211	-0.395508
8.475000	0.620117	-0.048828
8.480000	0.649414	0.307617
8.485000	0.444336	0.541992
8.490000	0.083008	0.625000
8.495000	-0.327148	0.278320
8.500000	-0.493164	-0.781250
8.505000	0.019531	-1.582031
8.510000	1.059570	-1.459961
8.515000	2.016602	-0.786133
8.520000	2.529297	0.014648
8.525000	2.519531	0.620117
8.530000	2.114258	0.908203
8.535000	1.503906	0.908203
8.540000	0.903320	0.732422
8.545000	0.415039	0.498047
8.550000	0.068359	0.312500
8.555000	-0.136719	0.097656
8.560000	-0.205078	-0.307617
8.565000	-0.004883	-0.551758
8.570000	0.351562	-0.405273
8.575000	0.615234	-0.058594
8.580000	0.654297	0.292969
8.585000	0.458984	0.537109
8.590000	0.102539	0.625000
8.595000	-0.317383	0.307617
8.600000	-0.498047	-0.727539
8.605000	-0.014648	-1.572266
8.610000	1.010742	-1.484375
8.615000	1.982422	-0.820312
8.620000	2.519531	-0.014648
8.625000	2.529297	0.605469
8.630000	2.133789	0.908203
8.635000	1.533203	0.913086
8.640000	0.927734	0.737305
8.645000	0.434570	0.512695
8.650000	0.083008	0.322266
8.655000	-0.131836	0.107422
8.660000	-0.205078	-0.288086
8.665000	-0.014648	-0.551758
8.670000	0.332031	-0.419922
8.675000	0.610352	-0.083008
8.680000	0.654297	0.278320
8.685000	0.468750	0.527344
8.690000	0.117188	0.620117
8.695000	-0.292969	0.336914
8.700000	-0.502930	-0.678711
8.705000	-0.053711	-1.557617
8.710000	0.961914	-1.499023
8.715000	1.948242	-0.854492
8.720000	2.504883	-0.048828
8.725000	2.539062	0.581055
8.730000	2.163086	0.898438
8.735000	1.557617	0.917969
8.740000	0.952148	0.747070
8.745000	0.454102	0.522461
8.750000	0.097656	0.332031
8.755000	-0.131836	0.122070
8.760000	-0.205078	-0.268555
8.765000	-0.029297	-0.551758
8.770000	0.322266	-0.429688
8.775000	0.600586	-0.092773
8.780000	0.659180	0.263672
8.785000	0.483398	0.522461
8.790000	0.131836	0.625000
8.795000	-0.278320	0.361328
8.800000	-0.502930	-0.629883
8.805000	-0.087891	-1.538086
8.810000	0.917969	-1.518555
8.815000	1.909180	-0.883789
8.820000	2.490234	-0.078125
8.825000	2.543945	0.561523
8.830000	2.182617	0.888672
8.835000	1.586914	0.922852
8.840000	0.976562	0.756836
8.845000	0.468750	0.527344
8.850000	0.107422	0.332031
8.855000	-0.122070	0.136719
8.860000	-0.205078	-0.253906
8.865000	-0.043945	-0.546875
8.870000	0.307617	-0.444336
8.875000	0.595703	-0.107422
8.880000	0.664062	0.249023
8.885000	0.493164	0.512695
8.890000	0.151367	0.625000
8.895000	-0.258789	0.385742
8.900000	-0.502930	-0.576172
8.905000	-0.122070	-1.518555
8.910000	0.864258	-1.533203
8.915000	1.875000	-0.922852
8.920000	2.485352	-0.112305
8.925000	2.553711	0.537109
8.930000	2.202148	0.883789
8.935000	1.616211	0.927734
8.940000	1.005859	0.766602
8.945000	0.488281	0.537109
8.950000	0.122070	0.341797
8.955000	-0.112305	0.146484
8.960000	-0.205078	-0.234375
8.965000	-0.053711	-0.541992
8.970000	0.288086	-0.454102
8.975000	0.585938	-0.131836
8.980000	0.664062	0.234375
8.985000	0.502930	0.502930
8.990000	0.170898	0.620117
8.995000	-0.249023	0.415039
9.000000	-0.507812	-0.522461
9.005000	-0.156250	-1.499023
9.010000	0.825195	-1.552734
9.015000	1.840820	-0.952148
9.020000	2.470703	-0.146484
9.025000	2.558594	0.517578
9.030000	2.226562	0.874023
9.035000	1.640625	0.927734
9.040000	1.030273	0.771484
9.045000	0.502930	0.546875
9.050000	0.131836	0.346680
9.055000	-0.107422	0.156250
9.060000	-0.205078	-0.214844
9.065000	-0.063477	-0.537109
9.070000	0.273438	-0.463867
9.075000	0.576172	-0.141602
9.080000	0.664062	0.219727
9.085000	0.517578	0.493164
9.090000	0.185547	0.615234
9.095000	-0.224609	0.444336
9.100000	-0.502930	-0.473633
9.105000	-0.180664	-1.474609
9.110000	0.776367	-1.562500
9.115000	1.801758	-0.986328
9.120000	2.456055	-0.180664
9.125000	2.568359	0.493164
9.130000	2.241211	0.864258
9.135000	1.669922	0.927734
9.140000	1.054688	0.781250
9.145000	0.527344	0.556641
9.150000	0.146484	0.356445
9.155000	-0.092773	0.170898
9.160000	-0.205078	-0.195312
9.165000	-0.078125	-0.532227
9.170000	0.263672	-0.473633
9.175000	0.566406	-0.156250
9.180000	0.668945	0.209961
9.185000	0.532227	0.488281
9.190000	0.200195	0.615234
9.195000	-0.209961	0.458984
9.200000	-0.498047	-0.419922
9.205000	-0.214844	-1.450195
9.210000	0.727539	-1.572266
9.215000	1.762695	-1.020508
9.220000	2.436523	-0.214844
9.225000	2.573242	0.473633
9.230000	2.265625	0.854492
9.235000	1.699219	0.927734
9.240000	1.083984	0.791016
9.245000	0.541992	0.566406
9.250000	0.161133	0.366211
9.255000	-0.087891	0.180664
9.260000	-0.205078	-0.175781
9.265000	-0.087891	-0.522461
9.270000	0.244141	-0.478516
9.275000	0.556641	-0.170898
9.280000	0.668945	0.190430
9.285000	0.537109	0.473633
9.290000	0.219727	0.615234
9.295000	-0.190430	0.483398
9.300000	-0.498047	-0.371094
9.305000	-0.239258	-1.420898
9.310000	0.678711	-1.586914
9.315000	1.723633	-1.049805
9.320000	2.416992	-0.244141
9.325000	2.578125	0.449219
9.330000	2.285156	0.849609
9.335000	1.723633	0.937500
9.340000	1.103516	0.800781
9.345000	0.566406	0.576172
9.350000	0.170898	0.371094
9.355000	-0.083008	0.190430
9.360000	-0.205078	-0.161133
9.365000	-0.102539	-0.517578
9.370000	0.229492	-0.488281
9.375000	0.546875	-0.190430
9.380000	0.668945	0.175781
9.385000	0.546875	0.463867
9.390000	0.234375	0.615234
9.395000	-0.175781	0.498047
9.400000	-0.493164	-0.322266
9.405000	-0.268555	-1.391602
9.410000	0.634766	-1.601562
9.415000	1.684570	-1.083984
9.420000	2.402344	-0.283203
9.425000	2.583008	0.424805
9.430000	2.304688	0.839844
9.435000	1.748047	0.937500
9.440000	1.127930	0.810547
9.445000	0.581055	0.585938
9.450000	0.185547	0.375977
9.455000	-0.068359	0.205078
9.460000	-0.205078	-0.141602
9.465000	-0.112305	-0.507812
9.470000	0.214844	-0.498047
9.475000	0.537109	-0.205078
9.480000	0.668945	0.166016
9.485000	0.556641	0.458984
9.490000	0.249023	0.610352
9.495000	-0.156250	0.517578
9.500000	-0.483398	-0.273438
9.505000	-0.297852	-1.357422
9.510000	0.590820	-1.611328
9.515000	1.640625	-1.113281
9.520000	2.377930	-0.317383
9.525000	2.587891	0.395508
9.530000	2.324219	0.830078
9.535000	1.777344	0.932617
9.540000	1.157227	0.815430
9.545000	0.605469	0.600586
9.550000	0.200195	0.385742
9.555000	-0.063477	0.214844
9.560000	-0.205078	-0.122070
9.565000	-0.122070	-0.498047
9.570000	0.195312	-0.507812
9.575000	0.527344	-0.219727
9.580000	0.668945	0.146484
9.585000	0.571289	0.449219
9.590000	0.268555	0.605469
9.595000	-0.136719	0.537109
9.600000	-0.478516	-0.224609
9.605000	-0.317383	-1.323242
9.610000	0.541992	-1.616211
9.615000	1.601562	-1.147461
9.620000	2.358398	-0.351562
9.625000	2.587891	0.371094
9.630000	2.348633	0.815430
9.635000	1.801758	0.937500
9.640000	1.181641	0.830078
9.645000	0.625000	0.610352
9.650000	0.219727	0.390625
9.655000	-0.053711	0.224609
9.660000	-0.205078	-0.102539
9.665000	-0.131836	-0.488281
9.670000	0.180664	-0.517578
9.675000	0.517578	-0.239258
9.680000	0.664062	0.131836
9.685000	0.576172	0.434570
9.690000	0.283203	0.605469
9.695000	-0.117188	0.546875
9.700000	-0.473633	-0.175781
9.705000	-0.341797	-1.289062
9.710000	0.498047	-1.625977
9.715000	1.562500	-1.176758
9.720000	2.333984	-0.385742
9.725000	2.587891	0.346680
9.730000	2.363281	0.800781
9.735000	1.826172	0.937500
9.740000	1.206055	0.834961
9.745000	0.644531	0.615234
9.750000	0.229492	0.400391
9.755000	-0.043945	0.229492
9.760000	-0.195312	-0.083008
9.765000	-0.141602	-0.478516
9.770000	0.166016	-0.517578
9.775000	0.502930	-0.258789
9.780000	0.664062	0.117188
9.785000	0.585938	0.424805
9.790000	0.297852	0.595703
9.795000	-0.097656	0.566406
9.800000	-0.458984	-0.131836
9.805000	-0.361328	-1.254883
9.810000	0.454102	-1.625977
9.815000	1.518555	-1.206055
9.820000	2.309570	-0.419922
9.825000	2.587891	0.317383
9.830000	2.382812	0.786133
9.835000	1.855469	0.937500
9.840000	1.235352	0.844727
9.845000	0.668945	0.625000
9.850000	0.249023	0.410156
9.855000	-0.034180	0.239258
9.860000	-0.195312	-0.068359
9.865000	-0.146484	-0.468750
9.870000	0.151367	-0.527344
9.875000	0.493164	-0.268555
9.880000	0.659180	0.102539
9.885000	0.595703	0.415039
9.890000	0.317383	0.595703
9.895000	-0.083008	0.576172
9.900000	-0.449219	-0.083008
9.905000	-0.385742	-1.220703
9.910000	0.405273	-1.635742
9.915000	1.474609	-1.235352
9.920000	2.290039	-0.454102
9.925000	2.587891	0.292969
9.930000	2.397461	0.776367
9.935000	1.879883	0.937500
9.940000	1.254883	0.849609
9.945000	0.688477	0.634766
9.950000	0.258789	0.419922
9.955000	-0.024414	0.253906
9.960000	-0.190430	-0.048828
9.965000	-0.156250	-0.454102
9.970000	0.131836	-0.532227
9.975000	0.478516	-0.283203
9.980000	0.659180	0.083008
9.985000	0.600586	0.405273
9.990000	0.332031	0.590820
9.995000	-0.063477	0.581055
10.000000	-0.439453	-0.039062
