# Time_s	x	xdot
0.000000	-0.517578	-0.610352
0.005000	-0.097656	-1.567383
0.010000	0.922852	-1.567383
0.015000	1.953125	-0.932617
0.020000	2.563477	-0.097656
0.025000	2.631836	0.576172
0.030000	2.255859	0.927734
0.035000	1.635742	0.957031
0.040000	1.000977	0.781250
0.045000	0.473633	0.537109
0.050000	0.107422	0.327148
0.055000	-0.107422	0.122070
0.060000	-0.195312	-0.239258
0.065000	-0.034180	-0.507812
0.070000	0.288086	-0.400391
0.075000	0.541992	-0.073242
0.080000	0.590820	0.273438
0.085000	0.405273	0.522461
0.090000	0.053711	0.615234
0.095000	-0.351562	0.239258
0.100000	-0.488281	-0.849609
0.105000	0.063477	-1.630859
0.110000	1.132812	-1.469727
0.115000	2.099609	-0.766602
0.120000	2.597656	0.053711
0.125000	2.563477	0.668945
0.130000	2.128906	0.952148
0.135000	1.489258	0.932617
0.140000	0.874023	0.737305
0.145000	0.380859	0.488281
0.150000	0.043945	0.297852
0.155000	-0.156250	0.043945
0.160000	-0.180664	-0.356445
0.165000	0.043945	-0.527344
0.170000	0.385742	-0.341797
0.175000	0.610352	0.009766
0.180000	0.600586	0.346680
0.185000	0.366211	0.571289
0.190000	-0.014648	0.615234
0.195000	-0.410156	0.083008
0.200000	-0.449219	-1.069336
0.205000	0.249023	-1.674805
0.210000	1.342773	-1.376953
0.215000	2.250977	-0.615234
0.220000	2.651367	0.190430
0.225000	2.529297	0.751953
0.230000	2.036133	0.971680
0.235000	1.386719	0.908203
0.240000	0.786133	0.688477
0.245000	0.317383	0.449219
0.250000	0.014648	0.263672
0.255000	-0.166016	0.000000
0.260000	-0.166016	-0.380859
0.265000	0.078125	-0.498047
0.270000	0.405273	-0.288086
0.275000	0.590820	0.063477
0.280000	0.541992	0.380859
0.285000	0.288086	0.576172
0.290000	-0.097656	0.566406
0.295000	-0.458984	-0.117188
0.300000	-0.371094	-1.259766
0.305000	0.444336	-1.665039
0.310000	1.533203	-1.245117
0.315000	2.353516	-0.449219
0.320000	2.646484	0.322266
0.325000	2.441406	0.815430
0.330000	1.894531	0.971680
0.335000	1.245117	0.874023
0.340000	0.664062	0.639648
0.345000	0.234375	0.405273
0.350000	-0.048828	0.224609
0.355000	-0.190430	-0.097656
0.360000	-0.126953	-0.473633
0.365000	0.175781	-0.488281
0.370000	0.493164	-0.214844
0.375000	0.634766	0.146484
0.380000	0.532227	0.449219
0.385000	0.229492	0.615234
0.390000	-0.175781	0.507812
0.395000	-0.498047	-0.322266
0.400000	-0.268555	-1.420898
0.405000	0.654297	-1.645508
0.410000	1.728516	-1.123047
0.415000	2.475586	-0.292969
0.420000	2.661133	0.439453
0.425000	2.377930	0.874023
0.430000	1.796875	0.976562
0.435000	1.152344	0.839844
0.440000	0.590820	0.595703
0.445000	0.180664	0.371094
0.450000	-0.063477	0.185547
0.455000	-0.190430	-0.146484
0.460000	-0.092773	-0.478516
0.465000	0.209961	-0.449219
0.470000	0.498047	-0.161133
0.475000	0.605469	0.190430
0.480000	0.468750	0.473633
0.485000	0.146484	0.615234
0.490000	-0.258789	0.405273
0.495000	-0.512695	-0.556641
0.500000	-0.136719	-1.538086
0.505000	0.864258	-1.577148
0.510000	1.899414	-0.961914
0.515000	2.534180	-0.131836
0.520000	2.617188	0.551758
0.525000	2.260742	0.922852
0.530000	1.650391	0.957031
0.535000	1.015625	0.791016
0.540000	0.483398	0.546875
0.545000	0.112305	0.332031
0.550000	-0.117188	0.126953
0.555000	-0.200195	-0.258789
0.560000	-0.029297	-0.522461
0.565000	0.307617	-0.405273
0.570000	0.571289	-0.083008
0.575000	0.620117	0.273438
0.580000	0.439453	0.532227
0.585000	0.083008	0.625000
0.590000	-0.327148	0.288086
0.595000	-0.502930	-0.786133
0.600000	0.014648	-1.625977
0.605000	1.079102	-1.508789
0.610000	2.070312	-0.815430
0.615000	2.607422	0.009766
0.620000	2.597656	0.644531
0.625000	2.182617	0.947266
0.630000	1.547852	0.942383
0.635000	0.922852	0.751953
0.640000	0.415039	0.502930
0.645000	0.073242	0.302734
0.650000	-0.131836	0.083008
0.655000	-0.185547	-0.297852
0.660000	0.000000	-0.512695
0.665000	0.332031	-0.361328
0.670000	0.566406	-0.024414
0.675000	0.576172	0.317383
0.680000	0.366211	0.546875
0.685000	0.000000	0.615234
0.690000	-0.395508	0.122070
0.695000	-0.463867	-1.010742
0.700000	0.200195	-1.660156
0.705000	1.284180	-1.396484
0.710000	2.202148	-0.649414
0.715000	2.626953	0.156250
0.720000	2.524414	0.727539
0.725000	2.045898	0.966797
0.730000	1.401367	0.917969
0.735000	0.795898	0.698242
0.740000	0.322266	0.458984
0.745000	0.009766	0.268555
0.750000	-0.166016	-0.004883
0.755000	-0.166016	-0.400391
0.760000	0.087891	-0.522461
0.765000	0.424805	-0.297852
0.770000	0.620117	0.058594
0.775000	0.576172	0.385742
0.780000	0.317383	0.585938
0.785000	-0.073242	0.585938
0.790000	-0.449219	-0.053711
0.795000	-0.400391	-1.215820
0.800000	0.390625	-1.684570
0.805000	1.489258	-1.284180
0.810000	2.338867	-0.498047
0.815000	2.666016	0.283203
0.820000	2.485352	0.800781
0.825000	1.948242	0.976562
0.830000	1.298828	0.888672
0.835000	0.708008	0.654297
0.840000	0.268555	0.419922
0.845000	-0.014648	0.234375
0.850000	-0.175781	-0.048828
0.855000	-0.146484	-0.424805
0.860000	0.126953	-0.488281
0.865000	0.439453	-0.244141
0.870000	0.600586	0.112305
0.875000	0.522461	0.419922
0.880000	0.239258	0.595703
0.885000	-0.156250	0.522461
0.890000	-0.488281	-0.268555
0.895000	-0.302734	-1.376953
0.900000	0.595703	-1.645508
0.905000	1.674805	-1.147461
0.910000	2.431641	-0.332031
0.915000	2.641602	0.410156
0.920000	2.377930	0.859375
0.925000	1.806641	0.971680
0.930000	1.166992	0.849609
0.935000	0.600586	0.610352
0.940000	0.185547	0.375977
0.945000	-0.073242	0.185547
0.950000	-0.200195	-0.156250
0.955000	-0.092773	-0.498047
0.960000	0.224609	-0.468750
0.965000	0.527344	-0.170898
0.970000	0.629883	0.195312
0.975000	0.502930	0.478516
0.980000	0.180664	0.620117
0.985000	-0.234375	0.444336
0.990000	-0.512695	-0.493164
0.995000	-0.180664	-1.513672
1.000000	0.810547	-1.606445
1.005000	1.865234	-1.015625
1.010000	2.529297	-0.180664
1.015000	2.646484	0.522461
1.020000	2.309570	0.908203
1.025000	1.704102	0.966797
1.030000	1.064453	0.805664
1.035000	0.527344	0.561523
1.040000	0.141602	0.341797
1.045000	-0.092773	0.151367
1.050000	-0.195312	-0.200195
1.055000	-0.063477	-0.498047
1.060000	0.253906	-0.419922
1.065000	0.527344	-0.107422
1.070000	0.595703	0.244141
1.075000	0.434570	0.502930
1.080000	0.092773	0.615234
1.085000	-0.312500	0.317383
1.090000	-0.502930	-0.722656
1.095000	-0.024414	-1.596680
1.100000	1.020508	-1.523438
1.105000	2.016602	-0.849609
1.110000	2.578125	-0.024414
1.115000	2.592773	0.620117
1.120000	2.182617	0.942383
1.125000	1.562500	0.947266
1.130000	0.932617	0.761719
1.135000	0.424805	0.517578
1.140000	0.068359	0.312500
1.145000	-0.136719	0.078125
1.150000	-0.190430	-0.312500
1.155000	0.009766	-0.527344
1.160000	0.351562	-0.375977
1.165000	0.595703	-0.029297
1.170000	0.615234	0.317383
1.175000	0.395508	0.551758
1.180000	0.024414	0.620117
1.185000	-0.380859	0.175781
1.190000	-0.473633	-0.952148
1.195000	0.146484	-1.660156
1.200000	1.230469	-1.435547
1.205000	2.177734	-0.703125
1.210000	2.636719	0.117188
1.215000	2.558594	0.703125
1.220000	2.094727	0.961914
1.225000	1.455078	0.927734
1.230000	0.839844	0.717773
1.235000	0.361328	0.468750
1.240000	0.039062	0.283203
1.245000	-0.151367	0.034180
1.250000	-0.170898	-0.346680
1.255000	0.043945	-0.512695
1.260000	0.375977	-0.322266
1.265000	0.576172	0.024414
1.270000	0.561523	0.356445
1.275000	0.322266	0.566406
1.280000	-0.053711	0.590820
1.285000	-0.434570	-0.009766
1.290000	-0.415039	-1.166992
1.295000	0.336914	-1.669922
1.300000	1.425781	-1.308594
1.305000	2.299805	-0.537109
1.310000	2.646484	0.253906
1.315000	2.480469	0.781250
1.320000	1.958008	0.971680
1.325000	1.313477	0.893555
1.330000	0.722656	0.668945
1.335000	0.273438	0.429688
1.340000	-0.014648	0.239258
1.345000	-0.185547	-0.053711
1.350000	-0.141602	-0.439453
1.355000	0.141602	-0.502930
1.360000	0.463867	-0.253906
1.365000	0.625000	0.107422
1.370000	0.556641	0.424805
1.375000	0.268555	0.600586
1.380000	-0.131836	0.546875
1.385000	-0.483398	-0.209961
1.390000	-0.327148	-1.342773
1.395000	0.541992	-1.665039
1.400000	1.630859	-1.196289
1.405000	2.421875	-0.380859
1.410000	2.666016	0.375977
1.415000	2.426758	0.844727
1.420000	1.860352	0.976562
1.425000	1.215820	0.859375
1.430000	0.634766	0.620117
1.435000	0.219727	0.385742
1.440000	-0.048828	0.209961
1.445000	-0.185547	-0.102539
1.450000	-0.117188	-0.454102
1.455000	0.175781	-0.468750
1.460000	0.473633	-0.200195
1.465000	0.600586	0.156250
1.470000	0.493164	0.454102
1.475000	0.190430	0.610352
1.480000	-0.214844	0.463867
1.485000	-0.507812	-0.429688
1.490000	-0.209961	-1.479492
1.495000	0.751953	-1.611328
1.500000	1.806641	-1.044922
1.505000	2.495117	-0.214844
1.510000	2.631836	0.498047
1.515000	2.314453	0.893555
1.520000	1.718750	0.966797
1.525000	1.074219	0.815430
1.530000	0.532227	0.571289
1.535000	0.141602	0.351562
1.540000	-0.092773	0.151367
1.545000	-0.200195	-0.214844
1.550000	-0.058594	-0.517578
1.555000	0.273438	-0.434570
1.560000	0.556641	-0.117188
1.565000	0.625000	0.239258
1.570000	0.463867	0.507812
1.575000	0.126953	0.625000
1.580000	-0.288086	0.356445
1.585000	-0.512695	-0.659180
1.590000	-0.068359	-1.582031
1.595000	0.966797	-1.557617
1.600000	1.987305	-0.903320
1.605000	2.578125	-0.068359
1.610000	2.622070	0.595703
1.615000	2.236328	0.932617
1.620000	1.616211	0.957031
1.625000	0.981445	0.771484
1.630000	0.458984	0.527344
1.635000	0.102539	0.317383
1.640000	-0.117188	0.112305
1.645000	-0.190430	-0.253906
1.650000	-0.029297	-0.507812
1.655000	0.297852	-0.385742
1.660000	0.551758	-0.058594
1.665000	0.585938	0.283203
1.670000	0.395508	0.532227
1.675000	0.039062	0.615234
1.680000	-0.361328	0.209961
1.685000	-0.483398	-0.888672
1.690000	0.102539	-1.640625
1.695000	1.171875	-1.450195
1.700000	2.128906	-0.732422
1.705000	2.607422	0.083008
1.710000	2.553711	0.688477
1.715000	2.104492	0.957031
1.720000	1.469727	0.927734
1.725000	0.854492	0.727539
1.730000	0.366211	0.483398
1.735000	0.034180	0.288086
1.740000	-0.161133	0.029297
1.745000	-0.175781	-0.366211
1.750000	0.058594	-0.527344
1.755000	0.395508	-0.332031
1.760000	0.615234	0.024414
1.765000	0.595703	0.361328
1.770000	0.351562	0.576172
1.775000	-0.029297	0.610352
1.780000	-0.419922	0.048828
1.785000	-0.434570	-1.113281
1.790000	0.283203	-1.679688
1.795000	1.376953	-1.352539
1.800000	2.275391	-0.585938
1.805000	2.656250	0.214844
1.810000	2.514648	0.766602
1.815000	2.016602	0.971680
1.820000	1.362305	0.908203
1.825000	0.761719	0.678711
1.830000	0.302734	0.439453
1.835000	0.000000	0.258789
1.840000	-0.170898	-0.009766
1.845000	-0.161133	-0.395508
1.850000	0.092773	-0.493164
1.855000	0.415039	-0.278320
1.860000	0.590820	0.073242
1.865000	0.541992	0.395508
1.870000	0.273438	0.585938
1.875000	-0.117188	0.551758
1.880000	-0.473633	-0.156250
1.885000	-0.351562	-1.289062
1.890000	0.488281	-1.660156
1.895000	1.572266	-1.220703
1.900000	2.377930	-0.415039
1.905000	2.646484	0.346680
1.910000	2.426758	0.830078
1.915000	1.870117	0.976562
1.920000	1.230469	0.864258
1.925000	0.649414	0.629883
1.930000	0.219727	0.395508
1.935000	-0.048828	0.214844
1.940000	-0.195312	-0.112305
1.945000	-0.117188	-0.478516
1.950000	0.190430	-0.483398
1.955000	0.502930	-0.205078
1.960000	0.634766	0.161133
1.965000	0.527344	0.458984
1.970000	0.219727	0.610352
1.975000	-0.195312	0.493164
1.980000	-0.502930	-0.366211
1.985000	-0.249023	-1.445312
1.990000	0.693359	-1.635742
1.995000	1.767578	-1.093750
2.000000	2.485352	-0.263672
2.005000	2.661133	0.463867
2.010000	2.358398	0.883789
2.015000	1.772461	0.971680
2.020000	1.127930	0.830078
2.025000	0.571289	0.585938
2.030000	0.170898	0.361328
2.035000	-0.073242	0.175781
2.040000	-0.190430	-0.156250
2.045000	-0.087891	-0.483398
2.050000	0.219727	-0.439453
2.055000	0.507812	-0.151367
2.060000	0.605469	0.205078
2.065000	0.458984	0.483398
2.070000	0.136719	0.615234
2.075000	-0.273438	0.380859
2.080000	-0.507812	-0.600586
2.085000	-0.107422	-1.557617
2.090000	0.908203	-1.567383
2.095000	1.928711	-0.932617
2.100000	2.543945	-0.102539
2.105000	2.612305	0.571289
2.110000	2.241211	0.927734
2.115000	1.625977	0.957031
2.120000	0.996094	0.781250
2.125000	0.468750	0.537109
2.130000	0.102539	0.327148
2.135000	-0.122070	0.112305
2.140000	-0.195312	-0.273438
2.145000	-0.014648	-0.527344
2.150000	0.322266	-0.400391
2.155000	0.576172	-0.063477
2.160000	0.615234	0.288086
2.165000	0.424805	0.532227
2.170000	0.068359	0.625000
2.175000	-0.341797	0.258789
2.180000	-0.498047	-0.830078
2.185000	0.048828	-1.635742
2.190000	1.123047	-1.494141
2.195000	2.099609	-0.786133
2.200000	2.617188	0.039062
2.205000	2.592773	0.659180
2.210000	2.158203	0.957031
2.215000	1.523438	0.937500
2.220000	0.898438	0.742188
2.225000	0.400391	0.493164
2.230000	0.058594	0.297852
2.235000	-0.136719	0.073242
2.240000	-0.185547	-0.307617
2.245000	0.014648	-0.512695
2.250000	0.341797	-0.351562
2.255000	0.571289	-0.009766
2.260000	0.576172	0.327148
2.265000	0.356445	0.551758
2.270000	-0.014648	0.610352
2.275000	-0.405273	0.092773
2.280000	-0.449219	-1.054688
2.285000	0.234375	-1.665039
2.290000	1.318359	-1.372070
2.295000	2.231445	-0.620117
2.300000	2.631836	0.180664
2.305000	2.514648	0.747070
2.310000	2.026367	0.966797
2.315000	1.376953	0.908203
2.320000	0.776367	0.688477
2.325000	0.307617	0.454102
2.330000	0.000000	0.263672
2.335000	-0.170898	-0.014648
2.340000	-0.161133	-0.415039
2.345000	0.102539	-0.517578
2.350000	0.439453	-0.288086
2.355000	0.620117	0.073242
2.360000	0.571289	0.395508
2.365000	0.302734	0.590820
2.370000	-0.087891	0.576172
2.375000	-0.458984	-0.092773
2.380000	-0.380859	-1.250000
2.385000	0.429688	-1.679688
2.390000	1.523438	-1.264648
2.395000	2.363281	-0.468750
2.400000	2.666016	0.307617
2.405000	2.470703	0.810547
2.410000	1.923828	0.981445
2.415000	1.274414	0.878906
2.420000	0.688477	0.644531
2.425000	0.258789	0.410156
2.430000	-0.024414	0.229492
2.435000	-0.180664	-0.058594
2.440000	-0.136719	-0.434570
2.445000	0.131836	-0.483398
2.450000	0.454102	-0.229492
2.455000	0.605469	0.122070
2.460000	0.517578	0.424805
2.465000	0.224609	0.595703
2.470000	-0.170898	0.507812
2.475000	-0.493164	-0.312500
2.480000	-0.278320	-1.406250
2.485000	0.639648	-1.640625
2.490000	1.708984	-1.123047
2.495000	2.451172	-0.302734
2.500000	2.641602	0.434570
2.505000	2.363281	0.869141
2.510000	1.782227	0.971680
2.515000	1.142578	0.834961
2.520000	0.581055	0.600586
2.525000	0.175781	0.371094
2.530000	-0.078125	0.180664
2.535000	-0.200195	-0.170898
2.540000	-0.083008	-0.502930
2.545000	0.234375	-0.458984
2.550000	0.537109	-0.156250
2.555000	0.634766	0.209961
2.560000	0.488281	0.488281
2.565000	0.166016	0.620117
2.570000	-0.249023	0.419922
2.575000	-0.512695	-0.537109
2.580000	-0.151367	-1.538086
2.585000	0.849609	-1.596680
2.590000	1.894531	-0.986328
2.595000	2.543945	-0.151367
2.600000	2.641602	0.541992
2.605000	2.290039	0.913086
2.610000	1.679688	0.961914
2.615000	1.044922	0.795898
2.620000	0.507812	0.556641
2.625000	0.131836	0.336914
2.630000	-0.102539	0.141602
2.635000	-0.195312	-0.214844
2.640000	-0.053711	-0.498047
2.645000	0.263672	-0.410156
2.650000	0.532227	-0.097656
2.655000	0.595703	0.253906
2.660000	0.424805	0.512695
2.665000	0.078125	0.615234
2.670000	-0.322266	0.292969
2.675000	-0.498047	-0.766602
2.680000	0.004883	-1.611328
2.685000	1.059570	-1.503906
2.690000	2.045898	-0.820312
2.695000	2.587891	0.004883
2.700000	2.583008	0.639648
2.705000	2.167969	0.942383
2.710000	1.538086	0.942383
2.715000	0.913086	0.751953
2.720000	0.405273	0.502930
2.725000	0.063477	0.302734
2.730000	-0.141602	0.063477
2.735000	-0.190430	-0.327148
2.740000	0.024414	-0.527344
2.745000	0.366211	-0.361328
2.750000	0.600586	-0.009766
2.755000	0.610352	0.332031
2.760000	0.385742	0.556641
2.765000	0.009766	0.615234
2.770000	-0.390625	0.141602
2.775000	-0.468750	-0.996094
2.780000	0.185547	-1.665039
2.785000	1.264648	-1.416016
2.790000	2.207031	-0.668945
2.795000	2.641602	0.141602
2.800000	2.548828	0.722656
2.805000	2.075195	0.966797
2.810000	1.430664	0.927734
2.815000	0.820312	0.708008
2.820000	0.346680	0.463867
2.825000	0.029297	0.273438
2.830000	-0.156250	0.024414
2.835000	-0.170898	-0.361328
2.840000	0.058594	-0.507812
2.845000	0.385742	-0.312500
2.850000	0.581055	0.039062
2.855000	0.556641	0.366211
2.860000	0.307617	0.571289
2.865000	-0.068359	0.576172
2.870000	-0.449219	-0.043945
2.875000	-0.400391	-1.201172
2.880000	0.375977	-1.669922
2.885000	1.464844	-1.284180
2.890000	2.319336	-0.502930
2.895000	2.646484	0.278320
2.900000	2.470703	0.795898
2.905000	1.938477	0.971680
2.910000	1.284180	0.883789
2.915000	0.703125	0.654297
2.920000	0.258789	0.419922
2.925000	-0.029297	0.239258
2.930000	-0.190430	-0.073242
2.935000	-0.136719	-0.454102
2.940000	0.151367	-0.498047
2.945000	0.473633	-0.244141
2.950000	0.629883	0.122070
2.955000	0.546875	0.429688
2.960000	0.258789	0.605469
2.965000	-0.146484	0.532227
2.970000	-0.483398	-0.249023
2.975000	-0.317383	-1.367188
2.980000	0.581055	-1.660156
2.985000	1.669922	-1.171875
2.990000	2.441406	-0.351562
2.995000	2.666016	0.400391
3.000000	2.407227	0.854492
3.005000	1.840820	0.976562
3.010000	1.191406	0.849609
3.015000	0.620117	0.615234
3.020000	0.205078	0.380859
3.025000	-0.053711	0.205078
3.030000	-0.185547	-0.117188
3.035000	-0.112305	-0.468750
3.040000	0.185547	-0.463867
3.045000	0.483398	-0.185547
3.050000	0.605469	0.170898
3.055000	0.483398	0.458984
3.060000	0.175781	0.615234
3.065000	-0.234375	0.444336
3.070000	-0.507812	-0.473633
3.075000	-0.185547	-1.499023
3.080000	0.791016	-1.601562
3.085000	1.840820	-1.015625
3.090000	2.500000	-0.185547
3.095000	2.631836	0.517578
3.100000	2.294922	0.903320
3.105000	1.699219	0.966797
3.110000	1.054688	0.805664
3.115000	0.517578	0.566406
3.120000	0.131836	0.341797
3.125000	-0.107422	0.141602
3.130000	-0.200195	-0.224609
3.135000	-0.048828	-0.517578
3.140000	0.283203	-0.429688
3.145000	0.561523	-0.102539
3.150000	0.625000	0.253906
3.155000	0.458984	0.517578
3.160000	0.112305	0.625000
3.165000	-0.302734	0.336914
3.170000	-0.507812	-0.703125
3.175000	-0.039062	-1.601562
3.180000	1.005859	-1.542969
3.185000	2.011719	-0.874023
3.190000	2.587891	-0.043945
3.195000	2.617188	0.615234
3.200000	2.211914	0.937500
3.205000	1.586914	0.952148
3.210000	0.957031	0.766602
3.215000	0.449219	0.522461
3.220000	0.092773	0.312500
3.225000	-0.122070	0.107422
3.230000	-0.190430	-0.268555
3.235000	-0.019531	-0.507812
3.240000	0.312500	-0.380859
3.245000	0.556641	-0.048828
3.250000	0.585938	0.297852
3.255000	0.385742	0.537109
3.260000	0.024414	0.615234
3.265000	-0.371094	0.180664
3.270000	-0.478516	-0.932617
3.275000	0.131836	-1.645508
3.280000	1.215820	-1.430664
3.285000	2.158203	-0.703125
3.290000	2.617188	0.107422
3.295000	2.548828	0.698242
3.300000	2.084961	0.957031
3.305000	1.445312	0.927734
3.310000	0.834961	0.717773
3.315000	0.351562	0.473633
3.320000	0.024414	0.283203
3.325000	-0.161133	0.019531
3.330000	-0.170898	-0.375977
3.335000	0.068359	-0.527344
3.340000	0.410156	-0.322266
3.345000	0.615234	0.034180
3.350000	0.590820	0.366211
3.355000	0.341797	0.576172
3.360000	-0.043945	0.600586
3.365000	-0.434570	0.009766
3.370000	-0.424805	-1.147461
3.375000	0.317383	-1.679688
3.380000	1.416016	-1.328125
3.385000	2.299805	-0.551758
3.390000	2.666016	0.239258
3.395000	2.500000	0.776367
3.400000	1.992188	0.976562
3.405000	1.342773	0.898438
3.410000	0.747070	0.673828
3.415000	0.292969	0.429688
3.420000	-0.004883	0.249023
3.425000	-0.166016	-0.024414
3.430000	-0.156250	-0.405273
3.435000	0.097656	-0.493164
3.440000	0.424805	-0.263672
3.445000	0.595703	0.087891
3.450000	0.537109	0.405273
3.455000	0.263672	0.585938
3.460000	-0.131836	0.541992
3.465000	-0.478516	-0.190430
3.470000	-0.336914	-1.318359
3.475000	0.522461	-1.660156
3.480000	1.606445	-1.196289
3.485000	2.397461	-0.385742
3.490000	2.646484	0.371094
3.495000	2.412109	0.844727
3.500000	1.850586	0.976562
3.505000	1.210938	0.854492
3.510000	0.629883	0.620117
3.515000	0.209961	0.390625
3.520000	-0.058594	0.205078
3.525000	-0.195312	-0.126953
3.530000	-0.107422	-0.483398
3.535000	0.200195	-0.478516
3.540000	0.512695	-0.190430
3.545000	0.629883	0.175781
3.550000	0.517578	0.463867
3.555000	0.209961	0.615234
3.560000	-0.205078	0.473633
3.565000	-0.502930	-0.410156
3.570000	-0.224609	-1.474609
3.575000	0.727539	-1.630859
3.580000	1.801758	-1.064453
3.585000	2.500000	-0.234375
3.590000	2.656250	0.483398
3.595000	2.343750	0.888672
3.600000	1.748047	0.966797
3.605000	1.108398	0.825195
3.610000	0.556641	0.576172
3.615000	0.161133	0.356445
3.620000	-0.083008	0.170898
3.625000	-0.195312	-0.170898
3.630000	-0.083008	-0.488281
3.635000	0.229492	-0.434570
3.640000	0.512695	-0.136719
3.645000	0.600586	0.219727
3.650000	0.454102	0.493164
3.655000	0.122070	0.615234
3.660000	-0.283203	0.366211
3.665000	-0.507812	-0.644531
3.670000	-0.083008	-1.567383
3.675000	0.942383	-1.552734
3.680000	1.962891	-0.903320
3.685000	2.553711	-0.073242
3.690000	2.607422	0.590820
3.695000	2.221680	0.927734
3.700000	1.606445	0.957031
3.705000	0.971680	0.776367
3.710000	0.454102	0.532227
3.715000	0.092773	0.322266
3.720000	-0.126953	0.102539
3.725000	-0.195312	-0.288086
3.730000	-0.004883	-0.527344
3.735000	0.327148	-0.395508
3.740000	0.581055	-0.053711
3.745000	0.615234	0.297852
3.750000	0.415039	0.541992
3.755000	0.053711	0.625000
3.760000	-0.356445	0.229492
3.765000	-0.493164	-0.874023
3.770000	0.083008	-1.645508
3.775000	1.157227	-1.474609
3.780000	2.124023	-0.756836
3.785000	2.622070	0.063477
3.790000	2.583008	0.678711
3.795000	2.133789	0.957031
3.800000	1.499023	0.937500
3.805000	0.878906	0.732422
3.810000	0.385742	0.488281
3.815000	0.053711	0.292969
3.820000	-0.146484	0.058594
3.825000	-0.180664	-0.322266
3.830000	0.024414	-0.512695
3.835000	0.356445	-0.336914
3.840000	0.576172	0.000000
3.845000	0.571289	0.336914
3.850000	0.341797	0.556641
3.855000	-0.029297	0.600586
3.860000	-0.415039	0.058594
3.865000	-0.439453	-1.088867
3.870000	0.268555	-1.665039
3.875000	1.357422	-1.352539
3.880000	2.250977	-0.590820
3.885000	2.636719	0.209961
3.890000	2.500000	0.756836
3.895000	2.006836	0.966797
3.900000	1.352539	0.903320
3.905000	0.756836	0.683594
3.910000	0.292969	0.444336
3.915000	-0.009766	0.253906
3.920000	-0.175781	-0.034180
3.925000	-0.156250	-0.424805
3.930000	0.117188	-0.512695
3.935000	0.444336	-0.273438
3.940000	0.625000	0.083008
3.945000	0.566406	0.405273
3.950000	0.292969	0.595703
3.955000	-0.102539	0.571289
3.960000	-0.468750	-0.131836
3.965000	-0.366211	-1.279297
3.970000	0.463867	-1.674805
3.975000	1.562500	-1.240234
3.980000	2.382812	-0.439453
3.985000	2.670898	0.332031
3.990000	2.456055	0.825195
3.995000	1.904297	0.981445
4.000000	1.254883	0.869141
4.005000	0.673828	0.639648
4.010000	0.244141	0.405273
4.015000	-0.029297	0.224609
4.020000	-0.180664	-0.078125
4.025000	-0.131836	-0.444336
4.030000	0.151367	-0.478516
4.035000	0.458984	-0.219727
4.040000	0.600586	0.136719
4.045000	0.507812	0.439453
4.050000	0.214844	0.600586
4.055000	-0.190430	0.493164
4.060000	-0.498047	-0.351562
4.065000	-0.253906	-1.430664
4.070000	0.668945	-1.635742
4.075000	1.743164	-1.093750
4.080000	2.465820	-0.273438
4.085000	2.636719	0.454102
4.090000	2.343750	0.878906
4.095000	1.762695	0.971680
4.100000	1.118164	0.825195
4.105000	0.561523	0.590820
4.110000	0.166016	0.361328
4.115000	-0.087891	0.170898
4.120000	-0.200195	-0.185547
4.125000	-0.078125	-0.507812
4.130000	0.249023	-0.449219
4.135000	0.541992	-0.141602
4.140000	0.629883	0.219727
4.145000	0.483398	0.493164
4.150000	0.151367	0.625000
4.155000	-0.263672	0.400391
4.160000	-0.512695	-0.576172
4.165000	-0.126953	-1.552734
4.170000	0.888672	-1.582031
4.175000	1.928711	-0.961914
4.180000	2.553711	-0.122070
4.185000	2.636719	0.561523
4.190000	2.270508	0.927734
4.195000	1.660156	0.961914
4.200000	1.020508	0.791016
4.205000	0.493164	0.541992
4.210000	0.122070	0.332031
4.215000	-0.107422	0.131836
4.220000	-0.195312	-0.229492
4.225000	-0.043945	-0.502930
4.230000	0.278320	-0.400391
4.235000	0.537109	-0.083008
4.240000	0.590820	0.263672
4.245000	0.415039	0.517578
4.250000	0.068359	0.615234
4.255000	-0.336914	0.263672
4.260000	-0.498047	-0.810547
4.265000	0.039062	-1.621094
4.270000	1.098633	-1.489258
4.275000	2.075195	-0.791016
4.280000	2.597656	0.029297
4.285000	2.573242	0.654297
4.290000	2.143555	0.947266
4.295000	1.513672	0.932617
4.300000	0.893555	0.742188
4.305000	0.390625	0.498047
4.310000	0.053711	0.297852
4.315000	-0.146484	0.053711
4.320000	-0.185547	-0.341797
4.325000	0.034180	-0.527344
4.330000	0.375977	-0.351562
4.335000	0.605469	-0.004883
4.340000	0.600586	0.336914
4.345000	0.375977	0.561523
4.350000	-0.004883	0.615234
4.355000	-0.400391	0.112305
4.360000	-0.458984	-1.035156
4.365000	0.214844	-1.669922
4.370000	1.303711	-1.396484
4.375000	2.231445	-0.644531
4.380000	2.646484	0.166016
4.385000	2.543945	0.737305
4.390000	2.055664	0.966797
4.395000	1.411133	0.917969
4.400000	0.800781	0.698242
4.405000	0.332031	0.458984
4.410000	0.019531	0.268555
4.415000	-0.166016	0.009766
4.420000	-0.166016	-0.366211
4.425000	0.068359	-0.502930
4.430000	0.390625	-0.297852
4.435000	0.590820	0.053711
4.440000	0.546875	0.375977
4.445000	0.297852	0.576172
4.450000	-0.083008	0.576172
4.455000	-0.454102	-0.078125
4.460000	-0.385742	-1.235352
4.465000	0.415039	-1.665039
4.470000	1.499023	-1.264648
4.475000	2.338867	-0.473633
4.480000	2.646484	0.302734
4.485000	2.456055	0.805664
4.490000	1.918945	0.976562
4.495000	1.264648	0.878906
4.500000	0.683594	0.649414
4.505000	0.244141	0.415039
4.510000	-0.034180	0.229492
4.515000	-0.185547	-0.083008
4.520000	-0.131836	-0.463867
4.525000	0.161133	-0.493164
4.530000	0.483398	-0.229492
4.535000	0.629883	0.136719
4.540000	0.537109	0.439453
4.545000	0.244141	0.610352
4.550000	-0.166016	0.522461
4.555000	-0.493164	-0.288086
4.560000	-0.292969	-1.396484
4.565000	0.620117	-1.650391
4.570000	1.699219	-1.142578
4.575000	2.456055	-0.322266
4.580000	2.666016	0.424805
4.585000	2.392578	0.864258
4.590000	1.821289	0.976562
4.595000	1.171875	0.849609
4.600000	0.605469	0.605469
4.605000	0.195312	0.375977
4.610000	-0.063477	0.195312
4.615000	-0.190430	-0.131836
4.620000	-0.102539	-0.473633
4.625000	0.195312	-0.454102
4.630000	0.493164	-0.170898
4.635000	0.605469	0.180664
4.640000	0.478516	0.468750
4.645000	0.161133	0.615234
4.650000	-0.244141	0.424805
4.655000	-0.507812	-0.517578
4.660000	-0.161133	-1.518555
4.665000	0.830078	-1.586914
4.670000	1.870117	-0.986328
4.675000	2.514648	-0.156250
4.680000	2.626953	0.532227
4.685000	2.280273	0.913086
4.690000	1.669922	0.961914
4.695000	1.035156	0.800781
4.700000	0.498047	0.556641
4.705000	0.117188	0.336914
4.710000	-0.107422	0.131836
4.715000	-0.200195	-0.244141
4.720000	-0.039062	-0.522461
4.725000	0.297852	-0.415039
4.730000	0.571289	-0.092773
4.735000	0.625000	0.263672
4.740000	0.449219	0.522461
4.745000	0.102539	0.625000
4.750000	-0.317383	0.312500
4.755000	-0.502930	-0.747070
4.760000	-0.009766	-1.611328
4.765000	1.044922	-1.528320
4.770000	2.045898	-0.844727
4.775000	2.597656	-0.014648
4.780000	2.612305	0.629883
4.785000	2.192383	0.942383
4.790000	1.567383	0.947266
4.795000	0.942383	0.756836
4.800000	0.424805	0.512695
4.805000	0.078125	0.307617
4.810000	-0.126953	0.092773
4.815000	-0.185547	-0.283203
4.820000	-0.009766	-0.512695
4.825000	0.322266	-0.366211
4.830000	0.561523	-0.034180
4.835000	0.576172	0.307617
4.840000	0.375977	0.537109
4.845000	0.009766	0.615234
4.850000	-0.385742	0.151367
4.855000	-0.468750	-0.971680
4.860000	0.166016	-1.650391
4.865000	1.250000	-1.416016
4.870000	2.182617	-0.673828
4.875000	2.622070	0.136719
4.880000	2.534180	0.717773
4.885000	2.065430	0.961914
4.890000	1.420898	0.922852
4.895000	0.810547	0.708008
4.900000	0.336914	0.463867
4.905000	0.014648	0.273438
4.910000	-0.166016	0.004883
4.915000	-0.166016	-0.390625
4.920000	0.078125	-0.522461
4.925000	0.419922	-0.312500
4.930000	0.620117	0.053711
4.935000	0.581055	0.380859
4.940000	0.332031	0.581055
4.945000	-0.058594	0.595703
4.950000	-0.439453	-0.019531
4.955000	-0.410156	-1.191406
4.960000	0.356445	-1.684570
4.965000	1.455078	-1.308594
4.970000	2.324219	-0.522461
4.975000	2.666016	0.268555
4.980000	2.490234	0.791016
4.985000	1.972656	0.976562
4.990000	1.318359	0.888672
4.995000	0.727539	0.664062
5.000000	0.278320	0.424805
5.005000	-0.009766	0.244141
5.010000	-0.175781	-0.034180
5.015000	-0.151367	-0.415039
5.020000	0.112305	-0.493164
5.025000	0.434570	-0.253906
5.030000	0.595703	0.102539
5.035000	0.532227	0.410156
5.040000	0.253906	0.590820
5.045000	-0.141602	0.532227
5.050000	-0.478516	-0.229492
5.055000	-0.317383	-1.347656
5.060000	0.561523	-1.650391
5.065000	1.640625	-1.176758
5.070000	2.416992	-0.356445
5.075000	2.646484	0.390625
5.080000	2.397461	0.854492
5.085000	1.831055	0.976562
5.090000	1.186523	0.849609
5.095000	0.615234	0.615234
5.100000	0.195312	0.380859
5.105000	-0.063477	0.200195
5.110000	-0.195312	-0.141602
5.115000	-0.097656	-0.493164
5.120000	0.214844	-0.473633
5.125000	0.517578	-0.175781
5.130000	0.634766	0.180664
5.135000	0.507812	0.473633
5.140000	0.195312	0.615234
5.145000	-0.219727	0.458984
5.150000	-0.507812	-0.449219
5.155000	-0.200195	-1.494141
5.160000	0.771484	-1.621094
5.165000	1.831055	-1.040039
5.170000	2.514648	-0.205078
5.175000	2.651367	0.502930
5.180000	2.329102	0.903320
5.185000	1.728516	0.966797
5.190000	1.088867	0.815430
5.195000	0.541992	0.576172
5.200000	0.151367	0.351562
5.205000	-0.087891	0.161133
5.210000	-0.195312	-0.190430
5.215000	-0.073242	-0.493164
5.220000	0.239258	-0.429688
5.225000	0.522461	-0.122070
5.230000	0.600586	0.229492
5.235000	0.444336	0.498047
5.240000	0.112305	0.615234
5.245000	-0.297852	0.341797
5.250000	-0.502930	-0.683594
5.255000	-0.053711	-1.582031
5.260000	0.981445	-1.538086
5.265000	1.992188	-0.878906
5.270000	2.563477	-0.048828
5.275000	2.597656	0.605469
5.280000	2.207031	0.932617
5.285000	1.582031	0.952148
5.290000	0.957031	0.771484
5.295000	0.439453	0.522461
5.300000	0.078125	0.317383
5.305000	-0.131836	0.092773
5.310000	-0.195312	-0.297852
5.315000	0.000000	-0.527344
5.320000	0.336914	-0.380859
5.325000	0.590820	-0.043945
5.330000	0.615234	0.302734
5.335000	0.405273	0.541992
5.340000	0.039062	0.620117
5.345000	-0.366211	0.205078
5.350000	-0.483398	-0.913086
5.355000	0.112305	-1.650391
5.360000	1.196289	-1.455078
5.365000	2.153320	-0.732422
5.370000	2.631836	0.087891
5.375000	2.568359	0.693359
5.380000	2.119141	0.961914
5.385000	1.474609	0.927734
5.390000	0.859375	0.722656
5.395000	0.185547	0.371094
5.400000	-0.063477	0.190430
5.405000	-0.195312	-0.136719
5.410000	-0.097656	-0.478516
5.415000	0.205078	-0.454102
5.420000	0.493164	-0.166016
5.425000	0.605469	0.190430
5.430000	0.468750	0.468750
5.435000	0.151367	0.615234
5.440000	-0.249023	0.415039
5.445000	-0.507812	-0.537109
5.450000	-0.146484	-1.528320
5.455000	0.844727	-1.582031
5.460000	1.884766	-0.976562
5.465000	2.524414	-0.146484
5.470000	2.622070	0.541992
5.475000	2.265625	0.913086
5.480000	1.660156	0.961914
5.485000	1.025391	0.795898
5.490000	0.488281	0.546875
5.495000	0.117188	0.332031
5.500000	-0.112305	0.126953
5.505000	-0.200195	-0.249023
5.510000	-0.034180	-0.522461
5.515000	0.297852	-0.415039
5.520000	0.571289	-0.083008
5.525000	0.625000	0.268555
5.530000	0.444336	0.527344
5.535000	0.087891	0.625000
5.540000	-0.322266	0.297852
5.545000	-0.502930	-0.766602
5.550000	0.004883	-1.616211
5.555000	1.059570	-1.518555
5.560000	2.060547	-0.830078
5.565000	2.602539	-0.004883
5.570000	2.602539	0.634766
5.575000	2.182617	0.947266
5.580000	1.557617	0.947266
5.585000	0.932617	0.756836
5.590000	0.419922	0.507812
5.595000	0.073242	0.302734
5.600000	-0.126953	0.087891
5.605000	-0.185547	-0.292969
5.610000	-0.004883	-0.517578
5.615000	0.332031	-0.361328
5.620000	0.566406	-0.029297
5.625000	0.581055	0.307617
5.630000	0.371094	0.537109
5.635000	0.009766	0.615234
5.640000	-0.390625	0.141602
5.645000	-0.468750	-0.986328
5.650000	0.175781	-1.655273
5.655000	1.259766	-1.411133
5.660000	2.187500	-0.668945
5.665000	2.626953	0.141602
5.670000	2.534180	0.717773
5.675000	2.060547	0.966797
5.680000	1.420898	0.922852
5.685000	0.810547	0.703125
5.690000	0.332031	0.463867
5.695000	0.019531	0.278320
5.700000	-0.166016	0.009766
5.705000	-0.166016	-0.385742
5.710000	0.078125	-0.517578
5.715000	0.415039	-0.307617
5.720000	0.615234	0.053711
5.725000	0.576172	0.375977
5.730000	0.317383	0.576172
5.735000	-0.068359	0.585938
5.740000	-0.444336	-0.039062
5.745000	-0.400391	-1.196289
5.750000	0.375977	-1.674805
5.755000	1.464844	-1.293945
5.760000	2.324219	-0.507812
5.765000	2.656250	0.278320
5.770000	2.480469	0.791016
5.775000	1.953125	0.971680
5.780000	1.303711	0.888672
5.785000	0.712891	0.654297
5.790000	0.273438	0.419922
5.795000	-0.014648	0.239258
5.800000	-0.175781	-0.043945
5.805000	-0.146484	-0.419922
5.810000	0.122070	-0.488281
5.815000	0.444336	-0.249023
5.820000	0.600586	0.107422
5.825000	0.522461	0.415039
5.830000	0.249023	0.595703
5.835000	-0.146484	0.532227
5.840000	-0.483398	-0.244141
5.845000	-0.312500	-1.357422
5.850000	0.576172	-1.645508
5.855000	1.650391	-1.162109
5.860000	2.416992	-0.346680
5.865000	2.641602	0.395508
5.870000	2.387695	0.849609
5.875000	1.821289	0.971680
5.880000	1.176758	0.849609
5.885000	0.610352	0.610352
5.890000	0.195312	0.380859
5.895000	-0.063477	0.195312
5.900000	-0.195312	-0.141602
5.905000	-0.102539	-0.483398
5.910000	0.205078	-0.468750
5.915000	0.507812	-0.175781
5.920000	0.620117	0.180664
5.925000	0.498047	0.468750
5.930000	0.185547	0.610352
5.935000	-0.224609	0.449219
5.940000	-0.507812	-0.463867
5.945000	-0.190430	-1.494141
5.950000	0.781250	-1.606445
5.955000	1.835938	-1.025391
5.960000	2.504883	-0.195312
5.965000	2.636719	0.507812
5.970000	2.309570	0.898438
5.975000	1.708984	0.966797
5.980000	1.069336	0.805664
5.985000	0.527344	0.566406
5.990000	0.141602	0.341797
5.995000	-0.092773	0.156250
6.000000	-0.195312	-0.195312
6.005000	-0.063477	-0.502930
6.010000	0.253906	-0.424805
6.015000	0.532227	-0.117188
6.020000	0.605469	0.239258
6.025000	0.439453	0.498047
6.030000	0.107422	0.615234
6.035000	-0.302734	0.332031
6.040000	-0.502930	-0.693359
6.045000	-0.043945	-1.582031
6.050000	0.991211	-1.528320
6.055000	1.997070	-0.869141
6.060000	2.558594	-0.039062
6.065000	2.592773	0.610352
6.070000	2.197266	0.932617
6.075000	1.572266	0.947266
6.080000	0.947266	0.761719
6.085000	0.434570	0.517578
6.090000	0.078125	0.312500
6.095000	-0.131836	0.092773
6.100000	-0.190430	-0.292969
6.105000	-0.004883	-0.517578
6.110000	0.332031	-0.380859
6.115000	0.576172	-0.039062
6.120000	0.605469	0.302734
6.125000	0.395508	0.537109
6.130000	0.029297	0.615234
6.135000	-0.371094	0.185547
6.140000	-0.478516	-0.932617
6.145000	0.126953	-1.650391
6.150000	1.210938	-1.440430
6.155000	2.158203	-0.712891
6.160000	2.626953	0.097656
6.165000	2.558594	0.698242
6.170000	2.099609	0.957031
6.175000	1.459961	0.927734
6.180000	0.844727	0.722656
6.185000	0.356445	0.473633
6.190000	0.034180	0.283203
6.195000	-0.151367	0.034180
6.200000	-0.175781	-0.351562
6.205000	0.048828	-0.517578
6.210000	0.380859	-0.322266
6.215000	0.590820	0.019531
6.220000	0.571289	0.356445
6.225000	0.332031	0.571289
6.230000	-0.048828	0.595703
6.235000	-0.429688	0.009766
6.240000	-0.424805	-1.142578
6.245000	0.317383	-1.669922
6.250000	1.406250	-1.323242
6.255000	2.285156	-0.551758
6.260000	2.646484	0.239258
6.265000	2.490234	0.776367
6.270000	1.982422	0.971680
6.275000	1.328125	0.893555
6.280000	0.732422	0.668945
6.285000	0.283203	0.429688
6.290000	-0.009766	0.253906
6.295000	-0.175781	-0.039062
6.300000	-0.146484	-0.424805
6.305000	0.117188	-0.502930
6.310000	0.444336	-0.263672
6.315000	0.615234	0.097656
6.320000	0.546875	0.415039
6.325000	0.273438	0.595703
6.330000	-0.126953	0.551758
6.335000	-0.478516	-0.185547
6.340000	-0.336914	-1.323242
6.345000	0.517578	-1.665039
6.350000	1.606445	-1.210938
6.355000	2.402344	-0.395508
6.360000	2.661133	0.366211
6.365000	2.426758	0.839844
6.370000	1.865234	0.976562
6.375000	1.220703	0.859375
6.380000	0.644531	0.625000
6.385000	0.219727	0.390625
6.390000	-0.048828	0.209961
6.395000	-0.190430	-0.102539
6.400000	-0.117188	-0.463867
6.405000	0.175781	-0.478516
6.410000	0.483398	-0.200195
6.415000	0.615234	0.161133
6.420000	0.502930	0.454102
6.425000	0.200195	0.615234
6.430000	-0.205078	0.473633
6.435000	-0.502930	-0.405273
6.440000	-0.224609	-1.464844
6.445000	0.727539	-1.621094
6.450000	1.791992	-1.059570
6.455000	2.490234	-0.234375
6.460000	2.641602	0.478516
6.465000	2.329102	0.888672
6.470000	1.738281	0.966797
6.475000	1.093750	0.820312
6.480000	0.546875	0.576172
6.485000	0.151367	0.356445
6.490000	-0.087891	0.166016
6.495000	-0.195312	-0.195312
6.500000	-0.068359	-0.502930
6.505000	0.253906	-0.439453
6.510000	0.537109	-0.131836
6.515000	0.615234	0.229492
6.520000	0.463867	0.498047
6.525000	0.131836	0.620117
6.530000	-0.283203	0.371094
6.535000	-0.507812	-0.634766
6.540000	-0.087891	-1.572266
6.545000	0.937500	-1.557617
6.550000	1.962891	-0.917969
6.555000	2.563477	-0.083008
6.560000	2.617188	0.581055
6.565000	2.236328	0.927734
6.570000	1.621094	0.957031
6.575000	0.986328	0.776367
6.580000	0.463867	0.532227
6.585000	0.102539	0.322266
6.590000	-0.117188	0.117188
6.595000	-0.195312	-0.258789
6.600000	-0.024414	-0.517578
6.605000	0.302734	-0.395508
6.610000	0.561523	-0.063477
6.615000	0.600586	0.288086
6.620000	0.405273	0.527344
6.625000	0.053711	0.615234
6.630000	-0.356445	0.229492
6.635000	-0.488281	-0.864258
6.640000	0.078125	-1.640625
6.645000	1.152344	-1.464844
6.650000	2.114258	-0.751953
6.655000	2.607422	0.063477
6.660000	2.563477	0.678711
6.665000	2.124023	0.957031
6.670000	1.489258	0.932617
6.675000	0.869141	0.732422
6.680000	0.375977	0.483398
6.685000	0.043945	0.288086
6.690000	-0.151367	0.048828
6.695000	-0.180664	-0.346680
6.700000	0.039062	-0.522461
6.705000	0.375977	-0.336914
6.710000	0.595703	0.004883
6.715000	0.590820	0.346680
6.720000	0.351562	0.566406
6.725000	-0.019531	0.610352
6.730000	-0.415039	0.063477
6.735000	-0.444336	-1.083984
6.740000	0.263672	-1.674805
6.745000	1.357422	-1.362305
6.750000	2.255859	-0.600586
6.755000	2.651367	0.200195
6.760000	2.514648	0.756836
6.765000	2.021484	0.971680
6.770000	1.372070	0.908203
6.775000	0.771484	0.688477
6.780000	0.307617	0.444336
6.785000	0.004883	0.263672
6.790000	-0.166016	-0.009766
6.795000	-0.161133	-0.395508
6.800000	0.092773	-0.502930
6.805000	0.415039	-0.283203
6.810000	0.600586	0.068359
6.815000	0.546875	0.390625
6.820000	0.283203	0.581055
6.825000	-0.107422	0.561523
6.830000	-0.463867	-0.131836
6.835000	-0.366211	-1.274414
6.840000	0.468750	-1.665039
6.845000	1.557617	-1.240234
6.850000	2.373047	-0.434570
6.855000	2.656250	0.332031
6.860000	2.436523	0.825195
6.865000	1.889648	0.976562
6.870000	1.245117	0.864258
6.875000	0.664062	0.634766
6.880000	0.234375	0.400391
6.885000	-0.043945	0.219727
6.890000	-0.185547	-0.092773
6.895000	-0.126953	-0.458984
6.900000	0.170898	-0.483398
6.905000	0.483398	-0.214844
6.910000	0.615234	0.146484
6.915000	0.522461	0.449219
6.920000	0.219727	0.610352
6.925000	-0.185547	0.498047
6.930000	-0.498047	-0.341797
6.935000	-0.258789	-1.430664
6.940000	0.668945	-1.640625
6.945000	1.743164	-1.103516
6.950000	2.475586	-0.278320
6.955000	2.651367	0.454102
6.960000	2.358398	0.878906
6.965000	1.777344	0.971680
6.970000	1.132812	0.834961
6.975000	0.576172	0.590820
6.980000	0.175781	0.366211
6.985000	-0.073242	0.180664
6.990000	-0.195312	-0.166016
6.995000	-0.087891	-0.493164
7.000000	0.224609	-0.444336
7.005000	0.517578	-0.151367
7.010000	0.610352	0.209961
7.015000	0.468750	0.483398
7.020000	0.141602	0.615234
7.025000	-0.263672	0.395508
7.030000	-0.512695	-0.576172
7.035000	-0.126953	-1.547852
7.040000	0.883789	-1.577148
7.045000	1.918945	-0.952148
7.050000	2.543945	-0.117188
7.055000	2.622070	0.561523
7.060000	2.255859	0.922852
7.065000	1.645508	0.957031
7.070000	1.010742	0.791016
7.075000	0.478516	0.541992
7.080000	0.107422	0.332031
7.085000	-0.112305	0.122070
7.090000	-0.195312	-0.253906
7.095000	-0.029297	-0.517578
7.100000	0.297852	-0.405273
7.105000	0.566406	-0.083008
7.110000	0.615234	0.273438
7.115000	0.424805	0.527344
7.120000	0.073242	0.620117
7.125000	-0.332031	0.273438
7.130000	-0.498047	-0.805664
7.135000	0.034180	-1.625977
7.140000	1.098633	-1.499023
7.145000	2.080078	-0.800781
7.150000	2.602539	0.024414
7.155000	2.587891	0.654297
7.160000	2.163086	0.952148
7.165000	1.528320	0.937500
7.170000	0.903320	0.747070
7.175000	0.400391	0.498047
7.180000	0.058594	0.302734
7.185000	-0.136719	0.068359
7.190000	-0.185547	-0.312500
7.195000	0.014648	-0.517578
7.200000	0.346680	-0.356445
7.205000	0.576172	-0.009766
7.210000	0.585938	0.327148
7.215000	0.366211	0.551758
7.220000	-0.004883	0.610352
7.225000	-0.405273	0.107422
7.230000	-0.454102	-1.035156
7.235000	0.214844	-1.665039
7.240000	1.303711	-1.386719
7.245000	2.221680	-0.639648
7.250000	2.636719	0.166016
7.255000	2.524414	0.737305
7.260000	2.041016	0.966797
7.265000	1.396484	0.913086
7.270000	0.791016	0.698242
7.275000	0.322266	0.454102
7.280000	0.009766	0.263672
7.285000	-0.166016	-0.004883
7.290000	-0.166016	-0.395508
7.295000	0.087891	-0.512695
7.300000	0.419922	-0.292969
7.305000	0.615234	0.058594
7.310000	0.566406	0.385742
7.315000	0.307617	0.581055
7.320000	-0.083008	0.576172
7.325000	-0.454102	-0.078125
7.330000	-0.390625	-1.235352
7.335000	0.410156	-1.674805
7.340000	1.508789	-1.269531
7.345000	2.348633	-0.478516
7.350000	2.656250	0.297852
7.355000	2.465820	0.805664
7.360000	1.933594	0.976562
7.365000	1.279297	0.883789
7.370000	0.693359	0.649414
7.375000	0.253906	0.410156
7.380000	-0.029297	0.234375
7.385000	-0.185547	-0.068359
7.390000	-0.136719	-0.439453
7.395000	0.141602	-0.488281
7.400000	0.458984	-0.234375
7.405000	0.615234	0.126953
7.410000	0.527344	0.429688
7.415000	0.234375	0.600586
7.420000	-0.166016	0.512695
7.425000	-0.493164	-0.288086
7.430000	-0.288086	-1.391602
7.435000	0.620117	-1.645508
7.440000	1.694336	-1.137695
7.445000	2.451172	-0.312500
7.450000	2.651367	0.419922
7.455000	2.377930	0.864258
7.460000	1.801758	0.976562
7.465000	1.162109	0.844727
7.470000	0.595703	0.605469
7.475000	0.185547	0.375977
7.480000	-0.073242	0.185547
7.485000	-0.195312	-0.151367
7.490000	-0.092773	-0.488281
7.495000	0.219727	-0.463867
7.500000	0.517578	-0.166016
7.505000	0.615234	0.195312
7.510000	0.488281	0.478516
7.515000	0.166016	0.615234
7.520000	-0.244141	0.429688
7.525000	-0.512695	-0.512695
7.530000	-0.161133	-1.523438
7.535000	0.830078	-1.596680
7.540000	1.879883	-0.991211
7.545000	2.529297	-0.161133
7.550000	2.636719	0.532227
7.555000	2.290039	0.913086
7.560000	1.689453	0.966797
7.565000	1.049805	0.800781
7.570000	0.507812	0.556641
7.575000	0.131836	0.341797
7.580000	-0.102539	0.141602
7.585000	-0.195312	-0.219727
7.590000	-0.053711	-0.507812
7.595000	0.273438	-0.415039
7.600000	0.541992	-0.097656
7.605000	0.610352	0.258789
7.610000	0.434570	0.512695
7.615000	0.092773	0.615234
7.620000	-0.317383	0.307617
7.625000	-0.502930	-0.747070
7.630000	-0.009766	-1.606445
7.635000	1.040039	-1.518555
7.640000	2.041016	-0.839844
7.645000	2.587891	-0.009766
7.650000	2.592773	0.629883
7.655000	2.182617	0.937500
7.660000	1.557617	0.942383
7.665000	0.927734	0.756836
7.670000	0.419922	0.507812
7.675000	0.068359	0.307617
7.680000	-0.136719	0.078125
7.685000	-0.185547	-0.307617
7.690000	0.004883	-0.517578
7.695000	0.341797	-0.366211
7.700000	0.581055	-0.024414
7.705000	0.600586	0.317383
7.710000	0.385742	0.551758
7.715000	0.014648	0.615234
7.720000	-0.385742	0.156250
7.725000	-0.473633	-0.976562
7.730000	0.166016	-1.655273
7.735000	1.250000	-1.420898
7.740000	2.187500	-0.683594
7.745000	2.631836	0.126953
7.750000	2.548828	0.717773
7.755000	2.080078	0.966797
7.760000	1.435547	0.927734
7.765000	0.825195	0.712891
7.770000	0.346680	0.463867
7.775000	0.024414	0.278320
7.780000	-0.161133	0.024414
7.785000	-0.170898	-0.366211
7.790000	0.058594	-0.512695
7.795000	0.390625	-0.312500
7.800000	0.590820	0.039062
7.805000	0.571289	0.366211
7.810000	0.317383	0.576172
7.815000	-0.068359	0.590820
7.820000	-0.439453	-0.024414
7.825000	-0.410156	-1.186523
7.830000	0.361328	-1.674805
7.835000	1.455078	-1.298828
7.840000	2.314453	-0.517578
7.845000	2.651367	0.268555
7.850000	2.480469	0.791016
7.855000	1.958008	0.976562
7.860000	1.303711	0.888672
7.865000	0.717773	0.659180
7.870000	0.268555	0.424805
7.875000	-0.014648	0.239258
7.880000	-0.180664	-0.053711
7.885000	-0.141602	-0.439453
7.890000	0.136719	-0.498047
7.895000	0.458984	-0.249023
7.900000	0.615234	0.112305
7.905000	0.541992	0.419922
7.910000	0.258789	0.595703
7.915000	-0.146484	0.537109
7.920000	-0.483398	-0.229492
7.925000	-0.317383	-1.352539
7.930000	0.561523	-1.660156
7.935000	1.645508	-1.181641
7.940000	2.426758	-0.361328
7.945000	2.661133	0.390625
7.950000	2.407227	0.849609
7.955000	1.845703	0.976562
7.960000	1.196289	0.849609
7.965000	0.620117	0.615234
7.970000	0.205078	0.385742
7.975000	-0.053711	0.205078
7.980000	-0.190430	-0.122070
7.985000	-0.107422	-0.473633
7.990000	0.190430	-0.468750
7.995000	0.493164	-0.185547
8.000000	0.615234	0.175781
8.005000	0.493164	0.458984
8.010000	0.185547	0.615234
8.015000	-0.219727	0.454102
8.020000	-0.507812	-0.454102
8.025000	-0.200195	-1.489258
8.030000	0.771484	-1.611328
8.035000	1.831055	-1.030273
8.040000	2.504883	-0.200195
8.045000	2.641602	0.502930
8.050000	2.309570	0.898438
8.055000	1.713867	0.966797
8.060000	1.074219	0.810547
8.065000	0.527344	0.571289
8.070000	0.141602	0.346680
8.075000	-0.097656	0.151367
8.080000	-0.200195	-0.209961
8.085000	-0.058594	-0.512695
8.090000	0.268555	-0.429688
8.095000	0.541992	-0.112305
8.100000	0.615234	0.244141
8.105000	0.454102	0.507812
8.110000	0.112305	0.625000
8.115000	-0.297852	0.341797
8.120000	-0.507812	-0.683594
8.125000	-0.048828	-1.591797
8.130000	0.986328	-1.542969
8.135000	2.001953	-0.883789
8.140000	2.578125	-0.048828
8.145000	2.612305	0.610352
8.150000	2.216797	0.932617
8.155000	1.591797	0.952148
8.160000	0.961914	0.766602
8.165000	0.449219	0.522461
8.170000	0.092773	0.317383
8.175000	-0.126953	0.102539
8.180000	-0.190430	-0.278320
8.185000	-0.009766	-0.517578
8.190000	0.322266	-0.380859
8.195000	0.566406	-0.048828
8.200000	0.595703	0.297852
8.205000	0.390625	0.537109
8.210000	0.034180	0.615234
8.215000	-0.366211	0.195312
8.220000	-0.478516	-0.917969
8.225000	0.117188	-1.645508
8.230000	1.196289	-1.445312
8.235000	2.148438	-0.722656
8.240000	2.622070	0.097656
8.245000	2.558594	0.693359
8.250000	2.099609	0.957031
8.255000	1.464844	0.927734
8.260000	0.849609	0.722656
8.265000	0.361328	0.478516
8.270000	0.034180	0.288086
8.275000	-0.156250	0.034180
8.280000	-0.175781	-0.361328
8.285000	0.053711	-0.517578
8.290000	0.385742	-0.327148
8.295000	0.600586	0.024414
8.300000	0.576172	0.361328
8.305000	0.336914	0.571289
8.310000	-0.039062	0.600586
8.315000	-0.429688	0.024414
8.320000	-0.429688	-1.132812
8.325000	0.307617	-1.674805
8.330000	1.401367	-1.337891
8.335000	2.285156	-0.561523
8.340000	2.656250	0.234375
8.345000	2.504883	0.771484
8.350000	1.992188	0.971680
8.355000	1.342773	0.898438
8.360000	0.742188	0.673828
8.365000	0.292969	0.439453
8.370000	-0.004883	0.253906
8.375000	-0.170898	-0.024414
8.380000	-0.156250	-0.410156
8.385000	0.107422	-0.498047
8.390000	0.434570	-0.268555
8.395000	0.610352	0.087891
8.400000	0.541992	0.405273
8.405000	0.268555	0.595703
8.410000	-0.122070	0.551758
8.415000	-0.478516	-0.175781
8.420000	-0.341797	-1.313477
8.425000	0.512695	-1.665039
8.430000	1.596680	-1.210938
8.435000	2.397461	-0.400391
8.440000	2.656250	0.361328
8.445000	2.426758	0.839844
8.450000	1.870117	0.976562
8.455000	1.225586	0.859375
8.460000	0.639648	0.625000
8.465000	0.219727	0.395508
8.470000	-0.048828	0.209961
8.475000	-0.190430	-0.112305
8.480000	-0.117188	-0.473633
8.485000	0.180664	-0.478516
8.490000	0.493164	-0.200195
8.495000	0.620117	0.161133
8.500000	0.512695	0.458984
8.505000	0.205078	0.615234
8.510000	-0.205078	0.478516
8.515000	-0.502930	-0.395508
8.520000	-0.234375	-1.459961
8.525000	0.717773	-1.625977
8.530000	1.787109	-1.074219
8.535000	2.490234	-0.244141
8.540000	2.651367	0.478516
8.545000	2.343750	0.888672
8.550000	1.748047	0.966797
8.555000	1.108398	0.825195
8.560000	0.556641	0.576172
8.565000	0.161133	0.356445
8.570000	-0.087891	0.166016
8.575000	-0.195312	-0.175781
8.580000	-0.073242	-0.498047
8.585000	0.244141	-0.439453
8.590000	0.527344	-0.136719
8.595000	0.615234	0.219727
8.600000	0.458984	0.493164
8.605000	0.126953	0.615234
8.610000	-0.283203	0.371094
8.615000	-0.507812	-0.625000
8.620000	-0.092773	-1.567383
8.625000	0.932617	-1.562500
8.630000	1.953125	-0.922852
8.635000	2.558594	-0.083008
8.640000	2.617188	0.581055
8.645000	2.236328	0.927734
8.650000	1.621094	0.957031
8.655000	0.986328	0.776367
8.660000	0.463867	0.537109
8.665000	0.102539	0.327148
8.670000	-0.122070	0.112305
8.675000	-0.190430	-0.263672
8.680000	-0.019531	-0.517578
8.685000	0.312500	-0.395508
8.690000	0.566406	-0.063477
8.695000	0.610352	0.288086
8.700000	0.415039	0.537109
8.705000	0.058594	0.620117
8.710000	-0.351562	0.239258
8.715000	-0.493164	-0.859375
8.720000	0.068359	-1.640625
8.725000	1.147461	-1.474609
8.730000	2.114258	-0.766602
8.735000	2.617188	0.053711
8.740000	2.578125	0.673828
8.745000	2.138672	0.957031
8.750000	1.503906	0.937500
8.755000	0.878906	0.732422
8.760000	0.385742	0.488281
8.765000	0.053711	0.297852
8.770000	-0.146484	0.058594
8.775000	-0.180664	-0.327148
8.780000	0.029297	-0.517578
8.785000	0.361328	-0.346680
8.790000	0.585938	0.000000
8.795000	0.581055	0.341797
8.800000	0.351562	0.561523
8.805000	-0.019531	0.610352
8.810000	-0.410156	0.068359
8.815000	-0.444336	-1.079102
8.820000	0.258789	-1.665039
8.825000	1.342773	-1.362305
8.830000	2.246094	-0.605469
8.835000	2.641602	0.200195
8.840000	2.514648	0.751953
8.845000	2.016602	0.966797
8.850000	1.372070	0.908203
8.855000	0.771484	0.688477
8.860000	0.307617	0.444336
8.865000	0.000000	0.263672
8.870000	-0.166016	-0.014648
8.875000	-0.161133	-0.405273
8.880000	0.102539	-0.512695
8.885000	0.429688	-0.283203
8.890000	0.615234	0.073242
8.895000	0.561523	0.395508
8.900000	0.292969	0.585938
8.905000	-0.097656	0.571289
8.910000	-0.463867	-0.122070
8.915000	-0.371094	-1.269531
8.920000	0.454102	-1.669922
8.925000	1.547852	-1.245117
8.930000	2.368164	-0.439453
8.935000	2.666016	0.322266
8.940000	2.451172	0.820312
8.945000	1.904297	0.976562
8.950000	1.254883	0.874023
8.955000	0.673828	0.639648
8.960000	0.239258	0.405273
8.965000	-0.039062	0.224609
8.970000	-0.185547	-0.083008
8.975000	-0.126953	-0.449219
8.980000	0.156250	-0.478516
8.985000	0.468750	-0.224609
8.990000	0.615234	0.141602
8.995000	0.517578	0.439453
9.000000	0.224609	0.605469
9.005000	-0.175781	0.498047
9.010000	-0.498047	-0.336914
9.015000	-0.263672	-1.425781
9.020000	0.659180	-1.640625
9.025000	1.738281	-1.108398
9.030000	2.465820	-0.283203
9.035000	2.651367	0.449219
9.040000	2.358398	0.874023
9.045000	1.782227	0.976562
9.050000	1.132812	0.834961
9.055000	0.576172	0.595703
9.060000	0.175781	0.371094
9.065000	-0.078125	0.175781
9.070000	-0.195312	-0.166016
9.075000	-0.087891	-0.498047
9.080000	0.229492	-0.449219
9.085000	0.527344	-0.151367
9.090000	0.620117	0.209961
9.095000	0.478516	0.483398
9.100000	0.151367	0.620117
9.105000	-0.253906	0.405273
9.110000	-0.512695	-0.566406
9.115000	-0.131836	-1.542969
9.120000	0.878906	-1.582031
9.125000	1.914062	-0.961914
9.130000	2.543945	-0.126953
9.135000	2.631836	0.556641
9.140000	2.265625	0.922852
9.145000	1.660156	0.961914
9.150000	1.020508	0.791016
9.155000	0.488281	0.546875
9.160000	0.117188	0.332031
9.165000	-0.107422	0.131836
9.170000	-0.195312	-0.239258
9.175000	-0.039062	-0.512695
9.180000	0.288086	-0.405273
9.185000	0.551758	-0.087891
9.190000	0.605469	0.263672
9.195000	0.424805	0.517578
9.200000	0.073242	0.625000
9.205000	-0.332031	0.278320
9.210000	-0.498047	-0.795898
9.215000	0.029297	-1.621094
9.220000	1.088867	-1.499023
9.225000	2.075195	-0.805664
9.230000	2.597656	0.024414
9.235000	2.587891	0.649414
9.240000	2.158203	0.947266
9.245000	1.528320	0.942383
9.250000	0.903320	0.747070
9.255000	0.400391	0.498047
9.260000	0.063477	0.302734
9.265000	-0.141602	0.068359
9.270000	-0.190430	-0.322266
9.275000	0.024414	-0.517578
9.280000	0.356445	-0.356445
9.285000	0.590820	-0.014648
9.290000	0.595703	0.327148
9.295000	0.371094	0.556641
9.300000	-0.004883	0.615234
9.305000	-0.400391	0.117188
9.310000	-0.458984	-1.020508
9.315000	0.209961	-1.665039
9.320000	1.289062	-1.396484
9.325000	2.216797	-0.644531
9.330000	2.641602	0.166016
9.335000	2.534180	0.732422
9.340000	2.050781	0.966797
9.345000	1.406250	0.917969
9.350000	0.800781	0.698242
9.355000	0.327148	0.458984
9.360000	0.014648	0.268555
9.365000	-0.166016	0.004883
9.370000	-0.166016	-0.385742
9.375000	0.078125	-0.512695
9.380000	0.410156	-0.297852
9.385000	0.605469	0.053711
9.390000	0.561523	0.375977
9.395000	0.302734	0.576172
9.400000	-0.083008	0.576172
9.405000	-0.449219	-0.068359
9.410000	-0.390625	-1.225586
9.415000	0.400391	-1.669922
9.420000	1.494141	-1.269531
9.425000	2.343750	-0.483398
9.430000	2.656250	0.297852
9.435000	2.465820	0.805664
9.440000	1.933594	0.976562
9.445000	1.279297	0.883789
9.450000	0.693359	0.649414
9.455000	0.258789	0.415039
9.460000	-0.029297	0.229492
9.465000	-0.185547	-0.068359
9.470000	-0.131836	-0.444336
9.475000	0.146484	-0.493164
9.480000	0.463867	-0.234375
9.485000	0.615234	0.126953
9.490000	0.537109	0.434570
9.495000	0.244141	0.605469
9.500000	-0.161133	0.522461
9.505000	-0.493164	-0.278320
9.510000	-0.292969	-1.391602
9.515000	0.610352	-1.650391
9.520000	1.694336	-1.147461
9.525000	2.446289	-0.327148
9.530000	2.656250	0.415039
9.535000	2.387695	0.859375
9.540000	1.816406	0.976562
9.545000	1.166992	0.849609
9.550000	0.605469	0.610352
9.555000	0.190430	0.375977
9.560000	-0.063477	0.195312
9.565000	-0.190430	-0.136719
9.570000	-0.097656	-0.478516
9.575000	0.209961	-0.463867
9.580000	0.502930	-0.170898
9.585000	0.615234	0.185547
9.590000	0.488281	0.468750
9.595000	0.166016	0.615234
9.600000	-0.239258	0.429688
9.605000	-0.507812	-0.502930
9.610000	-0.166016	-1.513672
9.615000	0.820312	-1.596680
9.620000	1.865234	-1.000977
9.625000	2.519531	-0.166016
9.630000	2.631836	0.527344
9.635000	2.290039	0.908203
9.640000	1.684570	0.966797
9.645000	1.044922	0.800781
9.650000	0.507812	0.556641
9.655000	0.131836	0.341797
9.660000	-0.102539	0.136719
9.665000	-0.200195	-0.224609
9.670000	-0.048828	-0.517578
9.675000	0.283203	-0.419922
9.680000	0.551758	-0.097656
9.685000	0.615234	0.258789
9.690000	0.444336	0.517578
9.695000	0.097656	0.625000
9.700000	-0.312500	0.312500
9.705000	-0.502930	-0.737305
9.710000	-0.014648	-1.606445
9.715000	1.035156	-1.523438
9.720000	2.036133	-0.849609
9.725000	2.587891	-0.014648
9.730000	2.597656	0.625000
9.735000	2.192383	0.942383
9.740000	1.562500	0.947266
9.745000	0.937500	0.761719
9.750000	0.424805	0.507812
9.755000	0.073242	0.307617
9.760000	-0.131836	0.087891
9.765000	-0.185547	-0.292969
9.770000	0.000000	-0.517578
9.775000	0.332031	-0.371094
9.780000	0.576172	-0.034180
9.785000	0.590820	0.307617
9.790000	0.380859	0.546875
9.795000	0.019531	0.615234
9.800000	-0.380859	0.161133
9.805000	-0.473633	-0.966797
9.810000	0.156250	-1.655273
9.815000	1.240234	-1.420898
9.820000	2.177734	-0.688477
9.825000	2.626953	0.126953
9.830000	2.543945	0.712891
9.835000	2.080078	0.961914
9.840000	1.435547	0.922852
9.845000	0.825195	0.712891
9.850000	0.341797	0.463867
9.855000	0.019531	0.278320
9.860000	-0.185547	-0.078125
9.865000	-0.131836	-0.449219
9.870000	0.151367	-0.488281
9.875000	0.463867	-0.234375
9.880000	0.615234	0.126953
9.885000	0.532227	0.434570
9.890000	0.234375	0.605469
9.895000	-0.166016	0.517578
9.900000	-0.493164	-0.292969
9.905000	-0.292969	-1.396484
9.910000	0.620117	-1.650391
9.915000	1.704102	-1.142578
9.920000	2.451172	-0.317383
9.925000	2.661133	0.424805
9.930000	2.382812	0.864258
9.935000	1.806641	0.976562
9.940000	1.162109	0.844727
9.945000	0.600586	0.605469
9.950000	0.190430	0.375977
9.955000	-0.068359	0.190430
9.960000	-0.195312	-0.146484
9.965000	-0.097656	-0.483398
9.970000	0.209961	-0.458984
9.975000	0.502930	-0.166016
9.980000	0.615234	0.190430
9.985000	0.483398	0.473633
9.990000	0.161133	0.615234
9.995000	-0.249023	0.424805
10.000000	-0.512695	-0.517578
