# Time_s	x	xdot
0.000000	0.834961	0.698242
0.005000	0.366211	0.458984
0.010000	0.043945	0.278320
0.015000	-0.141602	0.058594
0.020000	-0.175781	-0.307617
0.025000	0.014648	-0.488281
0.030000	0.332031	-0.327148
0.035000	0.546875	0.000000
0.040000	0.537109	0.327148
0.045000	0.317383	0.537109
0.050000	-0.043945	0.581055
0.055000	-0.415039	0.029297
0.060000	-0.419922	-1.088867
0.065000	0.288086	-1.625977
0.070000	1.347656	-1.293945
0.075000	2.207031	-0.546875
0.080000	2.558594	0.224609
0.085000	2.421875	0.747070
0.090000	1.923828	0.947266
0.095000	1.293945	0.874023
0.100000	0.717773	0.659180
0.105000	0.273438	0.429688
0.110000	-0.024414	0.249023
0.115000	-0.190430	-0.063477
0.120000	-0.146484	-0.463867
0.125000	0.146484	-0.527344
0.130000	0.488281	-0.268555
0.135000	0.659180	0.097656
0.140000	0.595703	0.415039
0.145000	0.317383	0.595703
0.150000	-0.078125	0.576172
0.155000	-0.454102	-0.087891
0.160000	-0.380859	-1.230469
0.165000	0.415039	-1.655273
0.170000	1.499023	-1.250000
0.175000	2.329102	-0.468750
0.180000	2.631836	0.297852
0.185000	2.441406	0.795898
0.190000	1.909180	0.957031
0.195000	1.274414	0.859375
0.200000	0.703125	0.639648
0.205000	0.268555	0.410156
0.210000	-0.009766	0.239258
0.215000	-0.166016	-0.024414
0.220000	-0.151367	-0.395508
0.225000	0.097656	-0.478516
0.230000	0.410156	-0.249023
0.235000	0.576172	0.092773
0.240000	0.507812	0.395508
0.245000	0.244141	0.576172
0.250000	-0.141602	0.522461
0.255000	-0.478516	-0.224609
0.260000	-0.312500	-1.318359
0.265000	0.546875	-1.611328
0.270000	1.601562	-1.142578
0.275000	2.353516	-0.346680
0.280000	2.583008	0.380859
0.285000	2.333984	0.825195
0.290000	1.787109	0.952148
0.295000	1.157227	0.830078
0.300000	0.600586	0.605469
0.305000	0.190430	0.380859
0.310000	-0.073242	0.195312
0.315000	-0.200195	-0.156250
0.320000	-0.092773	-0.507812
0.325000	0.224609	-0.483398
0.330000	0.537109	-0.185547
0.335000	0.654297	0.180664
0.340000	0.537109	0.468750
0.345000	0.219727	0.615234
0.350000	-0.185547	0.488281
0.355000	-0.498047	-0.366211
0.360000	-0.244141	-1.430664
0.365000	0.683594	-1.606445
0.370000	1.743164	-1.074219
0.375000	2.451172	-0.258789
0.380000	2.622070	0.454102
0.385000	2.329102	0.864258
0.390000	1.752930	0.957031
0.395000	1.123047	0.810547
0.400000	0.576172	0.581055
0.405000	0.180664	0.361328
0.410000	-0.063477	0.185547
0.415000	-0.190430	-0.126953
0.420000	-0.102539	-0.463867
0.425000	0.190430	-0.444336
0.430000	0.483398	-0.166016
0.435000	0.585938	0.180664
0.440000	0.463867	0.458984
0.445000	0.156250	0.600586
0.450000	-0.244141	0.410156
0.455000	-0.498047	-0.512695
0.460000	-0.151367	-1.494141
0.465000	0.820312	-1.557617
0.470000	1.840820	-0.957031
0.475000	2.470703	-0.146484
0.480000	2.563477	0.527344
0.485000	2.221680	0.888672
0.490000	1.630859	0.937500
0.495000	1.010742	0.776367
0.500000	0.488281	0.541992
0.505000	0.117188	0.336914
0.510000	-0.112305	0.131836
0.515000	-0.200195	-0.249023
0.520000	-0.039062	-0.527344
0.525000	0.302734	-0.424805
0.530000	0.581055	-0.092773
0.535000	0.639648	0.258789
0.540000	0.463867	0.517578
0.545000	0.122070	0.620117
0.550000	-0.292969	0.346680
0.555000	-0.502930	-0.668945
0.560000	-0.058594	-1.567383
0.565000	0.966797	-1.523438
0.570000	1.962891	-0.874023
0.575000	2.539062	-0.058594
0.580000	2.578125	0.585938
0.585000	2.192383	0.917969
0.590000	1.582031	0.932617
0.595000	0.966797	0.756836
0.600000	0.458984	0.517578
0.605000	0.107422	0.312500
0.610000	-0.107422	0.122070
0.615000	-0.190430	-0.234375
0.620000	-0.039062	-0.498047
0.625000	0.283203	-0.395508
0.630000	0.537109	-0.078125
0.635000	0.581055	0.268555
0.640000	0.405273	0.512695
0.645000	0.058594	0.610352
0.650000	-0.336914	0.249023
0.655000	-0.483398	-0.815430
0.660000	0.048828	-1.591797
0.665000	1.098633	-1.445312
0.670000	2.045898	-0.761719
0.675000	2.543945	0.043945
0.680000	2.514648	0.649414
0.685000	2.089844	0.927734
0.690000	1.474609	0.913086
0.695000	0.869141	0.722656
0.700000	0.380859	0.483398
0.705000	0.048828	0.297852
0.710000	-0.146484	0.053711
0.715000	-0.185547	-0.346680
0.720000	0.034180	-0.532227
0.725000	0.380859	-0.356445
0.730000	0.615234	-0.004883
0.735000	0.615234	0.332031
0.740000	0.390625	0.551758
0.745000	0.014648	0.615234
0.750000	-0.380859	0.146484
0.755000	-0.463867	-0.971680
0.760000	0.166016	-1.640625
0.765000	1.240234	-1.396484
0.770000	2.158203	-0.664062
0.775000	2.597656	0.131836
0.780000	2.509766	0.703125
0.785000	2.050781	0.947266
0.790000	1.420898	0.898438
0.795000	0.820312	0.693359
0.800000	0.351562	0.458984
0.805000	0.039062	0.278320
0.810000	-0.151367	0.048828
0.815000	-0.175781	-0.332031
0.820000	0.034180	-0.502930
0.825000	0.361328	-0.322266
0.830000	0.571289	0.014648
0.835000	0.556641	0.341797
0.840000	0.332031	0.551758
0.845000	-0.043945	0.585938
0.850000	-0.419922	0.024414
0.855000	-0.419922	-1.103516
0.860000	0.292969	-1.635742
0.865000	1.362305	-1.298828
0.870000	2.226562	-0.546875
0.875000	2.583008	0.224609
0.880000	2.436523	0.751953
0.885000	1.938477	0.952148
0.890000	1.303711	0.878906
0.895000	0.722656	0.659180
0.900000	0.278320	0.429688
0.905000	-0.019531	0.249023
0.910000	-0.185547	-0.053711
0.915000	-0.151367	-0.449219
0.920000	0.141602	-0.522461
0.925000	0.473633	-0.273438
0.930000	0.654297	0.092773
0.935000	0.590820	0.410156
0.940000	0.312500	0.590820
0.945000	-0.083008	0.576172
0.950000	-0.454102	-0.087891
0.955000	-0.380859	-1.240234
0.960000	0.419922	-1.655273
0.965000	1.499023	-1.250000
0.970000	2.333984	-0.463867
0.975000	2.631836	0.302734
0.980000	2.441406	0.795898
0.985000	1.909180	0.961914
0.990000	1.269531	0.864258
0.995000	0.693359	0.639648
1.000000	0.263672	0.410156
1.005000	-0.009766	0.234375
1.010000	-0.166016	-0.034180
1.015000	-0.146484	-0.405273
1.020000	0.112305	-0.478516
1.025000	0.424805	-0.249023
1.030000	0.585938	0.102539
1.035000	0.517578	0.405273
1.040000	0.244141	0.581055
1.045000	-0.146484	0.527344
1.050000	-0.473633	-0.234375
1.055000	-0.312500	-1.328125
1.060000	0.556641	-1.616211
1.065000	1.611328	-1.137695
1.070000	2.363281	-0.341797
1.075000	2.587891	0.385742
1.080000	2.338867	0.834961
1.085000	1.787109	0.952148
1.090000	1.162109	0.830078
1.095000	0.600586	0.605469
1.100000	0.190430	0.380859
1.105000	-0.068359	0.195312
1.110000	-0.200195	-0.146484
1.115000	-0.102539	-0.498047
1.120000	0.214844	-0.478516
1.125000	0.527344	-0.185547
1.130000	0.644531	0.175781
1.135000	0.532227	0.463867
1.140000	0.214844	0.615234
1.145000	-0.195312	0.483398
1.150000	-0.498047	-0.380859
1.155000	-0.239258	-1.440430
1.160000	0.693359	-1.611328
1.165000	1.752930	-1.064453
1.170000	2.456055	-0.249023
1.175000	2.617188	0.458984
1.180000	2.319336	0.869141
1.185000	1.743164	0.952148
1.190000	1.108398	0.815430
1.195000	0.571289	0.576172
1.200000	0.175781	0.361328
1.205000	-0.068359	0.185547
1.210000	-0.185547	-0.136719
1.215000	-0.097656	-0.468750
1.220000	0.200195	-0.439453
1.225000	0.488281	-0.161133
1.230000	0.590820	0.185547
1.235000	0.458984	0.463867
1.240000	0.151367	0.600586
1.245000	-0.249023	0.405273
1.250000	-0.502930	-0.532227
1.255000	-0.141602	-1.499023
1.260000	0.834961	-1.547852
1.265000	1.855469	-0.947266
1.270000	2.480469	-0.136719
1.275000	2.563477	0.532227
1.280000	2.211914	0.893555
1.285000	1.621094	0.937500
1.290000	1.000977	0.771484
1.295000	0.478516	0.537109
1.300000	0.112305	0.332031
1.305000	-0.117188	0.126953
1.310000	-0.200195	-0.249023
1.315000	-0.034180	-0.527344
1.320000	0.302734	-0.419922
1.325000	0.576172	-0.087891
1.330000	0.634766	0.263672
1.335000	0.458984	0.517578
1.340000	0.112305	0.620117
1.345000	-0.297852	0.327148
1.350000	-0.498047	-0.688477
1.355000	-0.043945	-1.567383
1.360000	0.986328	-1.513672
1.365000	1.977539	-0.859375
1.370000	2.539062	-0.043945
1.375000	2.573242	0.595703
1.380000	2.177734	0.917969
1.385000	1.572266	0.927734
1.390000	0.957031	0.751953
1.395000	0.449219	0.512695
1.400000	0.102539	0.312500
1.405000	-0.112305	0.112305
1.410000	-0.190430	-0.244141
1.415000	-0.029297	-0.498047
1.420000	0.288086	-0.390625
1.425000	0.541992	-0.068359
1.430000	0.585938	0.273438
1.435000	0.400391	0.517578
1.440000	0.053711	0.610352
1.445000	-0.341797	0.234375
1.450000	-0.483398	-0.834961
1.455000	0.068359	-1.601562
1.460000	1.118164	-1.440430
1.465000	2.060547	-0.742188
1.470000	2.548828	0.058594
1.475000	2.509766	0.654297
1.480000	2.084961	0.927734
1.485000	1.464844	0.913086
1.490000	0.859375	0.717773
1.495000	0.375977	0.483398
1.500000	0.053711	0.292969
1.505000	-0.151367	0.053711
1.510000	-0.180664	-0.336914
1.515000	0.034180	-0.527344
1.520000	0.375977	-0.346680
1.525000	0.605469	-0.004883
1.530000	0.600586	0.332031
1.535000	0.375977	0.551758
1.540000	0.009766	0.615234
1.545000	-0.385742	0.126953
1.550000	-0.458984	-0.986328
1.555000	0.180664	-1.635742
1.560000	1.250000	-1.381836
1.565000	2.167969	-0.649414
1.570000	2.592773	0.141602
1.575000	2.495117	0.708008
1.580000	2.031250	0.942383
1.585000	1.401367	0.893555
1.590000	0.805664	0.688477
1.595000	0.336914	0.458984
1.600000	0.029297	0.273438
1.605000	-0.156250	0.029297
1.610000	-0.170898	-0.356445
1.615000	0.058594	-0.507812
1.620000	0.375977	-0.317383
1.625000	0.590820	0.029297
1.630000	0.566406	0.351562
1.635000	0.327148	0.556641
1.640000	-0.043945	0.585938
1.645000	-0.424805	0.009766
1.650000	-0.415039	-1.123047
1.655000	0.307617	-1.635742
1.660000	1.376953	-1.293945
1.665000	2.241211	-0.541992
1.670000	2.592773	0.229492
1.675000	2.441406	0.756836
1.680000	1.938477	0.952148
1.685000	1.303711	0.874023
1.690000	0.727539	0.659180
1.695000	0.283203	0.429688
1.700000	-0.009766	0.249023
1.705000	-0.175781	-0.034180
1.710000	-0.151367	-0.419922
1.715000	0.117188	-0.507812
1.720000	0.449219	-0.273438
1.725000	0.615234	0.083008
1.730000	0.561523	0.400391
1.735000	0.292969	0.581055
1.740000	-0.097656	0.561523
1.745000	-0.454102	-0.112305
1.750000	-0.366211	-1.245117
1.755000	0.444336	-1.645508
1.760000	1.518555	-1.230469
1.765000	2.324219	-0.439453
1.770000	2.612305	0.317383
1.775000	2.407227	0.800781
1.780000	1.875000	0.952148
1.785000	1.245117	0.854492
1.790000	0.673828	0.629883
1.795000	0.249023	0.405273
1.800000	-0.029297	0.224609
1.805000	-0.180664	-0.058594
1.810000	-0.136719	-0.434570
1.815000	0.141602	-0.483398
1.820000	0.454102	-0.234375
1.825000	0.605469	0.117188
1.830000	0.527344	0.419922
1.835000	0.244141	0.590820
1.840000	-0.151367	0.517578
1.845000	-0.478516	-0.258789
1.850000	-0.297852	-1.347656
1.855000	0.576172	-1.616211
1.860000	1.635742	-1.132812
1.865000	2.382812	-0.327148
1.870000	2.597656	0.395508
1.875000	2.338867	0.839844
1.880000	1.787109	0.957031
1.885000	1.157227	0.830078
1.890000	0.605469	0.600586
1.895000	0.195312	0.375977
1.900000	-0.058594	0.200195
1.905000	-0.195312	-0.131836
1.910000	-0.107422	-0.478516
1.915000	0.200195	-0.473633
1.920000	0.502930	-0.190430
1.925000	0.620117	0.170898
1.930000	0.507812	0.463867
1.935000	0.205078	0.610352
1.940000	-0.205078	0.468750
1.945000	-0.498047	-0.400391
1.950000	-0.219727	-1.440430
1.955000	0.717773	-1.596680
1.960000	1.762695	-1.040039
1.965000	2.451172	-0.229492
1.970000	2.597656	0.468750
1.975000	2.294922	0.869141
1.980000	1.713867	0.947266
1.985000	1.088867	0.800781
1.990000	0.546875	0.571289
1.995000	0.161133	0.356445
2.000000	-0.083008	0.175781
2.005000	-0.195312	-0.166016
2.010000	-0.083008	-0.483398
2.015000	0.229492	-0.444336
2.020000	0.517578	-0.146484
2.025000	0.610352	0.205078
2.030000	0.468750	0.478516
2.035000	0.151367	0.610352
2.040000	-0.253906	0.395508
2.045000	-0.498047	-0.551758
2.050000	-0.131836	-1.513672
2.055000	0.854492	-1.547852
2.060000	1.870117	-0.942383
2.065000	2.490234	-0.126953
2.070000	2.568359	0.541992
2.075000	2.216797	0.893555
2.080000	1.625977	0.937500
2.085000	1.005859	0.776367
2.090000	0.483398	0.537109
2.095000	0.117188	0.327148
2.100000	-0.107422	0.131836
2.105000	-0.200195	-0.234375
2.110000	-0.043945	-0.517578
2.115000	0.288086	-0.415039
2.120000	0.556641	-0.092773
2.125000	0.615234	0.258789
2.130000	0.449219	0.512695
2.135000	0.102539	0.615234
2.140000	-0.302734	0.317383
2.145000	-0.498047	-0.703125
2.150000	-0.029297	-1.567383
2.155000	0.996094	-1.499023
2.160000	1.982422	-0.844727
2.165000	2.534180	-0.029297
2.170000	2.558594	0.605469
2.175000	2.163086	0.922852
2.180000	1.552734	0.927734
2.185000	0.937500	0.747070
2.190000	0.434570	0.507812
2.195000	0.087891	0.307617
2.200000	-0.126953	0.107422
2.205000	-0.190430	-0.273438
2.210000	-0.014648	-0.517578
2.215000	0.312500	-0.385742
2.220000	0.561523	-0.053711
2.225000	0.595703	0.288086
2.230000	0.405273	0.527344
2.235000	0.048828	0.615234
2.240000	-0.351562	0.224609
2.245000	-0.478516	-0.859375
2.250000	0.083008	-1.606445
2.255000	1.137695	-1.435547
2.260000	2.080078	-0.737305
2.265000	2.558594	0.063477
2.270000	2.514648	0.664062
2.275000	2.084961	0.927734
2.280000	1.464844	0.913086
2.285000	0.859375	0.717773
2.290000	0.375977	0.478516
2.295000	0.048828	0.292969
2.300000	-0.146484	0.053711
2.305000	-0.185547	-0.327148
2.310000	0.029297	-0.517578
2.315000	0.366211	-0.351562
2.320000	0.595703	-0.004883
2.325000	0.595703	0.332031
2.330000	0.371094	0.546875
2.335000	0.000000	0.610352
2.340000	-0.395508	0.117188
2.345000	-0.454102	-1.005859
2.350000	0.200195	-1.635742
2.355000	1.269531	-1.372070
2.360000	2.177734	-0.634766
2.365000	2.592773	0.156250
2.370000	2.490234	0.712891
2.375000	2.016602	0.947266
2.380000	1.386719	0.893555
2.385000	0.791016	0.688477
2.390000	0.332031	0.454102
2.395000	0.019531	0.268555
2.400000	-0.161133	0.014648
2.405000	-0.170898	-0.371094
2.410000	0.063477	-0.512695
2.415000	0.390625	-0.312500
2.420000	0.595703	0.039062
2.425000	0.571289	0.366211
2.430000	0.327148	0.566406
2.435000	-0.053711	0.585938
2.440000	-0.429688	-0.004883
2.445000	-0.415039	-1.142578
2.450000	0.327148	-1.645508
2.455000	1.401367	-1.289062
2.460000	2.255859	-0.527344
2.465000	2.597656	0.249023
2.470000	2.446289	0.766602
2.475000	1.933594	0.952148
2.480000	1.298828	0.878906
2.485000	0.722656	0.654297
2.490000	0.278320	0.419922
2.495000	-0.009766	0.249023
2.500000	-0.175781	-0.034180
2.505000	-0.151367	-0.419922
2.510000	0.117188	-0.502930
2.515000	0.444336	-0.268555
2.520000	0.615234	0.083008
2.525000	0.551758	0.400391
2.530000	0.288086	0.581055
2.535000	-0.102539	0.556641
2.540000	-0.463867	-0.136719
2.545000	-0.361328	-1.259766
2.550000	0.458984	-1.640625
2.555000	1.533203	-1.215820
2.560000	2.333984	-0.424805
2.565000	2.612305	0.327148
2.570000	2.397461	0.800781
2.575000	1.860352	0.957031
2.580000	1.235352	0.849609
2.585000	0.659180	0.625000
2.590000	0.239258	0.395508
2.595000	-0.029297	0.224609
2.600000	-0.185547	-0.078125
2.605000	-0.131836	-0.444336
2.610000	0.151367	-0.483398
2.615000	0.463867	-0.229492
2.620000	0.615234	0.131836
2.625000	0.522461	0.429688
2.630000	0.234375	0.595703
2.635000	-0.166016	0.507812
2.640000	-0.488281	-0.297852
2.645000	-0.283203	-1.381836
2.650000	0.620117	-1.625977
2.655000	1.679688	-1.113281
2.660000	2.416992	-0.302734
2.665000	2.617188	0.419922
2.670000	2.343750	0.854492
2.675000	1.777344	0.957031
2.680000	1.142578	0.825195
2.685000	0.585938	0.595703
2.690000	0.185547	0.375977
2.695000	-0.073242	0.190430
2.700000	-0.200195	-0.151367
2.705000	-0.097656	-0.493164
2.710000	0.219727	-0.468750
2.715000	0.522461	-0.170898
2.720000	0.629883	0.185547
2.725000	0.507812	0.468750
2.730000	0.190430	0.615234
2.735000	-0.219727	0.454102
2.740000	-0.502930	-0.444336
2.745000	-0.200195	-1.474609
2.750000	0.756836	-1.596680
2.755000	1.801758	-1.025391
2.760000	2.480469	-0.205078
2.765000	2.617188	0.493164
2.770000	2.294922	0.883789
2.775000	1.708984	0.952148
2.780000	1.074219	0.805664
2.785000	0.537109	0.561523
2.790000	0.151367	0.346680
2.795000	-0.087891	0.166016
2.800000	-0.195312	-0.175781
2.805000	-0.083008	-0.493164
2.810000	0.239258	-0.439453
2.815000	0.522461	-0.136719
2.820000	0.615234	0.219727
2.825000	0.463867	0.488281
2.830000	0.136719	0.615234
2.835000	-0.273438	0.375977
2.840000	-0.502930	-0.600586
2.845000	-0.102539	-1.538086
2.850000	0.903320	-1.542969
2.855000	1.914062	-0.917969
2.860000	2.509766	-0.097656
2.865000	2.583008	0.561523
2.870000	2.211914	0.908203
2.875000	1.611328	0.942383
2.880000	0.986328	0.771484
2.885000	0.463867	0.532227
2.890000	0.107422	0.327148
2.895000	-0.117188	0.122070
2.900000	-0.195312	-0.253906
2.905000	-0.029297	-0.517578
2.910000	0.302734	-0.400391
2.915000	0.566406	-0.078125
2.920000	0.615234	0.268555
2.925000	0.429688	0.517578
2.930000	0.083008	0.615234
2.935000	-0.322266	0.283203
2.940000	-0.493164	-0.766602
2.945000	0.009766	-1.591797
2.950000	1.054688	-1.484375
2.955000	2.026367	-0.800781
2.960000	2.548828	0.009766
2.965000	2.548828	0.625000
2.970000	2.133789	0.927734
2.975000	1.518555	0.927734
2.980000	0.908203	0.737305
2.985000	0.410156	0.498047
2.990000	0.068359	0.302734
2.995000	-0.131836	0.087891
3.000000	-0.185547	-0.292969
3.005000	0.000000	-0.517578
3.010000	0.336914	-0.366211
3.015000	0.576172	-0.034180
3.020000	0.595703	0.302734
3.025000	0.385742	0.537109
3.030000	0.029297	0.610352
3.035000	-0.366211	0.180664
3.040000	-0.473633	-0.917969
3.045000	0.126953	-1.621094
3.050000	1.196289	-1.411133
3.055000	2.119141	-0.693359
3.060000	2.573242	0.102539
3.065000	2.504883	0.688477
3.070000	2.055664	0.937500
3.075000	1.430664	0.908203
3.080000	0.834961	0.703125
3.085000	0.356445	0.463867
3.090000	0.039062	0.288086
3.095000	-0.151367	0.039062
3.100000	-0.175781	-0.351562
3.105000	0.048828	-0.517578
3.110000	0.375977	-0.327148
3.115000	0.600586	0.009766
3.120000	0.585938	0.346680
3.125000	0.351562	0.561523
3.130000	-0.019531	0.595703
3.135000	-0.405273	0.068359
3.140000	-0.439453	-1.059570
3.145000	0.253906	-1.645508
3.150000	1.328125	-1.337891
3.155000	2.211914	-0.590820
3.160000	2.597656	0.190430
3.165000	2.475586	0.737305
3.170000	1.982422	0.952148
3.175000	1.352539	0.888672
3.180000	0.766602	0.673828
3.185000	0.307617	0.439453
3.190000	0.009766	0.263672
3.195000	-0.166016	-0.004883
3.200000	-0.166016	-0.390625
3.205000	0.083008	-0.512695
3.210000	0.415039	-0.292969
3.215000	0.605469	0.053711
3.220000	0.561523	0.380859
3.225000	0.307617	0.576172
3.230000	-0.078125	0.576172
3.235000	-0.444336	-0.058594
3.240000	-0.395508	-1.196289
3.245000	0.385742	-1.645508
3.250000	1.455078	-1.254883
3.255000	2.290039	-0.483398
3.260000	2.602539	0.278320
3.265000	2.431641	0.781250
3.270000	1.904297	0.957031
3.275000	1.269531	0.864258
3.280000	0.693359	0.639648
3.285000	0.258789	0.415039
3.290000	-0.019531	0.239258
3.295000	-0.180664	-0.053711
3.300000	-0.141602	-0.429688
3.305000	0.131836	-0.498047
3.310000	0.458984	-0.249023
3.315000	0.615234	0.107422
3.320000	0.541992	0.415039
3.325000	0.263672	0.590820
3.330000	-0.131836	0.537109
3.335000	-0.473633	-0.190430
3.340000	-0.332031	-1.308594
3.345000	0.517578	-1.635742
3.350000	1.586914	-1.176758
3.355000	2.368164	-0.380859
3.360000	2.612305	0.361328
3.365000	2.373047	0.825195
3.370000	1.831055	0.957031
3.375000	1.196289	0.844727
3.380000	0.629883	0.615234
3.385000	0.219727	0.390625
3.390000	-0.048828	0.214844
3.395000	-0.185547	-0.097656
3.400000	-0.122070	-0.463867
3.405000	0.166016	-0.483398
3.410000	0.483398	-0.209961
3.415000	0.615234	0.146484
3.420000	0.517578	0.444336
3.425000	0.219727	0.600586
3.430000	-0.180664	0.488281
3.435000	-0.488281	-0.336914
3.440000	-0.253906	-1.406250
3.445000	0.654297	-1.611328
3.450000	1.708984	-1.083984
3.455000	2.421875	-0.273438
3.460000	2.597656	0.439453
3.465000	2.314453	0.854492
3.470000	1.748047	0.952148
3.475000	1.118164	0.815430
3.480000	0.571289	0.581055
3.485000	0.175781	0.366211
3.490000	-0.073242	0.180664
3.495000	-0.195312	-0.156250
3.500000	-0.092773	-0.488281
3.505000	0.219727	-0.454102
3.510000	0.517578	-0.161133
3.515000	0.615234	0.190430
3.520000	0.488281	0.468750
3.525000	0.175781	0.615234
3.530000	-0.234375	0.429688
3.535000	-0.498047	-0.488281
3.540000	-0.170898	-1.489258
3.545000	0.800781	-1.567383
3.550000	1.831055	-0.986328
3.555000	2.480469	-0.170898
3.560000	2.587891	0.512695
3.565000	2.255859	0.888672
3.570000	1.665039	0.942383
3.575000	1.044922	0.786133
3.580000	0.512695	0.546875
3.585000	0.136719	0.341797
3.590000	-0.092773	0.151367
3.595000	-0.195312	-0.205078
3.600000	-0.063477	-0.502930
3.605000	0.258789	-0.429688
3.610000	0.537109	-0.122070
3.615000	0.615234	0.229492
3.620000	0.454102	0.488281
3.625000	0.122070	0.615234
3.630000	-0.283203	0.351562
3.635000	-0.498047	-0.639648
3.640000	-0.073242	-1.552734
3.645000	0.937500	-1.523438
3.650000	1.938477	-0.883789
3.655000	2.514648	-0.068359
3.660000	2.563477	0.581055
3.665000	2.182617	0.908203
3.670000	1.577148	0.927734
3.675000	0.961914	0.756836
3.680000	0.449219	0.517578
3.685000	0.097656	0.317383
3.690000	-0.117188	0.112305
3.695000	-0.195312	-0.258789
3.700000	-0.029297	-0.517578
3.705000	0.307617	-0.395508
3.710000	0.566406	-0.073242
3.715000	0.615234	0.273438
3.720000	0.419922	0.522461
3.725000	0.068359	0.615234
3.730000	-0.327148	0.263672
3.735000	-0.493164	-0.795898
3.740000	0.034180	-1.596680
3.745000	1.079102	-1.464844
3.750000	2.041016	-0.781250
3.755000	2.553711	0.024414
3.760000	2.534180	0.634766
3.765000	2.119141	0.927734
3.770000	1.503906	0.922852
3.775000	0.893555	0.727539
3.780000	0.400391	0.488281
3.785000	0.068359	0.302734
3.790000	-0.136719	0.078125
3.795000	-0.185547	-0.302734
3.800000	0.009766	-0.517578
3.805000	0.336914	-0.361328
3.810000	0.576172	-0.029297
3.815000	0.595703	0.307617
3.820000	0.380859	0.537109
3.825000	0.019531	0.610352
3.830000	-0.375977	0.161133
3.835000	-0.463867	-0.942383
3.840000	0.151367	-1.625977
3.845000	1.220703	-1.401367
3.850000	2.133789	-0.678711
3.855000	2.573242	0.117188
3.860000	2.500000	0.693359
3.865000	2.041016	0.937500
3.870000	1.420898	0.903320
3.875000	0.815430	0.693359
3.880000	0.346680	0.458984
3.885000	0.029297	0.283203
3.890000	-0.156250	0.029297
3.895000	-0.175781	-0.356445
3.900000	0.053711	-0.517578
3.905000	0.380859	-0.327148
3.910000	0.595703	0.019531
3.915000	0.576172	0.351562
3.920000	0.341797	0.561523
3.925000	-0.029297	0.595703
3.930000	-0.415039	0.048828
3.935000	-0.429688	-1.088867
3.940000	0.273438	-1.640625
3.945000	1.347656	-1.323242
3.950000	2.226562	-0.571289
3.955000	2.597656	0.209961
3.960000	2.465820	0.742188
3.965000	1.967773	0.952148
3.970000	1.337891	0.883789
3.975000	0.751953	0.673828
3.980000	0.297852	0.439453
3.985000	0.000000	0.258789
3.990000	-0.166016	-0.009766
3.995000	-0.166016	-0.395508
4.000000	0.092773	-0.507812
4.005000	0.419922	-0.288086
4.010000	0.610352	0.063477
4.015000	0.561523	0.380859
4.020000	0.302734	0.576172
4.025000	-0.083008	0.566406
4.030000	-0.444336	-0.078125
4.035000	-0.380859	-1.215820
4.040000	0.405273	-1.645508
4.045000	1.479492	-1.245117
4.050000	2.304688	-0.468750
4.055000	2.602539	0.297852
4.060000	2.416992	0.786133
4.065000	1.889648	0.957031
4.070000	1.254883	0.859375
4.075000	0.683594	0.634766
4.080000	0.249023	0.410156
4.085000	-0.024414	0.234375
4.090000	-0.185547	-0.058594
4.095000	-0.141602	-0.439453
4.100000	0.136719	-0.493164
4.105000	0.458984	-0.244141
4.110000	0.615234	0.112305
4.115000	0.537109	0.415039
4.120000	0.258789	0.590820
4.125000	-0.136719	0.537109
4.130000	-0.478516	-0.214844
4.135000	-0.317383	-1.323242
4.140000	0.541992	-1.630859
4.145000	1.606445	-1.162109
4.150000	2.373047	-0.361328
4.155000	2.607422	0.375977
4.160000	2.368164	0.830078
4.165000	1.816406	0.957031
4.170000	1.186523	0.839844
4.175000	0.620117	0.610352
4.180000	0.214844	0.385742
4.185000	-0.048828	0.209961
4.190000	-0.190430	-0.107422
4.195000	-0.117188	-0.463867
4.200000	0.180664	-0.478516
4.205000	0.483398	-0.205078
4.210000	0.615234	0.156250
4.215000	0.507812	0.449219
4.220000	0.209961	0.600586
4.225000	-0.190430	0.483398
4.230000	-0.498047	-0.366211
4.235000	-0.244141	-1.420898
4.240000	0.673828	-1.601562
4.245000	1.728516	-1.069336
4.250000	2.431641	-0.253906
4.255000	2.597656	0.454102
4.260000	2.304688	0.859375
4.265000	1.733398	0.952148
4.270000	1.103516	0.810547
4.275000	0.556641	0.581055
4.280000	0.170898	0.361328
4.285000	-0.078125	0.180664
4.290000	-0.195312	-0.161133
4.295000	-0.092773	-0.493164
4.300000	0.229492	-0.454102
4.305000	0.522461	-0.156250
4.310000	0.615234	0.200195
4.315000	0.483398	0.473633
4.320000	0.161133	0.615234
4.325000	-0.244141	0.419922
4.330000	-0.498047	-0.507812
4.335000	-0.156250	-1.494141
4.340000	0.820312	-1.562500
4.345000	1.845703	-0.966797
4.350000	2.485352	-0.156250
4.355000	2.583008	0.527344
4.360000	2.246094	0.893555
4.365000	1.650391	0.942383
4.370000	1.030273	0.781250
4.375000	0.502930	0.541992
4.380000	0.131836	0.341797
4.385000	-0.097656	0.146484
4.390000	-0.195312	-0.209961
4.395000	-0.053711	-0.507812
4.400000	0.268555	-0.419922
4.405000	0.541992	-0.112305
4.410000	0.615234	0.239258
4.415000	0.449219	0.502930
4.420000	0.112305	0.615234
4.425000	-0.288086	0.341797
4.430000	-0.502930	-0.664062
4.435000	-0.058594	-1.557617
4.440000	0.957031	-1.513672
4.445000	1.953125	-0.869141
4.450000	2.519531	-0.053711
4.455000	2.558594	0.585938
4.460000	2.177734	0.913086
4.465000	1.567383	0.927734
4.470000	0.952148	0.756836
4.475000	0.439453	0.512695
4.480000	0.092773	0.317383
4.485000	-0.126953	0.107422
4.490000	-0.190430	-0.268555
4.495000	-0.019531	-0.517578
4.500000	0.307617	-0.395508
4.505000	0.566406	-0.063477
4.510000	0.610352	0.283203
4.515000	0.415039	0.527344
4.520000	0.063477	0.610352
4.525000	-0.336914	0.249023
4.530000	-0.483398	-0.820312
4.535000	0.048828	-1.606445
4.540000	1.103516	-1.455078
4.545000	2.060547	-0.766602
4.550000	2.558594	0.043945
4.555000	2.534180	0.649414
4.560000	2.109375	0.932617
4.565000	1.484375	0.917969
4.570000	0.878906	0.727539
4.575000	0.390625	0.488281
4.580000	0.063477	0.297852
4.585000	-0.136719	0.068359
4.590000	-0.185547	-0.312500
4.595000	0.014648	-0.517578
4.600000	0.346680	-0.356445
4.605000	0.581055	-0.014648
4.610000	0.595703	0.317383
4.615000	0.375977	0.541992
4.620000	0.009766	0.610352
4.625000	-0.380859	0.146484
4.630000	-0.463867	-0.966797
4.635000	0.166016	-1.630859
4.640000	1.235352	-1.391602
4.645000	2.153320	-0.659180
4.650000	2.583008	0.136719
4.655000	2.495117	0.703125
4.660000	2.031250	0.942383
4.665000	1.401367	0.903320
4.670000	0.810547	0.693359
4.675000	0.341797	0.454102
4.680000	0.029297	0.278320
4.685000	-0.156250	0.024414
4.690000	-0.170898	-0.366211
4.695000	0.058594	-0.517578
4.700000	0.390625	-0.322266
4.705000	0.600586	0.024414
4.710000	0.576172	0.351562
4.715000	0.336914	0.561523
4.720000	-0.039062	0.590820
4.725000	-0.419922	0.029297
4.730000	-0.424805	-1.108398
4.735000	0.297852	-1.645508
4.740000	1.367188	-1.308594
4.745000	2.236328	-0.556641
4.750000	2.602539	0.224609
4.755000	2.460938	0.747070
4.760000	1.958008	0.952148
4.765000	1.323242	0.878906
4.770000	0.742188	0.664062
4.775000	0.292969	0.429688
4.780000	-0.004883	0.253906
4.785000	-0.166016	-0.014648
4.790000	-0.161133	-0.405273
4.795000	0.102539	-0.502930
4.800000	0.424805	-0.278320
4.805000	0.610352	0.073242
4.810000	0.556641	0.390625
4.815000	0.292969	0.576172
4.820000	-0.092773	0.561523
4.825000	-0.454102	-0.102539
4.830000	-0.375977	-1.235352
4.835000	0.429688	-1.640625
4.840000	1.499023	-1.235352
4.845000	2.314453	-0.449219
4.850000	2.602539	0.307617
4.855000	2.407227	0.795898
4.860000	1.875000	0.957031
4.865000	1.245117	0.854492
4.870000	0.673828	0.629883
4.875000	0.249023	0.405273
4.880000	-0.029297	0.229492
4.885000	-0.185547	-0.068359
4.890000	-0.136719	-0.444336
4.895000	0.141602	-0.488281
4.900000	0.458984	-0.239258
4.905000	0.615234	0.117188
4.910000	0.537109	0.419922
4.915000	0.253906	0.590820
4.920000	-0.146484	0.522461
4.925000	-0.478516	-0.239258
4.930000	-0.312500	-1.337891
4.935000	0.561523	-1.625977
4.940000	1.625977	-1.147461
4.945000	2.382812	-0.346680
4.950000	2.602539	0.390625
4.955000	2.358398	0.834961
4.960000	1.801758	0.952148
4.965000	1.166992	0.830078
4.970000	0.615234	0.605469
4.975000	0.205078	0.375977
4.980000	-0.058594	0.205078
4.985000	-0.190430	-0.117188
4.990000	-0.112305	-0.468750
4.995000	0.185547	-0.473633
5.000000	0.488281	-0.195312
5.005000	0.615234	0.161133
5.010000	0.502930	0.454102
5.015000	0.205078	0.605469
5.020000	-0.200195	0.473633
5.025000	-0.493164	-0.380859
5.030000	-0.229492	-1.435547
5.035000	0.698242	-1.596680
5.040000	1.743164	-1.054688
5.045000	2.441406	-0.239258
5.050000	2.597656	0.463867
5.055000	2.294922	0.864258
5.060000	1.718750	0.952148
5.065000	1.093750	0.805664
5.070000	0.546875	0.571289
5.075000	0.161133	0.361328
5.080000	-0.083008	0.175781
5.085000	-0.200195	-0.170898
5.090000	-0.083008	-0.493164
5.095000	0.234375	-0.444336
5.100000	0.522461	-0.146484
5.105000	0.615234	0.209961
5.110000	0.478516	0.478516
5.115000	0.156250	0.615234
5.120000	-0.249023	0.410156
5.125000	-0.502930	-0.537109
5.130000	-0.141602	-1.508789
5.135000	0.839844	-1.557617
5.140000	1.865234	-0.952148
5.145000	2.490234	-0.136719
5.150000	2.583008	0.532227
5.155000	2.236328	0.888672
5.160000	1.640625	0.937500
5.165000	1.010742	0.776367
5.170000	0.493164	0.541992
5.175000	0.126953	0.332031
5.180000	-0.102539	0.141602
5.185000	-0.200195	-0.219727
5.190000	-0.053711	-0.507812
5.195000	0.273438	-0.419922
5.200000	0.546875	-0.102539
5.205000	0.610352	0.244141
5.210000	0.444336	0.502930
5.215000	0.102539	0.615234
5.220000	-0.297852	0.327148
5.225000	-0.498047	-0.688477
5.230000	-0.039062	-1.567383
5.235000	0.981445	-1.503906
5.240000	1.967773	-0.854492
5.245000	2.524414	-0.039062
5.250000	2.553711	0.600586
5.255000	2.167969	0.917969
5.260000	1.552734	0.927734
5.265000	0.942383	0.751953
5.270000	0.434570	0.512695
5.275000	0.087891	0.312500
5.280000	-0.126953	0.102539
5.285000	-0.190430	-0.273438
5.290000	-0.014648	-0.517578
5.295000	0.317383	-0.385742
5.300000	0.571289	-0.058594
5.305000	0.605469	0.288086
5.310000	0.410156	0.527344
5.315000	0.058594	0.615234
5.320000	-0.346680	0.234375
5.325000	-0.483398	-0.844727
5.330000	0.068359	-1.606445
5.335000	1.123047	-1.445312
5.340000	2.070312	-0.747070
5.345000	2.558594	0.053711
5.350000	2.524414	0.654297
5.355000	2.094727	0.927734
5.360000	1.474609	0.913086
5.365000	0.869141	0.722656
5.370000	0.385742	0.483398
5.375000	0.053711	0.292969
5.380000	-0.141602	0.063477
5.385000	-0.185547	-0.327148
5.390000	0.019531	-0.522461
5.395000	0.356445	-0.351562
5.400000	0.585938	-0.014648
5.405000	0.590820	0.322266
5.410000	0.371094	0.546875
5.415000	0.004883	0.605469
5.420000	-0.385742	0.126953
5.425000	-0.458984	-0.986328
5.430000	0.185547	-1.635742
5.435000	1.254883	-1.376953
5.440000	2.163086	-0.644531
5.445000	2.583008	0.146484
5.450000	2.490234	0.708008
5.455000	2.021484	0.942383
5.460000	1.391602	0.893555
5.465000	0.800781	0.688477
5.470000	0.332031	0.458984
5.475000	0.024414	0.273438
5.480000	-0.161133	0.019531
5.485000	-0.170898	-0.366211
5.490000	0.063477	-0.512695
5.495000	0.390625	-0.312500
5.500000	0.595703	0.034180
5.505000	0.571289	0.356445
5.510000	0.327148	0.566406
5.515000	-0.043945	0.585938
5.520000	-0.424805	0.009766
5.525000	-0.415039	-1.127930
5.530000	0.312500	-1.645508
5.535000	1.386719	-1.298828
5.540000	2.246094	-0.541992
5.545000	2.597656	0.234375
5.550000	2.446289	0.756836
5.555000	1.943359	0.952148
5.560000	1.308594	0.874023
5.565000	0.727539	0.659180
5.570000	0.288086	0.424805
5.575000	-0.009766	0.249023
5.580000	-0.170898	-0.024414
5.585000	-0.161133	-0.405273
5.590000	0.107422	-0.502930
5.595000	0.429688	-0.273438
5.600000	0.610352	0.078125
5.605000	0.556641	0.395508
5.610000	0.292969	0.581055
5.615000	-0.097656	0.556641
5.620000	-0.458984	-0.117188
5.625000	-0.361328	-1.250000
5.630000	0.444336	-1.640625
5.635000	1.518555	-1.225586
5.640000	2.324219	-0.434570
5.645000	2.602539	0.317383
5.650000	2.402344	0.800781
5.655000	1.865234	0.957031
5.660000	1.240234	0.854492
5.665000	0.664062	0.625000
5.670000	0.239258	0.400391
5.675000	-0.029297	0.224609
5.680000	-0.185547	-0.073242
5.685000	-0.131836	-0.444336
5.690000	0.146484	-0.488281
5.695000	0.463867	-0.229492
5.700000	0.615234	0.126953
5.705000	0.532227	0.419922
5.710000	0.244141	0.595703
5.715000	-0.151367	0.517578
5.720000	-0.478516	-0.258789
5.725000	-0.297852	-1.352539
5.730000	0.585938	-1.621094
5.735000	1.645508	-1.132812
5.740000	2.392578	-0.327148
5.745000	2.602539	0.400391
5.750000	2.348633	0.834961
5.755000	1.787109	0.957031
5.760000	1.162109	0.830078
5.765000	0.605469	0.595703
5.770000	0.200195	0.375977
5.775000	-0.063477	0.200195
5.780000	-0.190430	-0.126953
5.785000	-0.107422	-0.478516
5.790000	0.195312	-0.468750
5.795000	0.498047	-0.185547
5.800000	0.615234	0.170898
5.805000	0.502930	0.458984
5.810000	0.195312	0.610352
5.815000	-0.214844	0.458984
5.820000	-0.502930	-0.419922
5.825000	-0.214844	-1.455078
5.830000	0.732422	-1.596680
5.835000	1.782227	-1.035156
5.840000	2.470703	-0.219727
5.845000	2.612305	0.483398
5.850000	2.294922	0.878906
5.855000	1.713867	0.957031
5.860000	1.079102	0.805664
5.865000	0.541992	0.571289
5.870000	0.146484	0.356445
5.875000	-0.087891	0.166016
5.880000	-0.200195	-0.185547
5.885000	-0.073242	-0.502930
5.890000	0.244141	-0.439453
5.895000	0.537109	-0.136719
5.900000	0.620117	0.224609
5.905000	0.473633	0.493164
5.910000	0.141602	0.615234
5.915000	-0.268555	0.390625
5.920000	-0.507812	-0.585938
5.925000	-0.117188	-1.538086
5.930000	0.888672	-1.557617
5.935000	1.909180	-0.937500
5.940000	2.524414	-0.112305
5.945000	2.597656	0.556641
5.950000	2.236328	0.908203
5.955000	1.630859	0.947266
5.960000	1.005859	0.776367
5.965000	0.483398	0.537109
5.970000	0.117188	0.332031
5.975000	-0.107422	0.136719
5.980000	-0.195312	-0.229492
5.985000	-0.043945	-0.507812
5.990000	0.278320	-0.410156
5.995000	0.546875	-0.092773
6.000000	0.610352	0.258789
6.005000	0.434570	0.517578
6.010000	0.092773	0.615234
6.015000	-0.317383	0.302734
6.020000	-0.498047	-0.742188
6.025000	-0.009766	-1.586914
6.030000	1.030273	-1.499023
6.035000	2.016602	-0.825195
6.040000	2.558594	-0.004883
6.045000	2.558594	0.620117
6.050000	2.153320	0.927734
6.055000	1.538086	0.932617
6.060000	0.922852	0.747070
6.065000	0.415039	0.507812
6.070000	0.068359	0.312500
6.075000	-0.141602	0.078125
6.080000	-0.190430	-0.317383
6.085000	0.014648	-0.537109
6.090000	0.361328	-0.380859
6.095000	0.610352	-0.029297
6.100000	0.625000	0.312500
6.105000	0.415039	0.551758
6.110000	0.043945	0.625000
6.115000	-0.366211	0.209961
6.120000	-0.483398	-0.898438
6.125000	0.102539	-1.640625
6.130000	1.181641	-1.450195
6.135000	2.133789	-0.727539
6.140000	2.612305	0.083008
6.145000	2.553711	0.683594
6.150000	2.109375	0.952148
6.155000	1.474609	0.922852
6.160000	0.864258	0.722656
6.165000	0.380859	0.483398
6.170000	0.053711	0.292969
6.175000	-0.146484	0.063477
6.180000	-0.180664	-0.322266
6.185000	0.024414	-0.517578
6.190000	0.356445	-0.346680
6.195000	0.576172	-0.004883
6.200000	0.581055	0.332031
6.205000	0.356445	0.551758
6.210000	-0.014648	0.605469
6.215000	-0.405273	0.087891
6.220000	-0.449219	-1.044922
6.225000	0.234375	-1.645508
6.230000	1.308594	-1.362305
6.235000	2.211914	-0.615234
6.240000	2.612305	0.185547
6.245000	2.490234	0.737305
6.250000	2.011719	0.957031
6.255000	1.367188	0.898438
6.260000	0.771484	0.683594
6.265000	0.307617	0.449219
6.270000	0.000000	0.263672
6.275000	-0.175781	-0.014648
6.280000	-0.166016	-0.415039
6.285000	0.102539	-0.527344
6.290000	0.444336	-0.302734
6.295000	0.634766	0.063477
6.300000	0.590820	0.385742
6.305000	0.327148	0.585938
6.310000	-0.063477	0.590820
6.315000	-0.439453	-0.034180
6.320000	-0.405273	-1.191406
6.325000	0.366211	-1.665039
6.330000	1.455078	-1.289062
6.335000	2.309570	-0.507812
6.340000	2.636719	0.268555
6.345000	2.465820	0.791016
6.350000	1.943359	0.971680
6.355000	1.293945	0.888672
6.360000	0.698242	0.668945
6.365000	0.249023	0.434570
6.370000	-0.048828	0.239258
6.375000	-0.205078	-0.112305
6.380000	-0.126953	-0.512695
6.385000	0.200195	-0.541992
6.390000	0.546875	-0.253906
6.395000	0.712891	0.131836
6.400000	0.620117	0.449219
6.405000	0.322266	0.615234
6.410000	-0.087891	0.581055
6.415000	-0.463867	-0.112305
6.420000	-0.375977	-1.269531
6.425000	0.449219	-1.679688
6.430000	1.547852	-1.254883
6.435000	2.377930	-0.454102
6.440000	2.675781	0.317383
6.445000	2.475586	0.810547
6.450000	1.933594	0.971680
6.455000	1.289062	0.869141
6.460000	0.708008	0.639648
6.465000	0.283203	0.405273
6.470000	-0.004883	0.239258
6.475000	-0.161133	-0.004883
6.480000	-0.156250	-0.361328
6.485000	0.073242	-0.468750
6.490000	0.375977	-0.253906
6.495000	0.537109	0.083008
6.500000	0.483398	0.385742
6.505000	0.219727	0.571289
6.510000	-0.161133	0.507812
6.515000	-0.478516	-0.268555
6.520000	-0.292969	-1.342773
6.525000	0.581055	-1.606445
6.530000	1.630859	-1.113281
6.535000	2.368164	-0.312500
6.540000	2.568359	0.405273
6.545000	2.304688	0.844727
6.550000	1.743164	0.957031
6.555000	1.113281	0.830078
6.560000	0.556641	0.595703
6.565000	0.151367	0.375977
6.570000	-0.107422	0.166016
6.575000	-0.214844	-0.244141
6.580000	-0.053711	-0.576172
6.585000	0.307617	-0.488281
6.590000	0.625000	-0.151367
6.595000	0.732422	0.229492
6.600000	0.576172	0.517578
6.605000	0.229492	0.644531
6.610000	-0.200195	0.488281
6.615000	-0.507812	-0.400391
6.620000	-0.234375	-1.484375
6.625000	0.732422	-1.645508
6.630000	1.811523	-1.079102
6.635000	2.514648	-0.244141
6.640000	2.680664	0.478516
6.645000	2.368164	0.893555
6.650000	1.777344	0.971680
6.655000	1.132812	0.825195
6.660000	0.581055	0.581055
6.665000	0.180664	0.366211
6.670000	-0.068359	0.185547
6.675000	-0.190430	-0.136719
6.680000	-0.102539	-0.473633
6.685000	0.195312	-0.449219
6.690000	0.488281	-0.161133
6.695000	0.595703	0.195312
6.700000	0.463867	0.468750
6.705000	0.141602	0.615234
6.710000	-0.263672	0.400391
6.715000	-0.512695	-0.571289
6.720000	-0.131836	-1.542969
6.725000	0.874023	-1.572266
6.730000	1.904297	-0.952148
6.735000	2.529297	-0.122070
6.740000	2.612305	0.561523
6.745000	2.246094	0.922852
6.750000	1.630859	0.961914
6.755000	0.996094	0.795898
6.760000	0.463867	0.556641
6.765000	0.083008	0.341797
6.770000	-0.146484	0.097656
6.775000	-0.209961	-0.332031
6.780000	0.009766	-0.590820
6.785000	0.390625	-0.429688
6.790000	0.668945	-0.063477
6.795000	0.708008	0.307617
6.800000	0.498047	0.566406
6.805000	0.117188	0.659180
6.810000	-0.317383	0.336914
6.815000	-0.522461	-0.742188
6.820000	-0.029297	-1.655273
6.825000	1.049805	-1.582031
6.830000	2.089844	-0.888672
6.835000	2.675781	-0.029297
6.840000	2.700195	0.634766
6.845000	2.280273	0.966797
6.850000	1.630859	0.981445
6.855000	0.991211	0.786133
6.860000	0.458984	0.537109
6.865000	0.092773	0.322266
6.870000	-0.126953	0.107422
6.875000	-0.195312	-0.278320
6.880000	-0.014648	-0.522461
6.885000	0.317383	-0.395508
6.890000	0.576172	-0.053711
6.895000	0.610352	0.297852
6.900000	0.405273	0.541992
6.905000	0.039062	0.629883
6.910000	-0.371094	0.209961
6.915000	-0.493164	-0.917969
6.920000	0.107422	-1.674805
6.925000	1.206055	-1.474609
6.930000	2.172852	-0.742188
6.935000	2.661133	0.087891
6.940000	2.597656	0.698242
6.945000	2.143555	0.976562
6.950000	1.494141	0.947266
6.955000	0.859375	0.737305
6.960000	0.366211	0.493164
6.965000	0.024414	0.297852
6.970000	-0.166016	0.019531
6.975000	-0.185547	-0.395508
6.980000	0.073242	-0.556641
6.985000	0.434570	-0.346680
6.990000	0.654297	0.024414
6.995000	0.634766	0.371094
7.000000	0.385742	0.590820
7.005000	-0.009766	0.629883
7.010000	-0.419922	0.087891
7.015000	-0.463867	-1.088867
7.020000	0.244141	-1.713867
7.025000	1.367188	-1.411133
7.030000	2.299805	-0.634766
7.035000	2.714844	0.185547
7.040000	2.592773	0.756836
7.045000	2.099609	0.986328
7.050000	1.435547	0.927734
7.055000	0.825195	0.698242
7.060000	0.351562	0.458984
7.065000	0.039062	0.273438
7.070000	-0.146484	0.048828
7.075000	-0.175781	-0.322266
7.080000	0.029297	-0.493164
7.085000	0.346680	-0.317383
7.090000	0.551758	0.019531
7.095000	0.537109	0.346680
7.100000	0.302734	0.556641
7.105000	-0.068359	0.576172
7.110000	-0.444336	-0.034180
7.115000	-0.405273	-1.181641
7.120000	0.361328	-1.650391
7.125000	1.440430	-1.279297
7.130000	2.285156	-0.498047
7.135000	2.617188	0.273438
7.140000	2.441406	0.786133
7.145000	1.918945	0.961914
7.150000	1.274414	0.878906
7.155000	0.693359	0.654297
7.160000	0.253906	0.424805
7.165000	-0.034180	0.234375
7.170000	-0.195312	-0.087891
7.175000	-0.131836	-0.478516
7.180000	0.170898	-0.522461
7.185000	0.502930	-0.244141
7.190000	0.664062	0.126953
7.195000	0.576172	0.434570
7.200000	0.283203	0.610352
7.205000	-0.122070	0.556641
7.210000	-0.478516	-0.180664
7.215000	-0.341797	-1.323242
7.220000	0.517578	-1.665039
7.225000	1.606445	-1.210938
7.230000	2.407227	-0.395508
7.235000	2.666016	0.361328
7.240000	2.426758	0.839844
7.245000	1.875000	0.976562
7.250000	1.230469	0.864258
7.255000	0.649414	0.625000
7.260000	0.219727	0.395508
7.265000	-0.048828	0.219727
7.270000	-0.195312	-0.102539
7.275000	-0.126953	-0.473633
7.280000	0.180664	-0.493164
7.285000	0.498047	-0.209961
7.290000	0.634766	0.146484
7.295000	0.532227	0.449219
7.300000	0.229492	0.615234
7.305000	-0.180664	0.502930
7.310000	-0.498047	-0.332031
7.315000	-0.268555	-1.425781
7.320000	0.659180	-1.640625
7.325000	1.733398	-1.113281
7.330000	2.470703	-0.292969
7.335000	2.651367	0.444336
7.340000	2.368164	0.874023
7.345000	1.787109	0.971680
7.350000	1.142578	0.834961
7.355000	0.581055	0.600586
7.360000	0.175781	0.375977
7.365000	-0.078125	0.185547
7.370000	-0.205078	-0.166016
7.375000	-0.087891	-0.507812
7.380000	0.229492	-0.468750
7.385000	0.537109	-0.161133
7.390000	0.644531	0.200195
7.395000	0.507812	0.488281
7.400000	0.180664	0.625000
7.405000	-0.234375	0.444336
7.410000	-0.512695	-0.488281
7.415000	-0.180664	-1.518555
7.420000	0.810547	-1.611328
7.425000	1.870117	-1.020508
7.430000	2.534180	-0.180664
7.435000	2.656250	0.522461
7.440000	2.319336	0.908203
7.445000	1.718750	0.966797
7.450000	1.074219	0.810547
7.455000	0.527344	0.566406
7.460000	0.141602	0.351562
7.465000	-0.092773	0.156250
7.470000	-0.205078	-0.200195
7.475000	-0.078125	-0.517578
7.480000	0.258789	-0.444336
7.485000	0.541992	-0.126953
7.490000	0.615234	0.234375
7.495000	0.458984	0.512695
7.500000	0.117188	0.629883
7.505000	-0.302734	0.356445
7.510000	-0.517578	-0.683594
7.515000	-0.068359	-1.606445
7.520000	0.986328	-1.567383
7.525000	2.016602	-0.903320
7.530000	2.602539	-0.058594
7.535000	2.646484	0.610352
7.540000	2.250977	0.947266
7.545000	1.616211	0.966797
7.550000	0.976562	0.781250
7.555000	0.449219	0.537109
7.560000	0.083008	0.327148
7.565000	-0.136719	0.092773
7.570000	-0.200195	-0.317383
7.575000	0.004883	-0.556641
7.580000	0.361328	-0.400391
7.585000	0.620117	-0.048828
7.590000	0.654297	0.312500
7.595000	0.444336	0.556641
7.600000	0.068359	0.639648
7.605000	-0.346680	0.258789
7.610000	-0.498047	-0.854492
7.615000	0.058594	-1.655273
7.620000	1.147461	-1.499023
7.625000	2.128906	-0.786133
7.630000	2.641602	0.043945
7.635000	2.612305	0.673828
7.640000	2.177734	0.961914
7.645000	1.538086	0.942383
7.650000	0.913086	0.742188
7.655000	0.415039	0.498047
7.660000	0.068359	0.302734
7.665000	-0.141602	0.083008
7.670000	-0.190430	-0.302734
7.675000	0.004883	-0.517578
7.680000	0.336914	-0.361328
7.685000	0.571289	-0.019531
7.690000	0.585938	0.322266
7.695000	0.371094	0.551758
7.700000	0.000000	0.615234
7.705000	-0.400391	0.126953
7.710000	-0.468750	-1.020508
7.715000	0.195312	-1.669922
7.720000	1.289062	-1.406250
7.725000	2.216797	-0.654297
7.730000	2.646484	0.156250
7.735000	2.543945	0.732422
7.740000	2.060547	0.966797
7.745000	1.420898	0.922852
7.750000	0.810547	0.703125
7.755000	0.336914	0.463867
7.760000	0.019531	0.278320
7.765000	-0.166016	0.014648
7.770000	-0.166016	-0.385742
7.775000	0.073242	-0.522461
7.780000	0.415039	-0.312500
7.785000	0.615234	0.039062
7.790000	0.581055	0.371094
7.795000	0.332031	0.576172
7.800000	-0.053711	0.595703
7.805000	-0.439453	-0.004883
7.810000	-0.415039	-1.166992
7.815000	0.336914	-1.669922
7.820000	1.430664	-1.313477
7.825000	2.299805	-0.537109
7.830000	2.646484	0.253906
7.835000	2.485352	0.776367
7.840000	1.967773	0.966797
7.845000	1.318359	0.888672
7.850000	0.732422	0.668945
7.855000	0.283203	0.434570
7.860000	-0.009766	0.253906
7.865000	-0.180664	-0.043945
7.870000	-0.156250	-0.439453
7.875000	0.126953	-0.517578
7.880000	0.458984	-0.268555
7.885000	0.629883	0.097656
7.890000	0.566406	0.415039
7.895000	0.292969	0.595703
7.900000	-0.107422	0.561523
7.905000	-0.473633	-0.146484
7.910000	-0.356445	-1.289062
7.915000	0.478516	-1.665039
7.920000	1.567383	-1.230469
7.925000	2.377930	-0.424805
7.930000	2.651367	0.341797
7.935000	2.436523	0.820312
7.940000	1.889648	0.966797
7.945000	1.245117	0.864258
7.950000	0.664062	0.634766
7.955000	0.234375	0.405273
7.960000	-0.039062	0.219727
7.965000	-0.190430	-0.083008
7.970000	-0.131836	-0.458984
7.975000	0.161133	-0.493164
7.980000	0.478516	-0.229492
7.985000	0.625000	0.136719
7.990000	0.532227	0.434570
7.995000	0.239258	0.600586
8.000000	-0.161133	0.517578
8.005000	-0.488281	-0.283203
8.010000	-0.292969	-1.386719
8.015000	0.605469	-1.635742
8.020000	1.679688	-1.132812
8.025000	2.431641	-0.317383
8.030000	2.626953	0.419922
8.035000	2.358398	0.859375
8.040000	1.787109	0.971680
8.045000	1.147461	0.844727
8.050000	0.576172	0.610352
8.055000	0.166016	0.385742
8.060000	-0.092773	0.180664
8.065000	-0.209961	-0.209961
8.070000	-0.073242	-0.551758
8.075000	0.283203	-0.488281
8.080000	0.600586	-0.166016
8.085000	0.703125	0.214844
8.090000	0.571289	0.498047
8.095000	0.234375	0.625000
8.100000	-0.190430	0.493164
8.105000	-0.502930	-0.371094
8.110000	-0.244141	-1.445312
8.115000	0.693359	-1.625977
8.120000	1.757812	-1.074219
8.125000	2.470703	-0.249023
8.130000	2.631836	0.473633
8.135000	2.319336	0.893555
8.140000	1.728516	0.981445
8.145000	1.083984	0.834961
8.150000	0.522461	0.595703
8.155000	0.117188	0.371094
8.160000	-0.136719	0.126953
8.165000	-0.214844	-0.317383
8.170000	-0.009766	-0.615234
8.175000	0.385742	-0.478516
8.180000	0.693359	-0.112305
8.185000	0.771484	0.283203
8.190000	0.581055	0.551758
8.195000	0.209961	0.668945
8.200000	-0.239258	0.463867
8.205000	-0.527344	-0.512695
8.210000	-0.180664	-1.567383
8.215000	0.844727	-1.660156
8.220000	1.933594	-1.049805
8.225000	2.617188	-0.190430
8.230000	2.744141	0.537109
8.235000	2.392578	0.932617
8.240000	1.777344	0.996094
8.245000	1.118164	0.830078
8.250000	0.556641	0.581055
8.255000	0.166016	0.356445
8.260000	-0.078125	0.175781
8.265000	-0.195312	-0.156250
8.270000	-0.087891	-0.478516
8.275000	0.219727	-0.439453
8.280000	0.498047	-0.136719
8.285000	0.585938	0.214844
8.290000	0.439453	0.493164
8.295000	0.112305	0.625000
8.300000	-0.297852	0.351562
8.305000	-0.517578	-0.683594
8.310000	-0.063477	-1.601562
8.315000	0.986328	-1.557617
8.320000	2.006836	-0.893555
8.325000	2.592773	-0.053711
8.330000	2.631836	0.615234
8.335000	2.226562	0.952148
8.340000	1.596680	0.966797
8.345000	0.957031	0.786133
8.350000	0.429688	0.537109
8.355000	0.063477	0.327148
8.360000	-0.161133	0.063477
8.365000	-0.200195	-0.366211
8.370000	0.034180	-0.585938
8.375000	0.415039	-0.400391
8.380000	0.673828	-0.029297
8.385000	0.693359	0.336914
8.390000	0.463867	0.576172
8.395000	0.078125	0.654297
8.400000	-0.351562	0.268555
8.405000	-0.512695	-0.854492
8.410000	0.048828	-1.679688
8.415000	1.152344	-1.533203
8.420000	2.158203	-0.810547
8.425000	2.685547	0.039062
8.430000	2.661133	0.673828
8.435000	2.216797	0.976562
8.440000	1.567383	0.961914
8.445000	0.932617	0.761719
8.450000	0.419922	0.507812
8.455000	0.073242	0.302734
8.460000	-0.131836	0.087891
8.465000	-0.190430	-0.292969
8.470000	-0.004883	-0.517578
8.475000	0.332031	-0.366211
8.480000	0.571289	-0.029297
8.485000	0.581055	0.312500
8.490000	0.371094	0.551758
8.495000	0.000000	0.620117
8.500000	-0.400391	0.131836
8.505000	-0.478516	-1.015625
8.510000	0.190430	-1.684570
8.515000	1.284180	-1.420898
8.520000	2.221680	-0.664062
8.525000	2.661133	0.151367
8.530000	2.558594	0.737305
8.535000	2.075195	0.981445
8.540000	1.416016	0.927734
8.545000	0.805664	0.717773
8.550000	0.317383	0.473633
8.555000	-0.004883	0.278320
8.560000	-0.185547	-0.019531
8.565000	-0.166016	-0.454102
8.570000	0.117188	-0.556641
8.575000	0.478516	-0.317383
8.580000	0.683594	0.068359
8.585000	0.634766	0.405273
8.590000	0.366211	0.610352
8.595000	-0.043945	0.615234
8.600000	-0.444336	0.009766
8.605000	-0.434570	-1.171875
8.610000	0.327148	-1.713867
8.615000	1.445312	-1.357422
8.620000	2.348633	-0.566406
8.625000	2.719727	0.244141
8.630000	2.558594	0.791016
8.635000	2.036133	0.996094
8.640000	1.376953	0.917969
8.645000	0.771484	0.688477
8.650000	0.307617	0.444336
8.655000	0.000000	0.263672
8.660000	-0.170898	-0.009766
8.665000	-0.166016	-0.400391
8.670000	0.092773	-0.512695
8.675000	0.424805	-0.283203
8.680000	0.610352	0.073242
8.685000	0.551758	0.400391
8.690000	0.288086	0.595703
8.695000	-0.112305	0.576172
8.700000	-0.478516	-0.141602
8.705000	-0.366211	-1.298828
8.710000	0.478516	-1.684570
8.715000	1.577148	-1.245117
8.720000	2.407227	-0.429688
8.725000	2.680664	0.346680
8.730000	2.460938	0.834961
8.735000	1.904297	0.991211
8.740000	1.245117	0.883789
8.745000	0.654297	0.644531
8.750000	0.219727	0.415039
8.755000	-0.058594	0.219727
8.760000	-0.205078	-0.131836
8.765000	-0.112305	-0.517578
8.770000	0.209961	-0.517578
8.775000	0.541992	-0.219727
8.780000	0.683594	0.161133
8.785000	0.571289	0.468750
8.790000	0.258789	0.625000
8.795000	-0.161133	0.532227
8.800000	-0.498047	-0.292969
8.805000	-0.297852	-1.425781
8.810000	0.629883	-1.684570
8.815000	1.738281	-1.166992
8.820000	2.500000	-0.322266
8.825000	2.714844	0.429688
8.830000	2.441406	0.883789
8.835000	1.855469	0.996094
8.840000	1.196289	0.859375
8.845000	0.620117	0.615234
8.850000	0.205078	0.385742
8.855000	-0.063477	0.205078
8.860000	-0.195312	-0.126953
8.865000	-0.112305	-0.483398
8.870000	0.200195	-0.478516
8.875000	0.507812	-0.185547
8.880000	0.620117	0.175781
8.885000	0.502930	0.473633
8.890000	0.185547	0.620117
8.895000	-0.229492	0.458984
8.900000	-0.517578	-0.463867
8.905000	-0.205078	-1.513672
8.910000	0.786133	-1.630859
8.915000	1.855469	-1.040039
8.920000	2.534180	-0.200195
8.925000	2.670898	0.512695
8.930000	2.333984	0.913086
8.935000	1.728516	0.981445
8.940000	1.083984	0.825195
8.945000	0.527344	0.576172
8.950000	0.131836	0.361328
8.955000	-0.112305	0.146484
8.960000	-0.209961	-0.244141
8.965000	-0.048828	-0.551758
8.970000	0.307617	-0.449219
8.975000	0.600586	-0.117188
8.980000	0.668945	0.258789
8.985000	0.498047	0.532227
8.990000	0.146484	0.644531
8.995000	-0.283203	0.390625
9.000000	-0.517578	-0.634766
9.005000	-0.097656	-1.601562
9.010000	0.947266	-1.601562
9.015000	1.992188	-0.942383
9.020000	2.612305	-0.097656
9.025000	2.675781	0.585938
9.030000	2.290039	0.942383
9.035000	1.665039	0.976562
9.040000	1.020508	0.795898
9.045000	0.483398	0.546875
9.050000	0.112305	0.336914
9.055000	-0.117188	0.131836
9.060000	-0.205078	-0.253906
9.065000	-0.034180	-0.527344
9.070000	0.302734	-0.415039
9.075000	0.571289	-0.083008
9.080000	0.620117	0.278320
9.085000	0.434570	0.537109
9.090000	0.078125	0.634766
9.095000	-0.336914	0.283203
9.100000	-0.507812	-0.805664
9.105000	0.019531	-1.645508
9.110000	1.098633	-1.518555
9.115000	2.099609	-0.815430
9.120000	2.631836	0.019531
9.125000	2.622070	0.659180
9.130000	2.187500	0.961914
9.135000	1.547852	0.952148
9.140000	0.917969	0.761719
9.145000	0.405273	0.512695
9.150000	0.053711	0.307617
9.155000	-0.156250	0.063477
9.160000	-0.190430	-0.356445
9.165000	0.034180	-0.556641
9.170000	0.390625	-0.371094
9.175000	0.634766	-0.009766
9.180000	0.639648	0.336914
9.185000	0.410156	0.576172
9.190000	0.029297	0.639648
9.195000	-0.385742	0.170898
9.200000	-0.483398	-0.971680
9.205000	0.151367	-1.694336
9.210000	1.254883	-1.455078
9.215000	2.216797	-0.708008
9.220000	2.680664	0.122070
9.225000	2.602539	0.722656
9.230000	2.128906	0.981445
9.235000	1.474609	0.937500
9.240000	0.854492	0.727539
9.245000	0.361328	0.478516
9.250000	0.029297	0.288086
9.255000	-0.166016	0.034180
9.260000	-0.180664	-0.371094
9.265000	0.058594	-0.532227
9.270000	0.400391	-0.332031
9.275000	0.615234	0.024414
9.280000	0.595703	0.366211
9.285000	0.356445	0.576172
9.290000	-0.034180	0.615234
9.295000	-0.434570	0.039062
9.300000	-0.444336	-1.132812
9.305000	0.297852	-1.699219
9.310000	1.406250	-1.362305
9.315000	2.304688	-0.585938
9.320000	2.690430	0.224609
9.325000	2.539062	0.776367
9.330000	2.026367	0.986328
9.335000	1.367188	0.917969
9.340000	0.761719	0.693359
9.345000	0.297852	0.454102
9.350000	-0.009766	0.258789
9.355000	-0.185547	-0.043945
9.360000	-0.156250	-0.449219
9.365000	0.126953	-0.532227
9.370000	0.473633	-0.283203
9.375000	0.654297	0.087891
9.380000	0.595703	0.419922
9.385000	0.312500	0.610352
9.390000	-0.092773	0.590820
9.395000	-0.473633	-0.102539
9.400000	-0.390625	-1.279297
9.405000	0.444336	-1.708984
9.410000	1.557617	-1.279297
9.415000	2.407227	-0.468750
9.420000	2.714844	0.317383
9.425000	2.500000	0.830078
9.430000	1.953125	0.996094
9.435000	1.293945	0.893555
9.440000	0.698242	0.654297
9.445000	0.253906	0.419922
9.450000	-0.034180	0.234375
9.455000	-0.190430	-0.078125
9.460000	-0.136719	-0.463867
9.465000	0.151367	-0.507812
9.470000	0.488281	-0.244141
9.475000	0.644531	0.126953
9.480000	0.551758	0.444336
9.485000	0.258789	0.615234
9.490000	-0.151367	0.537109
9.495000	-0.498047	-0.263672
9.500000	-0.312500	-1.401367
9.505000	0.595703	-1.684570
9.510000	1.699219	-1.181641
9.515000	2.475586	-0.341797
9.520000	2.705078	0.415039
9.525000	2.436523	0.869141
9.530000	1.855469	0.991211
9.535000	1.196289	0.864258
9.540000	0.615234	0.620117
9.545000	0.200195	0.390625
9.550000	-0.073242	0.200195
9.555000	-0.205078	-0.156250
9.560000	-0.097656	-0.517578
9.565000	0.229492	-0.483398
9.570000	0.541992	-0.180664
9.575000	0.664062	0.190430
9.580000	0.537109	0.488281
9.585000	0.205078	0.629883
9.590000	-0.214844	0.483398
9.595000	-0.517578	-0.429688
9.600000	-0.224609	-1.503906
9.605000	0.756836	-1.655273
9.610000	1.845703	-1.074219
9.615000	2.548828	-0.229492
9.620000	2.700195	0.498047
9.625000	2.377930	0.913086
9.630000	1.777344	0.986328
9.635000	1.118164	0.834961
9.640000	0.556641	0.590820
9.645000	0.156250	0.366211
9.650000	-0.087891	0.170898
9.655000	-0.205078	-0.195312
9.660000	-0.078125	-0.517578
9.665000	0.258789	-0.454102
9.670000	0.551758	-0.141602
9.675000	0.644531	0.229492
9.680000	0.483398	0.502930
9.685000	0.146484	0.634766
9.690000	-0.273438	0.395508
9.695000	-0.517578	-0.605469
9.700000	-0.117188	-1.582031
9.705000	0.917969	-1.601562
9.710000	1.962891	-0.957031
9.715000	2.592773	-0.107422
9.720000	2.666016	0.576172
9.725000	2.290039	0.937500
9.730000	1.669922	0.971680
9.735000	1.020508	0.800781
9.740000	0.478516	0.551758
9.745000	0.107422	0.336914
9.750000	-0.126953	0.122070
9.755000	-0.205078	-0.273438
9.760000	-0.024414	-0.546875
9.765000	0.327148	-0.424805
9.770000	0.600586	-0.078125
9.775000	0.649414	0.283203
9.780000	0.458984	0.541992
9.785000	0.097656	0.644531
9.790000	-0.327148	0.302734
9.795000	-0.517578	-0.776367
9.800000	0.000000	-1.645508
9.805000	1.074219	-1.542969
9.810000	2.089844	-0.849609
9.815000	2.641602	-0.004883
9.820000	2.646484	0.649414
9.825000	2.221680	0.957031
9.830000	1.582031	0.961914
9.835000	0.947266	0.766602
9.840000	0.429688	0.517578
9.845000	0.073242	0.317383
9.850000	-0.141602	0.083008
9.855000	-0.200195	-0.312500
9.860000	0.004883	-0.537109
9.865000	0.351562	-0.385742
9.870000	0.600586	-0.029297
9.875000	0.620117	0.322266
9.880000	0.410156	0.556641
9.885000	0.029297	0.634766
9.890000	-0.380859	0.190430
9.895000	-0.488281	-0.947266
9.900000	0.131836	-1.679688
9.905000	1.230469	-1.464844
9.910000	2.192383	-0.722656
9.915000	2.670898	0.107422
9.920000	2.597656	0.712891
9.925000	2.133789	0.976562
9.930000	1.479492	0.937500
9.935000	0.859375	0.732422
9.940000	0.366211	0.488281
9.945000	0.029297	0.292969
9.950000	-0.166016	0.024414
9.955000	-0.180664	-0.385742
9.960000	0.063477	-0.546875
9.965000	0.415039	-0.336914
9.970000	0.634766	0.024414
9.975000	0.615234	0.366211
9.980000	0.366211	0.585938
9.985000	-0.024414	0.620117
9.990000	-0.424805	0.063477
9.995000	-0.454102	-1.108398
10.000000	0.273438	-1.704102
