# Time_s	x	xdot
0.000000	0.024414	0.234375
0.005000	-0.131836	0.034180
0.010000	-0.156250	-0.288086
0.015000	0.024414	-0.415039
0.020000	0.292969	-0.239258
0.025000	0.449219	0.073242
0.030000	0.390625	0.371094
0.035000	0.141602	0.551758
0.040000	-0.229492	0.419922
0.045000	-0.493164	-0.449219
0.050000	-0.190430	-1.445312
0.055000	0.751953	-1.557617
0.060000	1.767578	-0.986328
0.065000	2.416992	-0.170898
0.070000	2.529297	0.517578
0.075000	2.192383	0.898438
0.080000	1.596680	0.961914
0.085000	0.957031	0.800781
0.090000	0.419922	0.561523
0.095000	0.039062	0.336914
0.100000	-0.190430	0.009766
0.105000	-0.195312	-0.478516
0.110000	0.112305	-0.654297
0.115000	0.537109	-0.419922
0.120000	0.805664	-0.014648
0.125000	0.815430	0.371094
0.130000	0.571289	0.615234
0.135000	0.161133	0.678711
0.140000	-0.288086	0.366211
0.145000	-0.517578	-0.693359
0.150000	-0.058594	-1.645508
0.155000	1.015625	-1.611328
0.160000	2.075195	-0.937500
0.165000	2.685547	-0.068359
0.170000	2.734375	0.620117
0.175000	2.333984	0.961914
0.180000	1.689453	0.986328
0.185000	1.040039	0.791016
0.190000	0.507812	0.527344
0.195000	0.146484	0.307617
0.200000	-0.063477	0.151367
0.205000	-0.166016	-0.126953
0.210000	-0.092773	-0.400391
0.215000	0.166016	-0.351562
0.220000	0.385742	-0.083008
0.225000	0.444336	0.234375
0.230000	0.283203	0.483398
0.235000	-0.034180	0.566406
0.240000	-0.400391	0.073242
0.245000	-0.434570	-1.030273
0.250000	0.234375	-1.611328
0.255000	1.284180	-1.318359
0.260000	2.163086	-0.581055
0.265000	2.539062	0.205078
0.270000	2.412109	0.751953
0.275000	1.909180	0.966797
0.280000	1.264648	0.903320
0.285000	0.668945	0.683594
0.290000	0.205078	0.444336
0.295000	-0.092773	0.205078
0.300000	-0.229492	-0.239258
0.305000	-0.073242	-0.629883
0.310000	0.332031	-0.576172
0.315000	0.703125	-0.224609
0.320000	0.849609	0.190430
0.325000	0.717773	0.512695
0.330000	0.375977	0.664062
0.335000	-0.068359	0.615234
0.340000	-0.463867	-0.087891
0.345000	-0.390625	-1.284180
0.350000	0.444336	-1.738281
0.355000	1.582031	-1.318359
0.360000	2.456055	-0.493164
0.365000	2.783203	0.307617
0.370000	2.573242	0.834961
0.375000	2.026367	1.005859
0.380000	1.352539	0.903320
0.385000	0.751953	0.659180
0.390000	0.307617	0.410156
0.395000	0.024414	0.234375
0.400000	-0.136719	0.029297
0.405000	-0.156250	-0.283203
0.410000	0.029297	-0.410156
0.415000	0.292969	-0.234375
0.420000	0.444336	0.078125
0.425000	0.390625	0.371094
0.430000	0.136719	0.556641
0.435000	-0.229492	0.424805
0.440000	-0.493164	-0.454102
0.445000	-0.185547	-1.445312
0.450000	0.751953	-1.557617
0.455000	1.772461	-0.981445
0.460000	2.421875	-0.170898
0.465000	2.524414	0.522461
0.470000	2.187500	0.903320
0.475000	1.591797	0.961914
0.480000	0.952148	0.800781
0.485000	0.410156	0.561523
0.490000	0.034180	0.336914
0.495000	-0.190430	0.009766
0.500000	-0.195312	-0.483398
0.505000	0.112305	-0.654297
0.510000	0.541992	-0.419922
0.515000	0.810547	-0.014648
0.520000	0.815430	0.371094
0.525000	0.571289	0.610352
0.530000	0.156250	0.683594
0.535000	-0.292969	0.371094
0.540000	-0.517578	-0.693359
0.545000	-0.053711	-1.645508
0.550000	1.020508	-1.611328
0.555000	2.075195	-0.932617
0.560000	2.685547	-0.073242
0.565000	2.734375	0.615234
0.570000	2.333984	0.966797
0.575000	1.689453	0.986328
0.580000	1.035156	0.791016
0.585000	0.507812	0.532227
0.590000	0.146484	0.307617
0.595000	-0.068359	0.151367
0.600000	-0.166016	-0.122070
0.605000	-0.087891	-0.400391
0.610000	0.166016	-0.356445
0.615000	0.390625	-0.087891
0.620000	0.444336	0.234375
0.625000	0.283203	0.483398
0.630000	-0.034180	0.566406
0.635000	-0.400391	0.073242
0.640000	-0.439453	-1.030273
0.645000	0.239258	-1.606445
0.650000	1.284180	-1.318359
0.655000	2.163086	-0.581055
0.660000	2.539062	0.205078
0.665000	2.412109	0.751953
0.670000	1.904297	0.966797
0.675000	1.259766	0.898438
0.680000	0.664062	0.683594
0.685000	0.205078	0.439453
0.690000	-0.092773	0.205078
0.695000	-0.229492	-0.239258
0.700000	-0.068359	-0.629883
0.705000	0.332031	-0.571289
0.710000	0.703125	-0.224609
0.715000	0.849609	0.195312
0.720000	0.717773	0.512695
0.725000	0.375977	0.664062
0.730000	-0.068359	0.615234
0.735000	-0.468750	-0.087891
0.740000	-0.395508	-1.279297
0.745000	0.444336	-1.743164
0.750000	1.577148	-1.318359
0.755000	2.456055	-0.498047
0.760000	2.783203	0.307617
0.765000	2.573242	0.834961
0.770000	2.021484	1.005859
0.775000	1.352539	0.908203
0.780000	0.751953	0.659180
0.785000	0.302734	0.410156
0.790000	0.024414	0.234375
0.795000	-0.136719	0.029297
0.800000	-0.156250	-0.288086
0.805000	0.024414	-0.410156
0.810000	0.292969	-0.234375
0.815000	0.444336	0.078125
0.820000	0.385742	0.371094
0.825000	0.136719	0.551758
0.830000	-0.234375	0.419922
0.835000	-0.493164	-0.454102
0.840000	-0.190430	-1.445312
0.845000	0.756836	-1.552734
0.850000	1.772461	-0.981445
0.855000	2.416992	-0.170898
0.860000	2.524414	0.517578
0.865000	2.187500	0.898438
0.870000	1.591797	0.961914
0.875000	0.952148	0.800781
0.880000	0.415039	0.556641
0.885000	0.034180	0.336914
0.890000	-0.190430	0.004883
0.895000	-0.190430	-0.478516
0.900000	0.117188	-0.654297
0.905000	0.537109	-0.419922
0.910000	0.810547	-0.009766
0.915000	0.815430	0.371094
0.920000	0.571289	0.615234
0.925000	0.156250	0.678711
0.930000	-0.292969	0.366211
0.935000	-0.522461	-0.698242
0.940000	-0.053711	-1.645508
0.945000	1.015625	-1.611328
0.950000	2.075195	-0.932617
0.955000	2.690430	-0.068359
0.960000	2.734375	0.620117
0.965000	2.329102	0.961914
0.970000	1.689453	0.981445
0.975000	1.035156	0.791016
0.980000	0.502930	0.532227
0.985000	0.146484	0.307617
0.990000	-0.068359	0.151367
0.995000	-0.166016	-0.126953
1.000000	-0.087891	-0.400391
1.005000	0.166016	-0.351562
1.010000	0.390625	-0.083008
1.015000	0.444336	0.234375
1.020000	0.288086	0.478516
1.025000	-0.039062	0.566406
1.030000	-0.405273	0.073242
1.035000	-0.434570	-1.030273
1.040000	0.239258	-1.611328
1.045000	1.289062	-1.318359
1.050000	2.163086	-0.576172
1.055000	2.539062	0.209961
1.060000	2.407227	0.756836
1.065000	1.909180	0.966797
1.070000	1.264648	0.903320
1.075000	0.664062	0.683594
1.080000	0.205078	0.444336
1.085000	-0.092773	0.200195
1.090000	-0.229492	-0.239258
1.095000	-0.073242	-0.629883
1.100000	0.332031	-0.576172
1.105000	0.703125	-0.224609
1.110000	0.849609	0.190430
1.115000	0.717773	0.512695
1.120000	0.375977	0.664062
1.125000	-0.068359	0.615234
1.130000	-0.468750	-0.087891
1.135000	-0.390625	-1.284180
1.140000	0.444336	-1.738281
1.145000	1.582031	-1.318359
1.150000	2.456055	-0.493164
1.155000	2.783203	0.312500
1.160000	2.573242	0.839844
1.165000	2.021484	1.005859
1.170000	1.347656	0.903320
1.175000	0.751953	0.659180
1.180000	0.302734	0.410156
1.185000	0.024414	0.229492
1.190000	-0.136719	0.029297
1.195000	-0.156250	-0.288086
1.200000	0.029297	-0.415039
1.205000	0.297852	-0.239258
1.210000	0.449219	0.078125
1.215000	0.385742	0.371094
1.220000	0.141602	0.556641
1.225000	-0.229492	0.419922
1.230000	-0.493164	-0.454102
1.235000	-0.185547	-1.450195
1.240000	0.761719	-1.552734
1.245000	1.772461	-0.981445
1.250000	2.421875	-0.166016
1.255000	2.524414	0.517578
1.260000	2.187500	0.903320
1.265000	1.591797	0.957031
1.270000	0.952148	0.800781
1.275000	0.415039	0.556641
1.280000	0.034180	0.332031
1.285000	-0.190430	0.009766
1.290000	-0.190430	-0.483398
1.295000	0.117188	-0.654297
1.300000	0.541992	-0.419922
1.305000	0.810547	-0.014648
1.310000	0.815430	0.375977
1.315000	0.566406	0.615234
1.320000	0.156250	0.678711
1.325000	-0.292969	0.366211
1.330000	-0.517578	-0.698242
1.335000	-0.053711	-1.645508
1.340000	1.020508	-1.611328
1.345000	2.075195	-0.927734
1.350000	2.690430	-0.068359
1.355000	2.739258	0.615234
1.360000	2.333984	0.966797
1.365000	1.689453	0.981445
1.370000	1.035156	0.791016
1.375000	0.502930	0.527344
1.380000	0.146484	0.307617
1.385000	-0.073242	0.146484
1.390000	-0.166016	-0.126953
1.395000	-0.087891	-0.400391
1.400000	0.166016	-0.356445
1.405000	0.390625	-0.087891
1.410000	0.439453	0.239258
1.415000	0.283203	0.478516
1.420000	-0.039062	0.566406
1.425000	-0.400391	0.068359
1.430000	-0.434570	-1.035156
1.435000	0.239258	-1.611328
1.440000	1.289062	-1.318359
1.445000	2.163086	-0.576172
1.450000	2.539062	0.209961
1.455000	2.407227	0.756836
1.460000	1.909180	0.966797
1.465000	1.259766	0.903320
1.470000	0.664062	0.678711
1.475000	0.205078	0.439453
1.480000	-0.092773	0.200195
1.485000	-0.224609	-0.239258
1.490000	-0.068359	-0.629883
1.495000	0.332031	-0.571289
1.500000	0.708008	-0.224609
1.505000	0.849609	0.195312
1.510000	0.722656	0.517578
1.515000	0.375977	0.664062
1.520000	-0.073242	0.615234
1.525000	-0.463867	-0.087891
1.530000	-0.390625	-1.289062
1.535000	0.449219	-1.738281
1.540000	1.582031	-1.313477
1.545000	2.456055	-0.493164
1.550000	2.783203	0.312500
1.555000	2.568359	0.839844
1.560000	2.021484	1.005859
1.565000	1.352539	0.908203
1.570000	0.751953	0.659180
1.575000	0.302734	0.410156
1.580000	0.019531	0.229492
1.585000	-0.136719	0.029297
1.590000	-0.156250	-0.288086
1.595000	0.024414	-0.410156
1.600000	0.292969	-0.234375
1.605000	0.444336	0.078125
1.610000	0.385742	0.371094
1.615000	0.136719	0.556641
1.620000	-0.234375	0.419922
1.625000	-0.493164	-0.454102
1.630000	-0.185547	-1.445312
1.635000	0.761719	-1.552734
1.640000	1.777344	-0.976562
1.645000	2.421875	-0.166016
1.650000	2.529297	0.522461
1.655000	2.187500	0.903320
1.660000	1.586914	0.961914
1.665000	0.952148	0.800781
1.670000	0.410156	0.556641
1.675000	0.034180	0.336914
1.680000	-0.190430	0.004883
1.685000	-0.190430	-0.483398
1.690000	0.117188	-0.654297
1.695000	0.541992	-0.415039
1.700000	0.810547	-0.009766
1.705000	0.815430	0.371094
1.710000	0.571289	0.615234
1.715000	0.156250	0.678711
1.720000	-0.292969	0.366211
1.725000	-0.517578	-0.703125
1.730000	-0.053711	-1.645508
1.735000	1.020508	-1.611328
1.740000	2.080078	-0.927734
1.745000	2.690430	-0.063477
1.750000	2.734375	0.620117
1.755000	2.333984	0.961914
1.760000	1.689453	0.986328
1.765000	1.035156	0.791016
1.770000	0.502930	0.532227
1.775000	0.141602	0.307617
1.780000	-0.068359	0.146484
1.785000	-0.166016	-0.126953
1.790000	-0.087891	-0.400391
1.795000	0.170898	-0.351562
1.800000	0.390625	-0.083008
1.805000	0.444336	0.234375
1.810000	0.283203	0.483398
1.815000	-0.039062	0.566406
1.820000	-0.400391	0.068359
1.825000	-0.434570	-1.030273
1.830000	0.239258	-1.611328
1.835000	1.289062	-1.318359
1.840000	2.163086	-0.576172
1.845000	2.539062	0.209961
1.850000	2.407227	0.756836
1.855000	1.904297	0.966797
1.860000	1.259766	0.898438
1.865000	0.664062	0.678711
1.870000	0.205078	0.439453
1.875000	-0.097656	0.205078
1.880000	-0.224609	-0.239258
1.885000	-0.068359	-0.629883
1.890000	0.332031	-0.571289
1.895000	0.703125	-0.224609
1.900000	0.849609	0.195312
1.905000	0.717773	0.517578
1.910000	0.371094	0.664062
1.915000	-0.073242	0.615234
1.920000	-0.463867	-0.092773
1.925000	-0.390625	-1.289062
1.930000	0.449219	-1.738281
1.935000	1.582031	-1.313477
1.940000	2.456055	-0.493164
1.945000	2.778320	0.312500
1.950000	2.573242	0.839844
1.955000	2.021484	1.005859
1.960000	1.347656	0.908203
1.965000	0.747070	0.654297
1.970000	0.302734	0.405273
1.975000	0.024414	0.234375
1.980000	-0.131836	0.029297
1.985000	-0.156250	-0.288086
1.990000	0.024414	-0.415039
1.995000	0.292969	-0.234375
2.000000	0.444336	0.073242
2.005000	0.385742	0.371094
2.010000	0.136719	0.556641
2.015000	-0.234375	0.419922
2.020000	-0.493164	-0.458984
2.025000	-0.180664	-1.450195
2.030000	0.761719	-1.547852
2.035000	1.777344	-0.976562
2.040000	2.421875	-0.166016
2.045000	2.524414	0.522461
2.050000	2.182617	0.903320
2.055000	1.586914	0.961914
2.060000	0.947266	0.805664
2.065000	0.410156	0.556641
2.070000	0.034180	0.332031
2.075000	-0.190430	0.004883
2.080000	-0.190430	-0.483398
2.085000	0.117188	-0.654297
2.090000	0.541992	-0.415039
2.095000	0.810547	-0.009766
2.100000	0.810547	0.375977
2.105000	0.566406	0.615234
2.110000	0.156250	0.683594
2.115000	-0.292969	0.366211
2.120000	-0.517578	-0.703125
2.125000	-0.048828	-1.645508
2.130000	1.025391	-1.606445
2.135000	2.080078	-0.927734
2.140000	2.690430	-0.068359
2.145000	2.734375	0.620117
2.150000	2.329102	0.961914
2.155000	1.689453	0.986328
2.160000	1.035156	0.786133
2.165000	0.502930	0.532227
2.170000	0.146484	0.307617
2.175000	-0.068359	0.151367
2.180000	-0.166016	-0.126953
2.185000	-0.087891	-0.395508
2.190000	0.166016	-0.351562
2.195000	0.390625	-0.083008
2.200000	0.444336	0.234375
2.205000	0.288086	0.478516
2.210000	-0.039062	0.566406
2.215000	-0.400391	0.068359
2.220000	-0.429688	-1.035156
2.225000	0.239258	-1.611328
2.230000	1.293945	-1.318359
2.235000	2.167969	-0.576172
2.240000	2.539062	0.209961
2.245000	2.407227	0.756836
2.250000	1.899414	0.966797
2.255000	1.254883	0.903320
2.260000	0.664062	0.678711
2.265000	0.205078	0.439453
2.270000	-0.092773	0.205078
2.275000	-0.229492	-0.244141
2.280000	-0.068359	-0.634766
2.285000	0.336914	-0.571289
2.290000	0.708008	-0.224609
2.295000	0.849609	0.195312
2.300000	0.717773	0.512695
2.305000	0.375977	0.664062
2.310000	-0.073242	0.615234
2.315000	-0.468750	-0.097656
2.320000	-0.390625	-1.289062
2.325000	0.449219	-1.738281
2.330000	1.586914	-1.313477
2.335000	2.456055	-0.493164
2.340000	2.783203	0.317383
2.345000	2.573242	0.839844
2.350000	2.021484	1.005859
2.355000	1.347656	0.903320
2.360000	0.747070	0.659180
2.365000	0.302734	0.410156
2.370000	0.024414	0.234375
2.375000	-0.136719	0.024414
2.380000	-0.156250	-0.288086
2.385000	0.029297	-0.415039
2.390000	0.297852	-0.234375
2.395000	0.444336	0.078125
2.400000	0.385742	0.371094
2.405000	0.136719	0.556641
2.410000	-0.234375	0.415039
2.415000	-0.493164	-0.458984
2.420000	-0.180664	-1.450195
2.425000	0.766602	-1.552734
2.430000	1.772461	-0.976562
2.435000	2.426758	-0.161133
2.440000	2.524414	0.527344
2.445000	2.187500	0.903320
2.450000	1.586914	0.961914
2.455000	0.952148	0.800781
2.460000	0.410156	0.556641
2.465000	0.029297	0.332031
2.470000	-0.190430	0.004883
2.475000	-0.190430	-0.483398
2.480000	0.117188	-0.654297
2.485000	0.541992	-0.415039
2.490000	0.810547	-0.009766
2.495000	0.820312	0.371094
2.500000	0.566406	0.615234
2.505000	0.156250	0.678711
2.510000	-0.292969	0.366211
2.515000	-0.517578	-0.708008
2.520000	-0.048828	-1.645508
2.525000	1.025391	-1.606445
2.530000	2.080078	-0.932617
2.535000	2.690430	-0.063477
2.540000	2.734375	0.620117
2.545000	2.329102	0.966797
2.550000	1.689453	0.981445
2.555000	1.035156	0.786133
2.560000	0.502930	0.532227
2.565000	0.146484	0.307617
2.570000	-0.068359	0.146484
2.575000	-0.166016	-0.126953
2.580000	-0.087891	-0.400391
2.585000	0.170898	-0.351562
2.590000	0.390625	-0.083008
2.595000	0.444336	0.234375
2.600000	0.283203	0.478516
2.605000	-0.039062	0.566406
2.610000	-0.405273	0.063477
2.615000	-0.434570	-1.040039
2.620000	0.244141	-1.606445
2.625000	1.293945	-1.318359
2.630000	2.167969	-0.571289
2.635000	2.539062	0.214844
2.640000	2.407227	0.756836
2.645000	1.904297	0.966797
2.650000	1.259766	0.898438
2.655000	0.659180	0.678711
2.660000	0.205078	0.444336
2.665000	-0.097656	0.205078
2.670000	-0.224609	-0.244141
2.675000	-0.068359	-0.634766
2.680000	0.336914	-0.576172
2.685000	0.703125	-0.219727
2.690000	0.849609	0.195312
2.695000	0.717773	0.517578
2.700000	0.371094	0.664062
2.705000	-0.073242	0.610352
2.710000	-0.468750	-0.092773
2.715000	-0.390625	-1.289062
2.720000	0.454102	-1.738281
2.725000	1.586914	-1.313477
2.730000	2.460938	-0.493164
2.735000	2.783203	0.317383
2.740000	2.568359	0.839844
2.745000	2.021484	1.010742
2.750000	1.342773	0.903320
2.755000	0.747070	0.659180
2.760000	0.302734	0.410156
2.765000	0.024414	0.234375
2.770000	-0.136719	0.024414
2.775000	-0.156250	-0.288086
2.780000	0.029297	-0.415039
2.785000	0.297852	-0.234375
2.790000	0.444336	0.078125
2.795000	0.385742	0.375977
2.800000	0.136719	0.556641
2.805000	-0.234375	0.419922
2.810000	-0.493164	-0.463867
2.815000	-0.180664	-1.450195
2.820000	0.761719	-1.552734
2.825000	1.782227	-0.976562
2.830000	2.421875	-0.161133
2.835000	2.529297	0.527344
2.840000	2.187500	0.898438
2.845000	1.582031	0.961914
2.850000	0.952148	0.800781
2.855000	0.415039	0.556641
2.860000	0.034180	0.336914
2.865000	-0.190430	0.004883
2.870000	-0.190430	-0.483398
2.875000	0.122070	-0.649414
2.880000	0.541992	-0.419922
2.885000	0.810547	-0.009766
2.890000	0.815430	0.375977
2.895000	0.566406	0.615234
2.900000	0.156250	0.683594
2.905000	-0.292969	0.366211
2.910000	-0.517578	-0.708008
2.915000	-0.048828	-1.650391
2.920000	1.030273	-1.606445
2.925000	2.084961	-0.927734
2.930000	2.690430	-0.063477
2.935000	2.734375	0.620117
2.940000	2.329102	0.966797
2.945000	1.684570	0.986328
2.950000	1.030273	0.791016
2.955000	0.502930	0.527344
2.960000	0.146484	0.307617
2.965000	-0.068359	0.146484
2.970000	-0.166016	-0.126953
2.975000	-0.087891	-0.395508
2.980000	0.166016	-0.346680
2.985000	0.395508	-0.083008
2.990000	0.444336	0.234375
2.995000	0.283203	0.483398
3.000000	-0.039062	0.566406
3.005000	-0.405273	0.063477
3.010000	-0.434570	-1.040039
3.015000	0.244141	-1.606445
3.020000	1.293945	-1.313477
3.025000	2.167969	-0.571289
3.030000	2.539062	0.209961
3.035000	2.407227	0.756836
3.040000	1.899414	0.966797
3.045000	1.254883	0.903320
3.050000	0.659180	0.678711
3.055000	0.200195	0.439453
3.060000	-0.092773	0.200195
3.065000	-0.229492	-0.244141
3.070000	-0.068359	-0.634766
3.075000	0.336914	-0.571289
3.080000	0.708008	-0.219727
3.085000	0.849609	0.195312
3.090000	0.722656	0.517578
3.095000	0.371094	0.668945
3.100000	-0.073242	0.610352
3.105000	-0.468750	-0.097656
3.110000	-0.385742	-1.293945
3.115000	0.454102	-1.738281
3.120000	1.591797	-1.313477
3.125000	2.460938	-0.488281
3.130000	2.783203	0.317383
3.135000	2.573242	0.844727
3.140000	2.016602	1.005859
3.145000	1.347656	0.903320
3.150000	0.747070	0.659180
3.155000	0.302734	0.410156
3.160000	0.019531	0.234375
3.165000	-0.136719	0.029297
3.170000	-0.156250	-0.292969
3.175000	0.024414	-0.415039
3.180000	0.297852	-0.234375
3.185000	0.444336	0.083008
3.190000	0.385742	0.375977
3.195000	0.136719	0.556641
3.200000	-0.234375	0.415039
3.205000	-0.493164	-0.463867
3.210000	-0.180664	-1.455078
3.215000	0.766602	-1.552734
3.220000	1.782227	-0.971680
3.225000	2.421875	-0.161133
3.230000	2.524414	0.527344
3.235000	2.187500	0.903320
3.240000	1.582031	0.961914
3.245000	0.952148	0.800781
3.250000	0.410156	0.556641
3.255000	0.029297	0.336914
3.260000	-0.190430	0.004883
3.265000	-0.190430	-0.483398
3.270000	0.117188	-0.654297
3.275000	0.541992	-0.419922
3.280000	0.810547	-0.004883
3.285000	0.815430	0.371094
3.290000	0.566406	0.610352
3.295000	0.151367	0.678711
3.300000	-0.297852	0.361328
3.305000	-0.517578	-0.708008
3.310000	-0.048828	-1.650391
3.315000	1.030273	-1.606445
3.320000	2.084961	-0.927734
3.325000	2.695312	-0.058594
3.330000	2.734375	0.620117
3.335000	2.329102	0.966797
3.340000	1.684570	0.986328
3.345000	1.030273	0.786133
3.350000	0.498047	0.527344
3.355000	0.146484	0.307617
3.360000	-0.068359	0.146484
3.365000	-0.170898	-0.126953
3.370000	-0.083008	-0.400391
3.375000	0.166016	-0.351562
3.380000	0.395508	-0.083008
3.385000	0.444336	0.239258
3.390000	0.283203	0.483398
3.395000	-0.039062	0.566406
3.400000	-0.405273	0.063477
3.405000	-0.434570	-1.040039
3.410000	0.244141	-1.611328
3.415000	1.293945	-1.313477
3.420000	2.167969	-0.571289
3.425000	2.539062	0.214844
3.430000	2.407227	0.756836
3.435000	1.904297	0.966797
3.440000	1.254883	0.898438
3.445000	0.664062	0.678711
3.450000	0.205078	0.439453
3.455000	-0.097656	0.200195
3.460000	-0.229492	-0.244141
3.465000	-0.068359	-0.629883
3.470000	0.336914	-0.571289
3.475000	0.708008	-0.219727
3.480000	0.849609	0.195312
3.485000	0.712891	0.517578
3.490000	0.371094	0.668945
3.495000	-0.078125	0.615234
3.500000	-0.468750	-0.102539
3.505000	-0.390625	-1.293945
3.510000	0.454102	-1.738281
3.515000	1.591797	-1.308594
3.520000	2.460938	-0.488281
3.525000	2.783203	0.317383
3.530000	2.568359	0.839844
3.535000	2.016602	1.005859
3.540000	1.342773	0.903320
3.545000	0.742188	0.654297
3.550000	0.302734	0.405273
3.555000	0.024414	0.234375
3.560000	-0.136719	0.024414
3.565000	-0.156250	-0.288086
3.570000	0.029297	-0.410156
3.575000	0.297852	-0.234375
3.580000	0.449219	0.078125
3.585000	0.380859	0.375977
3.590000	0.136719	0.551758
3.595000	-0.234375	0.415039
3.600000	-0.493164	-0.468750
3.605000	-0.175781	-1.455078
3.610000	0.771484	-1.547852
3.615000	1.787109	-0.971680
3.620000	2.426758	-0.161133
3.625000	2.524414	0.527344
3.630000	2.182617	0.903320
3.635000	1.582031	0.961914
3.640000	0.947266	0.800781
3.645000	0.410156	0.556641
3.650000	0.034180	0.332031
3.655000	-0.190430	0.000000
3.660000	-0.190430	-0.488281
3.665000	0.122070	-0.654297
3.670000	0.546875	-0.415039
3.675000	0.815430	-0.004883
3.680000	0.810547	0.375977
3.685000	0.566406	0.615234
3.690000	0.156250	0.683594
3.695000	-0.292969	0.361328
3.700000	-0.517578	-0.712891
3.705000	-0.043945	-1.650391
3.710000	1.035156	-1.606445
3.715000	2.084961	-0.922852
3.720000	2.695312	-0.058594
3.725000	2.734375	0.620117
3.730000	2.329102	0.966797
3.735000	1.679688	0.986328
3.740000	1.030273	0.786133
3.745000	0.498047	0.527344
3.750000	0.141602	0.307617
3.755000	-0.068359	0.151367
3.760000	-0.166016	-0.126953
3.765000	-0.087891	-0.400391
3.770000	0.170898	-0.351562
3.775000	0.390625	-0.083008
3.780000	0.444336	0.239258
3.785000	0.283203	0.483398
3.790000	-0.043945	0.566406
3.795000	-0.405273	0.063477
3.800000	-0.429688	-1.044922
3.805000	0.249023	-1.611328
3.810000	1.298828	-1.313477
3.815000	2.172852	-0.566406
3.820000	2.539062	0.214844
3.825000	2.407227	0.756836
3.830000	1.899414	0.966797
3.835000	1.254883	0.898438
3.840000	0.654297	0.678711
3.845000	0.200195	0.439453
3.850000	-0.097656	0.200195
3.855000	-0.234375	-0.244141
3.860000	-0.068359	-0.634766
3.865000	0.336914	-0.566406
3.870000	0.708008	-0.214844
3.875000	0.849609	0.195312
3.880000	0.717773	0.517578
3.885000	0.371094	0.664062
3.890000	-0.078125	0.610352
3.895000	-0.468750	-0.102539
3.900000	-0.385742	-1.293945
3.905000	0.458984	-1.738281
3.910000	1.596680	-1.308594
3.915000	2.465820	-0.483398
3.920000	2.783203	0.317383
3.925000	2.568359	0.844727
3.930000	2.021484	1.005859
3.935000	1.342773	0.903320
3.940000	0.747070	0.654297
3.945000	0.302734	0.410156
3.950000	0.019531	0.234375
3.955000	-0.136719	0.024414
3.960000	-0.151367	-0.292969
3.965000	0.029297	-0.410156
3.970000	0.297852	-0.234375
3.975000	0.449219	0.083008
3.980000	0.385742	0.371094
3.985000	0.136719	0.556641
3.990000	-0.234375	0.415039
3.995000	-0.493164	-0.468750
4.000000	-0.180664	-1.455078
4.005000	0.771484	-1.547852
4.010000	1.782227	-0.971680
4.015000	2.426758	-0.156250
4.020000	2.524414	0.527344
4.025000	2.182617	0.903320
4.030000	1.582031	0.961914
4.035000	0.942383	0.800781
4.040000	0.410156	0.556641
4.045000	0.029297	0.332031
4.050000	-0.190430	0.000000
4.055000	-0.185547	-0.483398
4.060000	0.122070	-0.649414
4.065000	0.546875	-0.415039
4.070000	0.810547	-0.004883
4.075000	0.815430	0.375977
4.080000	0.566406	0.615234
4.085000	0.151367	0.683594
4.090000	-0.292969	0.361328
4.095000	-0.517578	-0.712891
4.100000	-0.043945	-1.650391
4.105000	1.035156	-1.601562
4.110000	2.089844	-0.922852
4.115000	2.690430	-0.058594
4.120000	2.734375	0.625000
4.125000	2.324219	0.966797
4.130000	1.679688	0.986328
4.135000	1.030273	0.786133
4.140000	0.498047	0.527344
4.145000	0.141602	0.307617
4.150000	-0.068359	0.151367
4.155000	-0.166016	-0.126953
4.160000	-0.083008	-0.400391
4.165000	0.166016	-0.346680
4.170000	0.395508	-0.078125
4.175000	0.444336	0.239258
4.180000	0.283203	0.483398
4.185000	-0.039062	0.566406
4.190000	-0.400391	0.058594
4.195000	-0.429688	-1.044922
4.200000	0.249023	-1.611328
4.205000	1.298828	-1.313477
4.210000	2.167969	-0.566406
4.215000	2.539062	0.219727
4.220000	2.407227	0.756836
4.225000	1.899414	0.966797
4.230000	1.254883	0.903320
4.235000	0.659180	0.683594
4.240000	0.200195	0.439453
4.245000	-0.097656	0.200195
4.250000	-0.224609	-0.244141
4.255000	-0.068359	-0.634766
4.260000	0.336914	-0.571289
4.265000	0.708008	-0.219727
4.270000	0.849609	0.200195
4.275000	0.712891	0.517578
4.280000	0.371094	0.668945
4.285000	-0.073242	0.610352
4.290000	-0.468750	-0.102539
4.295000	-0.385742	-1.298828
4.300000	0.463867	-1.738281
4.305000	1.596680	-1.308594
4.310000	2.465820	-0.483398
4.315000	2.783203	0.322266
4.320000	2.568359	0.844727
4.325000	2.011719	1.005859
4.330000	1.342773	0.903320
4.335000	0.742188	0.654297
4.340000	0.297852	0.405273
4.345000	0.019531	0.229492
4.350000	-0.136719	0.024414
4.355000	-0.151367	-0.292969
4.360000	0.029297	-0.415039
4.365000	0.297852	-0.234375
4.370000	0.444336	0.083008
4.375000	0.385742	0.375977
4.380000	0.131836	0.556641
4.385000	-0.239258	0.415039
4.390000	-0.493164	-0.468750
4.395000	-0.175781	-1.455078
4.400000	0.776367	-1.547852
4.405000	1.787109	-0.966797
4.410000	2.426758	-0.156250
4.415000	2.524414	0.527344
4.420000	2.182617	0.903320
4.425000	1.582031	0.961914
4.430000	0.947266	0.800781
4.435000	0.410156	0.551758
4.440000	0.029297	0.332031
4.445000	-0.190430	0.000000
4.450000	-0.190430	-0.488281
4.455000	0.122070	-0.649414
4.460000	0.546875	-0.415039
4.465000	0.815430	-0.004883
4.470000	0.810547	0.375977
4.475000	0.566406	0.615234
4.480000	0.151367	0.683594
4.485000	-0.297852	0.361328
4.490000	-0.517578	-0.717773
4.495000	-0.043945	-1.650391
4.500000	1.040039	-1.601562
4.505000	2.089844	-0.917969
4.510000	2.695312	-0.058594
4.515000	2.734375	0.625000
4.520000	2.324219	0.966797
4.525000	1.679688	0.986328
4.530000	1.030273	0.786133
4.535000	0.498047	0.527344
4.540000	0.141602	0.307617
4.545000	-0.068359	0.146484
4.550000	-0.166016	-0.126953
4.555000	-0.087891	-0.405273
4.560000	0.170898	-0.351562
4.565000	0.390625	-0.083008
4.570000	0.439453	0.239258
4.575000	0.283203	0.483398
4.580000	-0.043945	0.566406
4.585000	-0.405273	0.063477
4.590000	-0.429688	-1.049805
4.595000	0.249023	-1.611328
4.600000	1.298828	-1.313477
4.605000	2.167969	-0.566406
4.610000	2.539062	0.219727
4.615000	2.402344	0.756836
4.620000	1.899414	0.966797
4.625000	1.250000	0.898438
4.630000	0.654297	0.678711
4.635000	0.195312	0.439453
4.640000	-0.097656	0.200195
4.645000	-0.229492	-0.249023
4.650000	-0.068359	-0.629883
4.655000	0.336914	-0.571289
4.660000	0.708008	-0.214844
4.665000	0.849609	0.195312
4.670000	0.717773	0.517578
4.675000	0.371094	0.664062
4.680000	-0.078125	0.610352
4.685000	-0.468750	-0.102539
4.690000	-0.385742	-1.298828
4.695000	0.463867	-1.738281
4.700000	1.596680	-1.308594
4.705000	2.465820	-0.488281
4.710000	2.783203	0.322266
4.715000	2.568359	0.844727
4.720000	2.016602	1.005859
4.725000	1.337891	0.898438
4.730000	0.742188	0.654297
4.735000	0.297852	0.410156
4.740000	0.019531	0.234375
4.745000	-0.136719	0.024414
4.750000	-0.151367	-0.292969
4.755000	0.034180	-0.410156
4.760000	0.297852	-0.234375
4.765000	0.449219	0.083008
4.770000	0.385742	0.375977
4.775000	0.131836	0.551758
4.780000	-0.239258	0.415039
4.785000	-0.498047	-0.473633
4.790000	-0.175781	-1.459961
4.795000	0.771484	-1.547852
4.800000	1.791992	-0.966797
4.805000	2.426758	-0.156250
4.810000	2.524414	0.532227
4.815000	2.182617	0.903320
4.820000	1.582031	0.961914
4.825000	0.942383	0.800781
4.830000	0.405273	0.551758
4.835000	0.029297	0.332031
4.840000	-0.190430	0.000000
4.845000	-0.185547	-0.488281
4.850000	0.126953	-0.649414
4.855000	0.546875	-0.410156
4.860000	0.815430	-0.004883
4.865000	0.810547	0.375977
4.870000	0.566406	0.615234
4.875000	0.151367	0.683594
4.880000	-0.297852	0.361328
4.885000	-0.517578	-0.717773
4.890000	-0.039062	-1.650391
4.895000	1.040039	-1.601562
4.900000	2.089844	-0.917969
4.905000	2.695312	-0.058594
4.910000	2.734375	0.625000
4.915000	2.329102	0.966797
4.920000	1.684570	0.986328
4.925000	1.025391	0.786133
4.930000	0.498047	0.527344
4.935000	0.141602	0.307617
4.940000	-0.068359	0.146484
4.945000	-0.166016	-0.131836
4.950000	-0.083008	-0.400391
4.955000	0.166016	-0.346680
4.960000	0.390625	-0.083008
4.965000	0.444336	0.234375
4.970000	0.283203	0.483398
4.975000	-0.043945	0.566406
4.980000	-0.405273	0.058594
4.985000	-0.429688	-1.049805
4.990000	0.249023	-1.616211
4.995000	1.303711	-1.313477
5.000000	2.172852	-0.566406
5.005000	2.539062	0.214844
5.010000	2.402344	0.761719
5.015000	1.894531	0.966797
5.020000	1.254883	0.903320
5.025000	0.659180	0.678711
5.030000	0.200195	0.439453
5.035000	-0.097656	0.200195
5.040000	-0.229492	-0.249023
5.045000	-0.063477	-0.634766
5.050000	0.336914	-0.571289
5.055000	0.708008	-0.214844
5.060000	0.849609	0.195312
5.065000	0.712891	0.517578
5.070000	0.366211	0.668945
5.075000	-0.078125	0.610352
5.080000	-0.468750	-0.107422
5.085000	-0.385742	-1.298828
5.090000	0.458984	-1.733398
5.095000	1.596680	-1.308594
5.100000	2.465820	-0.483398
5.105000	2.783203	0.322266
5.110000	2.568359	0.844727
5.115000	2.011719	1.005859
5.120000	1.342773	0.903320
5.125000	0.742188	0.654297
5.130000	0.302734	0.410156
5.135000	0.019531	0.234375
5.140000	-0.136719	0.024414
5.145000	-0.151367	-0.288086
5.150000	0.034180	-0.410156
5.155000	0.297852	-0.229492
5.160000	0.444336	0.083008
5.165000	0.385742	0.375977
5.170000	0.131836	0.551758
5.175000	-0.239258	0.410156
5.180000	-0.493164	-0.473633
5.185000	-0.170898	-1.459961
5.190000	0.776367	-1.542969
5.195000	1.791992	-0.966797
5.200000	2.426758	-0.151367
5.205000	2.524414	0.527344
5.210000	2.177734	0.903320
5.215000	1.577148	0.957031
5.220000	0.942383	0.800781
5.225000	0.410156	0.551758
5.230000	0.024414	0.336914
5.235000	-0.190430	-0.004883
5.240000	-0.190430	-0.488281
5.245000	0.126953	-0.649414
5.250000	0.546875	-0.415039
5.255000	0.810547	-0.004883
5.260000	0.815430	0.375977
5.265000	0.561523	0.615234
5.270000	0.151367	0.678711
5.275000	-0.297852	0.356445
5.280000	-0.517578	-0.722656
5.285000	-0.039062	-1.650391
5.290000	1.040039	-1.601562
5.295000	2.094727	-0.917969
5.300000	2.695312	-0.053711
5.305000	2.729492	0.625000
5.310000	2.324219	0.966797
5.315000	1.679688	0.981445
5.320000	1.025391	0.786133
5.325000	0.498047	0.522461
5.330000	0.141602	0.302734
5.335000	-0.068359	0.146484
5.340000	-0.166016	-0.131836
5.345000	-0.083008	-0.400391
5.350000	0.166016	-0.351562
5.355000	0.390625	-0.078125
5.360000	0.444336	0.239258
5.365000	0.278320	0.483398
5.370000	-0.043945	0.561523
5.375000	-0.405273	0.053711
5.380000	-0.429688	-1.049805
5.385000	0.253906	-1.611328
5.390000	1.303711	-1.308594
5.395000	2.172852	-0.566406
5.400000	2.543945	0.219727
5.405000	2.407227	0.761719
5.410000	1.894531	0.966797
5.415000	1.254883	0.898438
5.420000	0.654297	0.673828
5.425000	0.195312	0.439453
5.430000	-0.097656	0.195312
5.435000	-0.229492	-0.249023
5.440000	-0.063477	-0.634766
5.445000	0.341797	-0.566406
5.450000	0.712891	-0.214844
5.455000	0.849609	0.200195
5.460000	0.717773	0.517578
5.465000	0.371094	0.668945
5.470000	-0.078125	0.610352
5.475000	-0.473633	-0.107422
5.480000	-0.380859	-1.303711
5.485000	0.468750	-1.733398
5.490000	1.601562	-1.303711
5.495000	2.465820	-0.478516
5.500000	2.783203	0.327148
5.505000	2.568359	0.844727
5.510000	2.011719	1.005859
5.515000	1.342773	0.903320
5.520000	0.742188	0.649414
5.525000	0.297852	0.405273
5.530000	0.019531	0.234375
5.535000	-0.136719	0.024414
5.540000	-0.151367	-0.292969
5.545000	0.029297	-0.410156
5.550000	0.302734	-0.229492
5.555000	0.449219	0.083008
5.560000	0.385742	0.375977
5.565000	0.131836	0.556641
5.570000	-0.234375	0.410156
5.575000	-0.493164	-0.473633
5.580000	-0.170898	-1.459961
5.585000	0.776367	-1.542969
5.590000	1.791992	-0.966797
5.595000	2.431641	-0.151367
5.600000	2.524414	0.527344
5.605000	2.182617	0.908203
5.610000	1.577148	0.961914
5.615000	0.942383	0.800781
5.620000	0.405273	0.551758
5.625000	0.029297	0.332031
5.630000	-0.190430	0.000000
5.635000	-0.190430	-0.488281
5.640000	0.126953	-0.654297
5.645000	0.546875	-0.410156
5.650000	0.815430	-0.004883
5.655000	0.810547	0.375977
5.660000	0.561523	0.615234
5.665000	0.146484	0.678711
5.670000	-0.302734	0.356445
5.675000	-0.517578	-0.722656
5.680000	-0.034180	-1.655273
5.685000	1.044922	-1.601562
5.690000	2.094727	-0.917969
5.695000	2.695312	-0.048828
5.700000	2.734375	0.629883
5.705000	2.324219	0.966797
5.710000	1.674805	0.981445
5.715000	1.025391	0.786133
5.720000	0.498047	0.522461
5.725000	0.141602	0.307617
5.730000	-0.073242	0.146484
5.735000	-0.166016	-0.131836
5.740000	-0.087891	-0.400391
5.745000	0.170898	-0.346680
5.750000	0.395508	-0.078125
5.755000	0.444336	0.239258
5.760000	0.283203	0.483398
5.765000	-0.043945	0.561523
5.770000	-0.405273	0.053711
5.775000	-0.424805	-1.049805
5.780000	0.253906	-1.611328
5.785000	1.308594	-1.308594
5.790000	2.172852	-0.561523
5.795000	2.539062	0.219727
5.800000	2.402344	0.761719
5.805000	1.899414	0.966797
5.810000	1.250000	0.898438
5.815000	0.654297	0.678711
5.820000	0.200195	0.439453
5.825000	-0.097656	0.195312
5.830000	-0.229492	-0.249023
5.835000	-0.063477	-0.634766
5.840000	0.336914	-0.566406
5.845000	0.708008	-0.214844
5.850000	0.849609	0.200195
5.855000	0.712891	0.522461
5.860000	0.371094	0.664062
5.865000	-0.078125	0.610352
5.870000	-0.468750	-0.112305
5.875000	-0.380859	-1.303711
5.880000	0.468750	-1.738281
5.885000	1.601562	-1.308594
5.890000	2.470703	-0.478516
5.895000	2.778320	0.327148
5.900000	2.568359	0.844727
5.905000	2.011719	1.005859
5.910000	1.337891	0.903320
5.915000	0.742188	0.654297
5.920000	0.297852	0.405273
5.925000	0.014648	0.229492
5.930000	-0.136719	0.024414
5.935000	-0.151367	-0.292969
5.940000	0.029297	-0.415039
5.945000	0.302734	-0.229492
5.950000	0.449219	0.087891
5.955000	0.385742	0.375977
5.960000	0.131836	0.556641
5.965000	-0.244141	0.410156
5.970000	-0.498047	-0.478516
5.975000	-0.170898	-1.459961
5.980000	0.776367	-1.542969
5.985000	1.791992	-0.966797
5.990000	2.431641	-0.151367
5.995000	2.524414	0.532227
6.000000	2.177734	0.908203
6.005000	1.577148	0.957031
6.010000	0.937500	0.800781
6.015000	0.405273	0.551758
6.020000	0.029297	0.332031
6.025000	-0.190430	0.000000
6.030000	-0.190430	-0.488281
6.035000	0.126953	-0.654297
6.040000	0.546875	-0.410156
6.045000	0.815430	-0.004883
6.050000	0.810547	0.375977
6.055000	0.561523	0.615234
6.060000	0.151367	0.678711
6.065000	-0.302734	0.356445
6.070000	-0.517578	-0.722656
6.075000	-0.034180	-1.655273
6.080000	1.044922	-1.601562
6.085000	2.094727	-0.917969
6.090000	2.700195	-0.053711
6.095000	2.729492	0.625000
6.100000	2.319336	0.966797
6.105000	1.674805	0.981445
6.110000	1.025391	0.781250
6.115000	0.498047	0.527344
6.120000	0.141602	0.307617
6.125000	-0.068359	0.146484
6.130000	-0.166016	-0.136719
6.135000	-0.083008	-0.400391
6.140000	0.175781	-0.346680
6.145000	0.390625	-0.078125
6.150000	0.444336	0.239258
6.155000	0.278320	0.483398
6.160000	-0.043945	0.561523
6.165000	-0.410156	0.053711
6.170000	-0.429688	-1.054688
6.175000	0.258789	-1.611328
6.180000	1.308594	-1.308594
6.185000	2.172852	-0.561523
6.190000	2.543945	0.219727
6.195000	2.402344	0.761719
6.200000	1.894531	0.966797
6.205000	1.250000	0.898438
6.210000	0.654297	0.678711
6.215000	0.195312	0.434570
6.220000	-0.097656	0.195312
6.225000	-0.229492	-0.249023
6.230000	-0.063477	-0.634766
6.235000	0.341797	-0.571289
6.240000	0.712891	-0.214844
6.245000	0.849609	0.205078
6.250000	0.712891	0.522461
6.255000	0.366211	0.668945
6.260000	-0.083008	0.610352
6.265000	-0.468750	-0.112305
6.270000	-0.380859	-1.303711
6.275000	0.468750	-1.738281
6.280000	1.606445	-1.303711
6.285000	2.470703	-0.478516
6.290000	2.783203	0.322266
6.295000	2.563477	0.844727
6.300000	2.011719	1.005859
6.305000	1.337891	0.898438
6.310000	0.742188	0.649414
6.315000	0.297852	0.405273
6.320000	0.019531	0.229492
6.325000	-0.136719	0.024414
6.330000	-0.156250	-0.292969
6.335000	0.034180	-0.410156
6.340000	0.297852	-0.229492
6.345000	0.449219	0.083008
6.350000	0.385742	0.375977
6.355000	0.131836	0.556641
6.360000	-0.239258	0.410156
6.365000	-0.493164	-0.478516
6.370000	-0.170898	-1.459961
6.375000	0.781250	-1.542969
6.380000	1.791992	-0.966797
6.385000	2.431641	-0.151367
6.390000	2.524414	0.532227
6.395000	2.177734	0.908203
6.400000	1.577148	0.961914
6.405000	0.942383	0.795898
6.410000	0.405273	0.551758
6.415000	0.024414	0.332031
6.420000	-0.190430	-0.004883
6.425000	-0.185547	-0.488281
6.430000	0.122070	-0.649414
6.435000	0.546875	-0.410156
6.440000	0.815430	-0.004883
6.445000	0.815430	0.375977
6.450000	0.561523	0.615234
6.455000	0.146484	0.683594
6.460000	-0.302734	0.351562
6.465000	-0.517578	-0.727539
6.470000	-0.034180	-1.655273
6.475000	1.049805	-1.596680
6.480000	2.094727	-0.913086
6.485000	2.695312	-0.048828
6.490000	2.729492	0.629883
6.495000	2.324219	0.966797
6.500000	1.674805	0.986328
6.505000	1.025391	0.786133
6.510000	0.493164	0.527344
6.515000	0.141602	0.307617
6.520000	-0.073242	0.146484
6.525000	-0.166016	-0.131836
6.530000	-0.083008	-0.400391
6.535000	0.170898	-0.346680
6.540000	0.390625	-0.078125
6.545000	0.444336	0.239258
6.550000	0.278320	0.483398
6.555000	-0.048828	0.566406
6.560000	-0.410156	0.048828
6.565000	-0.429688	-1.054688
6.570000	0.258789	-1.611328
6.575000	1.308594	-1.303711
6.580000	2.177734	-0.561523
6.585000	2.543945	0.219727
6.590000	2.402344	0.761719
6.595000	1.894531	0.966797
6.600000	1.250000	0.898438
6.605000	0.654297	0.678711
6.610000	0.195312	0.439453
6.615000	-0.097656	0.200195
6.620000	-0.229492	-0.249023
6.625000	-0.068359	-0.634766
6.630000	0.341797	-0.566406
6.635000	0.708008	-0.214844
6.640000	0.849609	0.205078
6.645000	0.712891	0.517578
6.650000	0.366211	0.668945
6.655000	-0.083008	0.605469
6.660000	-0.468750	-0.112305
6.665000	-0.380859	-1.303711
6.670000	0.468750	-1.733398
6.675000	1.606445	-1.303711
6.680000	2.470703	-0.473633
6.685000	2.783203	0.327148
6.690000	2.563477	0.849609
6.695000	2.011719	1.005859
6.700000	1.337891	0.898438
6.705000	0.737305	0.654297
6.710000	0.297852	0.405273
6.715000	0.019531	0.234375
6.720000	-0.136719	0.024414
6.725000	-0.156250	-0.292969
6.730000	0.034180	-0.410156
6.735000	0.302734	-0.229492
6.740000	0.444336	0.083008
6.745000	0.385742	0.380859
6.750000	0.131836	0.556641
6.755000	-0.239258	0.410156
6.760000	-0.493164	-0.483398
6.765000	-0.170898	-1.459961
6.770000	0.786133	-1.542969
6.775000	1.796875	-0.961914
6.780000	2.431641	-0.151367
6.785000	2.524414	0.532227
6.790000	2.177734	0.903320
6.795000	1.572266	0.961914
6.800000	0.942383	0.795898
6.805000	0.405273	0.551758
6.810000	0.029297	0.332031
6.815000	-0.195312	-0.004883
6.820000	-0.185547	-0.488281
6.825000	0.126953	-0.649414
6.830000	0.546875	-0.410156
6.835000	0.815430	-0.004883
6.840000	0.810547	0.375977
6.845000	0.561523	0.615234
6.850000	0.146484	0.683594
6.855000	-0.302734	0.351562
6.860000	-0.517578	-0.727539
6.865000	-0.034180	-1.655273
6.870000	1.044922	-1.596680
6.875000	2.099609	-0.917969
6.880000	2.700195	-0.048828
6.885000	2.729492	0.629883
6.890000	2.319336	0.966797
6.895000	1.674805	0.981445
6.900000	1.025391	0.781250
6.905000	0.493164	0.522461
6.910000	0.141602	0.307617
6.915000	-0.068359	0.146484
6.920000	-0.166016	-0.131836
6.925000	-0.083008	-0.400391
6.930000	0.170898	-0.346680
6.935000	0.390625	-0.078125
6.940000	0.439453	0.239258
6.945000	0.283203	0.483398
6.950000	-0.048828	0.566406
6.955000	-0.410156	0.048828
6.960000	-0.429688	-1.054688
6.965000	0.258789	-1.611328
6.970000	1.313477	-1.303711
6.975000	2.172852	-0.561523
6.980000	2.539062	0.224609
6.985000	2.402344	0.756836
6.990000	1.889648	0.966797
6.995000	1.250000	0.893555
7.000000	0.649414	0.678711
7.005000	0.195312	0.434570
7.010000	-0.102539	0.195312
7.015000	-0.229492	-0.249023
7.020000	-0.063477	-0.634766
7.025000	0.341797	-0.566406
7.030000	0.712891	-0.209961
7.035000	0.849609	0.205078
7.040000	0.712891	0.522461
7.045000	0.366211	0.664062
7.050000	-0.078125	0.610352
7.055000	-0.473633	-0.117188
7.060000	-0.380859	-1.308594
7.065000	0.473633	-1.738281
7.070000	1.606445	-1.303711
7.075000	2.470703	-0.478516
7.080000	2.783203	0.327148
7.085000	2.568359	0.844727
7.090000	2.006836	1.005859
7.095000	1.333008	0.898438
7.100000	0.737305	0.654297
7.105000	0.297852	0.405273
7.110000	0.019531	0.229492
7.115000	-0.136719	0.019531
7.120000	-0.151367	-0.292969
7.125000	0.034180	-0.410156
7.130000	0.297852	-0.229492
7.135000	0.444336	0.083008
7.140000	0.380859	0.375977
7.145000	0.131836	0.556641
7.150000	-0.239258	0.410156
7.155000	-0.493164	-0.483398
7.160000	-0.166016	-1.459961
7.165000	0.786133	-1.542969
7.170000	1.796875	-0.961914
7.175000	2.431641	-0.146484
7.180000	2.519531	0.532227
7.185000	2.172852	0.908203
7.190000	1.572266	0.957031
7.195000	0.937500	0.800781
7.200000	0.405273	0.551758
7.205000	0.029297	0.332031
7.210000	-0.195312	-0.004883
7.215000	-0.185547	-0.493164
7.220000	0.126953	-0.649414
7.225000	0.551758	-0.410156
7.230000	0.810547	-0.004883
7.235000	0.810547	0.380859
7.240000	0.561523	0.615234
7.245000	0.146484	0.678711
7.250000	-0.302734	0.351562
7.255000	-0.517578	-0.732422
7.260000	-0.034180	-1.655273
7.265000	1.049805	-1.601562
7.270000	2.099609	-0.913086
7.275000	2.695312	-0.048828
7.280000	2.729492	0.629883
7.285000	2.314453	0.966797
7.290000	1.674805	0.981445
7.295000	1.020508	0.781250
7.300000	0.498047	0.527344
7.305000	0.141602	0.307617
7.310000	-0.073242	0.146484
7.315000	-0.166016	-0.131836
7.320000	-0.083008	-0.400391
7.325000	0.170898	-0.346680
7.330000	0.395508	-0.073242
7.335000	0.444336	0.244141
7.340000	0.278320	0.483398
7.345000	-0.043945	0.566406
7.350000	-0.405273	0.048828
7.355000	-0.424805	-1.059570
7.360000	0.258789	-1.611328
7.365000	1.313477	-1.303711
7.370000	2.177734	-0.556641
7.375000	2.539062	0.224609
7.380000	2.402344	0.761719
7.385000	1.894531	0.966797
7.390000	1.250000	0.898438
7.395000	0.649414	0.678711
7.400000	0.195312	0.439453
7.405000	-0.102539	0.195312
7.410000	-0.224609	-0.253906
7.415000	-0.063477	-0.634766
7.420000	0.341797	-0.566406
7.425000	0.712891	-0.214844
7.430000	0.849609	0.200195
7.435000	0.708008	0.522461
7.440000	0.366211	0.664062
7.445000	-0.083008	0.610352
7.450000	-0.473633	-0.117188
7.455000	-0.375977	-1.308594
7.460000	0.473633	-1.738281
7.465000	1.606445	-1.298828
7.470000	2.475586	-0.473633
7.475000	2.783203	0.327148
7.480000	2.563477	0.844727
7.485000	2.006836	1.010742
7.490000	1.333008	0.898438
7.495000	0.737305	0.654297
7.500000	0.297852	0.405273
7.505000	0.019531	0.229492
7.510000	-0.136719	0.019531
7.515000	-0.151367	-0.292969
7.520000	0.034180	-0.410156
7.525000	0.302734	-0.229492
7.530000	0.449219	0.087891
7.535000	0.380859	0.375977
7.540000	0.131836	0.556641
7.545000	-0.244141	0.405273
7.550000	-0.493164	-0.483398
7.555000	-0.166016	-1.459961
7.560000	0.786133	-1.542969
7.565000	1.796875	-0.961914
7.570000	2.431641	-0.146484
7.575000	2.524414	0.537109
7.580000	2.177734	0.908203
7.585000	1.572266	0.957031
7.590000	0.937500	0.795898
7.595000	0.400391	0.551758
7.600000	0.029297	0.332031
7.605000	-0.195312	-0.004883
7.610000	-0.185547	-0.488281
7.615000	0.131836	-0.654297
7.620000	0.551758	-0.410156
7.625000	0.815430	0.000000
7.630000	0.810547	0.375977
7.635000	0.561523	0.615234
7.640000	0.146484	0.678711
7.645000	-0.302734	0.351562
7.650000	-0.517578	-0.727539
7.655000	-0.029297	-1.655273
7.660000	1.054688	-1.596680
7.665000	2.099609	-0.913086
7.670000	2.695312	-0.048828
7.675000	2.729492	0.629883
7.680000	2.319336	0.966797
7.685000	1.674805	0.981445
7.690000	1.025391	0.781250
7.695000	0.493164	0.522461
7.700000	0.141602	0.302734
7.705000	-0.068359	0.146484
7.710000	-0.166016	-0.131836
7.715000	-0.083008	-0.400391
7.720000	0.170898	-0.346680
7.725000	0.390625	-0.078125
7.730000	0.439453	0.244141
7.735000	0.278320	0.483398
7.740000	-0.048828	0.561523
7.745000	-0.410156	0.048828
7.750000	-0.424805	-1.059570
7.755000	0.263672	-1.611328
7.760000	1.313477	-1.303711
7.765000	2.177734	-0.556641
7.770000	2.539062	0.224609
7.775000	2.402344	0.761719
7.780000	1.889648	0.966797
7.785000	1.245117	0.898438
7.790000	0.649414	0.678711
7.795000	0.195312	0.434570
7.800000	-0.102539	0.190430
7.805000	-0.224609	-0.253906
7.810000	-0.063477	-0.634766
7.815000	0.346680	-0.566406
7.820000	0.712891	-0.214844
7.825000	0.849609	0.205078
7.830000	0.717773	0.522461
7.835000	0.366211	0.668945
7.840000	-0.083008	0.605469
7.845000	-0.473633	-0.117188
7.850000	-0.375977	-1.308594
7.855000	0.473633	-1.733398
7.860000	1.611328	-1.298828
7.865000	2.470703	-0.473633
7.870000	2.783203	0.327148
7.875000	2.563477	0.849609
7.880000	2.006836	1.005859
7.885000	1.337891	0.898438
7.890000	0.737305	0.649414
7.895000	0.297852	0.405273
7.900000	0.019531	0.234375
7.905000	-0.136719	0.024414
7.910000	-0.156250	-0.292969
7.915000	0.034180	-0.410156
7.920000	0.302734	-0.229492
7.925000	0.449219	0.083008
7.930000	0.380859	0.380859
7.935000	0.126953	0.556641
7.940000	-0.239258	0.410156
7.945000	-0.498047	-0.488281
7.950000	-0.166016	-1.459961
7.955000	0.786133	-1.542969
7.960000	1.796875	-0.961914
7.965000	2.436523	-0.146484
7.970000	2.519531	0.537109
7.975000	2.172852	0.908203
7.980000	1.572266	0.957031
7.985000	0.937500	0.800781
7.990000	0.400391	0.551758
7.995000	0.024414	0.332031
8.000000	-0.195312	-0.004883
8.005000	-0.185547	-0.488281
8.010000	0.126953	-0.649414
8.015000	0.551758	-0.410156
8.020000	0.815430	0.000000
8.025000	0.815430	0.380859
8.030000	0.556641	0.615234
8.035000	0.146484	0.678711
8.040000	-0.302734	0.346680
8.045000	-0.517578	-0.732422
8.050000	-0.029297	-1.655273
8.055000	1.054688	-1.596680
8.060000	2.099609	-0.908203
8.065000	2.700195	-0.043945
8.070000	2.729492	0.629883
8.075000	2.319336	0.966797
8.080000	1.669922	0.981445
8.085000	1.020508	0.781250
8.090000	0.493164	0.522461
8.095000	0.141602	0.302734
8.100000	-0.073242	0.146484
8.105000	-0.166016	-0.131836
8.110000	-0.083008	-0.400391
8.115000	0.170898	-0.346680
8.120000	0.395508	-0.078125
8.125000	0.444336	0.244141
8.130000	0.278320	0.488281
8.135000	-0.048828	0.561523
8.140000	-0.410156	0.043945
8.145000	-0.424805	-1.059570
8.150000	0.263672	-1.611328
8.155000	1.318359	-1.303711
8.160000	2.177734	-0.556641
8.165000	2.543945	0.229492
8.170000	2.402344	0.766602
8.175000	1.889648	0.966797
8.180000	1.245117	0.898438
8.185000	0.649414	0.673828
8.190000	0.190430	0.434570
8.195000	-0.102539	0.195312
8.200000	-0.224609	-0.253906
8.205000	-0.058594	-0.634766
8.210000	0.346680	-0.566406
8.215000	0.712891	-0.209961
8.220000	0.849609	0.205078
8.225000	0.712891	0.517578
8.230000	0.366211	0.668945
8.235000	-0.083008	0.605469
8.240000	-0.473633	-0.122070
8.245000	-0.375977	-1.313477
8.250000	0.478516	-1.733398
8.255000	1.611328	-1.298828
8.260000	2.475586	-0.468750
8.265000	2.783203	0.327148
8.270000	2.563477	0.844727
8.275000	2.006836	1.005859
8.280000	1.333008	0.898438
8.285000	0.737305	0.649414
8.290000	0.297852	0.400391
8.295000	0.019531	0.229492
8.300000	-0.136719	0.024414
8.305000	-0.151367	-0.297852
8.310000	0.034180	-0.410156
8.315000	0.302734	-0.229492
8.320000	0.444336	0.087891
8.325000	0.385742	0.375977
8.330000	0.131836	0.561523
8.335000	-0.239258	0.405273
8.340000	-0.493164	-0.488281
8.345000	-0.166016	-1.464844
8.350000	0.791016	-1.542969
8.355000	1.801758	-0.957031
8.360000	2.436523	-0.146484
8.365000	2.524414	0.537109
8.370000	2.172852	0.913086
8.375000	1.572266	0.957031
8.380000	0.937500	0.795898
8.385000	0.400391	0.551758
8.390000	0.024414	0.332031
8.395000	-0.195312	-0.004883
8.400000	-0.185547	-0.493164
8.405000	0.131836	-0.649414
8.410000	0.551758	-0.405273
8.415000	0.815430	0.000000
8.420000	0.810547	0.375977
8.425000	0.561523	0.615234
8.430000	0.141602	0.678711
8.435000	-0.307617	0.346680
8.440000	-0.517578	-0.732422
8.445000	-0.029297	-1.655273
8.450000	1.054688	-1.596680
8.455000	2.104492	-0.908203
8.460000	2.700195	-0.043945
8.465000	2.729492	0.629883
8.470000	2.314453	0.966797
8.475000	1.669922	0.981445
8.480000	1.020508	0.781250
8.485000	0.493164	0.522461
8.490000	0.136719	0.302734
8.495000	-0.073242	0.146484
8.500000	-0.166016	-0.131836
8.505000	-0.083008	-0.400391
8.510000	0.170898	-0.346680
8.515000	0.395508	-0.073242
8.520000	0.444336	0.244141
8.525000	0.278320	0.483398
8.530000	-0.048828	0.561523
8.535000	-0.410156	0.043945
8.540000	-0.424805	-1.059570
8.545000	0.263672	-1.611328
8.550000	1.313477	-1.298828
8.555000	2.182617	-0.551758
8.560000	2.539062	0.224609
8.565000	2.402344	0.766602
8.570000	1.889648	0.966797
8.575000	1.245117	0.898438
8.580000	0.644531	0.673828
8.585000	0.195312	0.434570
8.590000	-0.102539	0.190430
8.595000	-0.229492	-0.253906
8.600000	-0.058594	-0.634766
8.605000	0.346680	-0.561523
8.610000	0.712891	-0.209961
8.615000	0.849609	0.209961
8.620000	0.712891	0.522461
8.625000	0.361328	0.668945
8.630000	-0.083008	0.610352
8.635000	-0.473633	-0.122070
8.640000	-0.375977	-1.313477
8.645000	0.478516	-1.738281
8.650000	1.611328	-1.298828
8.655000	2.475586	-0.473633
8.660000	2.783203	0.332031
8.665000	2.558594	0.849609
8.670000	2.006836	1.005859
8.675000	1.328125	0.898438
8.680000	0.737305	0.649414
8.685000	0.297852	0.405273
8.690000	0.019531	0.229492
8.695000	-0.136719	0.019531
8.700000	-0.151367	-0.292969
8.705000	0.034180	-0.410156
8.710000	0.297852	-0.224609
8.715000	0.444336	0.083008
8.720000	0.385742	0.380859
8.725000	0.126953	0.561523
8.730000	-0.239258	0.405273
8.735000	-0.498047	-0.488281
8.740000	-0.161133	-1.464844
8.745000	0.791016	-1.538086
8.750000	1.801758	-0.957031
8.755000	2.431641	-0.141602
8.760000	2.519531	0.537109
8.765000	2.172852	0.908203
8.770000	1.567383	0.957031
8.775000	0.932617	0.795898
8.780000	0.400391	0.546875
8.785000	0.024414	0.332031
8.790000	-0.195312	-0.009766
8.795000	-0.185547	-0.498047
8.800000	0.126953	-0.649414
8.805000	0.551758	-0.405273
8.810000	0.820312	0.000000
8.815000	0.810547	0.380859
8.820000	0.556641	0.615234
8.825000	0.146484	0.683594
8.830000	-0.302734	0.346680
8.835000	-0.517578	-0.737305
8.840000	-0.029297	-1.660156
8.845000	1.054688	-1.596680
8.850000	2.099609	-0.908203
8.855000	2.700195	-0.043945
8.860000	2.729492	0.629883
8.865000	2.314453	0.971680
8.870000	1.669922	0.986328
8.875000	1.015625	0.781250
8.880000	0.493164	0.522461
8.885000	0.141602	0.302734
8.890000	-0.073242	0.141602
8.895000	-0.166016	-0.131836
8.900000	-0.083008	-0.400391
8.905000	0.170898	-0.351562
8.910000	0.395508	-0.073242
8.915000	0.439453	0.244141
8.920000	0.278320	0.488281
8.925000	-0.048828	0.566406
8.930000	-0.410156	0.043945
8.935000	-0.424805	-1.059570
8.940000	0.268555	-1.611328
8.945000	1.318359	-1.303711
8.950000	2.182617	-0.556641
8.955000	2.539062	0.229492
8.960000	2.397461	0.766602
8.965000	1.889648	0.966797
8.970000	1.245117	0.893555
8.975000	0.649414	0.678711
8.980000	0.195312	0.439453
8.985000	-0.102539	0.195312
8.990000	-0.224609	-0.253906
8.995000	-0.058594	-0.634766
9.000000	0.346680	-0.566406
9.005000	0.712891	-0.209961
9.010000	0.849609	0.205078
9.015000	0.708008	0.522461
9.020000	0.366211	0.668945
9.025000	-0.083008	0.605469
9.030000	-0.473633	-0.122070
9.035000	-0.375977	-1.313477
9.040000	0.483398	-1.738281
9.045000	1.621094	-1.298828
9.050000	2.475586	-0.468750
9.055000	2.783203	0.332031
9.060000	2.563477	0.849609
9.065000	2.006836	1.010742
9.070000	1.328125	0.898438
9.075000	0.737305	0.649414
9.080000	0.292969	0.400391
9.085000	0.019531	0.229492
9.090000	-0.136719	0.019531
9.095000	-0.151367	-0.292969
9.100000	0.034180	-0.410156
9.105000	0.297852	-0.224609
9.110000	0.444336	0.087891
9.115000	0.380859	0.375977
9.120000	0.126953	0.561523
9.125000	-0.244141	0.410156
9.130000	-0.498047	-0.488281
9.135000	-0.161133	-1.464844
9.140000	0.791016	-1.542969
9.145000	1.801758	-0.957031
9.150000	2.431641	-0.146484
9.155000	2.519531	0.537109
9.160000	2.177734	0.908203
9.165000	1.567383	0.957031
9.170000	0.932617	0.795898
9.175000	0.400391	0.546875
9.180000	0.024414	0.332031
9.185000	-0.195312	-0.004883
9.190000	-0.190430	-0.493164
9.195000	0.131836	-0.644531
9.200000	0.551758	-0.410156
9.205000	0.815430	0.000000
9.210000	0.810547	0.380859
9.215000	0.556641	0.615234
9.220000	0.146484	0.678711
9.225000	-0.307617	0.346680
9.230000	-0.517578	-0.737305
9.235000	-0.029297	-1.655273
9.240000	1.059570	-1.596680
9.245000	2.104492	-0.908203
9.250000	2.700195	-0.043945
9.255000	2.729492	0.629883
9.260000	2.319336	0.966797
9.265000	1.669922	0.981445
9.270000	1.020508	0.781250
9.275000	0.493164	0.517578
9.280000	0.136719	0.307617
9.285000	-0.068359	0.146484
9.290000	-0.166016	-0.131836
9.295000	-0.083008	-0.400391
9.300000	0.170898	-0.346680
9.305000	0.395508	-0.073242
9.310000	0.439453	0.239258
9.315000	0.278320	0.488281
9.320000	-0.048828	0.561523
9.325000	-0.410156	0.043945
9.330000	-0.424805	-1.064453
9.335000	0.263672	-1.611328
9.340000	1.318359	-1.298828
9.345000	2.182617	-0.556641
9.350000	2.543945	0.229492
9.355000	2.397461	0.766602
9.360000	1.884766	0.966797
9.365000	1.245117	0.893555
9.370000	0.644531	0.678711
9.375000	0.195312	0.434570
9.380000	-0.102539	0.190430
9.385000	-0.229492	-0.253906
9.390000	-0.058594	-0.634766
9.395000	0.346680	-0.566406
9.400000	0.712891	-0.209961
9.405000	0.854492	0.205078
9.410000	0.708008	0.522461
9.415000	0.361328	0.668945
9.420000	-0.083008	0.610352
9.425000	-0.473633	-0.122070
9.430000	-0.375977	-1.318359
9.435000	0.483398	-1.733398
9.440000	1.616211	-1.293945
9.445000	2.480469	-0.468750
9.450000	2.783203	0.332031
9.455000	2.563477	0.849609
9.460000	2.006836	1.005859
9.465000	1.328125	0.898438
9.470000	0.732422	0.649414
9.475000	0.292969	0.405273
9.480000	0.019531	0.229492
9.485000	-0.136719	0.019531
9.490000	-0.151367	-0.297852
9.495000	0.034180	-0.410156
9.500000	0.302734	-0.224609
9.505000	0.449219	0.087891
9.510000	0.380859	0.380859
9.515000	0.126953	0.561523
9.520000	-0.244141	0.405273
9.525000	-0.493164	-0.493164
9.530000	-0.161133	-1.464844
9.535000	0.795898	-1.538086
9.540000	1.806641	-0.952148
9.545000	2.431641	-0.141602
9.550000	2.519531	0.537109
9.555000	2.172852	0.908203
9.560000	1.572266	0.957031
9.565000	0.932617	0.795898
9.570000	0.395508	0.546875
9.575000	0.024414	0.332031
9.580000	-0.195312	-0.009766
9.585000	-0.185547	-0.498047
9.590000	0.131836	-0.649414
9.595000	0.551758	-0.405273
9.600000	0.820312	0.000000
9.605000	0.810547	0.380859
9.610000	0.556641	0.615234
9.615000	0.141602	0.678711
9.620000	-0.307617	0.341797
9.625000	-0.517578	-0.737305
9.630000	-0.024414	-1.655273
9.635000	1.059570	-1.596680
9.640000	2.104492	-0.903320
9.645000	2.700195	-0.039062
9.650000	2.724609	0.634766
9.655000	2.314453	0.971680
9.660000	1.669922	0.981445
9.665000	1.015625	0.781250
9.670000	0.493164	0.522461
9.675000	0.136719	0.302734
9.680000	-0.073242	0.146484
9.685000	-0.166016	-0.136719
9.690000	-0.083008	-0.395508
9.695000	0.175781	-0.346680
9.700000	0.395508	-0.073242
9.705000	0.439453	0.244141
9.710000	0.278320	0.488281
9.715000	-0.048828	0.561523
9.720000	-0.410156	0.039062
9.725000	-0.424805	-1.069336
9.730000	0.268555	-1.611328
9.735000	1.318359	-1.298828
9.740000	2.182617	-0.551758
9.745000	2.543945	0.229492
9.750000	2.397461	0.766602
9.755000	1.889648	0.966797
9.760000	1.245117	0.893555
9.765000	0.649414	0.673828
9.770000	0.190430	0.434570
9.775000	-0.102539	0.190430
9.780000	-0.229492	-0.253906
9.785000	-0.058594	-0.634766
9.790000	0.346680	-0.566406
9.795000	0.712891	-0.209961
9.800000	0.849609	0.209961
9.805000	0.708008	0.522461
9.810000	0.361328	0.668945
9.815000	-0.083008	0.605469
9.820000	-0.473633	-0.126953
9.825000	-0.371094	-1.318359
9.830000	0.483398	-1.733398
9.835000	1.616211	-1.293945
9.840000	2.475586	-0.468750
9.845000	2.783203	0.336914
9.850000	2.558594	0.849609
9.855000	2.001953	1.005859
9.860000	1.328125	0.898438
9.865000	0.732422	0.649414
9.870000	0.297852	0.405273
9.875000	0.014648	0.229492
9.880000	-0.136719	0.019531
9.885000	-0.151367	-0.297852
9.890000	0.034180	-0.410156
9.895000	0.302734	-0.229492
9.900000	0.449219	0.087891
9.905000	0.380859	0.380859
9.910000	0.126953	0.556641
9.915000	-0.244141	0.405273
9.920000	-0.493164	-0.493164
9.925000	-0.161133	-1.469727
9.930000	0.795898	-1.542969
9.935000	1.801758	-0.952148
9.940000	2.436523	-0.141602
9.945000	2.524414	0.541992
9.950000	2.172852	0.908203
9.955000	1.567383	0.957031
9.960000	0.932617	0.795898
9.965000	0.400391	0.551758
9.970000	0.024414	0.332031
9.975000	-0.195312	-0.004883
9.980000	-0.185547	-0.493164
9.985000	0.131836	-0.649414
9.990000	0.551758	-0.410156
9.995000	0.815430	0.000000
10.000000	0.810547	0.380859
