# Time_s	x	xdot
0.000000	0.336914	0.405273
0.005000	0.058594	0.209961
0.010000	-0.087891	0.063477
0.015000	-0.126953	-0.146484
0.020000	-0.034180	-0.273438
0.025000	0.141602	-0.156250
0.030000	0.234375	0.102539
0.035000	0.166016	0.351562
0.040000	-0.073242	0.473633
0.045000	-0.375977	0.029297
0.050000	-0.380859	-0.961914
0.055000	0.244141	-1.450195
0.060000	1.201172	-1.166992
0.065000	1.953125	-0.458984
0.070000	2.255859	0.278320
0.075000	2.080078	0.776367
0.080000	1.557617	0.961914
0.085000	0.922852	0.878906
0.090000	0.336914	0.654297
0.095000	-0.102539	0.346680
0.100000	-0.327148	-0.322266
0.105000	-0.112305	-1.005859
0.110000	0.541992	-1.030273
0.115000	1.210938	-0.576172
0.120000	1.582031	0.034180
0.125000	1.557617	0.541992
0.130000	1.206055	0.805664
0.135000	0.664062	0.830078
0.140000	0.112305	0.683594
0.145000	-0.336914	0.151367
0.150000	-0.424805	-0.957031
0.155000	0.195312	-1.591797
0.160000	1.235352	-1.342773
0.165000	2.119141	-0.615234
0.170000	2.519531	0.190430
0.175000	2.402344	0.766602
0.180000	1.894531	1.000977
0.185000	1.230469	0.942383
0.190000	0.605469	0.703125
0.195000	0.126953	0.444336
0.200000	-0.170898	0.097656
0.205000	-0.234375	-0.478516
0.210000	0.073242	-0.781250
0.215000	0.581055	-0.595703
0.220000	0.966797	-0.146484
0.225000	1.064453	0.307617
0.230000	0.854492	0.629883
0.235000	0.439453	0.742188
0.240000	-0.058594	0.644531
0.245000	-0.478516	-0.112305
0.250000	-0.385742	-1.362305
0.255000	0.498047	-1.826172
0.260000	1.694336	-1.381836
0.265000	2.607422	-0.512695
0.270000	2.949219	0.351562
0.275000	2.714844	0.908203
0.280000	2.119141	1.083984
0.285000	1.401367	0.957031
0.290000	0.761719	0.673828
0.295000	0.302734	0.390625
0.300000	0.034180	0.205078
0.305000	-0.102539	0.034180
0.310000	-0.126953	-0.200195
0.315000	-0.004883	-0.292969
0.320000	0.185547	-0.131836
0.325000	0.268555	0.136719
0.330000	0.170898	0.390625
0.335000	-0.087891	0.488281
0.340000	-0.400391	-0.009766
0.345000	-0.375977	-1.040039
0.350000	0.297852	-1.503906
0.355000	1.279297	-1.181641
0.360000	2.055664	-0.444336
0.365000	2.348633	0.302734
0.370000	2.148438	0.805664
0.375000	1.616211	0.976562
0.380000	0.971680	0.888672
0.385000	0.375977	0.654297
0.390000	-0.063477	0.361328
0.395000	-0.302734	-0.229492
0.400000	-0.146484	-0.888672
0.405000	0.429688	-0.961914
0.410000	1.054688	-0.561523
0.415000	1.416016	0.009766
0.420000	1.406250	0.498047
0.425000	1.079102	0.771484
0.430000	0.566406	0.805664
0.435000	0.029297	0.664062
0.440000	-0.405273	0.014648
0.445000	-0.400391	-1.166992
0.450000	0.351562	-1.694336
0.455000	1.455078	-1.342773
0.460000	2.343750	-0.541992
0.465000	2.695312	0.283203
0.470000	2.509766	0.839844
0.475000	1.962891	1.040039
0.480000	1.269531	0.942383
0.485000	0.639648	0.683594
0.490000	0.180664	0.415039
0.495000	-0.097656	0.156250
0.500000	-0.205078	-0.268555
0.505000	-0.029297	-0.576172
0.510000	0.341797	-0.473633
0.515000	0.649414	-0.122070
0.520000	0.727539	0.268555
0.525000	0.546875	0.551758
0.530000	0.180664	0.673828
0.535000	-0.268555	0.429688
0.540000	-0.537109	-0.625000
0.545000	-0.117188	-1.679688
0.550000	0.981445	-1.728516
0.555000	2.114258	-1.054688
0.560000	2.807617	-0.141602
0.565000	2.910156	0.620117
0.570000	2.495117	1.025391
0.575000	1.821289	1.064453
0.580000	1.118164	0.854492
0.585000	0.546875	0.551758
0.590000	0.170898	0.302734
0.595000	-0.039062	0.136719
0.600000	-0.131836	-0.078125
0.605000	-0.087891	-0.288086
0.610000	0.092773	-0.253906
0.615000	0.258789	-0.019531
0.620000	0.263672	0.263672
0.625000	0.092773	0.473633
0.630000	-0.224609	0.385742
0.635000	-0.463867	-0.415039
0.640000	-0.180664	-1.362305
0.645000	0.703125	-1.464844
0.650000	1.665039	-0.922852
0.655000	2.275391	-0.131836
0.660000	2.368164	0.541992
0.665000	2.001953	0.922852
0.670000	1.391602	0.971680
0.675000	0.747070	0.805664
0.680000	0.205078	0.551758
0.685000	-0.166016	0.205078
0.690000	-0.292969	-0.463867
0.695000	0.009766	-0.947266
0.700000	0.620117	-0.820312
0.705000	1.162109	-0.341797
0.710000	1.376953	0.205078
0.715000	1.245117	0.615234
0.720000	0.839844	0.791016
0.725000	0.312500	0.766602
0.730000	-0.200195	0.473633
0.735000	-0.498047	-0.512695
0.740000	-0.151367	-1.557617
0.745000	0.869141	-1.655273
0.750000	1.953125	-1.035156
0.755000	2.631836	-0.161133
0.760000	2.739258	0.576172
0.765000	2.363281	0.981445
0.770000	1.708984	1.035156
0.775000	1.025391	0.844727
0.780000	0.458984	0.561523
0.785000	0.073242	0.312500
0.790000	-0.136719	0.053711
0.795000	-0.166016	-0.336914
0.800000	0.048828	-0.502930
0.805000	0.371094	-0.317383
0.810000	0.576172	0.029297
0.815000	0.551758	0.371094
0.820000	0.307617	0.590820
0.825000	-0.087891	0.595703
0.830000	-0.468750	-0.087891
0.835000	-0.395508	-1.303711
0.840000	0.454102	-1.782227
0.845000	1.616211	-1.362305
0.850000	2.509766	-0.512695
0.855000	2.851562	0.332031
0.860000	2.636719	0.888672
0.865000	2.045898	1.069336
0.870000	1.337891	0.947266
0.875000	0.708008	0.678711
0.880000	0.253906	0.395508
0.885000	-0.019531	0.195312
0.890000	-0.151367	-0.073242
0.895000	-0.107422	-0.361328
0.900000	0.122070	-0.361328
0.905000	0.356445	-0.117188
0.910000	0.429688	0.205078
0.915000	0.292969	0.468750
0.920000	-0.019531	0.576172
0.925000	-0.395508	0.117188
0.930000	-0.454102	-1.015625
0.935000	0.209961	-1.669922
0.940000	1.293945	-1.411133
0.945000	2.226562	-0.649414
0.950000	2.651367	0.190430
0.955000	2.524414	0.786133
0.960000	2.011719	1.030273
0.965000	1.323242	0.957031
0.970000	0.683594	0.717773
0.975000	0.205078	0.444336
0.980000	-0.097656	0.175781
0.985000	-0.214844	-0.273438
0.990000	-0.039062	-0.620117
0.995000	0.361328	-0.527344
1.000000	0.708008	-0.166016
1.005000	0.810547	0.244141
1.010000	0.649414	0.551758
1.015000	0.278320	0.688477
1.020000	-0.180664	0.541992
1.025000	-0.522461	-0.371094
1.030000	-0.268555	-1.557617
1.035000	0.747070	-1.806641
1.040000	1.933594	-1.235352
1.045000	2.744141	-0.322266
1.050000	2.954102	0.498047
1.055000	2.631836	0.976562
1.060000	1.987305	1.083984
1.065000	1.259766	0.908203
1.070000	0.659180	0.615234
1.075000	0.244141	0.341797
1.080000	0.004883	0.175781
1.085000	-0.107422	0.004883
1.090000	-0.117188	-0.209961
1.095000	0.019531	-0.268555
1.100000	0.185547	-0.092773
1.105000	0.244141	0.175781
1.110000	0.122070	0.415039
1.115000	-0.156250	0.434570
1.120000	-0.434570	-0.205078
1.125000	-0.288086	-1.191406
1.130000	0.483398	-1.450195
1.135000	1.435547	-1.015625
1.140000	2.104492	-0.263672
1.145000	2.280273	0.429688
1.150000	1.997070	0.859375
1.155000	1.425781	0.966797
1.160000	0.786133	0.834961
1.165000	0.229492	0.595703
1.170000	-0.170898	0.234375
1.175000	-0.322266	-0.488281
1.180000	0.000000	-1.040039
1.185000	0.673828	-0.937500
1.190000	1.284180	-0.429688
1.195000	1.562500	0.166016
1.200000	1.450195	0.615234
1.205000	1.049805	0.820312
1.210000	0.498047	0.800781
1.215000	-0.039062	0.610352
1.220000	-0.429688	-0.131836
1.225000	-0.332031	-1.254883
1.230000	0.483398	-1.625977
1.235000	1.547852	-1.196289
1.240000	2.338867	-0.385742
1.245000	2.592773	0.385742
1.250000	2.343750	0.878906
1.255000	1.757812	1.020508
1.260000	1.083984	0.893555
1.265000	0.483398	0.629883
1.270000	0.053711	0.375977
1.275000	-0.190430	0.004883
1.280000	-0.200195	-0.527344
1.285000	0.141602	-0.712891
1.290000	0.605469	-0.473633
1.295000	0.913086	-0.029297
1.300000	0.927734	0.380859
1.305000	0.673828	0.644531
1.310000	0.239258	0.722656
1.315000	-0.249023	0.468750
1.320000	-0.537109	-0.576172
1.325000	-0.146484	-1.669922
1.330000	0.947266	-1.757812
1.335000	2.099609	-1.103516
1.340000	2.822266	-0.180664
1.345000	2.944336	0.595703
1.350000	2.548828	1.015625
1.355000	1.875000	1.074219
1.360000	1.166992	0.864258
1.365000	0.590820	0.571289
1.370000	0.205078	0.307617
1.375000	-0.009766	0.151367
1.380000	-0.117188	-0.014648
1.385000	-0.107422	-0.229492
1.390000	0.034180	-0.249023
1.395000	0.195312	-0.053711
1.400000	0.224609	0.209961
1.405000	0.083008	0.434570
1.410000	-0.205078	0.385742
1.415000	-0.444336	-0.346680
1.420000	-0.205078	-1.269531
1.425000	0.620117	-1.406250
1.430000	1.542969	-0.903320
1.435000	2.138672	-0.146484
1.440000	2.231445	0.512695
1.445000	1.894531	0.888672
1.450000	1.303711	0.957031
1.455000	0.673828	0.800781
1.460000	0.136719	0.551758
1.465000	-0.234375	0.122070
1.470000	-0.307617	-0.654297
1.475000	0.122070	-1.093750
1.480000	0.834961	-0.883789
1.485000	1.411133	-0.327148
1.490000	1.625977	0.263672
1.495000	1.450195	0.678711
1.500000	1.000977	0.844727
1.505000	0.439453	0.786133
1.510000	-0.087891	0.551758
1.515000	-0.444336	-0.263672
1.520000	-0.258789	-1.328125
1.525000	0.600586	-1.572266
1.530000	1.635742	-1.083984
1.535000	2.348633	-0.278320
1.540000	2.519531	0.458984
1.545000	2.226562	0.903320
1.550000	1.625977	1.005859
1.555000	0.961914	0.854492
1.560000	0.380859	0.600586
1.565000	-0.014648	0.332031
1.570000	-0.239258	-0.122070
1.575000	-0.151367	-0.673828
1.580000	0.278320	-0.756836
1.585000	0.766602	-0.429688
1.590000	1.054688	0.048828
1.595000	1.015625	0.463867
1.600000	0.708008	0.693359
1.605000	0.239258	0.732422
1.610000	-0.249023	0.449219
1.615000	-0.527344	-0.615234
1.620000	-0.117188	-1.679688
1.625000	0.976562	-1.733398
1.630000	2.114258	-1.059570
1.635000	2.812500	-0.146484
1.640000	2.910156	0.615234
1.645000	2.500000	1.015625
1.650000	1.831055	1.064453
1.655000	1.127930	0.854492
1.660000	0.556641	0.556641
1.665000	0.175781	0.302734
1.670000	-0.029297	0.146484
1.675000	-0.131836	-0.058594
1.680000	-0.087891	-0.273438
1.685000	0.078125	-0.253906
1.690000	0.239258	-0.029297
1.695000	0.258789	0.249023
1.700000	0.087891	0.463867
1.705000	-0.219727	0.385742
1.710000	-0.458984	-0.400391
1.715000	-0.185547	-1.337891
1.720000	0.688477	-1.450195
1.725000	1.640625	-0.913086
1.730000	2.246094	-0.131836
1.735000	2.329102	0.537109
1.740000	1.972656	0.917969
1.745000	1.362305	0.966797
1.750000	0.722656	0.800781
1.755000	0.190430	0.546875
1.760000	-0.180664	0.180664
1.765000	-0.297852	-0.517578
1.770000	0.039062	-0.986328
1.775000	0.673828	-0.834961
1.780000	1.230469	-0.336914
1.785000	1.440430	0.219727
1.790000	1.293945	0.629883
1.795000	0.878906	0.800781
1.800000	0.341797	0.771484
1.805000	-0.175781	0.493164
1.810000	-0.488281	-0.454102
1.815000	-0.180664	-1.508789
1.820000	0.800781	-1.640625
1.825000	1.879883	-1.054688
1.830000	2.568359	-0.190430
1.835000	2.695312	0.551758
1.840000	2.333984	0.961914
1.845000	1.694336	1.030273
1.850000	1.010742	0.849609
1.855000	0.444336	0.571289
1.860000	0.053711	0.322266
1.865000	-0.161133	0.019531
1.870000	-0.166016	-0.410156
1.875000	0.097656	-0.561523
1.880000	0.458984	-0.346680
1.885000	0.683594	0.034180
1.890000	0.654297	0.390625
1.895000	0.390625	0.615234
1.900000	-0.014648	0.639648
1.905000	-0.434570	0.058594
1.910000	-0.458984	-1.181641
1.915000	0.307617	-1.816406
1.920000	1.489258	-1.489258
1.925000	2.475586	-0.659180
1.930000	2.910156	0.224609
1.935000	2.758789	0.839844
1.940000	2.207031	1.079102
1.945000	1.489258	0.986328
1.950000	0.839844	0.722656
1.955000	0.346680	0.434570
1.960000	0.053711	0.224609
1.965000	-0.102539	0.048828
1.970000	-0.131836	-0.205078
1.975000	-0.004883	-0.322266
1.980000	0.205078	-0.166016
1.985000	0.302734	0.112305
1.990000	0.224609	0.375977
1.995000	-0.029297	0.527344
2.000000	-0.366211	0.136719
2.005000	-0.439453	-0.898438
2.010000	0.151367	-1.542969
2.015000	1.157227	-1.313477
2.020000	2.021484	-0.610352
2.025000	2.426758	0.175781
2.030000	2.304688	0.747070
2.035000	1.811523	0.986328
2.040000	1.162109	0.927734
2.045000	0.537109	0.703125
2.050000	0.063477	0.439453
2.055000	-0.234375	0.004883
2.060000	-0.229492	-0.649414
2.065000	0.190430	-0.903320
2.070000	0.781250	-0.634766
2.075000	1.196289	-0.122070
2.080000	1.264648	0.371094
2.085000	1.025391	0.688477
2.090000	0.566406	0.781250
2.095000	0.043945	0.688477
2.100000	-0.405273	0.078125
2.105000	-0.439453	-1.142578
2.110000	0.302734	-1.762695
2.115000	1.450195	-1.450195
2.120000	2.412109	-0.634766
2.125000	2.827148	0.229492
2.130000	2.680664	0.830078
2.135000	2.133789	1.064453
2.140000	1.425781	0.971680
2.145000	0.781250	0.717773
2.150000	0.297852	0.429688
2.155000	0.000000	0.224609
2.160000	-0.146484	-0.034180
2.165000	-0.126953	-0.346680
2.170000	0.097656	-0.390625
2.175000	0.351562	-0.161133
2.180000	0.458984	0.166016
2.185000	0.336914	0.444336
2.190000	0.039062	0.590820
2.195000	-0.341797	0.253906
2.200000	-0.493164	-0.825195
2.205000	0.048828	-1.645508
2.210000	1.127930	-1.513672
2.215000	2.124023	-0.800781
2.220000	2.646484	0.053711
2.225000	2.612305	0.712891
2.230000	2.143555	1.015625
2.235000	1.469727	0.996094
2.240000	0.810547	0.766602
2.245000	0.292969	0.488281
2.250000	-0.043945	0.244141
2.255000	-0.200195	-0.146484
2.260000	-0.107422	-0.546875
2.265000	0.244141	-0.551758
2.270000	0.600586	-0.239258
2.275000	0.751953	0.166016
2.280000	0.639648	0.493164
2.285000	0.312500	0.659180
2.290000	-0.131836	0.585938
2.295000	-0.502930	-0.224609
2.300000	-0.336914	-1.450195
2.305000	0.605469	-1.816406
2.310000	1.796875	-1.313477
2.315000	2.661133	-0.424805
2.320000	2.949219	0.415039
2.325000	2.670898	0.937500
2.330000	2.050781	1.083984
2.335000	1.328125	0.932617
2.340000	0.708008	0.649414
2.345000	0.273438	0.371094
2.350000	0.014648	0.185547
2.355000	-0.107422	0.014648
2.360000	-0.122070	-0.224609
2.365000	0.019531	-0.288086
2.370000	0.205078	-0.107422
2.375000	0.268555	0.161133
2.380000	0.156250	0.410156
2.385000	-0.117188	0.473633
2.390000	-0.419922	-0.097656
2.395000	-0.341797	-1.132812
2.400000	0.390625	-1.503906
2.405000	1.372070	-1.123047
2.410000	2.109375	-0.371094
2.415000	2.358398	0.361328
2.420000	2.119141	0.839844
2.425000	1.562500	0.981445
2.430000	0.917969	0.869141
2.435000	0.332031	0.625000
2.440000	-0.092773	0.327148
2.445000	-0.302734	-0.288086
2.450000	-0.112305	-0.913086
2.455000	0.478516	-0.932617
2.460000	1.088867	-0.507812
2.465000	1.416016	0.058594
2.470000	1.372070	0.532227
2.475000	1.025391	0.776367
2.480000	0.502930	0.800781
2.485000	-0.024414	0.629883
2.490000	-0.444336	-0.097656
2.495000	-0.361328	-1.264648
2.500000	0.468750	-1.699219
2.505000	1.577148	-1.269531
2.510000	2.421875	-0.449219
2.515000	2.714844	0.356445
2.520000	2.485352	0.883789
2.525000	1.904297	1.044922
2.530000	1.215820	0.922852
2.535000	0.600586	0.649414
2.540000	0.151367	0.390625
2.545000	-0.112305	0.131836
2.550000	-0.200195	-0.292969
2.555000	-0.004883	-0.566406
2.560000	0.356445	-0.439453
2.565000	0.639648	-0.083008
2.570000	0.693359	0.292969
2.575000	0.493164	0.566406
2.580000	0.112305	0.668945
2.585000	-0.322266	0.332031
2.590000	-0.527344	-0.791016
2.595000	0.000000	-1.738281
2.600000	1.137695	-1.665039
2.605000	2.231445	-0.937500
2.610000	2.846680	-0.024414
2.615000	2.861328	0.693359
2.620000	2.412109	1.044922
2.625000	1.718750	1.040039
2.630000	1.020508	0.815430
2.635000	0.473633	0.517578
2.640000	0.126953	0.273438
2.645000	-0.063477	0.107422
2.650000	-0.141602	-0.131836
2.655000	-0.058594	-0.317383
2.660000	0.141602	-0.234375
2.665000	0.292969	0.019531
2.670000	0.268555	0.302734
2.675000	0.063477	0.507812
2.680000	-0.268555	0.336914
2.685000	-0.473633	-0.561523
2.690000	-0.097656	-1.445312
2.695000	0.844727	-1.450195
2.700000	1.796875	-0.849609
2.705000	2.363281	-0.043945
2.710000	2.392578	0.610352
2.715000	1.982422	0.952148
2.720000	1.352539	0.966797
2.725000	0.708008	0.781250
2.730000	0.185547	0.522461
2.735000	-0.166016	0.175781
2.740000	-0.278320	-0.463867
2.745000	0.029297	-0.893555
2.750000	0.610352	-0.756836
2.755000	1.103516	-0.288086
2.760000	1.279297	0.234375
2.765000	1.132812	0.615234
2.770000	0.722656	0.771484
2.775000	0.200195	0.742188
2.780000	-0.288086	0.351562
2.785000	-0.507812	-0.756836
2.790000	-0.004883	-1.684570
2.795000	1.103516	-1.621094
2.800000	2.163086	-0.908203
2.805000	2.758789	-0.019531
2.810000	2.778320	0.683594
2.815000	2.329102	1.030273
2.820000	1.645508	1.025391
2.825000	0.961914	0.805664
2.830000	0.424805	0.512695
2.835000	0.073242	0.278320
2.840000	-0.117188	0.053711
2.845000	-0.156250	-0.273438
2.850000	0.019531	-0.419922
2.855000	0.288086	-0.249023
2.860000	0.449219	0.063477
2.865000	0.400391	0.371094
2.870000	0.151367	0.571289
2.875000	-0.224609	0.449219
2.880000	-0.502930	-0.444336
2.885000	-0.200195	-1.503906
2.890000	0.776367	-1.645508
2.895000	1.855469	-1.064453
2.900000	2.548828	-0.200195
2.905000	2.685547	0.541992
2.910000	2.329102	0.961914
2.915000	1.689453	1.030273
2.920000	1.010742	0.849609
2.925000	0.439453	0.576172
2.930000	0.048828	0.322266
2.935000	-0.166016	0.004883
2.940000	-0.166016	-0.439453
2.945000	0.112305	-0.581055
2.950000	0.488281	-0.356445
2.955000	0.717773	0.034180
2.960000	0.693359	0.400391
2.965000	0.419922	0.620117
2.970000	0.004883	0.654297
2.975000	-0.424805	0.102539
2.980000	-0.473633	-1.132812
2.985000	0.263672	-1.816406
2.990000	1.450195	-1.523438
2.995000	2.456055	-0.698242
3.000000	2.919922	0.190430
3.005000	2.792969	0.825195
3.010000	2.250977	1.083984
3.015000	1.538086	0.996094
3.020000	0.874023	0.737305
3.025000	0.375977	0.444336
3.030000	0.073242	0.229492
3.035000	-0.087891	0.068359
3.040000	-0.136719	-0.170898
3.045000	-0.024414	-0.307617
3.050000	0.166016	-0.175781
3.055000	0.283203	0.083008
3.060000	0.224609	0.356445
3.065000	-0.019531	0.507812
3.070000	-0.346680	0.151367
3.075000	-0.434570	-0.844727
3.080000	0.117188	-1.503906
3.085000	1.103516	-1.303711
3.090000	1.958008	-0.620117
3.095000	2.368164	0.161133
3.100000	2.255859	0.732422
3.105000	1.772461	0.966797
3.110000	1.132812	0.932617
3.115000	0.512695	0.708008
3.120000	0.029297	0.444336
3.125000	-0.258789	-0.034180
3.130000	-0.229492	-0.732422
3.135000	0.244141	-0.961914
3.140000	0.874023	-0.659180
3.145000	1.293945	-0.117188
3.150000	1.376953	0.390625
3.155000	1.118164	0.712891
3.160000	0.644531	0.800781
3.165000	0.107422	0.708008
3.170000	-0.361328	0.175781
3.175000	-0.463867	-0.996094
3.180000	0.190430	-1.704102
3.185000	1.298828	-1.469727
3.190000	2.275391	-0.703125
3.195000	2.734375	0.156250
3.200000	2.631836	0.776367
3.205000	2.124023	1.040039
3.210000	1.430664	0.981445
3.215000	0.776367	0.732422
3.220000	0.283203	0.458984
3.225000	-0.029297	0.224609
3.230000	-0.175781	-0.107422
3.235000	-0.107422	-0.463867
3.240000	0.185547	-0.473633
3.245000	0.498047	-0.190430
3.250000	0.615234	0.175781
3.255000	0.498047	0.483398
3.260000	0.175781	0.629883
3.265000	-0.244141	0.449219
3.270000	-0.527344	-0.537109
3.275000	-0.166016	-1.611328
3.280000	0.888672	-1.713867
3.285000	2.011719	-1.083984
3.290000	2.719727	-0.185547
3.295000	2.846680	0.581055
3.300000	2.470703	1.000977
3.305000	1.801758	1.054688
3.310000	1.103516	0.859375
3.315000	0.527344	0.571289
3.320000	0.141602	0.312500
3.325000	-0.073242	0.117188
3.330000	-0.156250	-0.166016
3.335000	-0.048828	-0.380859
3.340000	0.195312	-0.288086
3.345000	0.380859	-0.004883
3.350000	0.380859	0.302734
3.355000	0.175781	0.522461
3.360000	-0.170898	0.488281
3.365000	-0.483398	-0.288086
3.370000	-0.278320	-1.372070
3.375000	0.615234	-1.635742
3.380000	1.679688	-1.127930
3.385000	2.431641	-0.302734
3.390000	2.622070	0.463867
3.395000	2.319336	0.922852
3.400000	1.713867	1.025391
3.405000	1.035156	0.874023
3.410000	0.449219	0.610352
3.415000	0.034180	0.341797
3.420000	-0.195312	-0.014648
3.425000	-0.180664	-0.527344
3.430000	0.156250	-0.673828
3.435000	0.595703	-0.419922
3.440000	0.864258	0.009766
3.445000	0.854492	0.410156
3.450000	0.581055	0.649414
3.455000	0.146484	0.703125
3.460000	-0.322266	0.346680
3.465000	-0.527344	-0.805664
3.470000	0.004883	-1.762695
3.475000	1.157227	-1.689453
3.480000	2.265625	-0.947266
3.485000	2.890625	-0.029297
3.490000	2.910156	0.698242
3.495000	2.456055	1.049805
3.500000	1.752930	1.049805
3.505000	1.059570	0.820312
3.510000	0.507812	0.517578
3.515000	0.151367	0.278320
3.520000	-0.034180	0.126953
3.525000	-0.126953	-0.048828
3.530000	-0.087891	-0.244141
3.535000	0.063477	-0.229492
3.540000	0.209961	-0.014648
3.545000	0.214844	0.253906
3.550000	0.043945	0.458984
3.555000	-0.258789	0.307617
3.560000	-0.444336	-0.522461
3.565000	-0.097656	-1.347656
3.570000	0.786133	-1.352539
3.575000	1.674805	-0.776367
3.580000	2.182617	-0.019531
3.585000	2.197266	0.600586
3.590000	1.796875	0.922852
3.595000	1.191406	0.937500
3.600000	0.566406	0.756836
3.605000	0.053711	0.502930
3.610000	-0.278320	-0.004883
3.615000	-0.268555	-0.795898
3.620000	0.244141	-1.103516
3.625000	0.966797	-0.805664
3.630000	1.489258	-0.214844
3.635000	1.625977	0.356445
3.640000	1.391602	0.732422
3.645000	0.913086	0.849609
3.650000	0.346680	0.761719
3.655000	-0.166016	0.468750
3.660000	-0.463867	-0.449219
3.665000	-0.161133	-1.425781
3.670000	0.771484	-1.528320
3.675000	1.772461	-0.957031
3.680000	2.402344	-0.141602
3.685000	2.490234	0.556641
3.690000	2.128906	0.937500
3.695000	1.503906	0.996094
3.700000	0.844727	0.815430
3.705000	0.292969	0.551758
3.710000	-0.078125	0.273438
3.715000	-0.253906	-0.249023
3.720000	-0.092773	-0.747070
3.725000	0.390625	-0.737305
3.730000	0.869141	-0.351562
3.735000	1.098633	0.131836
3.740000	1.010742	0.527344
3.745000	0.654297	0.727539
3.750000	0.170898	0.732422
3.755000	-0.312500	0.341797
3.760000	-0.517578	-0.805664
3.765000	0.009766	-1.743164
3.770000	1.157227	-1.665039
3.775000	2.246094	-0.927734
3.780000	2.856445	-0.014648
3.785000	2.866211	0.698242
3.790000	2.412109	1.044922
3.795000	1.718750	1.044922
3.800000	1.025391	0.810547
3.805000	0.478516	0.517578
3.810000	0.131836	0.278320
3.815000	-0.058594	0.112305
3.820000	-0.136719	-0.107422
3.825000	-0.063477	-0.302734
3.830000	0.122070	-0.229492
3.835000	0.268555	0.014648
3.840000	0.258789	0.297852
3.845000	0.058594	0.493164
3.850000	-0.268555	0.322266
3.855000	-0.468750	-0.566406
3.860000	-0.087891	-1.425781
3.865000	0.849609	-1.425781
3.870000	1.782227	-0.825195
3.875000	2.324219	-0.029297
3.880000	2.343750	0.615234
3.885000	1.933594	0.942383
3.890000	1.308594	0.961914
3.895000	0.668945	0.771484
3.900000	0.151367	0.512695
3.905000	-0.200195	0.131836
3.910000	-0.283203	-0.551758
3.915000	0.078125	-0.947266
3.920000	0.693359	-0.766602
3.925000	1.201172	-0.268555
3.930000	1.372070	0.268555
3.935000	1.196289	0.644531
3.940000	0.766602	0.795898
3.945000	0.234375	0.751953
3.950000	-0.268555	0.375977
3.955000	-0.498047	-0.693359
3.960000	-0.034180	-1.640625
3.965000	1.035156	-1.606445
3.970000	2.089844	-0.922852
3.975000	2.695312	-0.043945
3.980000	2.719727	0.659180
3.985000	2.290039	1.010742
3.990000	1.621094	1.020508
3.995000	0.942383	0.805664
4.000000	0.400391	0.522461
4.005000	0.043945	0.283203
4.010000	-0.146484	0.004883
4.015000	-0.156250	-0.366211
4.020000	0.083008	-0.483398
4.025000	0.395508	-0.273438
4.030000	0.571289	0.078125
4.035000	0.517578	0.405273
4.040000	0.244141	0.600586
4.045000	-0.156250	0.541992
4.050000	-0.498047	-0.268555
4.055000	-0.307617	-1.445312
4.060000	0.634766	-1.752930
4.065000	1.782227	-1.245117
4.070000	2.592773	-0.366211
4.075000	2.832031	0.444336
4.080000	2.543945	0.937500
4.085000	1.923828	1.064453
4.090000	1.220703	0.908203
4.095000	0.615234	0.625000
4.100000	0.185547	0.361328
4.105000	-0.058594	0.151367
4.110000	-0.166016	-0.151367
4.115000	-0.068359	-0.410156
4.120000	0.195312	-0.346680
4.125000	0.419922	-0.058594
4.130000	0.458984	0.263672
4.135000	0.273438	0.507812
4.140000	-0.068359	0.576172
4.145000	-0.434570	-0.004883
4.150000	-0.415039	-1.166992
4.155000	0.341797	-1.704102
4.160000	1.455078	-1.352539
4.165000	2.348633	-0.546875
4.170000	2.714844	0.283203
4.175000	2.524414	0.839844
4.180000	1.972656	1.044922
4.185000	1.274414	0.942383
4.190000	0.649414	0.683594
4.195000	0.185547	0.415039
4.200000	-0.092773	0.156250
4.205000	-0.205078	-0.258789
4.210000	-0.034180	-0.566406
4.215000	0.332031	-0.473633
4.220000	0.634766	-0.122070
4.225000	0.712891	0.263672
4.230000	0.537109	0.546875
4.235000	0.166016	0.668945
4.240000	-0.278320	0.415039
4.245000	-0.532227	-0.639648
4.250000	-0.102539	-1.684570
4.255000	0.996094	-1.718750
4.260000	2.124023	-1.040039
4.265000	2.807617	-0.126953
4.270000	2.895508	0.625000
4.275000	2.480469	1.025391
4.280000	1.801758	1.059570
4.285000	1.103516	0.849609
4.290000	0.537109	0.546875
4.295000	0.161133	0.297852
4.300000	-0.048828	0.131836
4.305000	-0.136719	-0.087891
4.310000	-0.078125	-0.302734
4.315000	0.107422	-0.253906
4.320000	0.268555	-0.009766
4.325000	0.273438	0.268555
4.330000	0.087891	0.483398
4.335000	-0.224609	0.385742
4.340000	-0.468750	-0.434570
4.345000	-0.170898	-1.376953
4.350000	0.722656	-1.479492
4.355000	1.689453	-0.922852
4.360000	2.294922	-0.126953
4.365000	2.382812	0.551758
4.370000	2.016602	0.927734
4.375000	1.401367	0.976562
4.380000	0.756836	0.800781
4.385000	0.214844	0.546875
4.390000	-0.151367	0.214844
4.395000	-0.288086	-0.434570
4.400000	-0.004883	-0.913086
4.405000	0.585938	-0.805664
4.410000	1.113281	-0.341797
4.415000	1.328125	0.195312
4.420000	1.201172	0.600586
4.425000	0.805664	0.776367
4.430000	0.283203	0.761719
4.435000	-0.224609	0.449219
4.440000	-0.507812	-0.571289
4.445000	-0.122070	-1.601562
4.450000	0.927734	-1.660156
4.455000	2.011719	-1.020508
4.460000	2.680664	-0.136719
4.465000	2.773438	0.605469
4.470000	2.373047	0.996094
4.475000	1.713867	1.040039
4.480000	1.025391	0.839844
4.485000	0.463867	0.551758
4.490000	0.087891	0.307617
4.495000	-0.122070	0.063477
4.500000	-0.166016	-0.288086
4.505000	0.019531	-0.458984
4.510000	0.317383	-0.297852
4.515000	0.507812	0.034180
4.520000	0.483398	0.356445
4.525000	0.244141	0.571289
4.530000	-0.136719	0.546875
4.535000	-0.483398	-0.205078
4.540000	-0.332031	-1.376953
4.545000	0.561523	-1.733398
4.550000	1.699219	-1.254883
4.555000	2.519531	-0.400391
4.560000	2.788086	0.410156
4.565000	2.514648	0.917969
4.570000	1.909180	1.054688
4.575000	1.215820	0.917969
4.580000	0.605469	0.639648
4.585000	0.170898	0.371094
4.590000	-0.087891	0.141602
4.595000	-0.180664	-0.214844
4.600000	-0.039062	-0.478516
4.605000	0.263672	-0.385742
4.610000	0.517578	-0.068359
4.615000	0.556641	0.288086
4.620000	0.361328	0.537109
4.625000	0.004883	0.620117
4.630000	-0.400391	0.146484
4.635000	-0.478516	-1.040039
4.640000	0.200195	-1.748047
4.645000	1.337891	-1.499023
4.650000	2.333984	-0.712891
4.655000	2.802734	0.156250
4.660000	2.700195	0.786133
4.665000	2.182617	1.054688
4.670000	1.479492	0.986328
4.675000	0.820312	0.742188
4.680000	0.322266	0.458984
4.685000	0.009766	0.229492
4.690000	-0.151367	-0.029297
4.695000	-0.126953	-0.361328
4.700000	0.097656	-0.410156
4.705000	0.366211	-0.185547
4.710000	0.488281	0.146484
4.715000	0.380859	0.439453
4.720000	0.087891	0.595703
4.725000	-0.302734	0.336914
4.730000	-0.512695	-0.693359
4.735000	-0.043945	-1.625977
4.740000	1.010742	-1.586914
4.745000	2.055664	-0.913086
4.750000	2.651367	-0.039062
4.755000	2.680664	0.659180
4.760000	2.250977	1.005859
4.765000	1.582031	1.015625
4.770000	0.913086	0.800781
4.775000	0.366211	0.517578
4.780000	0.014648	0.283203
4.785000	-0.170898	-0.043945
4.790000	-0.141602	-0.449219
4.795000	0.141602	-0.532227
4.800000	0.488281	-0.278320
4.805000	0.659180	0.102539
4.810000	0.595703	0.434570
4.815000	0.302734	0.625000
4.820000	-0.117188	0.585938
4.825000	-0.493164	-0.180664
4.830000	-0.356445	-1.401367
4.835000	0.551758	-1.801758
4.840000	1.733398	-1.323242
4.845000	2.602539	-0.454102
4.850000	2.910156	0.385742
4.855000	2.646484	0.922852
4.860000	2.041016	1.079102
4.865000	1.323242	0.937500
4.870000	0.698242	0.649414
4.875000	0.258789	0.380859
4.880000	-0.004883	0.185547
4.885000	-0.126953	-0.029297
4.890000	-0.117188	-0.288086
4.895000	0.068359	-0.322266
4.900000	0.273438	-0.102539
4.905000	0.336914	0.195312
4.910000	0.209961	0.444336
4.915000	-0.087891	0.522461
4.920000	-0.424805	-0.034180
4.925000	-0.385742	-1.123047
4.930000	0.346680	-1.591797
4.935000	1.386719	-1.235352
4.940000	2.202148	-0.468750
4.945000	2.504883	0.312500
4.950000	2.304688	0.830078
4.955000	1.752930	1.000977
4.960000	1.088867	0.908203
4.965000	0.483398	0.659180
4.970000	0.034180	0.390625
4.975000	-0.229492	-0.029297
4.980000	-0.205078	-0.629883
4.985000	0.205078	-0.815430
4.990000	0.737305	-0.537109
4.995000	1.088867	-0.048828
5.000000	1.123047	0.400391
5.005000	0.844727	0.683594
5.010000	0.395508	0.756836
5.015000	-0.112305	0.600586
5.020000	-0.498047	-0.253906
5.025000	-0.312500	-1.464844
5.030000	0.639648	-1.801758
5.035000	1.811523	-1.274414
5.040000	2.656250	-0.390625
5.045000	2.915039	0.434570
5.050000	2.626953	0.942383
5.055000	2.006836	1.083984
5.060000	1.289062	0.927734
5.065000	0.673828	0.639648
5.070000	0.249023	0.361328
5.075000	-0.009766	0.180664
5.080000	-0.126953	-0.024414
5.085000	-0.107422	-0.278320
5.090000	0.063477	-0.302734
5.095000	0.253906	-0.092773
5.100000	0.307617	0.195312
5.105000	0.175781	0.444336
5.110000	-0.117188	0.493164
5.115000	-0.434570	-0.107422
5.120000	-0.346680	-1.176758
5.125000	0.415039	-1.562500
5.130000	1.430664	-1.166992
5.135000	2.197266	-0.390625
5.140000	2.460938	0.366211
5.145000	2.211914	0.849609
5.150000	1.650391	0.996094
5.155000	0.991211	0.883789
5.160000	0.400391	0.634766
5.165000	-0.024414	0.361328
5.170000	-0.263672	-0.146484
5.175000	-0.161133	-0.756836
5.180000	0.322266	-0.859375
5.185000	0.883789	-0.507812
5.190000	1.215820	0.009766
5.195000	1.206055	0.468750
5.200000	0.893555	0.727539
5.205000	0.415039	0.771484
5.210000	-0.107422	0.595703
5.215000	-0.488281	-0.253906
5.220000	-0.307617	-1.445312
5.225000	0.629883	-1.762695
5.230000	1.787109	-1.250000
5.235000	2.607422	-0.375977
5.240000	2.861328	0.439453
5.245000	2.563477	0.937500
5.250000	1.948242	1.064453
5.255000	1.245117	0.917969
5.260000	0.634766	0.629883
5.265000	0.209961	0.361328
5.270000	-0.043945	0.166016
5.275000	-0.156250	-0.102539
5.280000	-0.087891	-0.366211
5.285000	0.146484	-0.327148
5.290000	0.361328	-0.078125
5.295000	0.410156	0.244141
5.300000	0.239258	0.488281
5.305000	-0.083008	0.546875
5.310000	-0.434570	-0.039062
5.315000	-0.395508	-1.181641
5.320000	0.366211	-1.665039
5.325000	1.450195	-1.293945
5.330000	2.309570	-0.498047
5.335000	2.636719	0.307617
5.340000	2.441406	0.844727
5.345000	1.879883	1.035156
5.350000	1.196289	0.927734
5.355000	0.576172	0.668945
5.360000	0.126953	0.405273
5.365000	-0.151367	0.097656
5.370000	-0.209961	-0.400391
5.375000	0.043945	-0.664062
5.380000	0.478516	-0.493164
5.385000	0.795898	-0.092773
5.390000	0.859375	0.317383
5.395000	0.644531	0.600586
5.400000	0.239258	0.703125
5.405000	-0.229492	0.488281
5.410000	-0.537109	-0.522461
5.415000	-0.180664	-1.645508
5.420000	0.898438	-1.777344
5.425000	2.060547	-1.137695
5.430000	2.807617	-0.214844
5.435000	2.949219	0.571289
5.440000	2.568359	1.005859
5.445000	1.904297	1.074219
5.450000	1.196289	0.878906
5.455000	0.610352	0.581055
5.460000	0.214844	0.317383
5.465000	-0.009766	0.156250
5.470000	-0.112305	-0.009766
5.475000	-0.107422	-0.219727
5.480000	0.029297	-0.253906
5.485000	0.185547	-0.068359
5.490000	0.224609	0.200195
5.495000	0.092773	0.424805
5.500000	-0.195312	0.400391
5.505000	-0.444336	-0.307617
5.510000	-0.229492	-1.250000
5.515000	0.581055	-1.411133
5.520000	1.508789	-0.927734
5.525000	2.124023	-0.175781
5.530000	2.241211	0.493164
5.535000	1.909180	0.883789
5.540000	1.323242	0.961914
5.545000	0.693359	0.805664
5.550000	0.151367	0.566406
5.555000	-0.224609	0.146484
5.560000	-0.312500	-0.629883
5.565000	0.097656	-1.093750
5.570000	0.810547	-0.903320
5.575000	1.396484	-0.351562
5.580000	1.625977	0.244141
5.585000	1.464844	0.673828
5.590000	1.020508	0.844727
5.595000	0.458984	0.795898
5.600000	-0.068359	0.571289
5.605000	-0.439453	-0.214844
5.610000	-0.283203	-1.289062
5.615000	0.556641	-1.582031
5.620000	1.591797	-1.113281
5.625000	2.329102	-0.312500
5.630000	2.519531	0.434570
5.635000	2.241211	0.888672
5.640000	1.650391	1.005859
5.645000	0.981445	0.869141
5.650000	0.400391	0.610352
5.655000	-0.009766	0.341797
5.660000	-0.234375	-0.102539
5.665000	-0.161133	-0.664062
5.670000	0.263672	-0.766602
5.675000	0.761719	-0.449219
5.680000	1.054688	0.029297
5.685000	1.030273	0.454102
5.690000	0.727539	0.693359
5.695000	0.263672	0.737305
5.700000	-0.234375	0.473633
5.705000	-0.532227	-0.561523
5.710000	-0.151367	-1.650391
5.715000	0.922852	-1.748047
5.720000	2.070312	-1.103516
5.725000	2.792969	-0.185547
5.730000	2.915039	0.585938
5.735000	2.524414	1.010742
5.740000	1.865234	1.064453
5.745000	1.157227	0.864258
5.750000	0.576172	0.571289
5.755000	0.185547	0.312500
5.760000	-0.029297	0.146484
5.765000	-0.126953	-0.053711
5.770000	-0.097656	-0.273438
5.775000	0.068359	-0.263672
5.780000	0.234375	-0.043945
5.785000	0.263672	0.239258
5.790000	0.097656	0.458984
5.795000	-0.209961	0.405273
5.800000	-0.458984	-0.351562
5.805000	-0.214844	-1.313477
5.810000	0.644531	-1.464844
5.815000	1.601562	-0.952148
5.820000	2.231445	-0.170898
5.825000	2.338867	0.512695
5.830000	2.001953	0.903320
5.835000	1.401367	0.966797
5.840000	0.761719	0.810547
5.845000	0.214844	0.561523
5.850000	-0.166016	0.209961
5.855000	-0.302734	-0.473633
5.860000	0.009766	-0.966797
5.865000	0.634766	-0.849609
5.870000	1.191406	-0.366211
5.875000	1.420898	0.190430
5.880000	1.293945	0.615234
5.885000	0.893555	0.800781
5.890000	0.356445	0.771484
5.895000	-0.156250	0.517578
5.900000	-0.488281	-0.410156
5.905000	-0.205078	-1.494141
5.910000	0.766602	-1.655273
5.915000	1.850586	-1.088867
5.920000	2.563477	-0.224609
5.925000	2.709961	0.527344
5.930000	2.368164	0.957031
5.935000	1.728516	1.035156
5.940000	1.044922	0.854492
5.945000	0.468750	0.581055
5.950000	0.073242	0.332031
5.955000	-0.146484	0.039062
5.960000	-0.170898	-0.380859
5.965000	0.068359	-0.556641
5.970000	0.424805	-0.351562
5.975000	0.654297	0.014648
5.980000	0.644531	0.375977
5.985000	0.390625	0.600586
5.990000	-0.009766	0.644531
5.995000	-0.429688	0.078125
6.000000	-0.463867	-1.157227
6.005000	0.288086	-1.806641
6.010000	1.464844	-1.494141
6.015000	2.456055	-0.668945
6.020000	2.895508	0.209961
6.025000	2.753906	0.830078
6.030000	2.207031	1.074219
6.035000	1.494141	0.991211
6.040000	0.839844	0.727539
6.045000	0.346680	0.439453
6.050000	0.048828	0.224609
6.055000	-0.107422	0.039062
6.060000	-0.136719	-0.229492
6.065000	0.004883	-0.327148
6.070000	0.224609	-0.166016
6.075000	0.327148	0.117188
6.080000	0.244141	0.380859
6.085000	-0.009766	0.532227
6.090000	-0.356445	0.161133
6.095000	-0.449219	-0.878906
6.100000	0.126953	-1.557617
6.105000	1.147461	-1.352539
6.110000	2.036133	-0.644531
6.115000	2.465820	0.151367
6.120000	2.363281	0.742188
6.125000	1.870117	0.991211
6.130000	1.220703	0.942383
6.135000	0.585938	0.712891
6.140000	0.102539	0.454102
6.145000	-0.205078	0.068359
6.150000	-0.244141	-0.551758
6.155000	0.117188	-0.859375
6.160000	0.673828	-0.634766
6.165000	1.088867	-0.156250
6.170000	1.191406	0.332031
6.175000	0.971680	0.649414
6.180000	0.537109	0.766602
6.185000	0.019531	0.683594
6.190000	-0.424805	0.043945
6.195000	-0.439453	-1.191406
6.200000	0.336914	-1.801758
6.205000	1.508789	-1.455078
6.210000	2.470703	-0.629883
6.215000	2.880859	0.244141
6.220000	2.719727	0.844727
6.225000	2.163086	1.074219
6.230000	1.455078	0.976562
6.235000	0.805664	0.712891
6.240000	0.322266	0.424805
6.245000	0.029297	0.219727
6.250000	-0.122070	0.014648
6.255000	-0.131836	-0.263672
6.260000	0.034180	-0.341797
6.265000	0.258789	-0.161133
6.270000	0.356445	0.141602
6.275000	0.263672	0.410156
6.280000	-0.014648	0.546875
6.285000	-0.366211	0.151367
6.290000	-0.454102	-0.908203
6.295000	0.141602	-1.591797
6.300000	1.191406	-1.376953
6.305000	2.089844	-0.649414
6.310000	2.514648	0.156250
6.315000	2.416992	0.747070
6.320000	1.918945	1.000977
6.325000	1.250000	0.947266
6.330000	0.620117	0.722656
6.335000	0.136719	0.458984
6.340000	-0.166016	0.117188
6.345000	-0.239258	-0.463867
6.350000	0.058594	-0.791016
6.355000	0.576172	-0.610352
6.360000	0.971680	-0.166016
6.365000	1.083984	0.297852
6.370000	0.878906	0.620117
6.375000	0.463867	0.742188
6.380000	-0.034180	0.659180
6.385000	-0.458984	-0.053711
6.390000	-0.405273	-1.308594
6.395000	0.444336	-1.826172
6.400000	1.640625	-1.416016
6.405000	2.568359	-0.556641
6.410000	2.944336	0.312500
6.415000	2.734375	0.888672
6.420000	2.148438	1.083984
6.425000	1.425781	0.966797
6.430000	0.786133	0.688477
6.435000	0.317383	0.405273
6.440000	0.039062	0.209961
6.445000	-0.097656	0.043945
6.450000	-0.126953	-0.195312
6.455000	-0.004883	-0.297852
6.460000	0.185547	-0.146484
6.465000	0.273438	0.126953
6.470000	0.185547	0.380859
6.475000	-0.068359	0.498047
6.480000	-0.390625	0.029297
6.485000	-0.395508	-0.996094
6.490000	0.253906	-1.508789
6.495000	1.245117	-1.215820
6.500000	2.036133	-0.488281
6.505000	2.363281	0.268555
6.510000	2.182617	0.786133
6.515000	1.660156	0.981445
6.520000	1.015625	0.898438
6.525000	0.410156	0.664062
6.530000	-0.034180	0.385742
6.535000	-0.288086	-0.166016
6.540000	-0.170898	-0.844727
6.545000	0.371094	-0.957031
6.550000	0.996094	-0.585938
6.555000	1.376953	-0.024414
6.560000	1.391602	0.468750
6.565000	1.083984	0.751953
6.570000	0.581055	0.805664
6.575000	0.039062	0.678711
6.580000	-0.400391	0.043945
6.585000	-0.415039	-1.137695
6.590000	0.322266	-1.708984
6.595000	1.435547	-1.372070
6.600000	2.343750	-0.576172
6.605000	2.714844	0.258789
6.610000	2.548828	0.834961
6.615000	2.006836	1.044922
6.620000	1.308594	0.952148
6.625000	0.678711	0.693359
6.630000	0.214844	0.419922
6.635000	-0.078125	0.180664
6.640000	-0.195312	-0.209961
6.645000	-0.058594	-0.537109
6.650000	0.283203	-0.468750
6.655000	0.590820	-0.141602
6.660000	0.673828	0.239258
6.665000	0.517578	0.532227
6.670000	0.161133	0.659180
6.675000	-0.278320	0.410156
6.680000	-0.527344	-0.644531
6.685000	-0.102539	-1.674805
6.690000	0.991211	-1.708984
6.695000	2.114258	-1.035156
6.700000	2.792969	-0.122070
6.705000	2.871094	0.625000
6.710000	2.465820	1.025391
6.715000	1.787109	1.054688
6.720000	1.088867	0.844727
6.725000	0.522461	0.546875
6.730000	0.146484	0.297852
6.735000	-0.053711	0.126953
6.740000	-0.141602	-0.122070
6.745000	-0.063477	-0.322266
6.750000	0.146484	-0.258789
6.755000	0.307617	-0.004883
6.760000	0.297852	0.288086
6.765000	0.112305	0.502930
6.770000	-0.219727	0.405273
6.775000	-0.478516	-0.419922
6.780000	-0.190430	-1.401367
6.785000	0.727539	-1.523438
6.790000	1.718750	-0.966797
6.795000	2.363281	-0.156250
6.800000	2.465820	0.541992
6.805000	2.109375	0.927734
6.810000	1.484375	0.996094
6.815000	0.834961	0.820312
6.820000	0.283203	0.561523
6.825000	-0.097656	0.263672
6.830000	-0.268555	-0.292969
6.835000	-0.073242	-0.800781
6.840000	0.444336	-0.766602
6.845000	0.947266	-0.366211
6.850000	1.181641	0.141602
6.855000	1.088867	0.541992
6.860000	0.722656	0.742188
6.865000	0.224609	0.747070
6.870000	-0.273438	0.400391
6.875000	-0.517578	-0.693359
6.880000	-0.058594	-1.694336
6.885000	1.044922	-1.679688
6.890000	2.148438	-0.986328
6.895000	2.797852	-0.083008
6.900000	2.851562	0.649414
6.905000	2.421875	1.025391
6.910000	1.743164	1.044922
6.915000	1.054688	0.830078
6.920000	0.493164	0.532227
6.925000	0.131836	0.288086
6.930000	-0.073242	0.107422
6.935000	-0.141602	-0.151367
6.940000	-0.043945	-0.341797
6.945000	0.170898	-0.253906
6.950000	0.332031	0.019531
6.955000	0.317383	0.307617
6.960000	0.107422	0.517578
6.965000	-0.234375	0.400391
6.970000	-0.478516	-0.454102
6.975000	-0.170898	-1.430664
6.980000	0.761719	-1.538086
6.985000	1.772461	-0.966797
6.990000	2.407227	-0.146484
6.995000	2.495117	0.561523
7.000000	2.133789	0.942383
7.005000	1.503906	0.996094
7.010000	0.844727	0.820312
7.015000	0.297852	0.551758
7.020000	-0.078125	0.273438
7.025000	-0.253906	-0.249023
7.030000	-0.087891	-0.751953
7.035000	0.390625	-0.737305
7.040000	0.878906	-0.356445
7.045000	1.108398	0.131836
7.050000	1.010742	0.532227
7.055000	0.659180	0.727539
7.060000	0.175781	0.732422
7.065000	-0.312500	0.346680
7.070000	-0.517578	-0.800781
7.075000	0.009766	-1.743164
7.080000	1.147461	-1.660156
7.085000	2.241211	-0.932617
7.090000	2.851562	-0.019531
7.095000	2.866211	0.693359
7.100000	2.412109	1.044922
7.105000	1.713867	1.044922
7.110000	1.025391	0.810547
7.115000	0.478516	0.517578
7.120000	0.131836	0.273438
7.125000	-0.058594	0.112305
7.130000	-0.136719	-0.112305
7.135000	-0.068359	-0.302734
7.140000	0.126953	-0.229492
7.145000	0.273438	0.014648
7.150000	0.258789	0.292969
7.155000	0.058594	0.498047
7.160000	-0.268555	0.322266
7.165000	-0.468750	-0.561523
7.170000	-0.087891	-1.430664
7.175000	0.839844	-1.430664
7.180000	1.777344	-0.830078
7.185000	2.329102	-0.034180
7.190000	2.348633	0.615234
7.195000	1.943359	0.942383
7.200000	1.318359	0.961914
7.205000	0.678711	0.776367
7.210000	0.156250	0.522461
7.215000	-0.190430	0.141602
7.220000	-0.283203	-0.541992
7.225000	0.068359	-0.947266
7.230000	0.678711	-0.766602
7.235000	1.186523	-0.273438
7.240000	1.352539	0.263672
7.245000	1.191406	0.639648
7.250000	0.761719	0.791016
7.255000	0.229492	0.747070
7.260000	-0.268555	0.375977
7.265000	-0.502930	-0.703125
7.270000	-0.034180	-1.645508
7.275000	1.044922	-1.611328
7.280000	2.094727	-0.927734
7.285000	2.705078	-0.043945
7.290000	2.729492	0.659180
7.295000	2.294922	1.010742
7.300000	1.621094	1.020508
7.305000	0.947266	0.810547
7.310000	0.405273	0.527344
7.315000	0.048828	0.283203
7.320000	-0.146484	0.014648
7.325000	-0.156250	-0.356445
7.330000	0.068359	-0.478516
7.335000	0.375977	-0.268555
7.340000	0.551758	0.073242
7.345000	0.498047	0.395508
7.350000	0.224609	0.595703
7.355000	-0.166016	0.532227
7.360000	-0.502930	-0.297852
7.365000	-0.292969	-1.455078
7.370000	0.649414	-1.743164
7.375000	1.796875	-1.220703
7.380000	2.592773	-0.341797
7.385000	2.817383	0.463867
7.390000	2.509766	0.942383
7.395000	1.894531	1.059570
7.400000	1.191406	0.903320
7.405000	0.590820	0.620117
7.410000	0.166016	0.356445
7.415000	-0.073242	0.136719
7.420000	-0.166016	-0.185547
7.425000	-0.048828	-0.439453
7.430000	0.229492	-0.346680
7.435000	0.458984	-0.048828
7.440000	0.488281	0.283203
7.445000	0.292969	0.527344
7.450000	-0.058594	0.585938
7.455000	-0.439453	0.004883
7.460000	-0.424805	-1.176758
7.465000	0.336914	-1.723633
7.470000	1.469727	-1.376953
7.475000	2.377930	-0.566406
7.480000	2.753906	0.273438
7.485000	2.573242	0.844727
7.490000	2.016602	1.044922
7.495000	1.318359	0.952148
7.500000	0.688477	0.693359
7.505000	0.219727	0.419922
7.510000	-0.068359	0.185547
7.515000	-0.190430	-0.185547
7.520000	-0.068359	-0.507812
7.525000	0.258789	-0.449219
7.530000	0.541992	-0.131836
7.535000	0.629883	0.239258
7.540000	0.468750	0.517578
7.545000	0.117188	0.644531
7.550000	-0.307617	0.366211
7.555000	-0.522461	-0.717773
7.560000	-0.043945	-1.699219
7.565000	1.064453	-1.665039
7.570000	2.158203	-0.961914
7.575000	2.788086	-0.058594
7.580000	2.827148	0.664062
7.585000	2.397461	1.030273
7.590000	1.713867	1.044922
7.595000	1.020508	0.820312
7.600000	0.468750	0.532227
7.605000	0.112305	0.283203
7.610000	-0.087891	0.097656
7.615000	-0.151367	-0.190430
7.620000	-0.029297	-0.371094
7.625000	0.209961	-0.253906
7.630000	0.366211	0.034180
7.635000	0.341797	0.327148
7.640000	0.117188	0.537109
7.645000	-0.234375	0.410156
7.650000	-0.488281	-0.468750
7.655000	-0.170898	-1.464844
7.660000	0.781250	-1.567383
7.665000	1.811523	-0.986328
7.670000	2.460938	-0.151367
7.675000	2.558594	0.561523
7.680000	2.192383	0.952148
7.685000	1.557617	1.005859
7.690000	0.893555	0.825195
7.695000	0.336914	0.556641
7.700000	-0.039062	0.297852
7.705000	-0.234375	-0.161133
7.710000	-0.126953	-0.649414
7.715000	0.297852	-0.688477
7.720000	0.742188	-0.351562
7.725000	0.971680	0.102539
7.730000	0.908203	0.488281
7.735000	0.576172	0.688477
7.740000	0.112305	0.712891
7.745000	-0.356445	0.268555
7.750000	-0.517578	-0.932617
7.755000	0.097656	-1.796875
7.760000	1.269531	-1.635742
7.765000	2.348633	-0.859375
7.770000	2.910156	0.053711
7.775000	2.875977	0.747070
7.780000	2.387695	1.064453
7.785000	1.679688	1.035156
7.790000	0.991211	0.791016
7.795000	0.463867	0.488281
7.800000	0.126953	0.258789
7.805000	-0.048828	0.112305
7.810000	-0.126953	-0.083008
7.815000	-0.078125	-0.263672
7.820000	0.087891	-0.209961
7.825000	0.224609	0.009766
7.830000	0.209961	0.283203
7.835000	0.019531	0.473633
7.840000	-0.288086	0.258789
7.845000	-0.449219	-0.634766
7.850000	-0.024414	-1.401367
7.855000	0.888672	-1.328125
7.860000	1.757812	-0.712891
7.865000	2.231445	0.048828
7.870000	2.197266	0.644531
7.875000	1.767578	0.932617
7.880000	1.147461	0.927734
7.885000	0.522461	0.732422
7.890000	0.024414	0.478516
7.895000	-0.288086	-0.043945
7.900000	-0.249023	-0.825195
7.905000	0.283203	-1.079102
7.910000	0.986328	-0.751953
7.915000	1.474609	-0.166016
7.920000	1.586914	0.390625
7.925000	1.323242	0.742188
7.930000	0.839844	0.844727
7.935000	0.278320	0.747070
7.940000	-0.224609	0.395508
7.945000	-0.468750	-0.595703
7.950000	-0.073242	-1.513672
7.955000	0.913086	-1.508789
7.960000	1.904297	-0.874023
7.965000	2.485352	-0.048828
7.970000	2.509766	0.625000
7.975000	2.104492	0.971680
7.980000	1.459961	0.986328
7.985000	0.805664	0.791016
7.990000	0.273438	0.522461
7.995000	-0.083008	0.244141
8.000000	-0.244141	-0.249023
8.005000	-0.078125	-0.708008
8.010000	0.375977	-0.673828
8.015000	0.815430	-0.302734
8.020000	1.015625	0.161133
8.025000	0.903320	0.532227
8.030000	0.546875	0.712891
8.035000	0.068359	0.698242
8.040000	-0.395508	0.180664
8.045000	-0.488281	-1.054688
8.050000	0.200195	-1.816406
8.055000	1.381836	-1.577148
8.060000	2.421875	-0.771484
8.065000	2.924805	0.136719
8.070000	2.836914	0.795898
8.075000	2.319336	1.079102
8.080000	1.601562	1.015625
8.085000	0.932617	0.761719
8.090000	0.419922	0.458984
8.095000	0.102539	0.239258
8.100000	-0.063477	0.097656
8.105000	-0.126953	-0.112305
8.110000	-0.058594	-0.283203
8.115000	0.112305	-0.200195
8.120000	0.239258	0.043945
8.125000	0.205078	0.307617
8.130000	-0.009766	0.488281
8.135000	-0.322266	0.195312
8.140000	-0.439453	-0.747070
8.145000	0.048828	-1.440430
8.150000	0.991211	-1.293945
8.155000	1.840820	-0.644531
8.160000	2.265625	0.117188
8.165000	2.187500	0.693359
8.170000	1.728516	0.952148
8.175000	1.098633	0.927734
8.180000	0.483398	0.712891
8.185000	0.000000	0.449219
8.190000	-0.292969	-0.097656
8.195000	-0.219727	-0.849609
8.200000	0.322266	-1.054688
8.205000	1.010742	-0.703125
8.210000	1.464844	-0.117188
8.215000	1.547852	0.419922
8.220000	1.259766	0.751953
8.225000	0.766602	0.834961
8.230000	0.209961	0.727539
8.235000	-0.278320	0.312500
8.240000	-0.468750	-0.747070
8.245000	0.024414	-1.577148
8.250000	1.059570	-1.479492
8.255000	2.026367	-0.791016
8.260000	2.548828	0.039062
8.265000	2.524414	0.683594
8.270000	2.070312	0.996094
8.275000	1.411133	0.981445
8.280000	0.761719	0.766602
8.285000	0.244141	0.493164
8.290000	-0.087891	0.219727
8.295000	-0.234375	-0.258789
8.300000	-0.063477	-0.673828
8.305000	0.371094	-0.625000
8.310000	0.776367	-0.253906
8.315000	0.937500	0.195312
8.320000	0.810547	0.541992
8.325000	0.449219	0.703125
8.330000	-0.019531	0.664062
8.335000	-0.454102	0.000000
8.340000	-0.434570	-1.264648
8.345000	0.390625	-1.845703
8.350000	1.596680	-1.464844
8.355000	2.563477	-0.610352
8.360000	2.963867	0.273438
8.365000	2.783203	0.874023
8.370000	2.207031	1.083984
8.375000	1.484375	0.981445
8.380000	0.834961	0.703125
8.385000	0.356445	0.415039
8.390000	0.068359	0.214844
8.395000	-0.078125	0.073242
8.400000	-0.126953	-0.131836
8.405000	-0.043945	-0.273438
8.410000	0.126953	-0.166016
8.415000	0.229492	0.083008
8.420000	0.170898	0.336914
8.425000	-0.053711	0.473633
8.430000	-0.361328	0.073242
8.435000	-0.395508	-0.903320
8.440000	0.190430	-1.445312
8.445000	1.137695	-1.191406
8.450000	1.914062	-0.498047
8.455000	2.250977	0.239258
8.460000	2.089844	0.756836
8.465000	1.586914	0.957031
8.470000	0.952148	0.888672
8.475000	0.361328	0.668945
8.480000	-0.092773	0.371094
8.485000	-0.327148	-0.292969
8.490000	-0.131836	-0.996094
8.495000	0.507812	-1.049805
8.500000	1.196289	-0.610352
8.505000	1.586914	0.004883
8.510000	1.582031	0.522461
8.515000	1.240234	0.800781
8.520000	0.703125	0.834961
8.525000	0.146484	0.693359
8.530000	-0.317383	0.209961
8.535000	-0.439453	-0.874023
8.540000	0.136719	-1.562500
8.545000	1.162109	-1.372070
8.550000	2.065430	-0.664062
8.555000	2.495117	0.141602
8.560000	2.407227	0.737305
8.565000	1.918945	0.996094
8.570000	1.250000	0.947266
8.575000	0.625000	0.722656
8.580000	0.136719	0.458984
8.585000	-0.170898	0.117188
8.590000	-0.244141	-0.468750
8.595000	0.058594	-0.795898
8.600000	0.576172	-0.625000
8.605000	0.986328	-0.175781
8.610000	1.103516	0.297852
8.615000	0.903320	0.620117
8.620000	0.483398	0.747070
8.625000	-0.014648	0.673828
8.630000	-0.449219	-0.009766
8.635000	-0.424805	-1.264648
8.640000	0.400391	-1.821289
8.645000	1.591797	-1.440430
8.650000	2.534180	-0.590820
8.655000	2.929688	0.283203
8.660000	2.744141	0.874023
8.665000	2.167969	1.083984
8.670000	1.450195	0.971680
8.675000	0.800781	0.693359
8.680000	0.332031	0.415039
8.685000	0.048828	0.209961
8.690000	-0.097656	0.043945
8.695000	-0.131836	-0.200195
8.700000	-0.004883	-0.307617
8.705000	0.185547	-0.151367
8.710000	0.288086	0.122070
8.715000	0.200195	0.375977
8.720000	-0.053711	0.507812
8.725000	-0.380859	0.068359
8.730000	-0.410156	-0.966797
8.735000	0.219727	-1.523438
8.740000	1.215820	-1.250000
8.745000	2.031250	-0.532227
8.750000	2.382812	0.239258
8.755000	2.226562	0.776367
8.760000	1.713867	0.981445
8.765000	1.064453	0.908203
8.770000	0.458984	0.678711
8.775000	-0.004883	0.410156
8.780000	-0.273438	-0.107422
8.785000	-0.200195	-0.781250
8.790000	0.307617	-0.947266
8.795000	0.922852	-0.610352
8.800000	1.308594	-0.058594
8.805000	1.352539	0.434570
8.810000	1.064453	0.732422
8.815000	0.581055	0.800781
8.820000	0.043945	0.683594
8.825000	-0.400391	0.058594
8.830000	-0.424805	-1.142578
8.835000	0.312500	-1.723633
8.840000	1.440430	-1.401367
8.845000	2.368164	-0.600586
8.850000	2.758789	0.249023
8.855000	2.597656	0.830078
8.860000	2.050781	1.044922
8.865000	1.352539	0.961914
8.870000	0.717773	0.703125
8.875000	0.244141	0.424805
8.880000	-0.048828	0.195312
8.885000	-0.180664	-0.141602
8.890000	-0.087891	-0.473633
8.895000	0.214844	-0.439453
8.900000	0.502930	-0.151367
8.905000	0.595703	0.214844
8.910000	0.454102	0.498047
8.915000	0.117188	0.634766
8.920000	-0.302734	0.356445
8.925000	-0.517578	-0.708008
8.930000	-0.048828	-1.679688
8.935000	1.049805	-1.650391
8.940000	2.133789	-0.957031
8.945000	2.758789	-0.058594
8.950000	2.797852	0.659180
8.955000	2.373047	1.025391
8.960000	1.689453	1.040039
8.965000	1.000977	0.820312
8.970000	0.449219	0.532227
8.975000	0.092773	0.288086
8.980000	-0.107422	0.073242
8.985000	-0.156250	-0.239258
8.990000	0.000000	-0.400391
8.995000	0.258789	-0.258789
9.000000	0.419922	0.048828
9.005000	0.385742	0.351562
9.010000	0.151367	0.551758
9.015000	-0.214844	0.449219
9.020000	-0.498047	-0.419922
9.025000	-0.209961	-1.474609
9.030000	0.751953	-1.635742
9.035000	1.816406	-1.064453
9.040000	2.509766	-0.209961
9.045000	2.656250	0.532227
9.050000	2.309570	0.952148
9.055000	1.323242	0.961914
9.060000	0.688477	0.722656
9.065000	0.205078	0.444336
9.070000	-0.092773	0.175781
9.075000	-0.214844	-0.268555
9.080000	-0.039062	-0.615234
9.085000	0.351562	-0.522461
9.090000	0.698242	-0.166016
9.095000	0.805664	0.244141
9.100000	0.639648	0.546875
9.105000	0.273438	0.683594
9.110000	-0.185547	0.537109
9.115000	-0.522461	-0.390625
9.120000	-0.258789	-1.567383
9.125000	0.766602	-1.801758
9.130000	1.943359	-1.220703
9.135000	2.749023	-0.312500
9.140000	2.949219	0.502930
9.145000	2.622070	0.981445
9.150000	1.972656	1.083984
9.155000	1.254883	0.908203
9.160000	0.654297	0.615234
9.165000	0.239258	0.341797
9.170000	0.004883	0.170898
9.175000	-0.112305	0.000000
9.180000	-0.112305	-0.219727
9.185000	0.024414	-0.268555
9.190000	0.190430	-0.087891
9.195000	0.249023	0.180664
9.200000	0.122070	0.419922
9.205000	-0.161133	0.434570
9.210000	-0.434570	-0.219727
9.215000	-0.278320	-1.206055
9.220000	0.498047	-1.455078
9.225000	1.455078	-1.010742
9.230000	2.119141	-0.258789
9.235000	2.290039	0.439453
9.240000	1.997070	0.859375
9.245000	1.425781	0.966797
9.250000	0.781250	0.830078
9.255000	0.224609	0.590820
9.260000	-0.170898	0.234375
9.265000	-0.322266	-0.488281
9.270000	-0.004883	-1.030273
9.275000	0.673828	-0.927734
9.280000	1.269531	-0.424805
9.285000	1.547852	0.170898
9.290000	1.435547	0.615234
9.295000	1.035156	0.820312
9.300000	0.483398	0.800781
9.305000	-0.048828	0.600586
9.310000	-0.439453	-0.156250
9.315000	-0.317383	-1.279297
9.320000	0.512695	-1.635742
9.325000	1.577148	-1.186523
9.330000	2.363281	-0.375977
9.335000	2.602539	0.400391
9.340000	2.348633	0.888672
9.345000	1.757812	1.020508
9.350000	1.083984	0.888672
9.355000	0.483398	0.625000
9.360000	0.058594	0.371094
9.365000	-0.190430	0.009766
9.370000	-0.195312	-0.512695
9.375000	0.136719	-0.698242
9.380000	0.585938	-0.458984
9.385000	0.888672	-0.024414
9.390000	0.903320	0.380859
9.395000	0.644531	0.644531
9.400000	0.214844	0.717773
9.405000	-0.263672	0.439453
9.410000	-0.537109	-0.634766
9.415000	-0.107422	-1.699219
9.420000	0.996094	-1.743164
9.425000	2.143555	-1.064453
9.430000	2.836914	-0.141602
9.435000	2.939453	0.620117
9.440000	2.524414	1.030273
9.445000	1.850586	1.069336
9.450000	1.142578	0.854492
9.455000	0.571289	0.551758
9.460000	0.190430	0.302734
9.465000	-0.014648	0.146484
9.470000	-0.117188	-0.019531
9.475000	-0.102539	-0.229492
9.480000	0.039062	-0.244141
9.485000	0.195312	-0.048828
9.490000	0.224609	0.219727
9.495000	0.073242	0.439453
9.500000	-0.219727	0.366211
9.505000	-0.444336	-0.390625
9.510000	-0.180664	-1.289062
9.515000	0.659180	-1.396484
9.520000	1.567383	-0.869141
9.525000	2.143555	-0.112305
9.530000	2.221680	0.537109
9.535000	1.865234	0.893555
9.540000	1.269531	0.947266
9.545000	0.639648	0.791016
9.550000	0.112305	0.541992
9.555000	-0.249023	0.087891
9.560000	-0.297852	-0.703125
9.565000	0.156250	-1.103516
9.570000	0.874023	-0.869141
9.575000	1.440430	-0.297852
9.580000	1.635742	0.292969
9.585000	1.440430	0.698242
9.590000	0.986328	0.849609
9.595000	0.419922	0.781250
9.600000	-0.102539	0.532227
9.605000	-0.444336	-0.297852
9.610000	-0.239258	-1.342773
9.615000	0.634766	-1.567383
9.620000	1.655273	-1.054688
9.625000	2.348633	-0.244141
9.630000	2.509766	0.483398
9.635000	2.192383	0.913086
9.640000	1.586914	1.005859
9.645000	0.927734	0.844727
9.650000	0.356445	0.585938
9.655000	-0.039062	0.317383
9.660000	-0.249023	-0.170898
9.665000	-0.136719	-0.712891
9.670000	0.317383	-0.761719
9.675000	0.815430	-0.415039
9.680000	1.088867	0.073242
9.685000	1.040039	0.483398
9.690000	0.712891	0.708008
9.695000	0.239258	0.737305
9.700000	-0.253906	0.439453
9.705000	-0.527344	-0.634766
9.710000	-0.102539	-1.684570
9.715000	0.996094	-1.723633
9.720000	2.124023	-1.044922
9.725000	2.807617	-0.131836
9.730000	2.900391	0.620117
9.735000	2.485352	1.020508
9.740000	1.811523	1.059570
9.745000	1.108398	0.849609
9.750000	0.537109	0.551758
9.755000	0.166016	0.297852
9.760000	-0.043945	0.136719
9.765000	-0.136719	-0.078125
9.770000	-0.087891	-0.292969
9.775000	0.097656	-0.253906
9.780000	0.258789	-0.019531
9.785000	0.268555	0.258789
9.790000	0.092773	0.478516
9.795000	-0.224609	0.380859
9.800000	-0.468750	-0.419922
9.805000	-0.180664	-1.367188
9.810000	0.708008	-1.469727
9.815000	1.669922	-0.927734
9.820000	2.280273	-0.131836
9.825000	2.368164	0.546875
9.830000	2.006836	0.922852
9.835000	1.396484	0.971680
9.840000	0.751953	0.805664
9.845000	0.209961	0.551758
9.850000	-0.166016	0.205078
9.855000	-0.292969	-0.458984
9.860000	0.009766	-0.942383
9.865000	0.610352	-0.815430
9.870000	1.152344	-0.341797
9.875000	1.367188	0.205078
9.880000	1.235352	0.610352
9.885000	0.834961	0.791016
9.890000	0.302734	0.761719
9.895000	-0.205078	0.463867
9.900000	-0.502930	-0.532227
9.905000	-0.141602	-1.572266
9.910000	0.883789	-1.655273
9.915000	1.967773	-1.030273
9.920000	2.646484	-0.156250
9.925000	2.749023	0.585938
9.930000	2.368164	0.986328
9.935000	1.708984	1.040039
9.940000	1.025391	0.844727
9.945000	0.458984	0.561523
9.950000	0.073242	0.307617
9.955000	-0.131836	0.053711
9.960000	-0.166016	-0.327148
9.965000	0.039062	-0.493164
9.970000	0.361328	-0.312500
9.975000	0.561523	0.034180
9.980000	0.537109	0.366211
9.985000	0.288086	0.585938
9.990000	-0.102539	0.581055
9.995000	-0.478516	-0.117188
10.000000	-0.380859	-1.328125
