# Time_s	x	xdot
0.000000	1.337891	-1.098633
0.005000	2.060547	-0.356445
0.010000	2.294922	0.366211
0.015000	2.050781	0.839844
0.020000	1.499023	0.981445
0.025000	0.849609	0.869141
0.030000	0.268555	0.625000
0.035000	-0.161133	0.268555
0.040000	-0.327148	-0.463867
0.045000	-0.024414	-1.064453
0.050000	0.664062	-0.996094
0.055000	1.308594	-0.483398
0.060000	1.625977	0.131836
0.065000	1.538086	0.615234
0.070000	1.137695	0.844727
0.075000	0.576172	0.830078
0.080000	0.019531	0.644531
0.085000	-0.400391	-0.029297
0.090000	-0.366211	-1.176758
0.095000	0.390625	-1.645508
0.100000	1.464844	-1.264648
0.105000	2.304688	-0.468750
0.110000	2.617188	0.332031
0.115000	2.407227	0.864258
0.120000	1.826172	1.044922
0.125000	1.137695	0.927734
0.130000	0.517578	0.668945
0.135000	0.063477	0.390625
0.140000	-0.200195	0.009766
0.145000	-0.200195	-0.546875
0.150000	0.151367	-0.742188
0.155000	0.634766	-0.493164
0.160000	0.957031	-0.039062
0.165000	0.986328	0.390625
0.170000	0.717773	0.664062
0.175000	0.278320	0.742188
0.180000	-0.219727	0.507812
0.185000	-0.541992	-0.522461
0.190000	-0.180664	-1.674805
0.195000	0.908203	-1.821289
0.200000	2.099609	-1.176758
0.205000	2.871094	-0.234375
0.210000	3.027344	0.585938
0.215000	2.641602	1.040039
0.220000	1.958008	1.113281
0.225000	1.230469	0.903320
0.230000	0.620117	0.585938
0.235000	0.224609	0.307617
0.240000	0.004883	0.146484
0.245000	-0.092773	0.014648
0.250000	-0.102539	-0.161133
0.255000	-0.009766	-0.205078
0.260000	0.122070	-0.043945
0.265000	0.141602	0.200195
0.270000	0.004883	0.405273
0.275000	-0.258789	0.249023
0.280000	-0.410156	-0.532227
0.285000	-0.058594	-1.254883
0.290000	0.761719	-1.210938
0.295000	1.547852	-0.644531
0.300000	1.977539	0.063477
0.305000	1.933594	0.625000
0.310000	1.518555	0.908203
0.315000	0.917969	0.903320
0.320000	0.312500	0.717773
0.325000	-0.170898	0.366211
0.330000	-0.400391	-0.498047
0.335000	-0.078125	-1.289062
0.340000	0.761719	-1.289062
0.345000	1.611328	-0.732422
0.350000	2.089844	0.004883
0.355000	2.089844	0.610352
0.360000	1.679688	0.922852
0.365000	1.079102	0.927734
0.370000	0.458984	0.751953
0.375000	-0.048828	0.463867
0.380000	-0.351562	-0.205078
0.385000	-0.205078	-1.054688
0.390000	0.473633	-1.230469
0.395000	1.269531	-0.800781
0.400000	1.801758	-0.126953
0.405000	1.884766	0.478516
0.410000	1.567383	0.834961
0.415000	1.015625	0.908203
0.420000	0.415039	0.771484
0.425000	-0.102539	0.478516
0.430000	-0.410156	-0.327148
0.435000	-0.190430	-1.264648
0.440000	0.634766	-1.416016
0.445000	1.557617	-0.913086
0.450000	2.163086	-0.146484
0.455000	2.260742	0.522461
0.460000	1.909180	0.903320
0.465000	1.308594	0.966797
0.470000	0.668945	0.805664
0.475000	0.126953	0.551758
0.480000	-0.244141	0.097656
0.485000	-0.302734	-0.703125
0.490000	0.156250	-1.123047
0.495000	0.883789	-0.893555
0.500000	1.459961	-0.312500
0.505000	1.660156	0.292969
0.510000	1.474609	0.708008
0.515000	1.010742	0.864258
0.520000	0.429688	0.795898
0.525000	-0.102539	0.541992
0.530000	-0.454102	-0.302734
0.535000	-0.244141	-1.372070
0.540000	0.654297	-1.596680
0.545000	1.699219	-1.079102
0.550000	2.412109	-0.253906
0.555000	2.573242	0.493164
0.560000	2.250977	0.937500
0.565000	1.625977	1.030273
0.570000	0.947266	0.864258
0.575000	0.366211	0.595703
0.580000	-0.034180	0.307617
0.585000	-0.244141	-0.166016
0.590000	-0.126953	-0.693359
0.595000	0.317383	-0.742188
0.600000	0.805664	-0.395508
0.605000	1.064453	0.087891
0.610000	1.000977	0.498047
0.615000	0.664062	0.722656
0.620000	0.185547	0.742188
0.625000	-0.307617	0.371094
0.630000	-0.532227	-0.791016
0.635000	-0.009766	-1.782227
0.640000	1.162109	-1.728516
0.645000	2.290039	-0.986328
0.650000	2.949219	-0.043945
0.655000	2.973633	0.708008
0.660000	2.504883	1.083984
0.665000	1.791992	1.083984
0.670000	1.079102	0.839844
0.675000	0.512695	0.522461
0.680000	0.156250	0.263672
0.685000	-0.029297	0.122070
0.690000	-0.107422	-0.039062
0.695000	-0.087891	-0.205078
0.700000	0.043945	-0.185547
0.705000	0.156250	0.019531
0.710000	0.141602	0.268555
0.715000	-0.043945	0.439453
0.720000	-0.327148	0.126953
0.725000	-0.395508	-0.766602
0.730000	0.107422	-1.337891
0.735000	0.986328	-1.152344
0.740000	1.738281	-0.512695
0.745000	2.075195	0.205078
0.750000	1.938477	0.722656
0.755000	1.459961	0.937500
0.760000	0.839844	0.888672
0.765000	0.249023	0.673828
0.770000	-0.209961	0.278320
0.775000	-0.385742	-0.595703
0.780000	0.004883	-1.274414
0.785000	0.844727	-1.186523
0.790000	1.616211	-0.600586
0.795000	2.011719	0.112305
0.800000	1.938477	0.654297
0.805000	1.499023	0.917969
0.810000	0.898438	0.893555
0.815000	0.297852	0.703125
0.820000	-0.170898	0.346680
0.825000	-0.395508	-0.507812
0.830000	-0.058594	-1.264648
0.835000	0.771484	-1.250000
0.840000	1.582031	-0.693359
0.845000	2.041016	0.034180
0.850000	2.021484	0.615234
0.855000	1.611328	0.913086
0.860000	1.010742	0.922852
0.865000	0.395508	0.737305
0.870000	-0.102539	0.434570
0.875000	-0.375977	-0.322266
0.880000	-0.161133	-1.162109
0.885000	0.595703	-1.254883
0.890000	1.411133	-0.776367
0.895000	1.918945	-0.073242
0.900000	1.967773	0.532227
0.905000	1.616211	0.869141
0.910000	1.044922	0.917969
0.915000	0.429688	0.761719
0.920000	-0.083008	0.473633
0.925000	-0.390625	-0.283203
0.930000	-0.195312	-1.191406
0.935000	0.571289	-1.337891
0.940000	1.450195	-0.869141
0.945000	2.021484	-0.136719
0.950000	2.109375	0.507812
0.955000	1.777344	0.878906
0.960000	1.201172	0.942383
0.965000	0.571289	0.795898
0.970000	0.034180	0.537109
0.975000	-0.322266	-0.039062
0.980000	-0.283203	-0.942383
0.985000	0.322266	-1.254883
0.990000	1.152344	-0.922852
0.995000	1.748047	-0.263672
1.000000	1.923828	0.380859
1.005000	1.669922	0.791016
1.010000	1.152344	0.917969
1.015000	0.541992	0.810547
1.020000	0.000000	0.571289
1.025000	-0.375977	-0.102539
1.030000	-0.297852	-1.108398
1.035000	0.415039	-1.435547
1.040000	1.357422	-1.044922
1.045000	2.045898	-0.307617
1.050000	2.250977	0.395508
1.055000	1.987305	0.844727
1.060000	1.425781	0.971680
1.065000	0.781250	0.849609
1.070000	0.209961	0.610352
1.075000	-0.200195	0.209961
1.080000	-0.332031	-0.576172
1.085000	0.043945	-1.132812
1.090000	0.776367	-0.996094
1.095000	1.425781	-0.444336
1.100000	1.718750	0.190430
1.105000	1.591797	0.659180
1.110000	1.162109	0.864258
1.115000	0.581055	0.830078
1.120000	0.024414	0.634766
1.125000	-0.390625	-0.029297
1.130000	-0.361328	-1.142578
1.135000	0.380859	-1.586914
1.140000	1.420898	-1.230469
1.145000	2.226562	-0.449219
1.150000	2.519531	0.332031
1.155000	2.304688	0.854492
1.160000	1.738281	1.025391
1.165000	1.059570	0.913086
1.170000	0.449219	0.654297
1.175000	0.000000	0.375977
1.180000	-0.244141	-0.097656
1.185000	-0.175781	-0.712891
1.190000	0.278320	-0.839844
1.195000	0.830078	-0.512695
1.200000	1.166992	-0.004883
1.205000	1.166992	0.449219
1.210000	0.864258	0.722656
1.215000	0.385742	0.771484
1.220000	-0.131836	0.585938
1.225000	-0.512695	-0.322266
1.230000	-0.283203	-1.533203
1.235000	0.717773	-1.816406
1.240000	1.904297	-1.264648
1.245000	2.739258	-0.351562
1.250000	2.973633	0.483398
1.255000	2.651367	0.986328
1.260000	2.001953	1.103516
1.265000	1.264648	0.927734
1.270000	0.649414	0.625000
1.275000	0.224609	0.341797
1.280000	-0.009766	0.156250
1.285000	-0.122070	-0.043945
1.290000	-0.092773	-0.253906
1.295000	0.063477	-0.249023
1.300000	0.224609	-0.034180
1.305000	0.244141	0.239258
1.310000	0.073242	0.458984
1.315000	-0.229492	0.371094
1.320000	-0.458984	-0.434570
1.325000	-0.166016	-1.357422
1.330000	0.712891	-1.450195
1.335000	1.665039	-0.898438
1.340000	2.255859	-0.102539
1.345000	2.329102	0.566406
1.350000	1.953125	0.932617
1.355000	1.328125	0.981445
1.360000	0.678711	0.805664
1.365000	0.141602	0.541992
1.370000	-0.224609	0.112305
1.375000	-0.292969	-0.639648
1.380000	0.122070	-1.049805
1.385000	0.810547	-0.839844
1.390000	1.352539	-0.292969
1.395000	1.547852	0.288086
1.400000	1.357422	0.688477
1.405000	0.903320	0.839844
1.410000	0.341797	0.781250
1.415000	-0.180664	0.478516
1.420000	-0.483398	-0.488281
1.425000	-0.156250	-1.528320
1.430000	0.839844	-1.635742
1.435000	1.909180	-1.025391
1.440000	2.583008	-0.156250
1.445000	2.685547	0.585938
1.450000	2.304688	0.991211
1.455000	1.645508	1.044922
1.460000	0.957031	0.849609
1.465000	0.385742	0.561523
1.470000	0.004883	0.297852
1.475000	-0.190430	-0.078125
1.480000	-0.141602	-0.522461
1.485000	0.195312	-0.595703
1.490000	0.581055	-0.317383
1.495000	0.781250	0.097656
1.500000	0.712891	0.458984
1.505000	0.405273	0.654297
1.510000	-0.034180	0.659180
1.515000	-0.458984	0.004883
1.520000	-0.444336	-1.269531
1.525000	0.385742	-1.879883
1.530000	1.611328	-1.508789
1.535000	2.602539	-0.634766
1.540000	3.027344	0.273438
1.545000	2.841797	0.893555
1.550000	2.255859	1.118164
1.555000	1.513672	1.010742
1.560000	0.844727	0.722656
1.565000	0.356445	0.415039
1.570000	0.068359	0.205078
1.575000	-0.073242	0.063477
1.580000	-0.117188	-0.107422
1.585000	-0.048828	-0.229492
1.590000	0.097656	-0.122070
1.595000	0.170898	0.112305
1.600000	0.087891	0.351562
1.605000	-0.146484	0.400391
1.610000	-0.400391	-0.170898
1.615000	-0.278320	-1.088867
1.620000	0.424805	-1.347656
1.625000	1.303711	-0.937500
1.630000	1.918945	-0.234375
1.635000	2.075195	0.429688
1.640000	1.787109	0.844727
1.645000	1.235352	0.947266
1.650000	0.605469	0.815430
1.655000	0.053711	0.571289
1.660000	-0.322266	-0.009766
1.665000	-0.312500	-0.947266
1.670000	0.302734	-1.323242
1.675000	1.171875	-1.000977
1.680000	1.826172	-0.327148
1.685000	2.036133	0.346680
1.690000	1.806641	0.791016
1.695000	1.279297	0.932617
1.700000	0.664062	0.839844
1.705000	0.097656	0.615234
1.710000	-0.302734	0.078125
1.715000	-0.346680	-0.874023
1.720000	0.224609	-1.342773
1.725000	1.108398	-1.083984
1.730000	1.811523	-0.415039
1.735000	2.084961	0.283203
1.740000	1.894531	0.766602
1.745000	1.386719	0.942383
1.750000	0.761719	0.864258
1.755000	0.190430	0.644531
1.760000	-0.244141	0.205078
1.765000	-0.366211	-0.693359
1.770000	0.087891	-1.289062
1.775000	0.932617	-1.127930
1.780000	1.665039	-0.512695
1.785000	1.997070	0.185547
1.790000	1.879883	0.698242
1.795000	1.411133	0.927734
1.800000	0.810547	0.878906
1.805000	0.219727	0.678711
1.810000	-0.234375	0.258789
1.815000	-0.395508	-0.659180
1.820000	0.039062	-1.333008
1.825000	0.913086	-1.220703
1.830000	1.708984	-0.600586
1.835000	2.104492	0.126953
1.840000	2.021484	0.683594
1.845000	1.567383	0.932617
1.850000	0.947266	0.908203
1.855000	0.346680	0.703125
1.860000	-0.131836	0.375977
1.865000	-0.375977	-0.395508
1.870000	-0.107422	-1.171875
1.875000	0.649414	-1.201172
1.880000	1.430664	-0.693359
1.885000	1.884766	0.000000
1.890000	1.884766	0.576172
1.895000	1.503906	0.874023
1.900000	0.932617	0.898438
1.905000	0.332031	0.732422
1.910000	-0.166016	0.390625
1.915000	-0.415039	-0.478516
1.920000	-0.097656	-1.318359
1.925000	0.761719	-1.342773
1.930000	1.645508	-0.786133
1.935000	2.163086	-0.024414
1.940000	2.177734	0.600586
1.945000	1.782227	0.927734
1.950000	1.171875	0.947266
1.955000	0.537109	0.766602
1.960000	0.024414	0.498047
1.965000	-0.307617	-0.068359
1.970000	-0.253906	-0.903320
1.975000	0.327148	-1.171875
1.980000	1.088867	-0.825195
1.985000	1.621094	-0.195312
1.990000	1.748047	0.405273
1.995000	1.484375	0.776367
2.000000	0.971680	0.883789
2.005000	0.380859	0.776367
2.010000	-0.136719	0.473633
2.015000	-0.444336	-0.400391
2.020000	-0.170898	-1.386719
2.025000	0.727539	-1.508789
2.030000	1.718750	-0.961914
2.035000	2.353516	-0.146484
2.040000	2.451172	0.551758
2.045000	2.089844	0.947266
2.050000	1.459961	1.005859
2.055000	0.791016	0.830078
2.060000	0.239258	0.556641
2.065000	-0.136719	0.224609
2.070000	-0.283203	-0.405273
2.075000	-0.019531	-0.888672
2.080000	0.556641	-0.795898
2.085000	1.079102	-0.341797
2.090000	1.293945	0.195312
2.095000	1.166992	0.595703
2.100000	0.771484	0.781250
2.105000	0.249023	0.761719
2.110000	-0.263672	0.410156
2.115000	-0.517578	-0.688477
2.120000	-0.058594	-1.694336
2.125000	1.049805	-1.694336
2.130000	2.163086	-1.005859
2.135000	2.817383	-0.083008
2.140000	2.875977	0.664062
2.145000	2.441406	1.049805
2.150000	1.743164	1.064453
2.155000	1.035156	0.844727
2.160000	0.468750	0.537109
2.165000	0.107422	0.278320
2.170000	-0.087891	0.073242
2.175000	-0.141602	-0.205078
2.180000	-0.009766	-0.356445
2.185000	0.214844	-0.214844
2.190000	0.351562	0.068359
2.195000	0.302734	0.356445
2.200000	0.058594	0.541992
2.205000	-0.297852	0.317383
2.210000	-0.488281	-0.664062
2.215000	-0.048828	-1.552734
2.220000	0.971680	-1.518555
2.225000	1.962891	-0.859375
2.230000	2.524414	-0.014648
2.235000	2.534180	0.664062
2.240000	2.099609	1.000977
2.245000	1.430664	1.005859
2.250000	0.766602	0.795898
2.255000	0.224609	0.512695
2.260000	-0.117188	0.200195
2.265000	-0.249023	-0.341797
2.270000	-0.019531	-0.761719
2.275000	0.468750	-0.664062
2.280000	0.903320	-0.253906
2.285000	1.064453	0.224609
2.290000	0.917969	0.581055
2.295000	0.527344	0.742188
2.300000	0.029297	0.698242
2.305000	-0.429688	0.087891
2.310000	-0.468750	-1.191406
2.315000	0.307617	-1.870117
2.320000	1.528320	-1.552734
2.325000	2.548828	-0.703125
2.330000	3.017578	0.214844
2.335000	2.871094	0.864258
2.340000	2.309570	1.113281
2.345000	1.567383	1.025391
2.350000	0.888672	0.742188
2.355000	0.385742	0.434570
2.360000	0.087891	0.209961
2.365000	-0.058594	0.078125
2.370000	-0.117188	-0.097656
2.375000	-0.053711	-0.224609
2.380000	0.083008	-0.136719
2.385000	0.166016	0.092773
2.390000	0.097656	0.332031
2.395000	-0.126953	0.410156
2.400000	-0.385742	-0.097656
2.405000	-0.307617	-1.025391
2.410000	0.351562	-1.342773
2.415000	1.240234	-0.986328
2.420000	1.879883	-0.283203
2.425000	2.070312	0.385742
2.430000	1.811523	0.815430
2.435000	1.264648	0.942383
2.440000	0.639648	0.830078
2.445000	0.083008	0.595703
2.450000	-0.312500	0.048828
2.455000	-0.327148	-0.893555
2.460000	0.249023	-1.333008
2.465000	1.123047	-1.044922
2.470000	1.801758	-0.375977
2.475000	2.055664	0.307617
2.480000	1.850586	0.771484
2.485000	1.333008	0.932617
2.490000	0.712891	0.849609
2.495000	0.146484	0.629883
2.500000	-0.273438	0.146484
2.505000	-0.361328	-0.786133
2.510000	0.151367	-1.328125
2.515000	1.020508	-1.113281
2.520000	1.743164	-0.468750
2.525000	2.055664	0.229492
2.530000	1.899414	0.732422
2.535000	1.416016	0.932617
2.540000	0.800781	0.874023
2.545000	0.214844	0.664062
2.550000	-0.229492	0.244141
2.555000	-0.380859	-0.649414
2.560000	0.048828	-1.293945
2.565000	0.898438	-1.171875
2.570000	1.660156	-0.566406
2.575000	2.031250	0.146484
2.580000	1.933594	0.678711
2.585000	1.479492	0.922852
2.590000	0.874023	0.888672
2.595000	0.278320	0.693359
2.600000	-0.190430	0.322266
2.605000	-0.390625	-0.541992
2.610000	-0.034180	-1.269531
2.615000	0.795898	-1.230469
2.620000	1.601562	-0.654297
2.625000	2.031250	0.063477
2.630000	1.987305	0.629883
2.635000	1.567383	0.913086
2.640000	0.966797	0.908203
2.645000	0.356445	0.722656
2.650000	-0.126953	0.400391
2.655000	-0.390625	-0.390625
2.660000	-0.126953	-1.206055
2.665000	0.659180	-1.254883
2.670000	1.474609	-0.747070
2.675000	1.967773	-0.034180
2.680000	1.987305	0.566406
2.685000	1.616211	0.888672
2.690000	1.030273	0.922852
2.695000	0.415039	0.751953
2.700000	-0.087891	0.458984
2.705000	-0.385742	-0.297852
2.710000	-0.185547	-1.186523
2.715000	0.581055	-1.308594
2.720000	1.435547	-0.834961
2.725000	1.987305	-0.112305
2.730000	2.060547	0.517578
2.735000	1.718750	0.874023
2.740000	1.147461	0.932617
2.745000	0.517578	0.786133
2.750000	-0.009766	0.522461
2.755000	-0.346680	-0.122070
2.760000	-0.258789	-1.035156
2.765000	0.410156	-1.293945
2.770000	1.254883	-0.908203
2.775000	1.855469	-0.219727
2.780000	1.997070	0.424805
2.785000	1.713867	0.825195
2.790000	1.171875	0.927734
2.795000	0.556641	0.805664
2.800000	0.009766	0.561523
2.805000	-0.356445	-0.078125
2.810000	-0.292969	-1.049805
2.815000	0.385742	-1.372070
2.820000	1.284180	-1.000977
2.825000	1.943359	-0.292969
2.830000	2.133789	0.385742
2.835000	1.875000	0.825195
2.840000	1.328125	0.957031
2.845000	0.693359	0.839844
2.850000	0.136719	0.605469
2.855000	-0.263672	0.126953
2.860000	-0.336914	-0.761719
2.865000	0.156250	-1.254883
2.870000	0.981445	-1.030273
2.875000	1.650391	-0.405273
2.880000	1.918945	0.258789
2.885000	1.748047	0.727539
2.890000	1.264648	0.913086
2.895000	0.664062	0.849609
2.900000	0.102539	0.639648
2.905000	-0.322266	0.087891
2.910000	-0.366211	-0.927734
2.915000	0.234375	-1.445312
2.920000	1.181641	-1.176758
2.925000	1.948242	-0.473633
2.930000	2.260742	0.268555
2.935000	2.084961	0.781250
2.940000	1.562500	0.971680
2.945000	0.922852	0.893555
2.950000	0.317383	0.664062
2.955000	-0.126953	0.332031
2.960000	-0.341797	-0.385742
2.965000	-0.083008	-1.064453
2.970000	0.610352	-1.064453
2.975000	1.298828	-0.571289
2.980000	1.674805	0.058594
2.985000	1.630859	0.576172
2.990000	1.250000	0.844727
2.995000	0.693359	0.849609
3.000000	0.122070	0.688477
3.005000	-0.327148	0.156250
3.010000	-0.424805	-0.942383
3.015000	0.195312	-1.586914
3.020000	1.230469	-1.347656
3.025000	2.119141	-0.615234
3.030000	2.519531	0.195312
3.035000	2.402344	0.781250
3.040000	1.879883	1.020508
3.045000	1.210938	0.957031
3.050000	0.566406	0.717773
3.055000	0.087891	0.439453
3.060000	-0.205078	0.034180
3.065000	-0.224609	-0.585938
3.070000	0.151367	-0.839844
3.075000	0.693359	-0.595703
3.080000	1.088867	-0.112305
3.085000	1.162109	0.361328
3.090000	0.917969	0.673828
3.095000	0.463867	0.771484
3.100000	-0.053711	0.654297
3.105000	-0.478516	-0.112305
3.110000	-0.385742	-1.381836
3.115000	0.512695	-1.850586
3.120000	1.723633	-1.401367
3.125000	2.651367	-0.522461
3.130000	2.993164	0.356445
3.135000	2.758789	0.932617
3.140000	2.143555	1.113281
3.145000	1.401367	0.976562
3.150000	0.756836	0.683594
3.155000	0.292969	0.385742
3.160000	0.024414	0.180664
3.165000	-0.102539	0.019531
3.170000	-0.112305	-0.200195
3.175000	0.009766	-0.253906
3.180000	0.170898	-0.083008
3.185000	0.224609	0.180664
3.190000	0.097656	0.415039
3.195000	-0.175781	0.410156
3.200000	-0.439453	-0.273438
3.205000	-0.244141	-1.235352
3.210000	0.551758	-1.430664
3.215000	1.489258	-0.961914
3.220000	2.128906	-0.200195
3.225000	2.255859	0.483398
3.230000	1.933594	0.888672
3.235000	1.342773	0.976562
3.240000	0.698242	0.825195
3.245000	0.141602	0.571289
3.250000	-0.239258	0.122070
3.255000	-0.317383	-0.688477
3.260000	0.131836	-1.142578
3.265000	0.878906	-0.927734
3.270000	1.479492	-0.351562
3.275000	1.708984	0.268555
3.280000	1.538086	0.698242
3.285000	1.074219	0.874023
3.290000	0.488281	0.810547
3.295000	-0.053711	0.581055
3.300000	-0.429688	-0.190430
3.305000	-0.292969	-1.274414
3.310000	0.541992	-1.586914
3.315000	1.577148	-1.127930
3.320000	2.324219	-0.322266
3.325000	2.529297	0.434570
3.330000	2.250977	0.903320
3.335000	1.645508	1.025391
3.340000	0.966797	0.883789
3.345000	0.375977	0.615234
3.350000	-0.043945	0.327148
3.355000	-0.258789	-0.180664
3.360000	-0.131836	-0.747070
3.365000	0.341797	-0.800781
3.370000	0.869141	-0.439453
3.375000	1.162109	0.063477
3.380000	1.113281	0.498047
3.385000	0.776367	0.732422
3.390000	0.288086	0.761719
3.395000	-0.219727	0.493164
3.400000	-0.527344	-0.551758
3.405000	-0.156250	-1.669922
3.410000	0.932617	-1.782227
3.415000	2.099609	-1.127930
3.420000	2.836914	-0.190430
3.425000	2.963867	0.600586
3.430000	2.568359	1.040039
3.435000	1.884766	1.093750
3.440000	1.162109	0.883789
3.445000	0.571289	0.576172
3.450000	0.180664	0.302734
3.455000	-0.029297	0.131836
3.460000	-0.122070	-0.063477
3.465000	-0.083008	-0.253906
3.470000	0.073242	-0.214844
3.475000	0.214844	0.004883
3.480000	0.205078	0.273438
3.485000	0.019531	0.468750
3.490000	-0.288086	0.263672
3.495000	-0.444336	-0.629883
3.500000	-0.029297	-1.406250
3.505000	0.888672	-1.337891
3.510000	1.767578	-0.722656
3.515000	2.246094	0.048828
3.520000	2.211914	0.659180
3.525000	1.772461	0.957031
3.530000	1.142578	0.947266
3.535000	0.507812	0.747070
3.540000	0.004883	0.473633
3.545000	-0.302734	-0.102539
3.550000	-0.229492	-0.898438
3.555000	0.346680	-1.113281
3.560000	1.079102	-0.756836
3.565000	1.567383	-0.141602
3.570000	1.660156	0.429688
3.575000	1.372070	0.781250
3.580000	0.859375	0.864258
3.585000	0.283203	0.751953
3.590000	-0.224609	0.385742
3.595000	-0.468750	-0.610352
3.600000	-0.058594	-1.523438
3.605000	0.937500	-1.508789
3.610000	1.923828	-0.869141
3.615000	2.495117	-0.034180
3.620000	2.514648	0.644531
3.625000	2.094727	0.996094
3.630000	1.435547	1.005859
3.635000	0.771484	0.795898
3.640000	0.229492	0.517578
3.645000	-0.122070	0.209961
3.650000	-0.253906	-0.346680
3.655000	-0.024414	-0.771484
3.660000	0.473633	-0.678711
3.665000	0.922852	-0.268555
3.670000	1.093750	0.214844
3.675000	0.947266	0.581055
3.680000	0.561523	0.747070
3.685000	0.058594	0.712891
3.690000	-0.405273	0.141602
3.695000	-0.483398	-1.123047
3.700000	0.249023	-1.855469
3.705000	1.455078	-1.582031
3.710000	2.504883	-0.747070
3.715000	2.998047	0.170898
3.720000	2.885742	0.839844
3.725000	2.338867	1.113281
3.730000	1.596680	1.035156
3.735000	0.913086	0.761719
3.740000	0.400391	0.454102
3.745000	0.092773	0.219727
3.750000	-0.063477	0.078125
3.755000	-0.117188	-0.097656
3.760000	-0.053711	-0.234375
3.765000	0.087891	-0.141602
3.770000	0.175781	0.087891
3.775000	0.112305	0.332031
3.780000	-0.107422	0.424805
3.785000	-0.385742	-0.058594
3.790000	-0.327148	-1.005859
3.795000	0.317383	-1.372070
3.800000	1.220703	-1.035156
3.805000	1.894531	-0.332031
3.810000	2.114258	0.356445
3.815000	1.875000	0.810547
3.820000	1.337891	0.957031
3.825000	0.703125	0.849609
3.830000	0.136719	0.615234
3.835000	-0.273438	0.131836
3.840000	-0.346680	-0.776367
3.845000	0.156250	-1.289062
3.850000	1.000977	-1.069336
3.855000	1.694336	-0.434570
3.860000	1.977539	0.249023
3.865000	1.816406	0.732422
3.870000	1.328125	0.927734
3.875000	0.722656	0.849609
3.880000	0.151367	0.649414
3.885000	-0.288086	0.156250
3.890000	-0.375977	-0.810547
3.895000	0.146484	-1.386719
3.900000	1.059570	-1.176758
3.905000	1.826172	-0.512695
3.910000	2.167969	0.214844
3.915000	2.021484	0.737305
3.920000	1.533203	0.952148
3.925000	0.898438	0.893555
3.930000	0.302734	0.678711
3.935000	-0.156250	0.327148
3.940000	-0.361328	-0.454102
3.945000	-0.058594	-1.162109
3.950000	0.693359	-1.137695
3.955000	1.435547	-0.610352
3.960000	1.840820	0.063477
3.965000	1.796875	0.605469
3.970000	1.396484	0.874023
3.975000	0.815430	0.878906
3.980000	0.224609	0.708008
3.985000	-0.244141	0.292969
3.990000	-0.424805	-0.688477
3.995000	0.029297	-1.435547
4.000000	0.966797	-1.328125
4.005000	1.845703	-0.693359
4.010000	2.294922	0.087891
4.015000	2.246094	0.683594
4.020000	1.787109	0.971680
4.025000	1.147461	0.947266
4.030000	0.517578	0.737305
4.035000	0.019531	0.463867
4.040000	-0.288086	-0.078125
4.045000	-0.229492	-0.834961
4.050000	0.307617	-1.064453
4.055000	1.000977	-0.722656
4.060000	1.474609	-0.131836
4.065000	1.557617	0.419922
4.070000	1.274414	0.756836
4.075000	0.776367	0.849609
4.080000	0.209961	0.742188
4.085000	-0.283203	0.312500
4.090000	-0.478516	-0.771484
4.095000	0.034180	-1.621094
4.100000	1.103516	-1.523438
4.105000	2.094727	-0.815430
4.110000	2.631836	0.043945
4.115000	2.602539	0.708008
4.120000	2.138672	1.030273
4.125000	1.455078	1.005859
4.130000	0.786133	0.776367
4.135000	0.263672	0.493164
4.140000	-0.073242	0.219727
4.145000	-0.219727	-0.234375
4.150000	-0.063477	-0.629883
4.155000	0.336914	-0.576172
4.160000	0.712891	-0.224609
4.165000	0.859375	0.209961
4.170000	0.717773	0.541992
4.175000	0.356445	0.693359
4.180000	-0.112305	0.620117
4.185000	-0.502930	-0.195312
4.190000	-0.356445	-1.469727
4.195000	0.595703	-1.879883
4.200000	1.831055	-1.376953
4.205000	2.739258	-0.468750
4.210000	3.046875	0.410156
4.215000	2.778320	0.961914
4.220000	2.143555	1.118164
4.225000	1.396484	0.966797
4.230000	0.756836	0.664062
4.235000	0.302734	0.371094
4.240000	0.048828	0.180664
4.245000	-0.078125	0.048828
4.250000	-0.107422	-0.112305
4.255000	-0.039062	-0.209961
4.260000	0.092773	-0.092773
4.265000	0.146484	0.141602
4.270000	0.053711	0.366211
4.275000	-0.190430	0.346680
4.280000	-0.405273	-0.302734
4.285000	-0.200195	-1.147461
4.290000	0.541992	-1.274414
4.295000	1.372070	-0.810547
4.300000	1.904297	-0.107422
4.305000	1.977539	0.512695
4.310000	1.635742	0.864258
4.315000	1.069336	0.927734
4.320000	0.454102	0.771484
4.325000	-0.073242	0.493164
4.330000	-0.390625	-0.253906
4.335000	-0.214844	-1.186523
4.340000	0.551758	-1.362305
4.345000	1.440430	-0.898438
4.350000	2.026367	-0.166016
4.355000	2.138672	0.488281
4.360000	1.816406	0.874023
4.365000	1.240234	0.952148
4.370000	0.605469	0.805664
4.375000	0.063477	0.556641
4.380000	-0.302734	0.004883
4.385000	-0.297852	-0.878906
4.390000	0.268555	-1.245117
4.395000	1.083984	-0.937500
4.400000	1.694336	-0.297852
4.405000	1.884766	0.346680
4.410000	1.660156	0.771484
4.415000	1.152344	0.908203
4.420000	0.546875	0.810547
4.425000	-0.004883	0.581055
4.430000	-0.380859	-0.092773
4.435000	-0.307617	-1.123047
4.440000	0.419922	-1.469727
4.445000	1.376953	-1.079102
4.450000	2.089844	-0.332031
4.455000	2.309570	0.390625
4.460000	2.045898	0.854492
4.465000	1.484375	0.986328
4.470000	0.834961	0.864258
4.475000	0.253906	0.615234
4.480000	-0.161133	0.258789
4.485000	-0.322266	-0.473633
4.490000	-0.014648	-1.059570
4.495000	0.668945	-0.976562
4.500000	1.303711	-0.468750
4.505000	1.611328	0.146484
4.510000	1.508789	0.620117
4.515000	1.103516	0.839844
4.520000	0.541992	0.825195
4.525000	-0.004883	0.629883
4.530000	-0.419922	-0.078125
4.535000	-0.351562	-1.230469
4.540000	0.444336	-1.655273
4.545000	1.528320	-1.250000
4.550000	2.353516	-0.439453
4.555000	2.636719	0.361328
4.560000	2.402344	0.883789
4.565000	1.816406	1.044922
4.570000	1.123047	0.922852
4.575000	0.507812	0.654297
4.580000	0.063477	0.380859
4.585000	-0.190430	0.004883
4.590000	-0.190430	-0.527344
4.595000	0.146484	-0.712891
4.600000	0.610352	-0.473633
4.605000	0.922852	-0.024414
4.610000	0.927734	0.390625
4.615000	0.664062	0.654297
4.620000	0.224609	0.732422
4.625000	-0.263672	0.449219
4.630000	-0.537109	-0.634766
4.635000	-0.112305	-1.733398
4.640000	1.015625	-1.791992
4.645000	2.192383	-1.103516
4.650000	2.915039	-0.151367
4.655000	3.017578	0.634766
4.660000	2.592773	1.059570
4.665000	1.894531	1.098633
4.670000	1.171875	0.878906
4.675000	0.581055	0.561523
4.680000	0.200195	0.292969
4.685000	-0.004883	0.141602
4.690000	-0.092773	0.004883
4.695000	-0.097656	-0.161133
4.700000	-0.004883	-0.195312
4.705000	0.112305	-0.029297
4.710000	0.131836	0.209961
4.715000	-0.009766	0.410156
4.720000	-0.278320	0.209961
4.725000	-0.400391	-0.595703
4.730000	-0.009766	-1.254883
4.735000	0.810547	-1.171875
4.740000	1.572266	-0.590820
4.745000	1.958008	0.112305
4.750000	1.879883	0.654297
4.755000	1.445312	0.908203
4.760000	0.849609	0.888672
4.765000	0.253906	0.698242
4.770000	-0.214844	0.302734
4.775000	-0.400391	-0.620117
4.780000	0.000000	-1.352539
4.785000	0.883789	-1.264648
4.790000	1.718750	-0.664062
4.795000	2.158203	0.078125
4.800000	2.099609	0.659180
4.805000	1.665039	0.937500
4.810000	1.044922	0.927734
4.815000	0.424805	0.727539
4.820000	-0.063477	0.434570
4.825000	-0.346680	-0.244141
4.830000	-0.180664	-1.049805
4.835000	0.498047	-1.181641
4.840000	1.259766	-0.742188
4.845000	1.752930	-0.078125
4.850000	1.801758	0.498047
4.855000	1.464844	0.830078
4.860000	0.922852	0.888672
4.865000	0.322266	0.751953
4.870000	-0.175781	0.410156
4.875000	-0.439453	-0.502930
4.880000	-0.102539	-1.391602
4.885000	0.810547	-1.425781
4.890000	1.743164	-0.844727
4.895000	2.299805	-0.053711
4.900000	2.333984	0.605469
4.905000	1.938477	0.947266
4.910000	1.303711	0.976562
4.915000	0.659180	0.786133
4.920000	0.122070	0.527344
4.925000	-0.224609	0.097656
4.930000	-0.283203	-0.634766
4.935000	0.131836	-1.015625
4.940000	0.791016	-0.800781
4.945000	1.308594	-0.258789
4.950000	1.479492	0.297852
4.955000	1.279297	0.688477
4.960000	0.825195	0.830078
4.965000	0.268555	0.766602
4.970000	-0.239258	0.410156
4.975000	-0.498047	-0.644531
4.980000	-0.068359	-1.616211
4.985000	0.991211	-1.625977
4.990000	2.055664	-0.952148
4.995000	2.680664	-0.068359
5.000000	2.729492	0.649414
5.005000	2.304688	1.025391
5.010000	1.621094	1.044922
5.015000	0.932617	0.825195
5.020000	0.371094	0.532227
5.025000	0.014648	0.278320
5.030000	-0.166016	-0.053711
5.035000	-0.136719	-0.449219
5.040000	0.151367	-0.517578
5.045000	0.488281	-0.263672
5.050000	0.649414	0.117188
5.055000	0.571289	0.454102
5.060000	0.273438	0.634766
5.065000	-0.156250	0.566406
5.070000	-0.512695	-0.278320
5.075000	-0.317383	-1.499023
5.080000	0.654297	-1.831055
5.085000	1.855469	-1.293945
5.090000	2.709961	-0.390625
5.095000	2.968750	0.458984
5.100000	2.666016	0.976562
5.105000	2.021484	1.103516
5.110000	1.284180	0.942383
5.115000	0.664062	0.639648
5.120000	0.229492	0.356445
5.125000	-0.014648	0.161133
5.130000	-0.126953	-0.043945
5.135000	-0.092773	-0.268555
5.140000	0.068359	-0.258789
5.145000	0.239258	-0.039062
5.150000	0.258789	0.244141
5.155000	0.097656	0.463867
5.160000	-0.209961	0.395508
5.165000	-0.463867	-0.380859
5.170000	-0.205078	-1.347656
5.175000	0.673828	-1.489258
5.180000	1.650391	-0.957031
5.185000	2.280273	-0.156250
5.190000	2.387695	0.537109
5.195000	2.026367	0.927734
5.200000	1.411133	0.996094
5.205000	0.751953	0.825195
5.210000	0.195312	0.556641
5.215000	-0.180664	0.185547
5.220000	-0.297852	-0.517578
5.225000	0.039062	-0.986328
5.230000	0.678711	-0.839844
5.235000	1.235352	-0.336914
5.240000	1.445312	0.229492
5.245000	1.293945	0.639648
5.250000	0.874023	0.815430
5.255000	0.327148	0.776367
5.260000	-0.190430	0.483398
5.265000	-0.498047	-0.512695
5.270000	-0.156250	-1.572266
5.275000	0.869141	-1.679688
5.280000	1.972656	-1.059570
5.285000	2.666016	-0.170898
5.290000	2.778320	0.590820
5.295000	2.392578	1.005859
5.300000	1.728516	1.059570
5.305000	1.025391	0.859375
5.310000	0.444336	0.561523
5.315000	0.058594	0.302734
5.320000	-0.141602	0.014648
5.325000	-0.161133	-0.371094
5.330000	0.078125	-0.502930
5.335000	0.405273	-0.292969
5.340000	0.590820	0.063477
5.345000	0.541992	0.405273
5.350000	0.268555	0.615234
5.355000	-0.136719	0.571289
5.360000	-0.502930	-0.219727
5.365000	-0.341797	-1.435547
5.370000	0.595703	-1.811523
5.375000	1.782227	-1.313477
5.380000	2.641602	-0.424805
5.385000	2.929688	0.424805
5.390000	2.641602	0.952148
5.395000	2.016602	1.098633
5.400000	1.284180	0.947266
5.405000	0.654297	0.649414
5.410000	0.219727	0.361328
5.415000	-0.034180	0.161133
5.420000	-0.141602	-0.097656
5.425000	-0.078125	-0.336914
5.430000	0.136719	-0.292969
5.435000	0.322266	-0.043945
5.440000	0.341797	0.258789
5.445000	0.166016	0.493164
5.450000	-0.161133	0.488281
5.455000	-0.473633	-0.239258
5.460000	-0.297852	-1.328125
5.465000	0.566406	-1.625977
5.470000	1.625977	-1.152344
5.475000	2.387695	-0.322266
5.480000	2.592773	0.449219
5.485000	2.304688	0.922852
5.490000	1.694336	1.040039
5.495000	1.005859	0.888672
5.500000	0.410156	0.615234
5.505000	-0.009766	0.336914
5.510000	-0.229492	-0.117188
5.515000	-0.151367	-0.659180
5.520000	0.273438	-0.747070
5.525000	0.756836	-0.424805
5.530000	1.040039	0.053711
5.535000	1.000977	0.468750
5.540000	0.683594	0.703125
5.545000	0.214844	0.747070
5.550000	-0.278320	0.415039
5.555000	-0.541992	-0.708008
5.560000	-0.063477	-1.752930
5.565000	1.083984	-1.762695
5.570000	2.236328	-1.044922
5.575000	2.924805	-0.097656
5.580000	2.988281	0.668945
5.585000	2.543945	1.069336
5.590000	1.845703	1.088867
5.595000	1.123047	0.854492
5.600000	0.546875	0.541992
5.605000	0.175781	0.278320
5.610000	-0.014648	0.126953
5.615000	-0.107422	-0.019531
5.620000	-0.092773	-0.195312
5.625000	0.029297	-0.190430
5.630000	0.146484	0.000000
5.635000	0.141602	0.249023
5.640000	-0.029297	0.429688
5.645000	-0.307617	0.166016
5.650000	-0.400391	-0.698242
5.655000	0.053711	-1.318359
5.660000	0.917969	-1.176758
5.665000	1.684570	-0.551758
5.670000	2.050781	0.161133
5.675000	1.943359	0.693359
5.680000	1.479492	0.927734
5.685000	0.864258	0.888672
5.690000	0.268555	0.688477
5.695000	-0.195312	0.307617
5.700000	-0.390625	-0.566406
5.705000	-0.014648	-1.279297
5.710000	0.820312	-1.220703
5.715000	1.611328	-0.634766
5.720000	2.036133	0.078125
5.725000	1.982422	0.639648
5.730000	1.552734	0.917969
5.735000	0.947266	0.908203
5.740000	0.346680	0.717773
5.745000	-0.136719	0.385742
5.750000	-0.390625	-0.415039
5.755000	-0.107422	-1.220703
5.760000	0.678711	-1.250000
5.765000	1.499023	-0.727539
5.770000	1.977539	-0.014648
5.775000	1.987305	0.576172
5.780000	1.596680	0.888672
5.785000	1.015625	0.917969
5.790000	0.405273	0.747070
5.795000	-0.097656	0.449219
5.800000	-0.390625	-0.322266
5.805000	-0.170898	-1.191406
5.810000	0.600586	-1.298828
5.815000	1.450195	-0.815430
5.820000	1.987305	-0.097656
5.825000	2.050781	0.527344
5.830000	1.704102	0.878906
5.835000	1.118164	0.932617
5.840000	0.498047	0.776367
5.845000	-0.019531	0.507812
5.850000	-0.356445	-0.156250
5.855000	-0.244141	-1.059570
5.860000	0.439453	-1.293945
5.865000	1.284180	-0.893555
5.870000	1.870117	-0.200195
5.875000	2.001953	0.444336
5.880000	1.708984	0.830078
5.885000	1.162109	0.927734
5.890000	0.541992	0.800781
5.895000	0.004883	0.546875
5.900000	-0.361328	-0.092773
5.905000	-0.283203	-1.054688
5.910000	0.400391	-1.362305
5.915000	1.289062	-0.986328
5.920000	1.938477	-0.278320
5.925000	2.119141	0.400391
5.930000	1.860352	0.830078
5.935000	1.303711	0.952148
5.940000	0.673828	0.834961
5.945000	0.112305	0.595703
5.950000	-0.283203	0.097656
5.955000	-0.327148	-0.805664
5.960000	0.190430	-1.264648
5.965000	1.020508	-1.025391
5.970000	1.689453	-0.390625
5.975000	1.943359	0.278320
5.980000	1.762695	0.737305
5.985000	1.264648	0.917969
5.990000	0.659180	0.844727
5.995000	0.097656	0.629883
6.000000	-0.322266	0.078125
6.005000	-0.361328	-0.922852
6.010000	0.234375	-1.420898
6.015000	1.171875	-1.152344
6.020000	1.918945	-0.458984
6.025000	2.221680	0.273438
6.030000	2.045898	0.776367
6.035000	1.523438	0.966797
6.040000	0.888672	0.888672
6.045000	0.292969	0.654297
6.050000	-0.151367	0.307617
6.055000	-0.346680	-0.454102
6.060000	-0.048828	-1.118164
6.065000	0.673828	-1.079102
6.070000	1.376953	-0.561523
6.075000	1.743164	0.083008
6.080000	1.689453	0.605469
6.085000	1.289062	0.859375
6.090000	0.722656	0.854492
6.095000	0.141602	0.688477
6.100000	-0.312500	0.180664
6.105000	-0.419922	-0.888672
6.110000	0.156250	-1.542969
6.115000	1.171875	-1.323242
6.120000	2.036133	-0.620117
6.125000	2.446289	0.180664
6.130000	2.329102	0.761719
6.135000	1.821289	1.005859
6.140000	1.162109	0.942383
6.145000	0.527344	0.712891
6.150000	0.048828	0.439453
6.155000	-0.244141	-0.029297
6.160000	-0.219727	-0.703125
6.165000	0.234375	-0.927734
6.170000	0.834961	-0.629883
6.175000	1.245117	-0.102539
6.180000	1.308594	0.400391
6.185000	1.049805	0.712891
6.190000	0.571289	0.800781
6.195000	0.029297	0.693359
6.200000	-0.419922	0.043945
6.205000	-0.434570	-1.201172
6.210000	0.346680	-1.801758
6.215000	1.523438	-1.459961
6.220000	2.485352	-0.620117
6.225000	2.890625	0.258789
6.230000	2.724609	0.864258
6.235000	2.153320	1.088867
6.240000	1.420898	0.996094
6.245000	0.771484	0.712891
6.250000	0.283203	0.419922
6.255000	-0.004883	0.200195
6.260000	-0.141602	-0.053711
6.265000	-0.107422	-0.332031
6.270000	0.107422	-0.341797
6.275000	0.332031	-0.112305
6.280000	0.395508	0.205078
6.285000	0.258789	0.458984
6.290000	-0.053711	0.561523
6.295000	-0.415039	0.039062
6.300000	-0.429688	-1.098633
6.305000	0.288086	-1.679688
6.310000	1.381836	-1.362305
6.315000	2.285156	-0.581055
6.320000	2.666016	0.253906
6.325000	2.495117	0.834961
6.330000	1.943359	1.049805
6.335000	1.245117	0.961914
6.340000	0.605469	0.698242
6.345000	0.136719	0.419922
6.350000	-0.151367	0.097656
6.355000	-0.209961	-0.415039
6.360000	0.053711	-0.688477
6.365000	0.502930	-0.512695
6.370000	0.834961	-0.097656
6.375000	0.893555	0.327148
6.380000	0.673828	0.615234
6.385000	0.263672	0.722656
6.390000	-0.219727	0.512695
6.395000	-0.541992	-0.507812
6.400000	-0.195312	-1.669922
6.405000	0.893555	-1.826172
6.410000	2.089844	-1.191406
6.415000	2.871094	-0.244141
6.420000	3.037109	0.576172
6.425000	2.656250	1.040039
6.430000	1.967773	1.113281
6.435000	1.235352	0.903320
6.440000	0.629883	0.590820
6.445000	0.229492	0.312500
6.450000	0.014648	0.146484
6.455000	-0.087891	0.019531
6.460000	-0.112305	-0.141602
6.465000	-0.014648	-0.205078
6.470000	0.107422	-0.048828
6.475000	0.136719	0.185547
6.480000	0.009766	0.395508
6.485000	-0.249023	0.258789
6.490000	-0.405273	-0.502930
6.495000	-0.073242	-1.230469
6.500000	0.727539	-1.201172
6.505000	1.508789	-0.649414
6.510000	1.938477	0.048828
6.515000	1.899414	0.615234
6.520000	1.494141	0.893555
6.525000	0.908203	0.898438
6.530000	0.302734	0.722656
6.535000	-0.180664	0.361328
6.540000	-0.410156	-0.527344
6.545000	-0.063477	-1.323242
6.550000	0.800781	-1.308594
6.555000	1.655273	-0.732422
6.560000	2.143555	0.009766
6.565000	2.133789	0.620117
6.570000	1.723633	0.927734
6.575000	1.113281	0.937500
6.580000	0.488281	0.747070
6.585000	-0.019531	0.473633
6.590000	-0.327148	-0.156250
6.595000	-0.224609	-0.986328
6.600000	0.410156	-1.191406
6.605000	1.196289	-0.795898
6.610000	1.708984	-0.146484
6.615000	1.801758	0.454102
6.620000	1.503906	0.805664
6.625000	0.966797	0.888672
6.630000	0.375977	0.771484
6.635000	-0.141602	0.458984
6.640000	-0.439453	-0.410156
6.645000	-0.156250	-1.362305
6.650000	0.727539	-1.459961
6.655000	1.684570	-0.917969
6.660000	2.290039	-0.117188
6.665000	2.373047	0.561523
6.670000	2.001953	0.937500
6.675000	1.372070	0.986328
6.680000	0.722656	0.810547
6.685000	0.180664	0.546875
6.690000	-0.190430	0.161133
6.695000	-0.292969	-0.546875
6.700000	0.058594	-0.986328
6.705000	0.703125	-0.825195
6.710000	1.245117	-0.312500
6.715000	1.445312	0.249023
6.720000	1.279297	0.654297
6.725000	0.849609	0.820312
6.730000	0.302734	0.771484
6.735000	-0.219727	0.454102
6.740000	-0.498047	-0.571289
6.745000	-0.117188	-1.601562
6.750000	0.927734	-1.665039
6.755000	2.016602	-1.020508
6.760000	2.685547	-0.131836
6.765000	2.773438	0.615234
6.770000	2.373047	1.015625
6.775000	1.694336	1.054688
6.780000	0.996094	0.849609
6.785000	0.429688	0.551758
6.790000	0.048828	0.297852
6.795000	-0.146484	0.004883
6.800000	-0.151367	-0.380859
6.805000	0.092773	-0.493164
6.810000	0.410156	-0.273438
6.815000	0.585938	0.083008
6.820000	0.527344	0.415039
6.825000	0.249023	0.615234
6.830000	-0.161133	0.546875
6.835000	-0.507812	-0.283203
6.840000	-0.307617	-1.479492
6.845000	0.649414	-1.801758
6.850000	1.835938	-1.269531
6.855000	2.666016	-0.375977
6.860000	2.910156	0.458984
6.865000	2.612305	0.966797
6.870000	1.972656	1.093750
6.875000	1.245117	0.927734
6.880000	0.620117	0.634766
6.885000	0.195312	0.351562
6.890000	-0.048828	0.146484
6.895000	-0.151367	-0.126953
6.900000	-0.068359	-0.356445
6.905000	0.156250	-0.292969
6.910000	0.341797	-0.024414
6.915000	0.356445	0.283203
6.920000	0.161133	0.507812
6.925000	-0.170898	0.483398
6.930000	-0.478516	-0.283203
6.935000	-0.283203	-1.367188
6.940000	0.610352	-1.640625
6.945000	1.679688	-1.137695
6.950000	2.431641	-0.297852
6.955000	2.626953	0.468750
6.960000	2.319336	0.932617
6.965000	1.694336	1.044922
6.970000	1.005859	0.888672
6.975000	0.415039	0.605469
6.980000	-0.004883	0.332031
6.985000	-0.219727	-0.097656
6.990000	-0.151367	-0.625000
6.995000	0.249023	-0.712891
7.000000	0.712891	-0.405273
7.005000	0.971680	0.058594
7.010000	0.932617	0.458984
7.015000	0.625000	0.688477
7.020000	0.161133	0.732422
7.025000	-0.322266	0.351562
7.030000	-0.537109	-0.825195
7.035000	0.009766	-1.801758
7.040000	1.191406	-1.728516
7.045000	2.324219	-0.971680
7.050000	2.963867	-0.029297
7.055000	2.983398	0.717773
7.060000	2.504883	1.083984
7.065000	1.791992	1.083984
7.070000	1.079102	0.834961
7.075000	0.512695	0.522461
7.080000	0.161133	0.263672
7.085000	-0.019531	0.122070
7.090000	-0.107422	-0.019531
7.095000	-0.087891	-0.185547
7.100000	0.019531	-0.180664
7.105000	0.136719	0.004883
7.110000	0.126953	0.253906
7.115000	-0.043945	0.419922
7.120000	-0.317383	0.122070
7.125000	-0.385742	-0.737305
7.130000	0.097656	-1.293945
7.135000	0.947266	-1.108398
7.140000	1.669922	-0.488281
7.145000	1.997070	0.205078
7.150000	1.860352	0.712891
7.155000	1.381836	0.927734
7.160000	0.771484	0.874023
7.165000	0.185547	0.664062
7.170000	-0.258789	0.214844
7.175000	-0.385742	-0.737305
7.180000	0.087891	-1.372070
7.185000	0.986328	-1.210938
7.190000	1.777344	-0.566406
7.195000	2.153320	0.166016
7.200000	2.041016	0.708008
7.205000	1.567383	0.947266
7.210000	0.942383	0.908203
7.215000	0.336914	0.693359
7.220000	-0.131836	0.361328
7.225000	-0.361328	-0.395508
7.230000	-0.097656	-1.142578
7.235000	0.644531	-1.162109
7.240000	1.391602	-0.654297
7.245000	1.826172	0.014648
7.250000	1.816406	0.576172
7.255000	1.430664	0.864258
7.260000	0.864258	0.888672
7.265000	0.273438	0.722656
7.270000	-0.214844	0.336914
7.275000	-0.429688	-0.605469
7.280000	-0.029297	-1.406250
7.285000	0.888672	-1.357422
7.290000	1.777344	-0.747070
7.295000	2.270508	0.034180
7.300000	2.250977	0.644531
7.305000	1.821289	0.957031
7.310000	1.191406	0.952148
7.315000	0.551758	0.756836
7.320000	0.039062	0.488281
7.325000	-0.278320	-0.029297
7.330000	-0.253906	-0.810547
7.335000	0.273438	-1.079102
7.340000	0.976562	-0.761719
7.345000	1.474609	-0.175781
7.350000	1.586914	0.390625
7.355000	1.323242	0.747070
7.360000	0.830078	0.849609
7.365000	0.263672	0.756836
7.370000	-0.244141	0.380859
7.375000	-0.478516	-0.659180
7.380000	-0.039062	-1.577148
7.385000	0.991211	-1.547852
7.390000	2.006836	-0.888672
7.395000	2.587891	-0.029297
7.400000	2.602539	0.664062
7.405000	2.172852	1.010742
7.410000	1.499023	1.015625
7.415000	0.825195	0.800781
7.420000	0.283203	0.517578
7.425000	-0.068359	0.234375
7.430000	-0.224609	-0.219727
7.435000	-0.078125	-0.639648
7.440000	0.336914	-0.615234
7.445000	0.737305	-0.263672
7.450000	0.908203	0.180664
7.455000	0.776367	0.532227
7.460000	0.429688	0.703125
7.465000	-0.043945	0.664062
7.470000	-0.473633	-0.043945
7.475000	-0.424805	-1.333008
7.480000	0.444336	-1.884766
7.485000	1.679688	-1.479492
7.490000	2.651367	-0.595703
7.495000	3.046875	0.307617
7.500000	2.846680	0.917969
7.505000	2.246094	1.123047
7.510000	1.494141	1.000977
7.515000	0.834961	0.708008
7.520000	0.351562	0.405273
7.525000	0.073242	0.195312
7.530000	-0.058594	0.073242
7.535000	-0.112305	-0.083008
7.540000	-0.058594	-0.205078
7.545000	0.068359	-0.126953
7.550000	0.141602	0.097656
7.555000	0.068359	0.332031
7.560000	-0.146484	0.375977
7.565000	-0.390625	-0.166016
7.570000	-0.268555	-1.044922
7.575000	0.405273	-1.289062
7.580000	1.250000	-0.893555
7.585000	1.831055	-0.205078
7.590000	1.967773	0.434570
7.595000	1.679688	0.825195
7.600000	1.132812	0.927734
7.605000	0.517578	0.800781
7.610000	-0.024414	0.541992
7.615000	-0.375977	-0.146484
7.620000	-0.268555	-1.123047
7.625000	0.458984	-1.401367
7.630000	1.367188	-0.986328
7.635000	2.021484	-0.258789
7.640000	2.192383	0.429688
7.645000	1.909180	0.854492
7.650000	1.342773	0.961914
7.655000	0.703125	0.834961
7.660000	0.146484	0.590820
7.665000	-0.249023	0.136719
7.670000	-0.322266	-0.717773
7.675000	0.136719	-1.201172
7.680000	0.922852	-0.986328
7.685000	1.562500	-0.390625
7.690000	1.821289	0.253906
7.695000	1.650391	0.708008
7.700000	1.186523	0.888672
7.705000	0.585938	0.830078
7.710000	0.029297	0.620117
7.715000	-0.371094	-0.024414
7.720000	-0.341797	-1.093750
7.725000	0.361328	-1.528320
7.730000	1.357422	-1.171875
7.735000	2.124023	-0.415039
7.740000	2.407227	0.336914
7.745000	2.172852	0.834961
7.750000	1.621094	1.005859
7.755000	0.957031	0.893555
7.760000	0.361328	0.644531
7.765000	-0.078125	0.341797
7.770000	-0.302734	-0.268555
7.775000	-0.122070	-0.908203
7.780000	0.463867	-0.942383
7.785000	1.083984	-0.522461
7.790000	1.420898	0.053711
7.795000	1.381836	0.532227
7.800000	1.035156	0.786133
7.805000	0.512695	0.810547
7.810000	-0.034180	0.639648
7.815000	-0.449219	-0.117188
7.820000	-0.356445	-1.318359
7.825000	0.498047	-1.748047
7.830000	1.640625	-1.308594
7.835000	2.504883	-0.458984
7.840000	2.807617	0.375977
7.845000	2.558594	0.917969
7.850000	1.958008	1.083984
7.855000	1.245117	0.942383
7.860000	0.615234	0.664062
7.865000	0.166016	0.375977
7.870000	-0.092773	0.131836
7.875000	-0.180664	-0.249023
7.880000	-0.014648	-0.498047
7.885000	0.302734	-0.385742
7.890000	0.546875	-0.053711
7.895000	0.576172	0.302734
7.900000	0.375977	0.561523
7.905000	-0.004883	0.634766
7.910000	-0.410156	0.126953
7.915000	-0.478516	-1.088867
7.920000	0.234375	-1.801758
7.925000	1.406250	-1.538086
7.930000	2.426758	-0.722656
7.935000	2.900391	0.175781
7.940000	2.783203	0.825195
7.945000	2.236328	1.093750
7.950000	1.513672	1.020508
7.955000	0.834961	0.751953
7.960000	0.332031	0.449219
7.965000	0.024414	0.219727
7.970000	-0.126953	-0.009766
7.975000	-0.122070	-0.288086
7.980000	0.063477	-0.341797
7.985000	0.283203	-0.136719
7.990000	0.371094	0.166016
7.995000	0.253906	0.434570
8.000000	-0.039062	0.551758
8.005000	-0.395508	0.087891
8.010000	-0.439453	-1.020508
8.015000	0.224609	-1.645508
8.020000	1.298828	-1.372070
8.025000	2.202148	-0.610352
8.030000	2.602539	0.214844
8.035000	2.465820	0.805664
8.040000	1.928711	1.044922
8.045000	1.245117	0.961914
8.050000	0.600586	0.708008
8.055000	0.117188	0.434570
8.060000	-0.170898	0.073242
8.065000	-0.219727	-0.483398
8.070000	0.092773	-0.751953
8.075000	0.581055	-0.556641
8.080000	0.937500	-0.112305
8.085000	1.015625	0.336914
8.090000	0.781250	0.639648
8.095000	0.356445	0.742188
8.100000	-0.141602	0.595703
8.105000	-0.517578	-0.307617
8.110000	-0.302734	-1.547852
8.115000	0.703125	-1.860352
8.120000	1.923828	-1.303711
8.125000	2.788086	-0.385742
8.130000	3.041992	0.473633
8.135000	2.729492	0.991211
8.140000	2.075195	1.118164
8.145000	1.333008	0.947266
8.150000	0.703125	0.639648
8.155000	0.268555	0.346680
8.160000	0.029297	0.161133
8.165000	-0.087891	0.034180
8.170000	-0.107422	-0.136719
8.175000	-0.024414	-0.209961
8.180000	0.107422	-0.073242
8.185000	0.151367	0.161133
8.190000	0.034180	0.385742
8.195000	-0.214844	0.322266
8.200000	-0.415039	-0.385742
8.205000	-0.156250	-1.201172
8.210000	0.625000	-1.259766
8.215000	1.450195	-0.761719
8.220000	1.943359	-0.043945
8.225000	1.977539	0.556641
8.230000	1.611328	0.888672
8.235000	1.030273	0.927734
8.240000	0.415039	0.756836
8.245000	-0.092773	0.458984
8.250000	-0.390625	-0.312500
8.255000	-0.180664	-1.206055
8.260000	0.600586	-1.328125
8.265000	1.469727	-0.844727
8.270000	2.026367	-0.112305
8.275000	2.099609	0.522461
8.280000	1.752930	0.888672
8.285000	1.176758	0.942383
8.290000	0.546875	0.781250
8.295000	0.014648	0.527344
8.300000	-0.327148	-0.078125
8.305000	-0.273438	-0.971680
8.310000	0.361328	-1.254883
8.315000	1.186523	-0.903320
8.320000	1.782227	-0.234375
8.325000	1.933594	0.400391
8.330000	1.665039	0.805664
8.335000	1.137695	0.917969
8.340000	0.527344	0.805664
8.345000	-0.014648	0.556641
8.350000	-0.375977	-0.126953
8.355000	-0.283203	-1.123047
8.360000	0.444336	-1.420898
8.365000	1.372070	-1.020508
8.370000	2.050781	-0.288086
8.375000	2.236328	0.415039
8.380000	1.962891	0.849609
8.385000	1.391602	0.971680
8.390000	0.751953	0.844727
8.395000	0.185547	0.605469
8.400000	-0.219727	0.180664
8.405000	-0.327148	-0.629883
8.410000	0.078125	-1.152344
8.415000	0.830078	-0.986328
8.420000	1.469727	-0.419922
8.425000	1.743164	0.214844
8.430000	1.601562	0.678711
8.435000	1.162109	0.874023
8.440000	0.571289	0.834961
8.445000	0.019531	0.620117
8.450000	-0.390625	-0.039062
8.455000	-0.351562	-1.142578
8.460000	0.390625	-1.567383
8.465000	1.416016	-1.201172
8.470000	2.207031	-0.424805
8.475000	2.485352	0.346680
8.480000	2.260742	0.854492
8.485000	1.699219	1.015625
8.490000	1.020508	0.908203
8.495000	0.415039	0.649414
8.500000	-0.019531	0.366211
8.505000	-0.263672	-0.151367
8.510000	-0.161133	-0.771484
8.515000	0.336914	-0.869141
8.520000	0.903320	-0.512695
8.525000	1.240234	0.014648
8.530000	1.230469	0.478516
8.535000	0.913086	0.742188
8.540000	0.415039	0.786133
8.545000	-0.112305	0.600586
8.550000	-0.498047	-0.278320
8.555000	-0.302734	-1.489258
8.560000	0.664062	-1.806641
8.565000	1.850586	-1.269531
8.570000	2.685547	-0.375977
8.575000	2.939453	0.463867
8.580000	2.631836	0.971680
8.585000	1.992188	1.098633
8.590000	1.254883	0.932617
8.595000	0.634766	0.634766
8.600000	0.214844	0.351562
8.605000	-0.029297	0.151367
8.610000	-0.136719	-0.087891
8.615000	-0.083008	-0.317383
8.620000	0.117188	-0.278320
8.625000	0.292969	-0.029297
8.630000	0.307617	0.258789
8.635000	0.131836	0.488281
8.640000	-0.195312	0.449219
8.645000	-0.473633	-0.327148
8.650000	-0.244141	-1.367188
8.655000	0.644531	-1.567383
8.660000	1.674805	-1.054688
8.665000	2.368164	-0.229492
8.670000	2.514648	0.507812
8.675000	2.187500	0.937500
8.680000	1.567383	1.020508
8.685000	0.888672	0.854492
8.690000	0.312500	0.581055
8.695000	-0.083008	0.283203
8.700000	-0.263672	-0.268555
8.705000	-0.087891	-0.795898
8.710000	0.424805	-0.791016
8.715000	0.942383	-0.390625
8.720000	1.201172	0.126953
8.725000	1.108398	0.541992
8.730000	0.747070	0.751953
8.735000	0.244141	0.761719
8.740000	-0.263672	0.424805
8.745000	-0.527344	-0.678711
8.750000	-0.073242	-1.718750
8.755000	1.044922	-1.733398
8.760000	2.182617	-1.040039
8.765000	2.866211	-0.107422
8.770000	2.939453	0.659180
8.775000	2.500000	1.059570
8.780000	1.806641	1.083984
8.785000	1.093750	0.854492
8.790000	0.517578	0.541992
8.795000	0.146484	0.283203
8.800000	-0.053711	0.112305
8.805000	-0.126953	-0.102539
8.810000	-0.063477	-0.283203
8.815000	0.112305	-0.205078
8.820000	0.239258	0.039062
8.825000	0.209961	0.307617
8.830000	0.000000	0.493164
8.835000	-0.317383	0.224609
8.840000	-0.444336	-0.727539
8.845000	0.034180	-1.455078
8.850000	0.991211	-1.333008
8.855000	1.865234	-0.683594
8.860000	2.314453	0.102539
8.865000	2.246094	0.698242
8.870000	1.782227	0.971680
8.875000	1.142578	0.947266
8.880000	0.507812	0.732422
8.885000	0.009766	0.458984
8.890000	-0.288086	-0.092773
8.895000	-0.224609	-0.844727
8.900000	0.317383	-1.059570
8.905000	1.010742	-0.708008
8.910000	1.474609	-0.117188
8.915000	1.547852	0.429688
8.920000	1.264648	0.761719
8.925000	0.766602	0.849609
8.930000	0.195312	0.737305
8.935000	-0.292969	0.292969
8.940000	-0.473633	-0.810547
8.945000	0.058594	-1.630859
8.950000	1.127930	-1.508789
8.955000	2.119141	-0.795898
8.960000	2.641602	0.063477
8.965000	2.602539	0.722656
8.970000	2.128906	1.035156
8.975000	1.440430	1.005859
8.980000	0.771484	0.771484
8.985000	0.253906	0.483398
8.990000	-0.078125	0.214844
8.995000	-0.214844	-0.239258
9.000000	-0.058594	-0.625000
9.005000	0.341797	-0.566406
9.010000	0.708008	-0.209961
9.015000	0.849609	0.214844
9.020000	0.698242	0.541992
9.025000	0.336914	0.693359
9.030000	-0.126953	0.605469
9.035000	-0.517578	-0.244141
9.040000	-0.332031	-1.503906
9.045000	0.644531	-1.870117
9.050000	1.870117	-1.347656
9.055000	2.758789	-0.434570
9.060000	3.046875	0.439453
9.065000	2.758789	0.971680
9.070000	2.114258	1.118164
9.075000	1.367188	0.957031
9.080000	0.732422	0.649414
9.085000	0.288086	0.361328
9.090000	0.039062	0.170898
9.095000	-0.078125	0.043945
9.100000	-0.112305	-0.126953
9.105000	-0.034180	-0.209961
9.110000	0.097656	-0.087891
9.115000	0.146484	0.151367
9.120000	0.043945	0.375977
9.125000	-0.200195	0.332031
9.130000	-0.410156	-0.336914
9.135000	-0.175781	-1.176758
9.140000	0.581055	-1.269531
9.145000	1.406250	-0.786133
9.150000	1.923828	-0.078125
9.155000	1.977539	0.532227
9.160000	1.621094	0.874023
9.165000	1.044922	0.922852
9.170000	0.434570	0.766602
9.175000	-0.083008	0.478516
9.180000	-0.390625	-0.283203
9.185000	-0.195312	-1.191406
9.190000	0.576172	-1.347656
9.195000	1.455078	-0.874023
9.200000	2.031250	-0.141602
9.205000	2.124023	0.507812
9.210000	1.787109	0.878906
9.215000	1.210938	0.947266
9.220000	0.581055	0.795898
9.225000	0.039062	0.537109
9.230000	-0.317383	-0.029297
9.235000	-0.288086	-0.922852
9.240000	0.307617	-1.254883
9.245000	1.127930	-0.922852
9.250000	1.728516	-0.268555
9.255000	1.899414	0.366211
9.260000	1.660156	0.781250
9.265000	1.147461	0.913086
9.270000	0.541992	0.810547
9.275000	-0.009766	0.571289
9.280000	-0.375977	-0.112305
9.285000	-0.297852	-1.127930
9.290000	0.434570	-1.450195
9.295000	1.376953	-1.049805
9.300000	2.075195	-0.307617
9.305000	2.280273	0.400391
9.310000	2.011719	0.854492
9.315000	1.445312	0.981445
9.320000	0.795898	0.854492
9.325000	0.224609	0.610352
9.330000	-0.185547	0.229492
9.335000	-0.322266	-0.537109
9.340000	0.024414	-1.098633
9.345000	0.737305	-0.981445
9.350000	1.376953	-0.444336
9.355000	1.665039	0.175781
9.360000	1.547852	0.644531
9.365000	1.123047	0.854492
9.370000	0.556641	0.830078
9.375000	0.000000	0.625000
9.380000	-0.405273	-0.068359
9.385000	-0.351562	-1.201172
9.390000	0.429688	-1.621094
9.395000	1.484375	-1.230469
9.400000	2.294922	-0.429688
9.405000	2.578125	0.356445
9.410000	2.348633	0.874023
9.415000	1.767578	1.035156
9.420000	1.083984	0.917969
9.425000	0.468750	0.654297
9.430000	0.024414	0.375977
9.435000	-0.224609	-0.053711
9.440000	-0.180664	-0.629883
9.445000	0.219727	-0.781250
9.450000	0.727539	-0.488281
9.455000	1.049805	-0.009766
9.460000	1.049805	0.424805
9.465000	0.761719	0.693359
9.470000	0.297852	0.751953
9.475000	-0.205078	0.522461
9.480000	-0.532227	-0.488281
9.485000	-0.195312	-1.650391
9.490000	0.874023	-1.816406
9.495000	2.065430	-1.191406
9.500000	2.846680	-0.249023
9.505000	3.012695	0.566406
9.510000	2.631836	1.030273
9.515000	1.958008	1.103516
9.520000	1.225586	0.903320
9.525000	0.620117	0.595703
9.530000	0.214844	0.312500
9.535000	0.000000	0.146484
9.540000	-0.097656	-0.009766
9.545000	-0.097656	-0.185547
9.550000	0.014648	-0.209961
9.555000	0.146484	-0.029297
9.560000	0.161133	0.224609
9.565000	0.014648	0.424805
9.570000	-0.268555	0.258789
9.575000	-0.424805	-0.556641
9.580000	-0.048828	-1.303711
9.585000	0.791016	-1.254883
9.590000	1.621094	-0.678711
9.595000	2.065430	0.048828
9.600000	2.031250	0.634766
9.605000	1.611328	0.922852
9.610000	1.005859	0.922852
9.615000	0.390625	0.732422
9.620000	-0.102539	0.424805
9.625000	-0.375977	-0.336914
9.630000	-0.146484	-1.166992
9.635000	0.600586	-1.250000
9.640000	1.420898	-0.756836
9.645000	1.914062	-0.058594
9.650000	1.953125	0.541992
9.655000	1.596680	0.869141
9.660000	1.025391	0.913086
9.665000	0.410156	0.756836
9.670000	-0.097656	0.463867
9.675000	-0.395508	-0.312500
9.680000	-0.180664	-1.220703
9.685000	0.605469	-1.342773
9.690000	1.484375	-0.854492
9.695000	2.045898	-0.117188
9.700000	2.124023	0.522461
9.705000	1.777344	0.888672
9.710000	1.196289	0.947266
9.715000	0.561523	0.786133
9.720000	0.029297	0.532227
9.725000	-0.322266	-0.053711
9.730000	-0.278320	-0.932617
9.735000	0.322266	-1.245117
9.740000	1.142578	-0.903320
9.745000	1.733398	-0.249023
9.750000	1.894531	0.385742
9.755000	1.635742	0.786133
9.760000	1.123047	0.908203
9.765000	0.517578	0.800781
9.770000	-0.024414	0.556641
9.775000	-0.390625	-0.151367
9.780000	-0.283203	-1.166992
9.785000	0.473633	-1.450195
9.790000	1.420898	-1.035156
9.795000	2.104492	-0.283203
9.800000	2.290039	0.424805
9.805000	2.006836	0.859375
9.810000	1.430664	0.981445
9.815000	0.786133	0.849609
9.820000	0.214844	0.605469
9.825000	-0.190430	0.214844
9.830000	-0.322266	-0.551758
9.835000	0.034180	-1.088867
9.840000	0.742188	-0.957031
9.845000	1.362305	-0.424805
9.850000	1.645508	0.190430
9.855000	1.518555	0.649414
9.860000	1.088867	0.849609
9.865000	0.522461	0.820312
9.870000	-0.024414	0.615234
9.875000	-0.424805	-0.122070
9.880000	-0.327148	-1.254883
9.885000	0.483398	-1.635742
9.890000	1.552734	-1.210938
9.895000	2.348633	-0.395508
9.900000	2.602539	0.390625
9.905000	2.348633	0.893555
9.910000	1.757812	1.040039
9.915000	1.069336	0.908203
9.920000	0.463867	0.639648
9.925000	0.024414	0.366211
9.930000	-0.214844	-0.048828
9.935000	-0.180664	-0.605469
9.940000	0.209961	-0.747070
9.945000	0.693359	-0.463867
9.950000	0.991211	0.004883
9.955000	0.986328	0.429688
9.960000	0.698242	0.683594
9.965000	0.244141	0.742188
9.970000	-0.253906	0.463867
9.975000	-0.537109	-0.620117
9.980000	-0.122070	-1.723633
9.985000	1.000977	-1.796875
9.990000	2.172852	-1.108398
9.995000	2.900391	-0.161133
10.000000	3.007812	0.629883
