# Time_s	x	xdot
0.000000	0.097656	0.566406
0.005000	-0.278320	0.385742
0.010000	-0.517578	-0.605469
0.015000	-0.102539	-1.630859
0.020000	0.961914	-1.689453
0.025000	2.070312	-1.025391
0.030000	2.739258	-0.092773
0.035000	2.797852	0.683594
0.040000	2.348633	1.103516
0.045000	1.621094	1.123047
0.050000	0.874023	0.883789
0.055000	0.278320	0.541992
0.060000	-0.087891	0.200195
0.065000	-0.214844	-0.317383
0.070000	-0.009766	-0.693359
0.075000	0.434570	-0.600586
0.080000	0.825195	-0.200195
0.085000	0.957031	0.258789
0.090000	0.776367	0.615234
0.095000	0.366211	0.761719
0.100000	-0.136719	0.634766
0.105000	-0.541992	-0.297852
0.110000	-0.322266	-1.650391
0.115000	0.751953	-2.041016
0.120000	2.089844	-1.474609
0.125000	3.061523	-0.463867
0.130000	3.369141	0.502930
0.135000	3.032227	1.108398
0.140000	2.304688	1.254883
0.145000	1.464844	1.049805
0.150000	0.771484	0.678711
0.155000	0.307617	0.322266
0.160000	0.087891	0.102539
0.165000	0.019531	0.043945
0.170000	-0.019531	0.107422
0.175000	-0.092773	0.126953
0.180000	-0.175781	-0.058594
0.185000	-0.136719	-0.366211
0.190000	0.097656	-0.419922
0.195000	0.366211	-0.185547
0.200000	0.483398	0.166016
0.205000	0.371094	0.463867
0.210000	0.058594	0.629883
0.215000	-0.356445	0.283203
0.220000	-0.522461	-0.893555
0.225000	0.063477	-1.821289
0.230000	1.254883	-1.713867
0.235000	2.382812	-0.932617
0.240000	2.993164	0.048828
0.245000	2.958984	0.810547
0.250000	2.431641	1.171875
0.255000	1.650391	1.142578
0.260000	0.898438	0.849609
0.265000	0.327148	0.493164
0.270000	-0.009766	0.195312
0.275000	-0.141602	-0.122070
0.280000	-0.063477	-0.385742
0.285000	0.180664	-0.327148
0.290000	0.390625	-0.053711
0.295000	0.424805	0.278320
0.300000	0.244141	0.532227
0.305000	-0.112305	0.571289
0.310000	-0.478516	-0.122070
0.315000	-0.375977	-1.357422
0.320000	0.507812	-1.840820
0.325000	1.708984	-1.396484
0.330000	2.626953	-0.502930
0.335000	2.958984	0.405273
0.340000	2.695312	1.000977
0.345000	2.036133	1.181641
0.350000	1.250000	1.020508
0.355000	0.571289	0.688477
0.360000	0.102539	0.361328
0.365000	-0.136719	0.014648
0.370000	-0.146484	-0.410156
0.375000	0.112305	-0.537109
0.380000	0.458984	-0.317383
0.385000	0.659180	0.073242
0.390000	0.615234	0.434570
0.395000	0.322266	0.654297
0.400000	-0.117188	0.625000
0.405000	-0.517578	-0.180664
0.410000	-0.375977	-1.513672
0.415000	0.610352	-1.992188
0.420000	1.914062	-1.499023
0.425000	2.900391	-0.527344
0.430000	3.251953	0.439453
0.435000	2.963867	1.059570
0.440000	2.270508	1.240234
0.445000	1.445312	1.054688
0.450000	0.742188	0.698242
0.455000	0.268555	0.346680
0.460000	0.024414	0.112305
0.465000	-0.053711	-0.004883
0.470000	-0.058594	-0.073242
0.475000	-0.009766	-0.034180
0.480000	0.000000	0.126953
0.485000	-0.087891	0.234375
0.490000	-0.244141	0.009766
0.495000	-0.244141	-0.532227
0.500000	0.102539	-0.805664
0.505000	0.629883	-0.585938
0.510000	1.010742	-0.107422
0.515000	1.083984	0.371094
0.520000	0.834961	0.693359
0.525000	0.366211	0.800781
0.530000	-0.170898	0.610352
0.535000	-0.556641	-0.410156
0.540000	-0.273438	-1.743164
0.545000	0.864258	-2.036133
0.550000	2.197266	-1.411133
0.555000	3.125000	-0.385742
0.560000	3.383789	0.571289
0.565000	3.012695	1.137695
0.570000	2.255859	1.250000
0.575000	1.425781	1.025391
0.580000	0.742188	0.649414
0.585000	0.302734	0.297852
0.590000	0.092773	0.087891
0.595000	0.029297	0.043945
0.600000	-0.009766	0.122070
0.605000	-0.087891	0.166016
0.610000	-0.195312	-0.043945
0.615000	-0.166016	-0.429688
0.620000	0.107422	-0.541992
0.625000	0.454102	-0.302734
0.630000	0.649414	0.087891
0.635000	0.590820	0.444336
0.640000	0.292969	0.659180
0.645000	-0.146484	0.605469
0.650000	-0.532227	-0.268555
0.655000	-0.336914	-1.591797
0.660000	0.698242	-1.992188
0.665000	2.001953	-1.450195
0.670000	2.958984	-0.463867
0.675000	3.261719	0.488281
0.680000	2.944336	1.083984
0.685000	2.226562	1.240234
0.690000	1.401367	1.044922
0.695000	0.712891	0.678711
0.700000	0.253906	0.322266
0.705000	0.024414	0.107422
0.710000	-0.048828	0.000000
0.715000	-0.053711	-0.048828
0.720000	-0.029297	-0.019531
0.725000	-0.019531	0.097656
0.730000	-0.087891	0.161133
0.735000	-0.195312	-0.014648
0.740000	-0.180664	-0.405273
0.745000	0.078125	-0.556641
0.750000	0.439453	-0.341797
0.755000	0.654297	0.048828
0.760000	0.625000	0.419922
0.765000	0.336914	0.649414
0.770000	-0.092773	0.644531
0.775000	-0.507812	-0.122070
0.780000	-0.410156	-1.474609
0.785000	0.551758	-2.006836
0.790000	1.865234	-1.547852
0.795000	2.890625	-0.585938
0.800000	3.276367	0.395508
0.805000	3.022461	1.044922
0.810000	2.333984	1.240234
0.815000	1.508789	1.083984
0.820000	0.786133	0.722656
0.825000	0.302734	0.361328
0.830000	0.048828	0.126953
0.835000	-0.034180	0.019531
0.840000	-0.053711	-0.019531
0.845000	-0.048828	-0.014648
0.850000	-0.043945	0.043945
0.855000	-0.068359	0.078125
0.860000	-0.126953	0.004883
0.865000	-0.131836	-0.195312
0.870000	-0.009766	-0.283203
0.875000	0.170898	-0.126953
0.880000	0.244141	0.151367
0.885000	0.141602	0.410156
0.890000	-0.131836	0.473633
0.895000	-0.439453	-0.136719
0.900000	-0.332031	-1.215820
0.905000	0.458984	-1.596680
0.910000	1.503906	-1.186523
0.915000	2.280273	-0.371094
0.920000	2.519531	0.429688
0.925000	2.241211	0.942383
0.930000	1.611328	1.088867
0.935000	0.888672	0.942383
0.940000	0.258789	0.644531
0.945000	-0.175781	0.219727
0.950000	-0.317383	-0.556641
0.955000	0.048828	-1.103516
0.960000	0.766602	-0.976562
0.965000	1.396484	-0.424805
0.970000	1.679688	0.214844
0.975000	1.538086	0.698242
0.980000	1.074219	0.908203
0.985000	0.468750	0.859375
0.990000	-0.107422	0.590820
0.995000	-0.488281	-0.341797
1.000000	-0.249023	-1.538086
1.005000	0.751953	-1.811523
1.010000	1.938477	-1.245117
1.015000	2.753906	-0.307617
1.020000	2.968750	0.551758
1.025000	2.597656	1.069336
1.030000	1.894531	1.171875
1.035000	1.123047	0.966797
1.040000	0.473633	0.620117
1.045000	0.053711	0.302734
1.050000	-0.151367	-0.043945
1.055000	-0.117188	-0.429688
1.060000	0.156250	-0.488281
1.065000	0.463867	-0.234375
1.070000	0.615234	0.146484
1.075000	0.522461	0.478516
1.080000	0.195312	0.659180
1.085000	-0.244141	0.498047
1.090000	-0.556641	-0.537109
1.095000	-0.185547	-1.733398
1.100000	0.947266	-1.914062
1.105000	2.197266	-1.245117
1.110000	3.017578	-0.244141
1.115000	3.178711	0.639648
1.120000	2.758789	1.137695
1.125000	2.001953	1.206055
1.130000	1.206055	0.961914
1.135000	0.561523	0.595703
1.140000	0.151367	0.268555
1.145000	-0.039062	0.068359
1.150000	-0.087891	-0.092773
1.155000	-0.024414	-0.156250
1.160000	0.068359	-0.029297
1.165000	0.083008	0.195312
1.170000	-0.048828	0.371094
1.175000	-0.288086	0.122070
1.180000	-0.361328	-0.668945
1.185000	0.078125	-1.220703
1.190000	0.874023	-1.054688
1.195000	1.557617	-0.454102
1.200000	1.860352	0.234375
1.205000	1.704102	0.737305
1.210000	1.210938	0.952148
1.215000	0.576172	0.888672
1.220000	-0.019531	0.644531
1.225000	-0.434570	-0.156250
1.230000	-0.317383	-1.342773
1.235000	0.561523	-1.733398
1.240000	1.694336	-1.274414
1.245000	2.534180	-0.400391
1.250000	2.792969	0.454102
1.255000	2.500000	0.996094
1.260000	1.845703	1.142578
1.265000	1.083984	0.976562
1.270000	0.434570	0.654297
1.275000	-0.009766	0.322266
1.280000	-0.224609	-0.166016
1.285000	-0.112305	-0.678711
1.290000	0.327148	-0.717773
1.295000	0.795898	-0.371094
1.300000	1.040039	0.117188
1.305000	0.957031	0.532227
1.310000	0.605469	0.751953
1.315000	0.102539	0.761719
1.320000	-0.400391	0.229492
1.325000	-0.532227	-1.113281
1.330000	0.200195	-2.016602
1.335000	1.513672	-1.811523
1.340000	2.705078	-0.927734
1.345000	3.320312	0.112305
1.350000	3.247070	0.903320
1.355000	2.651367	1.240234
1.360000	1.826172	1.171875
1.365000	1.049805	0.849609
1.370000	0.483398	0.463867
1.375000	0.161133	0.175781
1.380000	0.034180	0.048828
1.385000	-0.004883	0.068359
1.390000	-0.053711	0.136719
1.395000	-0.146484	0.053711
1.400000	-0.175781	-0.239258
1.405000	-0.019531	-0.439453
1.410000	0.263672	-0.317383
1.415000	0.463867	0.004883
1.420000	0.458984	0.346680
1.425000	0.224609	0.581055
1.430000	-0.166016	0.551758
1.435000	-0.517578	-0.278320
1.440000	-0.317383	-1.523438
1.445000	0.678711	-1.879883
1.450000	1.914062	-1.347656
1.455000	2.792969	-0.400391
1.460000	3.066406	0.502930
1.465000	2.729492	1.064453
1.470000	2.031250	1.201172
1.475000	1.240234	1.000977
1.480000	0.566406	0.654297
1.485000	0.126953	0.322266
1.490000	-0.092773	0.043945
1.495000	-0.126953	-0.273438
1.500000	0.048828	-0.375977
1.505000	0.292969	-0.195312
1.510000	0.410156	0.126953
1.515000	0.322266	0.419922
1.520000	0.039062	0.595703
1.525000	-0.346680	0.263672
1.530000	-0.502930	-0.859375
1.535000	0.063477	-1.748047
1.540000	1.210938	-1.635742
1.545000	2.285156	-0.874023
1.550000	2.856445	0.063477
1.555000	2.807617	0.800781
1.560000	2.285156	1.142578
1.565000	1.523438	1.108398
1.570000	0.791016	0.830078
1.575000	0.229492	0.483398
1.580000	-0.097656	0.151367
1.585000	-0.195312	-0.322266
1.590000	0.014648	-0.620117
1.595000	0.415039	-0.488281
1.600000	0.732422	-0.102539
1.605000	0.800781	0.317383
1.610000	0.585938	0.615234
1.615000	0.170898	0.732422
1.620000	-0.312500	0.415039
1.625000	-0.566406	-0.786133
1.630000	-0.039062	-1.899414
1.635000	1.206055	-1.909180
1.640000	2.460938	-1.142578
1.645000	3.208008	-0.097656
1.650000	3.276367	0.761719
1.655000	2.773438	1.201172
1.660000	1.977539	1.210938
1.665000	1.181641	0.927734
1.670000	0.561523	0.541992
1.675000	0.185547	0.224609
1.680000	0.029297	0.063477
1.685000	-0.019531	0.043945
1.690000	-0.058594	0.068359
1.695000	-0.102539	0.024414
1.700000	-0.126953	-0.126953
1.705000	-0.043945	-0.224609
1.710000	0.097656	-0.107422
1.715000	0.161133	0.131836
1.720000	0.068359	0.375977
1.725000	-0.185547	0.380859
1.730000	-0.419922	-0.283203
1.735000	-0.229492	-1.210938
1.740000	0.561523	-1.406250
1.745000	1.479492	-0.932617
1.750000	2.089844	-0.161133
1.755000	2.197266	0.537109
1.760000	1.845703	0.947266
1.765000	1.220703	1.020508
1.770000	0.537109	0.849609
1.775000	-0.034180	0.537109
1.780000	-0.380859	-0.224609
1.785000	-0.224609	-1.201172
1.790000	0.546875	-1.420898
1.795000	1.479492	-0.966797
1.800000	2.114258	-0.195312
1.805000	2.246094	0.512695
1.810000	1.904297	0.942383
1.815000	1.279297	1.030273
1.820000	0.605469	0.859375
1.825000	0.019531	0.566406
1.830000	-0.346680	-0.107422
1.835000	-0.263672	-1.079102
1.840000	0.434570	-1.381836
1.845000	1.333008	-0.986328
1.850000	1.977539	-0.258789
1.855000	2.148438	0.449219
1.860000	1.850586	0.893555
1.865000	1.254883	1.010742
1.870000	0.585938	0.869141
1.875000	0.000000	0.576172
1.880000	-0.375977	-0.146484
1.885000	-0.273438	-1.171875
1.890000	0.483398	-1.479492
1.895000	1.455078	-1.059570
1.900000	2.143555	-0.278320
1.905000	2.329102	0.463867
1.910000	2.021484	0.927734
1.915000	1.406250	1.044922
1.920000	0.712891	0.893555
1.925000	0.112305	0.610352
1.930000	-0.288086	0.043945
1.935000	-0.307617	-0.888672
1.940000	0.263672	-1.308594
1.945000	1.127930	-1.025391
1.950000	1.791992	-0.346680
1.955000	2.021484	0.346680
1.960000	1.787109	0.825195
1.965000	1.245117	0.986328
1.970000	0.590820	0.883789
1.975000	-0.004883	0.610352
1.980000	-0.400391	-0.146484
1.985000	-0.297852	-1.245117
1.990000	0.512695	-1.591797
1.995000	1.552734	-1.162109
2.000000	2.319336	-0.341797
2.005000	2.534180	0.454102
2.010000	2.241211	0.957031
2.015000	1.606445	1.093750
2.020000	0.888672	0.932617
2.025000	0.263672	0.629883
2.030000	-0.166016	0.224609
2.035000	-0.307617	-0.532227
2.040000	0.039062	-1.064453
2.045000	0.737305	-0.942383
2.050000	1.342773	-0.405273
2.055000	1.611328	0.214844
2.060000	1.464844	0.688477
2.065000	1.010742	0.893555
2.070000	0.415039	0.844727
2.075000	-0.151367	0.556641
2.080000	-0.507812	-0.454102
2.085000	-0.200195	-1.630859
2.090000	0.864258	-1.835938
2.095000	2.065430	-1.215820
2.100000	2.856445	-0.253906
2.105000	3.027344	0.610352
2.110000	2.622070	1.103516
2.115000	1.899414	1.181641
2.120000	1.123047	0.952148
2.125000	0.478516	0.605469
2.130000	0.073242	0.283203
2.135000	-0.122070	-0.009766
2.140000	-0.112305	-0.327148
2.145000	0.097656	-0.385742
2.150000	0.341797	-0.161133
2.155000	0.449219	0.170898
2.160000	0.332031	0.458984
2.165000	0.019531	0.615234
2.170000	-0.375977	0.209961
2.175000	-0.498047	-0.966797
2.180000	0.136719	-1.806641
2.185000	1.313477	-1.625977
2.190000	2.387695	-0.830078
2.195000	2.934570	0.122070
2.200000	2.851562	0.849609
2.205000	2.294922	1.162109
2.210000	1.518555	1.108398
2.215000	0.786133	0.810547
2.220000	0.239258	0.463867
2.225000	-0.073242	0.146484
2.230000	-0.170898	-0.263672
2.235000	-0.004883	-0.527344
2.240000	0.336914	-0.405273
2.245000	0.600586	-0.058594
2.250000	0.634766	0.322266
2.255000	0.419922	0.595703
2.260000	0.019531	0.678711
2.265000	-0.419922	0.161133
2.270000	-0.512695	-1.142578
2.275000	0.239258	-1.958008
2.280000	1.518555	-1.713867
2.285000	2.641602	-0.839844
2.290000	3.198242	0.166016
2.295000	3.090820	0.913086
2.300000	2.485352	1.225586
2.305000	1.674805	1.137695
2.310000	0.927734	0.815430
2.315000	0.371094	0.444336
2.320000	0.063477	0.170898
2.325000	-0.053711	0.014648
2.330000	-0.068359	-0.092773
2.335000	-0.009766	-0.087891
2.340000	0.034180	0.073242
2.345000	-0.014648	0.268555
2.350000	-0.195312	0.219727
2.355000	-0.327148	-0.332031
2.360000	-0.102539	-0.937500
2.365000	0.502930	-0.947266
2.370000	1.118164	-0.498047
2.375000	1.435547	0.102539
2.380000	1.367188	0.595703
2.385000	0.981445	0.849609
2.390000	0.415039	0.849609
2.395000	-0.156250	0.590820
2.400000	-0.527344	-0.434570
2.405000	-0.234375	-1.684570
2.410000	0.869141	-1.933594
2.415000	2.133789	-1.303711
2.420000	2.993164	-0.307617
2.425000	3.203125	0.595703
2.430000	2.807617	1.118164
2.435000	2.070312	1.215820
2.440000	1.259766	0.991211
2.445000	0.610352	0.620117
2.450000	0.180664	0.292969
2.455000	-0.014648	0.078125
2.460000	-0.078125	-0.063477
2.465000	-0.043945	-0.126953
2.470000	0.034180	-0.024414
2.475000	0.048828	0.180664
2.480000	-0.073242	0.332031
2.485000	-0.288086	0.063477
2.490000	-0.317383	-0.664062
2.495000	0.112305	-1.108398
2.500000	0.834961	-0.893555
2.505000	1.411133	-0.322266
2.510000	1.625977	0.302734
2.515000	1.420898	0.742188
2.520000	0.932617	0.908203
2.525000	0.327148	0.834961
2.530000	-0.229492	0.458984
2.535000	-0.517578	-0.659180
2.540000	-0.073242	-1.743164
2.545000	1.064453	-1.791992
2.550000	2.236328	-1.083984
2.555000	2.949219	-0.107422
2.560000	3.022461	0.712891
2.565000	2.548828	1.142578
2.570000	1.796875	1.162109
2.575000	1.025391	0.908203
2.580000	0.419922	0.541992
2.585000	0.043945	0.244141
2.590000	-0.122070	-0.039062
2.595000	-0.092773	-0.322266
2.600000	0.112305	-0.327148
2.605000	0.322266	-0.097656
2.610000	0.380859	0.219727
2.615000	0.234375	0.483398
2.620000	-0.087891	0.561523
2.625000	-0.449219	-0.048828
2.630000	-0.400391	-1.250000
2.635000	0.410156	-1.787109
2.640000	1.577148	-1.401367
2.645000	2.500000	-0.541992
2.650000	2.861328	0.351562
2.655000	2.626953	0.961914
2.660000	1.992188	1.162109
2.665000	1.230469	1.020508
2.670000	0.541992	0.703125
2.675000	0.063477	0.375977
2.680000	-0.185547	-0.043945
2.685000	-0.156250	-0.556641
2.690000	0.200195	-0.678711
2.695000	0.639648	-0.405273
2.700000	0.903320	0.043945
2.705000	0.869141	0.458984
2.710000	0.561523	0.703125
2.715000	0.087891	0.751953
2.720000	-0.405273	0.234375
2.725000	-0.532227	-1.103516
2.730000	0.190430	-2.011719
2.735000	1.503906	-1.816406
2.740000	2.695312	-0.932617
2.745000	3.310547	0.107422
2.750000	3.247070	0.898438
2.755000	2.651367	1.240234
2.760000	1.831055	1.171875
2.765000	1.054688	0.854492
2.770000	0.478516	0.468750
2.775000	0.161133	0.175781
2.780000	0.034180	0.048828
2.785000	-0.009766	0.068359
2.790000	-0.058594	0.131836
2.795000	-0.141602	0.048828
2.800000	-0.166016	-0.234375
2.805000	-0.019531	-0.419922
2.810000	0.253906	-0.288086
2.815000	0.439453	0.024414
2.820000	0.415039	0.356445
2.825000	0.175781	0.581055
2.830000	-0.209961	0.498047
2.835000	-0.522461	-0.415039
2.840000	-0.239258	-1.591797
2.845000	0.805664	-1.835938
2.850000	1.997070	-1.235352
2.855000	2.807617	-0.278320
2.860000	2.998047	0.585938
2.865000	2.612305	1.088867
2.870000	1.894531	1.176758
2.875000	1.113281	0.957031
2.880000	0.473633	0.610352
2.885000	0.058594	0.288086
2.890000	-0.141602	-0.039062
2.895000	-0.117188	-0.395508
2.900000	0.136719	-0.444336
2.905000	0.424805	-0.200195
2.910000	0.551758	0.161133
2.915000	0.439453	0.478516
2.920000	0.122070	0.644531
2.925000	-0.302734	0.390625
2.930000	-0.546875	-0.722656
2.935000	-0.058594	-1.796875
2.940000	1.113281	-1.811523
2.945000	2.304688	-1.079102
2.950000	3.012695	-0.083008
2.955000	3.071289	0.737305
2.960000	2.587891	1.162109
2.965000	1.816406	1.171875
2.970000	1.044922	0.903320
2.975000	0.434570	0.541992
2.980000	0.063477	0.234375
2.985000	-0.092773	-0.009766
2.990000	-0.092773	-0.244141
2.995000	0.058594	-0.258789
3.000000	0.224609	-0.053711
3.005000	0.253906	0.229492
3.010000	0.097656	0.463867
3.015000	-0.209961	0.415039
3.020000	-0.468750	-0.385742
3.025000	-0.205078	-1.406250
3.030000	0.708008	-1.572266
3.035000	1.738281	-1.030273
3.040000	2.421875	-0.180664
3.045000	2.534180	0.585938
3.050000	2.153320	1.020508
3.055000	1.474609	1.083984
3.060000	0.756836	0.883789
3.065000	0.161133	0.571289
3.070000	-0.219727	0.097656
3.075000	-0.278320	-0.683594
3.080000	0.166016	-1.083984
3.085000	0.869141	-0.859375
3.090000	1.425781	-0.283203
3.095000	1.606445	0.327148
3.100000	1.391602	0.751953
3.105000	0.898438	0.903320
3.110000	0.297852	0.820312
3.115000	-0.253906	0.419922
3.120000	-0.517578	-0.722656
3.125000	-0.034180	-1.757812
3.130000	1.118164	-1.757812
3.135000	2.270508	-1.035156
3.140000	2.949219	-0.058594
3.145000	2.988281	0.742188
3.150000	2.500000	1.147461
3.155000	1.738281	1.157227
3.160000	0.981445	0.888672
3.165000	0.375977	0.532227
3.170000	0.019531	0.229492
3.175000	-0.136719	-0.078125
3.180000	-0.087891	-0.361328
3.185000	0.146484	-0.356445
3.190000	0.371094	-0.092773
3.195000	0.429688	0.234375
3.200000	0.268555	0.502930
3.205000	-0.063477	0.590820
3.210000	-0.444336	0.004883
3.215000	-0.429688	-1.235352
3.220000	0.371094	-1.835938
3.225000	1.567383	-1.484375
3.230000	2.543945	-0.610352
3.235000	2.949219	0.312500
3.240000	2.744141	0.947266
3.245000	2.119141	1.181641
3.250000	1.333008	1.054688
3.255000	0.634766	0.732422
3.260000	0.141602	0.390625
3.265000	-0.126953	0.058594
3.270000	-0.166016	-0.380859
3.275000	0.078125	-0.556641
3.280000	0.439453	-0.356445
3.285000	0.673828	0.024414
3.290000	0.649414	0.405273
3.295000	0.380859	0.644531
3.300000	-0.048828	0.668945
3.305000	-0.478516	-0.009766
3.310000	-0.449219	-1.357422
3.315000	0.434570	-1.997070
3.320000	1.743164	-1.616211
3.325000	2.807617	-0.678711
3.330000	3.256836	0.312500
3.335000	3.051758	0.996094
3.340000	2.392578	1.240234
3.345000	1.567383	1.098633
3.350000	0.839844	0.756836
3.355000	0.327148	0.390625
3.360000	0.058594	0.141602
3.365000	-0.043945	0.019531
3.370000	-0.058594	-0.048828
3.375000	-0.034180	-0.029297
3.380000	-0.014648	0.063477
3.385000	-0.068359	0.166016
3.390000	-0.170898	0.048828
3.395000	-0.205078	-0.322266
3.400000	0.004883	-0.556641
3.405000	0.366211	-0.405273
3.410000	0.625000	-0.034180
3.415000	0.649414	0.351562
3.420000	0.410156	0.615234
3.425000	-0.004883	0.683594
3.430000	-0.444336	0.102539
3.435000	-0.493164	-1.235352
3.440000	0.317383	-1.997070
3.445000	1.616211	-1.689453
3.450000	2.729492	-0.786133
3.455000	3.247070	0.224609
3.460000	3.105469	0.947266
3.465000	2.480469	1.240234
3.470000	1.660156	1.127930
3.475000	0.908203	0.795898
3.480000	0.371094	0.424805
3.485000	0.078125	0.156250
3.490000	-0.029297	0.034180
3.495000	-0.058594	-0.029297
3.500000	-0.043945	-0.029297
3.505000	-0.029297	0.039062
3.510000	-0.058594	0.117188
3.515000	-0.141602	0.053711
3.520000	-0.170898	-0.214844
3.525000	-0.034180	-0.415039
3.530000	0.229492	-0.297852
3.535000	0.419922	0.009766
3.540000	0.410156	0.341797
3.545000	0.180664	0.576172
3.550000	-0.200195	0.502930
3.555000	-0.517578	-0.375977
3.560000	-0.258789	-1.562500
3.565000	0.761719	-1.826172
3.570000	1.958008	-1.245117
3.575000	2.778320	-0.302734
3.580000	2.983398	0.561523
3.585000	2.612305	1.079102
3.590000	1.899414	1.176758
3.595000	1.123047	0.961914
3.600000	0.473633	0.620117
3.605000	0.053711	0.297852
3.610000	-0.146484	-0.043945
3.615000	-0.117188	-0.419922
3.620000	0.146484	-0.473633
3.625000	0.454102	-0.219727
3.630000	0.595703	0.151367
3.635000	0.493164	0.478516
3.640000	0.166016	0.654297
3.645000	-0.263672	0.458984
3.650000	-0.551758	-0.605469
3.655000	-0.141602	-1.762695
3.660000	1.010742	-1.879883
3.665000	2.241211	-1.191406
3.670000	3.017578	-0.185547
3.675000	3.144531	0.678711
3.680000	2.695312	1.152344
3.685000	1.938477	1.201172
3.690000	1.147461	0.942383
3.695000	0.517578	0.576172
3.700000	0.122070	0.258789
3.705000	-0.053711	0.048828
3.710000	-0.087891	-0.141602
3.715000	-0.004883	-0.195312
3.720000	0.117188	-0.034180
3.725000	0.136719	0.209961
3.730000	-0.004883	0.415039
3.735000	-0.278320	0.234375
3.740000	-0.410156	-0.595703
3.745000	-0.014648	-1.323242
3.750000	0.844727	-1.254883
3.755000	1.665039	-0.659180
3.760000	2.099609	0.097656
3.765000	2.036133	0.698242
3.770000	1.567383	0.986328
3.775000	0.913086	0.966797
3.780000	0.268555	0.747070
3.785000	-0.239258	0.288086
3.790000	-0.415039	-0.717773
3.795000	0.053711	-1.474609
3.800000	1.020508	-1.362305
3.805000	1.918945	-0.698242
3.810000	2.377930	0.122070
3.815000	2.299805	0.751953
3.820000	1.796875	1.044922
3.825000	1.108398	1.005859
3.830000	0.434570	0.766602
3.835000	-0.078125	0.410156
3.840000	-0.346680	-0.327148
3.845000	-0.126953	-1.113281
3.850000	0.590820	-1.191406
3.855000	1.362305	-0.703125
3.860000	1.826172	-0.009766
3.865000	1.831055	0.585938
3.870000	1.440430	0.908203
3.875000	0.844727	0.937500
3.880000	0.214844	0.766602
3.885000	-0.292969	0.263672
3.890000	-0.449219	-0.869141
3.895000	0.122070	-1.660156
3.900000	1.215820	-1.503906
3.905000	2.197266	-0.761719
3.910000	2.695312	0.131836
3.915000	2.607422	0.810547
3.920000	2.075195	1.113281
3.925000	1.337891	1.059570
3.930000	0.629883	0.786133
3.935000	0.102539	0.458984
3.940000	-0.205078	0.004883
3.945000	-0.205078	-0.625000
3.950000	0.195312	-0.854492
3.955000	0.751953	-0.585938
3.960000	1.137695	-0.083008
3.965000	1.191406	0.415039
3.970000	0.913086	0.732422
3.975000	0.424805	0.815430
3.980000	-0.122070	0.639648
3.985000	-0.532227	-0.307617
3.990000	-0.317383	-1.650391
3.995000	0.756836	-2.016602
4.000000	2.080078	-1.445312
4.005000	3.037109	-0.439453
4.010000	3.325195	0.517578
4.015000	2.988281	1.103516
4.020000	2.260742	1.240234
4.025000	1.425781	1.044922
4.030000	0.742188	0.668945
4.035000	0.283203	0.317383
4.040000	0.063477	0.102539
4.045000	-0.009766	0.039062
4.050000	-0.043945	0.068359
4.055000	-0.087891	0.053711
4.060000	-0.126953	-0.068359
4.065000	-0.083008	-0.214844
4.070000	0.053711	-0.166016
4.075000	0.161133	0.048828
4.080000	0.126953	0.302734
4.085000	-0.078125	0.449219
4.090000	-0.361328	0.029297
4.095000	-0.371094	-0.942383
4.100000	0.239258	-1.450195
4.105000	1.186523	-1.171875
4.110000	1.948242	-0.454102
4.115000	2.250977	0.312500
4.120000	2.036133	0.844727
4.125000	1.479492	1.035156
4.130000	0.795898	0.932617
4.135000	0.170898	0.673828
4.140000	-0.283203	0.136719
4.145000	-0.361328	-0.854492
4.150000	0.195312	-1.411133
4.155000	1.118164	-1.181641
4.160000	1.889648	-0.488281
4.165000	2.211914	0.268555
4.170000	2.031250	0.810547
4.175000	1.494141	1.020508
4.180000	0.820312	0.937500
4.185000	0.190430	0.683594
4.190000	-0.268555	0.180664
4.195000	-0.371094	-0.810547
4.200000	0.156250	-1.411133
4.205000	1.083984	-1.215820
4.210000	1.875000	-0.537109
4.215000	2.231445	0.229492
4.220000	2.075195	0.791016
4.225000	1.547852	1.020508
4.230000	0.869141	0.952148
4.235000	0.234375	0.703125
4.240000	-0.239258	0.234375
4.245000	-0.380859	-0.727539
4.250000	0.092773	-1.376953
4.255000	1.000977	-1.235352
4.260000	1.801758	-0.581055
4.265000	2.182617	0.180664
4.270000	2.060547	0.761719
4.275000	1.557617	1.010742
4.280000	0.893555	0.957031
4.285000	0.249023	0.717773
4.290000	-0.234375	0.263672
4.295000	-0.390625	-0.712891
4.300000	0.078125	-1.401367
4.305000	0.996094	-1.274414
4.310000	1.831055	-0.625000
4.315000	2.241211	0.156250
4.320000	2.143555	0.751953
4.325000	1.640625	1.020508
4.330000	0.966797	0.971680
4.335000	0.312500	0.737305
4.340000	-0.185547	0.322266
4.345000	-0.385742	-0.576172
4.350000	-0.004883	-1.318359
4.355000	0.854492	-1.254883
4.360000	1.679688	-0.664062
4.365000	2.119141	0.092773
4.370000	2.060547	0.693359
4.375000	1.596680	0.986328
4.380000	0.942383	0.966797
4.385000	0.292969	0.751953
4.390000	-0.209961	0.317383
4.395000	-0.410156	-0.644531
4.400000	0.014648	-1.420898
4.405000	0.942383	-1.352539
4.410000	1.831055	-0.717773
4.415000	2.304688	0.083008
4.420000	2.246094	0.722656
4.425000	1.767578	1.030273
4.430000	1.088867	1.005859
4.435000	0.415039	0.771484
4.440000	-0.097656	0.410156
4.445000	-0.361328	-0.371094
4.450000	-0.112305	-1.186523
4.455000	0.654297	-1.250000
4.460000	1.464844	-0.737305
4.465000	1.953125	-0.009766
4.470000	1.958008	0.605469
4.475000	1.557617	0.937500
4.480000	0.942383	0.961914
4.485000	0.292969	0.776367
4.490000	-0.229492	0.341797
4.495000	-0.439453	-0.683594
4.500000	0.009766	-1.528320
4.505000	1.010742	-1.469727
4.510000	1.972656	-0.805664
4.515000	2.500000	0.048828
4.520000	2.465820	0.732422
4.525000	1.982422	1.064453
4.530000	1.269531	1.044922
4.535000	0.581055	0.800781
4.540000	0.039062	0.478516
4.545000	-0.278320	-0.087891
4.550000	-0.209961	-0.849609
4.555000	0.332031	-1.069336
4.560000	1.030273	-0.717773
4.565000	1.499023	-0.112305
4.570000	1.572266	0.463867
4.575000	1.264648	0.810547
4.580000	0.727539	0.893555
4.585000	0.131836	0.766602
4.590000	-0.375977	0.170898
4.595000	-0.473633	-1.103516
4.600000	0.244141	-1.865234
4.605000	1.469727	-1.616211
4.610000	2.529297	-0.766602
4.615000	3.037109	0.195312
4.620000	2.915039	0.898438
4.625000	2.319336	1.191406
4.630000	1.533203	1.103516
4.635000	0.800781	0.791016
4.640000	0.268555	0.434570
4.645000	-0.029297	0.156250
4.650000	-0.136719	-0.151367
4.655000	-0.039062	-0.371094
4.660000	0.195312	-0.283203
4.665000	0.371094	0.000000
4.670000	0.366211	0.317383
4.675000	0.151367	0.546875
4.680000	-0.209961	0.473633
4.685000	-0.512695	-0.405273
4.690000	-0.229492	-1.542969
4.695000	0.771484	-1.757812
4.700000	1.923828	-1.176758
4.705000	2.695312	-0.249023
4.710000	2.861328	0.581055
4.715000	2.485352	1.069336
4.720000	1.777344	1.157227
4.725000	1.010742	0.937500
4.730000	0.380859	0.600586
4.735000	-0.024414	0.273438
4.740000	-0.205078	-0.185547
4.745000	-0.083008	-0.620117
4.750000	0.312500	-0.610352
4.755000	0.708008	-0.263672
4.760000	0.878906	0.180664
4.765000	0.756836	0.546875
4.770000	0.385742	0.732422
4.775000	-0.092773	0.659180
4.780000	-0.522461	-0.180664
4.785000	-0.385742	-1.552734
4.790000	0.629883	-2.045898
4.795000	1.967773	-1.547852
4.800000	2.983398	-0.556641
4.805000	3.359375	0.434570
4.810000	3.071289	1.074219
4.815000	2.363281	1.254883
4.820000	1.528320	1.079102
4.825000	0.815430	0.712891
4.830000	0.332031	0.346680
4.835000	0.097656	0.112305
4.840000	0.009766	0.043945
4.845000	-0.024414	0.087891
4.850000	-0.087891	0.107422
4.855000	-0.156250	-0.048828
4.860000	-0.126953	-0.312500
4.865000	0.068359	-0.351562
4.870000	0.297852	-0.131836
4.875000	0.375977	0.190430
4.880000	0.244141	0.463867
4.885000	-0.068359	0.571289
4.890000	-0.434570	0.019531
4.895000	-0.429688	-1.181641
4.900000	0.341797	-1.782227
4.905000	1.503906	-1.445312
4.910000	2.460938	-0.605469
4.915000	2.856445	0.302734
4.920000	2.656250	0.932617
4.925000	2.045898	1.162109
4.930000	1.269531	1.040039
4.935000	0.585938	0.732422
4.940000	0.087891	0.390625
4.945000	-0.175781	-0.004883
4.950000	-0.166016	-0.527344
4.955000	0.170898	-0.683594
4.960000	0.615234	-0.429688
4.965000	0.888672	0.019531
4.970000	0.878906	0.439453
4.975000	0.581055	0.693359
4.980000	0.117188	0.751953
4.985000	-0.375977	0.292969
4.990000	-0.551758	-1.015625
4.995000	0.122070	-1.992188
5.000000	1.416016	-1.850586
5.005000	2.636719	-0.996094
5.010000	3.295898	0.043945
5.015000	3.266602	0.859375
5.020000	2.700195	1.240234
5.025000	1.884766	1.186523
5.030000	1.093750	0.878906
5.035000	0.507812	0.488281
5.040000	0.175781	0.190430
5.045000	0.034180	0.053711
5.050000	-0.004883	0.068359
5.055000	-0.053711	0.126953
5.060000	-0.136719	0.058594
5.065000	-0.170898	-0.209961
5.070000	-0.034180	-0.419922
5.075000	0.234375	-0.307617
5.080000	0.429688	0.004883
5.085000	0.419922	0.336914
5.090000	0.195312	0.576172
5.095000	-0.190430	0.522461
5.100000	-0.517578	-0.341797
5.105000	-0.278320	-1.547852
5.110000	0.732422	-1.840820
5.115000	1.938477	-1.274414
5.120000	2.778320	-0.332031
5.125000	2.998047	0.546875
5.130000	2.636719	1.074219
5.135000	1.933594	1.181641
5.140000	1.152344	0.976562
5.145000	0.498047	0.629883
5.150000	0.068359	0.302734
5.155000	-0.136719	-0.019531
5.160000	-0.126953	-0.390625
5.165000	0.122070	-0.458984
5.170000	0.419922	-0.219727
5.175000	0.556641	0.146484
5.180000	0.458984	0.463867
5.185000	0.151367	0.644531
5.190000	-0.273438	0.439453
5.195000	-0.546875	-0.629883
5.200000	-0.122070	-1.762695
5.205000	1.025391	-1.850586
5.210000	2.241211	-1.147461
5.215000	2.998047	-0.156250
5.220000	3.105469	0.693359
5.225000	2.641602	1.147461
5.230000	1.884766	1.186523
5.235000	1.098633	0.927734
5.240000	0.473633	0.566406
5.245000	0.092773	0.253906
5.250000	-0.083008	0.019531
5.255000	-0.097656	-0.214844
5.260000	0.034180	-0.249023
5.265000	0.190430	-0.058594
5.270000	0.229492	0.209961
5.275000	0.087891	0.454102
5.280000	-0.209961	0.395508
5.285000	-0.458984	-0.375977
5.290000	-0.200195	-1.367188
5.295000	0.688477	-1.533203
5.300000	1.694336	-0.991211
5.305000	2.348633	-0.156250
5.310000	2.451172	0.581055
5.315000	2.065430	1.000977
5.320000	1.396484	1.069336
5.325000	0.688477	0.874023
5.330000	0.107422	0.561523
5.335000	-0.268555	0.019531
5.340000	-0.273438	-0.825195
5.345000	0.258789	-1.181641
5.350000	1.030273	-0.888672
5.355000	1.606445	-0.258789
5.360000	1.782227	0.380859
5.365000	1.523438	0.805664
5.370000	0.996094	0.937500
5.375000	0.371094	0.830078
5.380000	-0.185547	0.473633
5.385000	-0.488281	-0.556641
5.390000	-0.112305	-1.611328
5.395000	0.937500	-1.699219
5.400000	2.050781	-1.054688
5.405000	2.739258	-0.122070
5.410000	2.822266	0.668945
5.415000	2.387695	1.093750
5.420000	1.660156	1.127930
5.425000	0.908203	0.893555
5.430000	0.307617	0.551758
5.435000	-0.063477	0.219727
5.440000	-0.209961	-0.258789
5.445000	-0.039062	-0.654297
5.450000	0.375977	-0.585938
5.455000	0.761719	-0.209961
5.460000	0.893555	0.239258
5.465000	0.732422	0.585938
5.470000	0.341797	0.742188
5.475000	-0.151367	0.620117
5.480000	-0.546875	-0.332031
5.485000	-0.312500	-1.669922
5.490000	0.776367	-2.036133
5.495000	2.109375	-1.450195
5.500000	3.066406	-0.434570
5.505000	3.354492	0.527344
5.510000	3.012695	1.118164
5.515000	2.275391	1.250000
5.520000	1.440430	1.040039
5.525000	0.751953	0.668945
5.530000	0.297852	0.312500
5.535000	0.073242	0.097656
5.540000	0.004883	0.043945
5.545000	-0.029297	0.102539
5.550000	-0.092773	0.102539
5.555000	-0.166016	-0.078125
5.560000	-0.117188	-0.341797
5.565000	0.102539	-0.361328
5.570000	0.332031	-0.117188
5.575000	0.405273	0.214844
5.580000	0.263672	0.488281
5.585000	-0.063477	0.585938
5.590000	-0.439453	0.014648
5.595000	-0.434570	-1.206055
5.600000	0.351562	-1.816406
5.605000	1.538086	-1.474609
5.610000	2.509766	-0.620117
5.615000	2.915039	0.302734
5.620000	2.719727	0.937500
5.625000	2.099609	1.171875
5.630000	1.323242	1.049805
5.635000	0.625000	0.732422
5.640000	0.131836	0.395508
5.645000	-0.141602	0.043945
5.650000	-0.166016	-0.419922
5.655000	0.102539	-0.600586
5.660000	0.493164	-0.385742
5.665000	0.742188	0.014648
5.670000	0.722656	0.410156
5.675000	0.449219	0.654297
5.680000	0.009766	0.703125
5.685000	-0.444336	0.112305
5.690000	-0.498047	-1.240234
5.695000	0.312500	-2.011719
5.700000	1.625977	-1.713867
5.705000	2.753906	-0.805664
5.710000	3.286133	0.214844
5.715000	3.144531	0.952148
5.720000	2.514648	1.240234
5.725000	1.694336	1.142578
5.730000	0.937500	0.800781
5.735000	0.395508	0.429688
5.740000	0.107422	0.151367
5.745000	-0.004883	0.048828
5.750000	-0.043945	0.029297
5.755000	-0.068359	0.029297
5.760000	-0.087891	-0.009766
5.765000	-0.087891	-0.087891
5.770000	-0.029297	-0.092773
5.775000	0.019531	0.043945
5.780000	-0.009766	0.239258
5.785000	-0.170898	0.229492
5.790000	-0.317383	-0.258789
5.795000	-0.136719	-0.864258
5.800000	0.415039	-0.913086
5.805000	1.015625	-0.507812
5.810000	1.337891	0.068359
5.815000	1.289062	0.556641
5.820000	0.927734	0.820312
5.825000	0.380859	0.844727
5.830000	-0.180664	0.571289
5.835000	-0.541992	-0.488281
5.840000	-0.209961	-1.743164
5.845000	0.927734	-1.958008
5.850000	2.211914	-1.303711
5.855000	3.071289	-0.292969
5.860000	3.261719	0.615234
5.865000	2.856445	1.142578
5.870000	2.104492	1.230469
5.875000	1.284180	0.986328
5.880000	0.629883	0.615234
5.885000	0.214844	0.283203
5.890000	0.019531	0.083008
5.895000	-0.048828	0.004883
5.900000	-0.053711	-0.019531
5.905000	-0.048828	-0.009766
5.910000	-0.048828	0.043945
5.915000	-0.083008	0.058594
5.920000	-0.126953	-0.029297
5.925000	-0.102539	-0.185547
5.930000	0.009766	-0.200195
5.935000	0.136719	-0.009766
5.940000	0.141602	0.244141
5.945000	-0.024414	0.434570
5.950000	-0.307617	0.180664
5.955000	-0.410156	-0.712891
5.960000	0.053711	-1.386719
5.965000	0.957031	-1.254883
5.970000	1.782227	-0.610352
5.975000	2.182617	0.161133
5.980000	2.075195	0.751953
5.985000	1.572266	1.010742
5.990000	0.908203	0.966797
5.995000	0.258789	0.732422
6.000000	-0.229492	0.268555
6.005000	-0.400391	-0.708008
6.010000	0.063477	-1.416016
6.015000	0.996094	-1.298828
6.020000	1.845703	-0.644531
6.025000	2.270508	0.141602
6.030000	2.172852	0.751953
6.035000	1.679688	1.025391
6.040000	1.000977	0.986328
6.045000	0.341797	0.742188
6.050000	-0.156250	0.346680
6.055000	-0.380859	-0.512695
6.060000	-0.039062	-1.269531
6.065000	0.791016	-1.250000
6.070000	1.606445	-0.683594
6.075000	2.055664	0.063477
6.080000	2.016602	0.668945
6.085000	1.572266	0.966797
6.090000	0.932617	0.966797
6.095000	0.283203	0.756836
6.100000	-0.224609	0.312500
6.105000	-0.419922	-0.683594
6.110000	0.029297	-1.474609
6.115000	0.986328	-1.391602
6.120000	1.904297	-0.737305
6.125000	2.387695	0.083008
6.130000	2.333984	0.737305
6.135000	1.840820	1.044922
6.140000	1.157227	1.015625
6.145000	0.473633	0.776367
6.150000	-0.048828	0.434570
6.155000	-0.332031	-0.263672
6.160000	-0.156250	-1.064453
6.165000	0.532227	-1.181641
6.170000	1.298828	-0.727539
6.175000	1.777344	-0.043945
6.180000	1.806641	0.546875
6.185000	1.435547	0.888672
6.190000	0.849609	0.932617
6.195000	0.219727	0.771484
6.200000	-0.292969	0.278320
6.205000	-0.463867	-0.864258
6.210000	0.107422	-1.684570
6.215000	1.210938	-1.542969
6.220000	2.216797	-0.791016
6.225000	2.739258	0.107422
6.230000	2.666016	0.805664
6.235000	2.133789	1.123047
6.240000	1.391602	1.079102
6.245000	0.683594	0.795898
6.250000	0.141602	0.463867
6.255000	-0.170898	0.058594
6.260000	-0.209961	-0.532227
6.265000	0.131836	-0.791016
6.270000	0.644531	-0.566406
6.275000	1.020508	-0.092773
6.280000	1.079102	0.380859
6.285000	0.825195	0.693359
6.290000	0.356445	0.795898
6.295000	-0.170898	0.600586
6.300000	-0.551758	-0.424805
6.305000	-0.258789	-1.738281
6.310000	0.874023	-2.021484
6.315000	2.197266	-1.391602
6.320000	3.110352	-0.361328
6.325000	3.354492	0.581055
6.330000	2.973633	1.142578
6.335000	2.221680	1.245117
6.340000	1.386719	1.020508
6.345000	0.712891	0.639648
6.350000	0.278320	0.297852
6.355000	0.073242	0.087891
6.360000	0.004883	0.048828
6.365000	-0.029297	0.107422
6.370000	-0.107422	0.107422
6.375000	-0.170898	-0.087891
6.380000	-0.112305	-0.371094
6.385000	0.122070	-0.375977
6.390000	0.366211	-0.122070
6.395000	0.439453	0.219727
6.400000	0.288086	0.498047
6.405000	-0.039062	0.610352
6.410000	-0.429688	0.068359
6.415000	-0.458984	-1.171875
6.420000	0.302734	-1.850586
6.425000	1.503906	-1.542969
6.430000	2.519531	-0.688477
6.435000	2.978516	0.253906
6.440000	2.807617	0.922852
6.445000	2.202148	1.181641
6.450000	1.411133	1.079102
6.455000	0.698242	0.761719
6.460000	0.190430	0.415039
6.465000	-0.092773	0.102539
6.470000	-0.166016	-0.297852
6.475000	0.024414	-0.507812
6.480000	0.356445	-0.346680
6.485000	0.576172	0.000000
6.490000	0.576172	0.361328
6.495000	0.327148	0.610352
6.500000	-0.083008	0.634766
6.505000	-0.483398	-0.073242
6.510000	-0.419922	-1.396484
6.515000	0.488281	-1.958008
6.520000	1.772461	-1.542969
6.525000	2.783203	-0.605469
6.530000	3.183594	0.361328
6.535000	2.944336	1.010742
6.540000	2.280273	1.230469
6.545000	1.464844	1.079102
6.550000	0.751953	0.732422
6.555000	0.258789	0.375977
6.560000	0.000000	0.126953
6.565000	-0.087891	-0.058594
6.570000	-0.053711	-0.180664
6.575000	0.058594	-0.107422
6.580000	0.126953	0.107422
6.585000	0.048828	0.341797
6.590000	-0.180664	0.341797
6.595000	-0.395508	-0.273438
6.600000	-0.205078	-1.132812
6.605000	0.527344	-1.284180
6.610000	1.362305	-0.825195
6.615000	1.904297	-0.107422
6.620000	1.977539	0.541992
6.625000	1.616211	0.917969
6.630000	1.015625	0.976562
6.635000	0.361328	0.810547
6.640000	-0.180664	0.424805
6.645000	-0.449219	-0.566406
6.650000	-0.073242	-1.503906
6.655000	0.913086	-1.533203
6.660000	1.918945	-0.908203
6.665000	2.509766	-0.039062
6.670000	2.539062	0.678711
6.675000	2.094727	1.054688
6.680000	1.391602	1.074219
6.685000	0.678711	0.839844
6.690000	0.117188	0.522461
6.695000	-0.234375	0.029297
6.700000	-0.249023	-0.712891
6.705000	0.209961	-1.025391
6.710000	0.883789	-0.761719
6.715000	1.367188	-0.190430
6.720000	1.489258	0.380859
6.725000	1.240234	0.761719
6.730000	0.732422	0.878906
6.735000	0.146484	0.776367
6.740000	-0.371094	0.219727
6.745000	-0.493164	-1.064453
6.750000	0.205078	-1.899414
6.755000	1.445312	-1.684570
6.760000	2.553711	-0.844727
6.765000	3.110352	0.146484
6.770000	3.017578	0.883789
6.775000	2.436523	1.201172
6.780000	1.635742	1.127930
6.785000	0.888672	0.815430
6.790000	0.336914	0.454102
6.795000	0.029297	0.180664
6.800000	-0.092773	-0.043945
6.805000	-0.073242	-0.229492
6.810000	0.068359	-0.185547
6.815000	0.185547	0.024414
6.820000	0.161133	0.292969
6.825000	-0.034180	0.468750
6.830000	-0.332031	0.146484
6.835000	-0.419922	-0.820312
6.840000	0.112305	-1.474609
6.845000	1.079102	-1.289062
6.850000	1.928711	-0.600586
6.855000	2.329102	0.200195
6.860000	2.197266	0.795898
6.865000	1.669922	1.044922
6.870000	0.976562	0.981445
6.875000	0.317383	0.727539
6.880000	-0.170898	0.317383
6.885000	-0.371094	-0.546875
6.890000	-0.014648	-1.259766
6.895000	0.810547	-1.215820
6.900000	1.601562	-0.629883
6.905000	2.021484	0.102539
6.910000	1.948242	0.683594
6.915000	1.499023	0.966797
6.920000	0.854492	0.952148
6.925000	0.224609	0.732422
6.930000	-0.273438	0.239258
6.935000	-0.415039	-0.820312
6.940000	0.117188	-1.542969
6.945000	1.132812	-1.381836
6.950000	2.036133	-0.678711
6.955000	2.485352	0.161133
6.960000	2.382812	0.791016
6.965000	1.850586	1.069336
6.970000	1.142578	1.020508
6.975000	0.463867	0.756836
6.980000	-0.043945	0.415039
6.985000	-0.312500	-0.249023
6.990000	-0.141602	-0.991211
6.995000	0.498047	-1.093750
7.000000	1.210938	-0.659180
7.005000	1.630859	-0.009766
7.010000	1.640625	0.551758
7.015000	1.274414	0.864258
7.020000	0.708008	0.908203
7.025000	0.097656	0.737305
7.030000	-0.390625	0.097656
7.035000	-0.439453	-1.157227
7.040000	0.312500	-1.821289
7.045000	1.508789	-1.523438
7.050000	2.504883	-0.668945
7.055000	2.949219	0.258789
7.060000	2.783203	0.922852
7.065000	2.177734	1.171875
7.070000	1.396484	1.069336
7.075000	0.683594	0.756836
7.080000	0.175781	0.415039
7.085000	-0.102539	0.097656
7.090000	-0.166016	-0.322266
7.095000	0.039062	-0.532227
7.100000	0.385742	-0.361328
7.105000	0.615234	0.000000
7.110000	0.615234	0.371094
7.115000	0.366211	0.615234
7.120000	-0.048828	0.659180
7.125000	-0.473633	0.000000
7.130000	-0.454102	-1.333008
7.135000	0.419922	-1.977539
7.140000	1.713867	-1.601562
7.145000	2.773438	-0.673828
7.150000	3.222656	0.307617
7.155000	3.022461	0.986328
7.160000	2.368164	1.235352
7.165000	1.542969	1.098633
7.170000	0.820312	0.756836
7.175000	0.307617	0.395508
7.180000	0.039062	0.141602
7.185000	-0.063477	-0.009766
7.190000	-0.058594	-0.107422
7.195000	0.000000	-0.068359
7.200000	0.043945	0.102539
7.205000	-0.029297	0.292969
7.210000	-0.224609	0.175781
7.215000	-0.327148	-0.439453
7.220000	-0.039062	-0.991211
7.225000	0.605469	-0.917969
7.230000	1.206055	-0.429688
7.235000	1.479492	0.170898
7.240000	1.367188	0.649414
7.245000	0.942383	0.864258
7.250000	0.361328	0.844727
7.255000	-0.200195	0.527344
7.260000	-0.537109	-0.561523
7.265000	-0.151367	-1.743164
7.270000	0.986328	-1.889648
7.275000	2.221680	-1.210938
7.280000	3.017578	-0.214844
7.285000	3.164062	0.659180
7.290000	2.724609	1.142578
7.295000	1.972656	1.201172
7.300000	1.176758	0.952148
7.305000	0.537109	0.585938
7.310000	0.141602	0.263672
7.315000	-0.043945	0.063477
7.320000	-0.087891	-0.112305
7.325000	-0.014648	-0.166016
7.330000	0.083008	-0.029297
7.335000	0.097656	0.200195
7.340000	-0.034180	0.385742
7.345000	-0.288086	0.156250
7.350000	-0.380859	-0.649414
7.355000	0.048828	-1.254883
7.360000	0.869141	-1.113281
7.365000	1.596680	-0.507812
7.370000	1.933594	0.200195
7.375000	1.796875	0.732422
7.380000	1.313477	0.961914
7.385000	0.673828	0.917969
7.390000	0.063477	0.683594
7.395000	-0.385742	0.000000
7.400000	-0.371094	-1.171875
7.405000	0.385742	-1.684570
7.410000	1.489258	-1.323242
7.415000	2.363281	-0.502930
7.420000	2.690430	0.346680
7.425000	2.460938	0.927734
7.430000	1.845703	1.123047
7.435000	1.108398	0.996094
7.440000	0.439453	0.693359
7.445000	-0.024414	0.351562
7.450000	-0.263672	-0.209961
7.455000	-0.117188	-0.810547
7.460000	0.400391	-0.864258
7.465000	0.966797	-0.468750
7.470000	1.264648	0.078125
7.475000	1.225586	0.541992
7.480000	0.854492	0.800781
7.485000	0.327148	0.825195
7.490000	-0.224609	0.522461
7.495000	-0.551758	-0.595703
7.500000	-0.146484	-1.801758
7.505000	1.030273	-1.943359
7.510000	2.299805	-1.240234
7.515000	3.115234	-0.214844
7.520000	3.266602	0.673828
7.525000	2.817383	1.162109
7.530000	2.050781	1.220703
7.535000	1.245117	0.961914
7.540000	0.600586	0.590820
7.545000	0.200195	0.258789
7.550000	0.019531	0.078125
7.555000	-0.039062	0.019531
7.560000	-0.053711	-0.004883
7.565000	-0.058594	0.000000
7.570000	-0.063477	0.000000
7.575000	-0.073242	0.000000
7.580000	-0.073242	-0.019531
7.585000	-0.058594	-0.039062
7.590000	-0.043945	-0.009766
7.595000	-0.043945	0.068359
7.600000	-0.087891	0.087891
7.605000	-0.146484	-0.043945
7.610000	-0.117188	-0.273438
7.615000	0.053711	-0.302734
7.620000	0.244141	-0.087891
7.625000	0.302734	0.209961
7.630000	0.156250	0.463867
7.635000	-0.151367	0.493164
7.640000	-0.463867	-0.205078
7.645000	-0.312500	-1.333008
7.650000	0.551758	-1.684570
7.655000	1.655273	-1.220703
7.660000	2.456055	-0.356445
7.665000	2.690430	0.468750
7.670000	2.382812	0.991211
7.675000	1.723633	1.118164
7.680000	0.981445	0.952148
7.685000	0.346680	0.639648
7.690000	-0.087891	0.278320
7.695000	-0.273438	-0.341797
7.700000	-0.048828	-0.874023
7.705000	0.522461	-0.825195
7.710000	1.064453	-0.390625
7.715000	1.303711	0.166016
7.720000	1.201172	0.610352
7.725000	0.791016	0.825195
7.730000	0.244141	0.810547
7.735000	-0.292969	0.410156
7.740000	-0.546875	-0.810547
7.745000	-0.009766	-1.884766
7.750000	1.225586	-1.870117
7.755000	2.451172	-1.093750
7.760000	3.168945	-0.063477
7.765000	3.217773	0.771484
7.770000	2.705078	1.196289
7.775000	1.914062	1.201172
7.780000	1.127930	0.913086
7.785000	0.517578	0.532227
7.790000	0.151367	0.224609
7.795000	-0.009766	0.063477
7.800000	-0.048828	-0.004883
7.805000	-0.053711	-0.019531
7.810000	-0.048828	0.000000
7.815000	-0.048828	0.068359
7.820000	-0.117188	0.009766
7.825000	-0.122070	-0.156250
7.830000	-0.024414	-0.234375
7.835000	0.126953	-0.087891
7.840000	0.175781	0.161133
7.845000	0.063477	0.405273
7.850000	-0.200195	0.375977
7.855000	-0.439453	-0.341797
7.860000	-0.205078	-1.269531
7.865000	0.629883	-1.435547
7.870000	1.567383	-0.927734
7.875000	2.177734	-0.131836
7.880000	2.265625	0.566406
7.885000	1.889648	0.971680
7.890000	1.245117	1.035156
7.895000	0.561523	0.849609
7.900000	-0.014648	0.532227
7.905000	-0.356445	-0.175781
7.910000	-0.234375	-1.118164
7.915000	0.488281	-1.352539
7.920000	1.376953	-0.932617
7.925000	1.992188	-0.195312
7.930000	2.119141	0.493164
7.935000	1.791992	0.913086
7.940000	1.196289	1.005859
7.945000	0.522461	0.849609
7.950000	-0.048828	0.541992
7.955000	-0.400391	-0.244141
7.960000	-0.229492	-1.245117
7.965000	0.585938	-1.484375
7.970000	1.552734	-1.005859
7.975000	2.216797	-0.209961
7.980000	2.358398	0.522461
7.985000	2.011719	0.961914
7.990000	1.367188	1.049805
7.995000	0.673828	0.874023
8.000000	0.087891	0.576172
8.005000	-0.292969	0.000000
8.010000	-0.288086	-0.908203
8.015000	0.297852	-1.274414
8.020000	1.137695	-0.961914
8.025000	1.767578	-0.292969
8.030000	1.953125	0.385742
8.035000	1.699219	0.834961
8.040000	1.152344	0.971680
8.045000	0.498047	0.859375
8.050000	-0.073242	0.561523
8.055000	-0.439453	-0.292969
8.060000	-0.229492	-1.376953
8.065000	0.664062	-1.625977
8.070000	1.728516	-1.108398
8.075000	2.460938	-0.253906
8.080000	2.622070	0.537109
8.085000	2.265625	1.005859
8.090000	1.596680	1.103516
8.095000	0.869141	0.917969
8.100000	0.253906	0.600586
8.105000	-0.151367	0.205078
8.110000	-0.283203	-0.483398
8.115000	0.034180	-0.957031
8.120000	0.659180	-0.834961
8.125000	1.206055	-0.327148
8.130000	1.416016	0.244141
8.135000	1.254883	0.673828
8.140000	0.810547	0.859375
8.145000	0.239258	0.810547
8.150000	-0.302734	0.385742
8.155000	-0.537109	-0.839844
8.160000	0.019531	-1.870117
8.165000	1.245117	-1.821289
8.170000	2.441406	-1.040039
8.175000	3.120117	-0.029297
8.180000	3.139648	0.786133
8.185000	2.622070	1.191406
8.190000	1.835938	1.176758
8.195000	1.059570	0.888672
8.200000	0.458984	0.522461
8.205000	0.107422	0.219727
8.210000	-0.048828	0.039062
8.215000	-0.078125	-0.092773
8.220000	-0.014648	-0.122070
8.225000	0.053711	0.024414
8.230000	0.029297	0.239258
8.235000	-0.126953	0.317383
8.240000	-0.327148	-0.102539
8.245000	-0.249023	-0.864258
8.250000	0.302734	-1.113281
8.255000	1.030273	-0.771484
8.260000	1.533203	-0.151367
8.265000	1.625977	0.449219
8.270000	1.328125	0.820312
8.275000	0.795898	0.913086
8.280000	0.180664	0.786133
8.285000	-0.336914	0.253906
8.290000	-0.483398	-0.991211
8.295000	0.161133	-1.840820
8.300000	1.357422	-1.655273
8.305000	2.456055	-0.844727
8.310000	3.007812	0.122070
8.315000	2.924805	0.854492
8.320000	2.363281	1.176758
8.325000	1.582031	1.118164
8.330000	0.839844	0.815430
8.335000	0.292969	0.463867
8.340000	-0.024414	0.175781
8.345000	-0.141602	-0.146484
8.350000	-0.048828	-0.390625
8.355000	0.200195	-0.317383
8.360000	0.405273	-0.034180
8.365000	0.419922	0.297852
8.370000	0.224609	0.541992
8.375000	-0.141602	0.551758
8.380000	-0.493164	-0.209961
8.385000	-0.336914	-1.430664
8.390000	0.590820	-1.835938
8.395000	1.791992	-1.337891
8.400000	2.675781	-0.429688
8.405000	2.958984	0.458984
8.410000	2.656250	1.025391
8.415000	1.977539	1.181641
8.420000	1.201172	1.005859
8.425000	0.532227	0.664062
8.430000	0.078125	0.336914
8.435000	-0.151367	-0.014648
8.440000	-0.136719	-0.429688
8.445000	0.141602	-0.527344
8.450000	0.483398	-0.288086
8.455000	0.668945	0.102539
8.460000	0.595703	0.458984
8.465000	0.292969	0.659180
8.470000	-0.151367	0.600586
8.475000	-0.532227	-0.278320
8.480000	-0.332031	-1.586914
8.485000	0.703125	-1.982422
8.490000	2.006836	-1.430664
8.495000	2.949219	-0.449219
8.500000	3.251953	0.493164
8.505000	2.919922	1.083984
8.510000	2.207031	1.240234
8.515000	1.381836	1.040039
8.520000	0.698242	0.673828
8.525000	0.239258	0.327148
8.530000	0.019531	0.107422
8.535000	-0.058594	-0.009766
8.540000	-0.053711	-0.078125
8.545000	-0.009766	-0.024414
8.550000	0.000000	0.141602
8.555000	-0.097656	0.244141
8.560000	-0.249023	-0.014648
8.565000	-0.234375	-0.581055
8.570000	0.136719	-0.825195
8.575000	0.678711	-0.576172
8.580000	1.054688	-0.083008
8.585000	1.113281	0.400391
8.590000	0.839844	0.712891
8.595000	0.366211	0.810547
8.600000	-0.175781	0.605469
8.605000	-0.556641	-0.434570
8.610000	-0.253906	-1.748047
8.615000	0.883789	-2.031250
8.620000	2.216797	-1.391602
8.625000	3.134766	-0.361328
8.630000	3.378906	0.585938
8.635000	2.993164	1.147461
8.640000	2.236328	1.250000
8.645000	1.406250	1.020508
8.650000	0.727539	0.644531
8.655000	0.292969	0.292969
8.660000	0.087891	0.083008
8.665000	0.019531	0.043945
8.670000	-0.009766	0.122070
8.675000	-0.097656	0.146484
8.680000	-0.195312	-0.058594
8.685000	-0.151367	-0.424805
8.690000	0.117188	-0.502930
8.695000	0.444336	-0.253906
8.700000	0.615234	0.122070
8.705000	0.527344	0.463867
8.710000	0.214844	0.654297
8.715000	-0.224609	0.522461
8.720000	-0.556641	-0.478516
8.725000	-0.219727	-1.718750
8.730000	0.898438	-1.933594
8.735000	2.163086	-1.284180
8.740000	3.017578	-0.288086
8.745000	3.203125	0.610352
8.750000	2.797852	1.132812
8.755000	2.055664	1.220703
8.760000	1.245117	0.981445
8.765000	0.590820	0.615234
8.770000	0.175781	0.283203
8.775000	-0.014648	0.078125
8.780000	-0.078125	-0.063477
8.785000	-0.039062	-0.126953
8.790000	0.039062	-0.019531
8.795000	0.048828	0.185547
8.800000	-0.087891	0.327148
8.805000	-0.292969	0.034180
8.810000	-0.307617	-0.698242
8.815000	0.146484	-1.098633
8.820000	0.864258	-0.859375
8.825000	1.420898	-0.278320
8.830000	1.606445	0.332031
8.835000	1.381836	0.756836
8.840000	0.888672	0.908203
8.845000	0.278320	0.820312
8.850000	-0.268555	0.400391
8.855000	-0.517578	-0.766602
8.860000	-0.009766	-1.791992
8.865000	1.166992	-1.767578
8.870000	2.324219	-1.020508
8.875000	2.993164	-0.039062
8.880000	3.022461	0.756836
8.885000	2.514648	1.162109
8.890000	1.752930	1.162109
8.895000	0.986328	0.883789
8.900000	0.390625	0.522461
8.905000	0.034180	0.224609
8.910000	-0.117188	-0.048828
8.915000	-0.087891	-0.307617
8.920000	0.107422	-0.302734
8.925000	0.302734	-0.063477
8.930000	0.336914	0.239258
8.935000	0.170898	0.488281
8.940000	-0.156250	0.507812
8.945000	-0.478516	-0.224609
8.950000	-0.312500	-1.372070
8.955000	0.581055	-1.728516
8.960000	1.708984	-1.245117
8.965000	2.524414	-0.366211
8.970000	2.768555	0.478516
8.975000	2.456055	1.000977
8.980000	1.787109	1.142578
8.985000	1.035156	0.961914
8.990000	0.390625	0.639648
8.995000	-0.043945	0.302734
9.000000	-0.244141	-0.239258
9.005000	-0.083008	-0.751953
9.010000	0.405273	-0.751953
9.015000	0.893555	-0.366211
9.020000	1.132812	0.146484
9.025000	1.035156	0.571289
9.030000	0.659180	0.781250
9.035000	0.136719	0.781250
9.040000	-0.375977	0.273438
9.045000	-0.541992	-1.044922
9.050000	0.151367	-1.987305
9.055000	1.450195	-1.826172
9.060000	2.651367	-0.961914
9.065000	3.295898	0.073242
9.070000	3.242188	0.874023
9.075000	2.666016	1.240234
9.080000	1.850586	1.176758
9.085000	1.069336	0.864258
9.090000	0.488281	0.478516
9.095000	0.161133	0.185547
9.100000	0.029297	0.048828
9.105000	-0.009766	0.068359
9.110000	-0.058594	0.107422
9.115000	-0.136719	0.029297
9.120000	-0.151367	-0.209961
9.125000	-0.014648	-0.361328
9.130000	0.209961	-0.214844
9.135000	0.346680	0.078125
9.140000	0.288086	0.375977
9.145000	0.034180	0.566406
9.150000	-0.332031	0.273438
9.155000	-0.493164	-0.800781
9.160000	0.039062	-1.689453
9.165000	1.142578	-1.596680
9.170000	2.187500	-0.864258
9.175000	2.753906	0.053711
9.180000	2.719727	0.776367
9.185000	2.207031	1.123047
9.190000	1.459961	1.093750
9.195000	0.732422	0.825195
9.200000	0.180664	0.488281
9.205000	-0.151367	0.102539
9.210000	-0.214844	-0.468750
9.215000	0.087891	-0.761719
9.220000	0.581055	-0.576172
9.225000	0.961914	-0.126953
9.230000	1.044922	0.346680
9.235000	0.805664	0.673828
9.240000	0.356445	0.781250
9.245000	-0.166016	0.610352
9.250000	-0.556641	-0.395508
9.255000	-0.273438	-1.718750
9.260000	0.849609	-2.026367
9.265000	2.182617	-1.406250
9.270000	3.105469	-0.385742
9.275000	3.364258	0.566406
9.280000	2.993164	1.132812
9.285000	2.241211	1.250000
9.290000	1.411133	1.025391
9.295000	0.727539	0.649414
9.300000	0.288086	0.302734
9.305000	0.078125	0.087891
9.310000	0.009766	0.048828
9.315000	-0.019531	0.107422
9.320000	-0.097656	0.122070
9.325000	-0.180664	-0.078125
9.330000	-0.126953	-0.385742
9.335000	0.117188	-0.415039
9.340000	0.380859	-0.161133
9.345000	0.488281	0.185547
9.350000	0.366211	0.488281
9.355000	0.034180	0.634766
9.360000	-0.380859	0.239258
9.365000	-0.512695	-0.961914
9.370000	0.122070	-1.845703
9.375000	1.323242	-1.694336
9.380000	2.436523	-0.878906
9.385000	3.017578	0.097656
9.390000	2.949219	0.844727
9.395000	2.397461	1.181641
9.400000	1.611328	1.127930
9.405000	0.869141	0.830078
9.410000	0.307617	0.468750
9.415000	-0.014648	0.180664
9.420000	-0.141602	-0.126953
9.425000	-0.053711	-0.371094
9.430000	0.180664	-0.312500
9.435000	0.380859	-0.034180
9.440000	0.400391	0.292969
9.445000	0.205078	0.537109
9.450000	-0.151367	0.537109
9.455000	-0.493164	-0.234375
9.460000	-0.322266	-1.435547
9.465000	0.610352	-1.811523
9.470000	1.796875	-1.303711
9.475000	2.656250	-0.400391
9.480000	2.919922	0.478516
9.485000	2.602539	1.030273
9.490000	1.923828	1.171875
9.495000	1.152344	0.991211
9.500000	0.488281	0.654297
9.505000	0.048828	0.327148
9.510000	-0.166016	-0.063477
9.515000	-0.126953	-0.512695
9.520000	0.195312	-0.581055
9.525000	0.571289	-0.302734
9.530000	0.766602	0.112305
9.535000	0.688477	0.483398
9.540000	0.366211	0.688477
9.545000	-0.092773	0.654297
9.550000	-0.517578	-0.146484
9.555000	-0.395508	-1.508789
9.560000	0.590820	-2.026367
9.565000	1.914062	-1.547852
9.570000	2.934570	-0.571289
9.575000	3.315430	0.410156
9.580000	3.037109	1.054688
9.585000	2.348633	1.245117
9.590000	1.518555	1.079102
9.595000	0.800781	0.717773
9.600000	0.317383	0.356445
9.605000	0.068359	0.117188
9.610000	-0.014648	0.039062
9.615000	-0.048828	0.039062
9.620000	-0.078125	0.029297
9.625000	-0.097656	-0.029297
9.630000	-0.078125	-0.117188
9.635000	-0.009766	-0.087891
9.640000	0.048828	0.083008
9.645000	-0.009766	0.288086
9.650000	-0.205078	0.224609
9.655000	-0.341797	-0.356445
9.660000	-0.102539	-0.986328
9.665000	0.537109	-0.996094
9.670000	1.186523	-0.527344
9.675000	1.528320	0.092773
9.680000	1.464844	0.605469
9.685000	1.069336	0.864258
9.690000	0.493164	0.869141
9.695000	-0.087891	0.639648
9.700000	-0.498047	-0.278320
9.705000	-0.302734	-1.557617
9.710000	0.712891	-1.914062
9.715000	1.967773	-1.362305
9.720000	2.866211	-0.405273
9.725000	3.134766	0.507812
9.730000	2.792969	1.074219
9.735000	2.089844	1.206055
9.740000	1.284180	1.010742
9.745000	0.615234	0.654297
9.750000	0.170898	0.322266
9.755000	-0.048828	0.078125
9.760000	-0.107422	-0.151367
9.765000	-0.014648	-0.253906
9.770000	0.146484	-0.122070
9.775000	0.224609	0.141602
9.780000	0.126953	0.390625
9.785000	-0.136719	0.458984
9.790000	-0.429688	-0.146484
9.795000	-0.317383	-1.186523
9.800000	0.454102	-1.542969
9.805000	1.464844	-1.132812
9.810000	2.207031	-0.336914
9.815000	2.426758	0.444336
9.820000	2.138672	0.932617
9.825000	1.518555	1.079102
9.830000	0.805664	0.922852
9.835000	0.190430	0.629883
9.840000	-0.234375	0.146484
9.845000	-0.322266	-0.722656
9.850000	0.146484	-1.225586
9.855000	0.947266	-1.020508
9.860000	1.606445	-0.400391
9.865000	1.865234	0.278320
9.870000	1.684570	0.761719
9.875000	1.186523	0.952148
9.880000	0.551758	0.878906
9.885000	-0.039062	0.620117
9.890000	-0.439453	-0.205078
9.895000	-0.292969	-1.357422
9.900000	0.595703	-1.704102
9.905000	1.713867	-1.230469
9.910000	2.509766	-0.351562
9.915000	2.749023	0.483398
9.920000	2.431641	1.000977
9.925000	1.767578	1.132812
9.930000	1.020508	0.957031
9.935000	0.375977	0.634766
9.940000	-0.053711	0.297852
9.945000	-0.244141	-0.253906
9.950000	-0.078125	-0.766602
9.955000	0.419922	-0.761719
9.960000	0.917969	-0.366211
9.965000	1.162109	0.151367
9.970000	1.054688	0.576172
9.975000	0.673828	0.786133
9.980000	0.146484	0.781250
9.985000	-0.371094	0.288086
9.990000	-0.537109	-1.025391
9.995000	0.136719	-1.982422
10.000000	1.430664	-1.835938
