# Time_s	x	xdot
0.000000	2.016602	0.136719
0.005000	1.928711	0.708008
0.010000	1.455078	0.981445
0.015000	0.810547	0.947266
0.020000	0.175781	0.727539
0.025000	-0.307617	0.175781
0.030000	-0.410156	-0.937500
0.035000	0.200195	-1.596680
0.040000	1.240234	-1.372070
0.045000	2.143555	-0.625000
0.050000	2.553711	0.219727
0.055000	2.412109	0.839844
0.060000	1.855469	1.093750
0.065000	1.132812	1.015625
0.070000	0.458984	0.742188
0.075000	-0.039062	0.390625
0.080000	-0.302734	-0.253906
0.085000	-0.126953	-0.952148
0.090000	0.483398	-1.025391
0.095000	1.157227	-0.595703
0.100000	1.542969	0.024414
0.105000	1.523438	0.556641
0.110000	1.152344	0.854492
0.115000	0.590820	0.883789
0.120000	-0.004883	0.698242
0.125000	-0.458984	-0.092773
0.130000	-0.380859	-1.386719
0.135000	0.522461	-1.904297
0.140000	1.767578	-1.464844
0.145000	2.734375	-0.541992
0.150000	3.100586	0.390625
0.155000	2.836914	1.015625
0.160000	2.167969	1.210938
0.165000	1.362305	1.049805
0.170000	0.668945	0.708008
0.175000	0.190430	0.361328
0.180000	-0.058594	0.092773
0.185000	-0.126953	-0.195312
0.190000	-0.004883	-0.327148
0.195000	0.209961	-0.190430
0.200000	0.332031	0.097656
0.205000	0.263672	0.380859
0.210000	0.004883	0.556641
0.215000	-0.361328	0.205078
0.220000	-0.478516	-0.888672
0.225000	0.107422	-1.684570
0.230000	1.210938	-1.528320
0.235000	2.211914	-0.771484
0.240000	2.714844	0.131836
0.245000	2.626953	0.820312
0.250000	2.089844	1.127930
0.255000	1.337891	1.069336
0.260000	0.629883	0.791016
0.265000	0.102539	0.454102
0.270000	-0.205078	0.000000
0.275000	-0.200195	-0.629883
0.280000	0.205078	-0.859375
0.285000	0.761719	-0.585938
0.290000	1.142578	-0.073242
0.295000	1.186523	0.424805
0.300000	0.908203	0.732422
0.305000	0.415039	0.815430
0.310000	-0.131836	0.629883
0.315000	-0.537109	-0.336914
0.320000	-0.297852	-1.674805
0.325000	0.791016	-2.026367
0.330000	2.114258	-1.430664
0.335000	3.061523	-0.419922
0.340000	3.339844	0.532227
0.345000	2.988281	1.118164
0.350000	2.250977	1.250000
0.355000	1.416016	1.040039
0.360000	0.727539	0.659180
0.365000	0.283203	0.302734
0.370000	0.068359	0.092773
0.375000	-0.004883	0.039062
0.380000	-0.034180	0.083008
0.385000	-0.092773	0.087891
0.390000	-0.151367	-0.068359
0.395000	-0.102539	-0.292969
0.400000	0.078125	-0.288086
0.405000	0.263672	-0.058594
0.410000	0.302734	0.244141
0.415000	0.131836	0.488281
0.420000	-0.195312	0.463867
0.425000	-0.478516	-0.327148
0.430000	-0.253906	-1.430664
0.435000	0.678711	-1.684570
0.440000	1.777344	-1.147461
0.445000	2.529297	-0.263672
0.450000	2.705078	0.551758
0.455000	2.348633	1.030273
0.460000	1.665039	1.127930
0.465000	0.917969	0.932617
0.470000	0.292969	0.605469
0.475000	-0.117188	0.224609
0.480000	-0.263672	-0.405273
0.485000	0.004883	-0.883789
0.490000	0.571289	-0.786133
0.495000	1.088867	-0.322266
0.500000	1.289062	0.229492
0.505000	1.147461	0.644531
0.510000	0.712891	0.830078
0.515000	0.156250	0.795898
0.520000	-0.366211	0.283203
0.525000	-0.532227	-1.025391
0.530000	0.146484	-1.972656
0.535000	1.425781	-1.816406
0.540000	2.617188	-0.961914
0.545000	3.256836	0.073242
0.550000	3.208008	0.874023
0.555000	2.631836	1.240234
0.560000	1.816406	1.176758
0.565000	1.035156	0.859375
0.570000	0.458984	0.478516
0.575000	0.126953	0.180664
0.580000	-0.004883	0.043945
0.585000	-0.039062	0.024414
0.590000	-0.058594	0.029297
0.595000	-0.087891	0.009766
0.600000	-0.087891	-0.058594
0.605000	-0.058594	-0.112305
0.610000	0.004883	-0.024414
0.615000	0.019531	0.161133
0.620000	-0.087891	0.288086
0.625000	-0.283203	0.004883
0.630000	-0.273438	-0.654297
0.635000	0.151367	-0.976562
0.640000	0.786133	-0.727539
0.645000	1.259766	-0.185547
0.650000	1.381836	0.371094
0.655000	1.142578	0.742188
0.660000	0.639648	0.869141
0.665000	0.068359	0.766602
0.670000	-0.434570	0.087891
0.675000	-0.473633	-1.274414
0.680000	0.356445	-2.001953
0.685000	1.669922	-1.679688
0.690000	2.773438	-0.761719
0.695000	3.276367	0.253906
0.700000	3.110352	0.971680
0.705000	2.475586	1.240234
0.710000	1.645508	1.127930
0.715000	0.893555	0.791016
0.720000	0.366211	0.415039
0.725000	0.078125	0.146484
0.730000	-0.029297	0.029297
0.735000	-0.053711	-0.009766
0.740000	-0.048828	-0.004883
0.745000	-0.048828	0.034180
0.750000	-0.078125	0.048828
0.755000	-0.107422	-0.019531
0.760000	-0.092773	-0.151367
0.765000	-0.004883	-0.161133
0.770000	0.097656	0.009766
0.775000	0.083008	0.249023
0.780000	-0.083008	0.390625
0.785000	-0.336914	0.019531
0.790000	-0.336914	-0.849609
0.795000	0.214844	-1.293945
0.800000	1.059570	-1.025391
0.805000	1.723633	-0.361328
0.810000	1.962891	0.332031
0.815000	1.738281	0.815430
0.820000	1.206055	0.986328
0.825000	0.551758	0.883789
0.830000	-0.039062	0.605469
0.835000	-0.434570	-0.229492
0.840000	-0.273438	-1.352539
0.845000	0.615234	-1.665039
0.850000	1.704102	-1.181641
0.855000	2.480469	-0.317383
0.860000	2.680664	0.502930
0.865000	2.358398	1.000977
0.870000	1.694336	1.123047
0.875000	0.947266	0.942383
0.880000	0.317383	0.625000
0.885000	-0.102539	0.253906
0.890000	-0.268555	-0.380859
0.895000	-0.019531	-0.888672
0.900000	0.551758	-0.820312
0.905000	1.088867	-0.361328
0.910000	1.318359	0.195312
0.915000	1.196289	0.629883
0.920000	0.771484	0.834961
0.925000	0.214844	0.805664
0.930000	-0.317383	0.371094
0.935000	-0.541992	-0.888672
0.940000	0.039062	-1.923828
0.945000	1.293945	-1.860352
0.950000	2.519531	-1.049805
0.955000	3.208008	-0.019531
0.960000	3.222656	0.815430
0.965000	2.685547	1.215820
0.970000	1.879883	1.196289
0.975000	1.093750	0.893555
0.980000	0.488281	0.512695
0.985000	0.141602	0.205078
0.990000	-0.009766	0.048828
0.995000	-0.048828	0.004883
1.000000	-0.048828	0.000000
1.005000	-0.058594	0.019531
1.010000	-0.078125	0.019531
1.015000	-0.087891	-0.024414
1.020000	-0.078125	-0.087891
1.025000	-0.024414	-0.068359
1.030000	0.014648	0.087891
1.035000	-0.048828	0.253906
1.040000	-0.214844	0.131836
1.045000	-0.292969	-0.415039
1.050000	-0.014648	-0.869141
1.055000	0.546875	-0.766602
1.060000	1.049805	-0.307617
1.065000	1.245117	0.234375
1.070000	1.093750	0.644531
1.075000	0.654297	0.825195
1.080000	0.107422	0.781250
1.085000	-0.405273	0.200195
1.090000	-0.517578	-1.162109
1.095000	0.239258	-2.026367
1.100000	1.562500	-1.791992
1.105000	2.744141	-0.893555
1.110000	3.334961	0.151367
1.115000	3.237305	0.927734
1.120000	2.622070	1.250000
1.125000	1.796875	1.171875
1.130000	1.020508	0.839844
1.135000	0.458984	0.449219
1.140000	0.146484	0.161133
1.145000	0.029297	0.039062
1.150000	-0.009766	0.068359
1.155000	-0.053711	0.136719
1.160000	-0.146484	0.048828
1.165000	-0.175781	-0.239258
1.170000	-0.019531	-0.439453
1.175000	0.258789	-0.302734
1.180000	0.458984	0.019531
1.185000	0.439453	0.351562
1.190000	0.200195	0.585938
1.195000	-0.190430	0.527344
1.200000	-0.522461	-0.351562
1.205000	-0.273438	-1.572266
1.210000	0.751953	-1.870117
1.215000	1.977539	-1.293945
1.220000	2.832031	-0.336914
1.225000	3.056641	0.551758
1.230000	2.690430	1.083984
1.235000	1.977539	1.201172
1.240000	1.186523	0.986328
1.245000	0.522461	0.629883
1.250000	0.092773	0.302734
1.255000	-0.112305	0.000000
1.260000	-0.117188	-0.322266
1.265000	0.087891	-0.400391
1.270000	0.341797	-0.180664
1.275000	0.458984	0.156250
1.280000	0.351562	0.454102
1.285000	0.043945	0.615234
1.290000	-0.356445	0.273438
1.295000	-0.517578	-0.888672
1.300000	0.073242	-1.796875
1.305000	1.250000	-1.679688
1.310000	2.358398	-0.903320
1.315000	2.949219	0.063477
1.320000	2.910156	0.820312
1.325000	2.373047	1.171875
1.330000	1.591797	1.127930
1.335000	0.844727	0.839844
1.340000	0.278320	0.483398
1.345000	-0.048828	0.170898
1.350000	-0.166016	-0.214844
1.355000	-0.024414	-0.488281
1.360000	0.292969	-0.395508
1.365000	0.541992	-0.068359
1.370000	0.585938	0.302734
1.375000	0.385742	0.576172
1.380000	-0.004883	0.664062
1.385000	-0.429688	0.122070
1.390000	-0.493164	-1.176758
1.395000	0.278320	-1.948242
1.400000	1.547852	-1.679688
1.405000	2.651367	-0.791016
1.410000	3.173828	0.205078
1.415000	3.041992	0.932617
1.420000	2.431641	1.230469
1.425000	1.611328	1.127930
1.430000	0.864258	0.800781
1.435000	0.322266	0.429688
1.440000	0.029297	0.156250
1.445000	-0.083008	-0.034180
1.450000	-0.058594	-0.175781
1.455000	0.043945	-0.126953
1.460000	0.122070	0.078125
1.465000	0.063477	0.317383
1.470000	-0.141602	0.375977
1.475000	-0.385742	-0.161133
1.480000	-0.268555	-1.054688
1.485000	0.415039	-1.318359
1.490000	1.274414	-0.927734
1.495000	1.884766	-0.209961
1.500000	2.016602	0.468750
1.505000	1.708984	0.893555
1.510000	1.123047	0.996094
1.515000	0.458984	0.849609
1.520000	-0.112305	0.507812
1.525000	-0.439453	-0.390625
1.530000	-0.170898	-1.416016
1.535000	0.751953	-1.577148
1.540000	1.787109	-1.020508
1.545000	2.460938	-0.166016
1.550000	2.558594	0.595703
1.555000	2.172852	1.030273
1.560000	1.489258	1.093750
1.565000	0.766602	0.883789
1.570000	0.175781	0.571289
1.575000	-0.205078	0.107422
1.580000	-0.273438	-0.644531
1.585000	0.146484	-1.044922
1.590000	0.825195	-0.830078
1.595000	1.362305	-0.268555
1.600000	1.547852	0.322266
1.605000	1.323242	0.737305
1.610000	0.839844	0.888672
1.615000	0.244141	0.810547
1.620000	-0.297852	0.361328
1.625000	-0.517578	-0.849609
1.630000	0.039062	-1.840820
1.635000	1.245117	-1.772461
1.640000	2.412109	-0.991211
1.645000	3.061523	0.000000
1.650000	3.066406	0.800781
1.655000	2.534180	1.186523
1.660000	1.752930	1.162109
1.665000	0.981445	0.874023
1.670000	0.390625	0.502930
1.675000	0.048828	0.214844
1.680000	-0.097656	-0.029297
1.685000	-0.083008	-0.244141
1.690000	0.073242	-0.234375
1.695000	0.224609	-0.014648
1.700000	0.224609	0.263672
1.705000	0.043945	0.483398
1.710000	-0.273438	0.322266
1.715000	-0.468750	-0.581055
1.720000	-0.078125	-1.479492
1.725000	0.888672	-1.494141
1.730000	1.870117	-0.869141
1.735000	2.441406	-0.014648
1.740000	2.451172	0.688477
1.745000	1.992188	1.049805
1.750000	1.293945	1.064453
1.755000	0.590820	0.825195
1.760000	0.034180	0.502930
1.765000	-0.292969	-0.102539
1.770000	-0.219727	-0.917969
1.775000	0.371094	-1.152344
1.780000	1.127930	-0.786133
1.785000	1.635742	-0.141602
1.790000	1.728516	0.468750
1.795000	1.420898	0.844727
1.800000	0.864258	0.927734
1.805000	0.244141	0.800781
1.810000	-0.288086	0.317383
1.815000	-0.483398	-0.844727
1.820000	0.073242	-1.748047
1.825000	1.220703	-1.640625
1.830000	2.299805	-0.883789
1.835000	2.875977	0.058594
1.840000	2.836914	0.800781
1.845000	2.309570	1.152344
1.850000	1.542969	1.113281
1.855000	0.805664	0.834961
1.860000	0.249023	0.483398
1.865000	-0.087891	0.151367
1.870000	-0.185547	-0.297852
1.875000	0.004883	-0.595703
1.880000	0.385742	-0.468750
1.885000	0.688477	-0.092773
1.890000	0.751953	0.312500
1.895000	0.537109	0.610352
1.900000	0.131836	0.722656
1.905000	-0.346680	0.356445
1.910000	-0.561523	-0.888672
1.915000	0.029297	-1.938477
1.920000	1.289062	-1.879883
1.925000	2.524414	-1.074219
1.930000	3.237305	-0.029297
1.935000	3.256836	0.810547
1.940000	2.724609	1.225586
1.945000	1.914062	1.201172
1.950000	1.118164	0.903320
1.955000	0.512695	0.517578
1.960000	0.156250	0.209961
1.965000	0.009766	0.053711
1.970000	-0.029297	0.029297
1.975000	-0.053711	0.048828
1.980000	-0.087891	0.024414
1.985000	-0.107422	-0.087891
1.990000	-0.053711	-0.166016
1.995000	0.048828	-0.068359
2.000000	0.087891	0.146484
2.005000	-0.009766	0.356445
2.010000	-0.244141	0.219727
2.015000	-0.380859	-0.502930
2.020000	-0.048828	-1.176758
2.025000	0.712891	-1.132812
2.030000	1.455078	-0.585938
2.035000	1.835938	0.112305
2.040000	1.762695	0.668945
2.045000	1.318359	0.937500
2.050000	0.698242	0.927734
2.055000	0.078125	0.712891
2.060000	-0.390625	0.039062
2.065000	-0.400391	-1.181641
2.070000	0.366211	-1.757812
2.075000	1.518555	-1.416016
2.080000	2.451172	-0.576172
2.085000	2.827148	0.322266
2.090000	2.617188	0.937500
2.095000	2.001953	1.162109
2.100000	1.240234	1.035156
2.105000	0.546875	0.722656
2.110000	0.063477	0.385742
2.115000	-0.200195	-0.053711
2.120000	-0.166016	-0.595703
2.125000	0.219727	-0.722656
2.130000	0.693359	-0.439453
2.135000	0.981445	0.034180
2.140000	0.957031	0.468750
2.145000	0.639648	0.722656
2.150000	0.161133	0.771484
2.155000	-0.351562	0.341797
2.160000	-0.556641	-0.947266
2.165000	0.068359	-1.982422
2.170000	1.362305	-1.894531
2.175000	2.607422	-1.059570
2.180000	3.310547	0.000000
2.185000	3.315430	0.834961
2.190000	2.758789	1.240234
2.195000	1.943359	1.210938
2.200000	1.142578	0.898438
2.205000	0.541992	0.507812
2.210000	0.190430	0.200195
2.215000	0.048828	0.048828
2.220000	0.009766	0.058594
2.225000	-0.029297	0.146484
2.230000	-0.131836	0.117188
2.235000	-0.205078	-0.175781
2.240000	-0.087891	-0.507812
2.245000	0.234375	-0.473633
2.250000	0.541992	-0.161133
2.255000	0.644531	0.229492
2.260000	0.483398	0.541992
2.265000	0.122070	0.693359
2.270000	-0.332031	0.366211
2.275000	-0.556641	-0.839844
2.280000	0.000000	-1.894531
2.285000	1.240234	-1.865234
2.290000	2.470703	-1.079102
2.295000	3.168945	-0.043945
2.300000	3.198242	0.791016
2.305000	2.680664	1.206055
2.310000	1.884766	1.196289
2.315000	1.093750	0.903320
2.320000	0.483398	0.527344
2.325000	0.126953	0.219727
2.330000	-0.019531	0.048828
2.335000	-0.058594	-0.043945
2.340000	-0.034180	-0.053711
2.345000	-0.009766	0.048828
2.350000	-0.048828	0.190430
2.355000	-0.166016	0.126953
2.360000	-0.244141	-0.283203
2.365000	-0.058594	-0.673828
2.370000	0.371094	-0.605469
2.375000	0.766602	-0.224609
2.380000	0.913086	0.234375
2.385000	0.751953	0.590820
2.390000	0.356445	0.751953
2.395000	-0.146484	0.629883
2.400000	-0.551758	-0.312500
2.405000	-0.327148	-1.679688
2.410000	0.771484	-2.070312
2.415000	2.124023	-1.489258
2.420000	3.105469	-0.463867
2.425000	3.417969	0.517578
2.430000	3.076172	1.123047
2.435000	2.333984	1.269531
2.440000	1.484375	1.059570
2.445000	0.781250	0.678711
2.450000	0.327148	0.317383
2.455000	0.107422	0.092773
2.460000	0.034180	0.034180
2.465000	0.004883	0.107422
2.470000	-0.073242	0.185547
2.475000	-0.195312	0.019531
2.480000	-0.205078	-0.400391
2.485000	0.053711	-0.615234
2.490000	0.454102	-0.429688
2.495000	0.727539	-0.019531
2.500000	0.742188	0.380859
2.505000	0.488281	0.644531
2.510000	0.053711	0.722656
2.515000	-0.419922	0.200195
2.520000	-0.527344	-1.137695
2.525000	0.219727	-2.021484
2.530000	1.533203	-1.801758
2.535000	2.719727	-0.908203
2.540000	3.320312	0.131836
2.545000	3.232422	0.917969
2.550000	2.626953	1.245117
2.555000	1.801758	1.171875
2.560000	1.020508	0.844727
2.565000	0.458984	0.458984
2.570000	0.141602	0.166016
2.575000	0.019531	0.043945
2.580000	-0.009766	0.063477
2.585000	-0.058594	0.112305
2.590000	-0.136719	0.034180
2.595000	-0.156250	-0.219727
2.600000	-0.014648	-0.371094
2.605000	0.224609	-0.229492
2.610000	0.371094	0.068359
2.615000	0.317383	0.375977
2.620000	0.063477	0.576172
2.625000	-0.312500	0.332031
2.630000	-0.512695	-0.732422
2.635000	-0.024414	-1.689453
2.640000	1.079102	-1.665039
2.645000	2.177734	-0.952148
2.650000	2.797852	-0.014648
2.655000	2.807617	0.747070
2.660000	2.314453	1.132812
2.665000	1.562500	1.123047
2.670000	0.820312	0.854492
2.675000	0.239258	0.512695
2.680000	-0.102539	0.161133
2.685000	-0.205078	-0.356445
2.690000	0.019531	-0.683594
2.695000	0.463867	-0.551758
2.700000	0.825195	-0.146484
2.705000	0.917969	0.307617
2.710000	0.712891	0.629883
2.715000	0.288086	0.756836
2.720000	-0.214844	0.556641
2.725000	-0.561523	-0.512695
2.730000	-0.214844	-1.796875
2.735000	0.957031	-2.021484
2.740000	2.280273	-1.347656
2.745000	3.168945	-0.307617
2.750000	3.378906	0.629883
2.755000	2.958984	1.166992
2.760000	2.187500	1.250000
2.765000	1.352539	1.000977
2.770000	0.683594	0.615234
2.775000	0.263672	0.273438
2.780000	0.068359	0.068359
2.785000	0.014648	0.039062
2.790000	-0.019531	0.126953
2.795000	-0.102539	0.141602
2.800000	-0.195312	-0.078125
2.805000	-0.136719	-0.424805
2.810000	0.131836	-0.478516
2.815000	0.439453	-0.219727
2.820000	0.581055	0.156250
2.825000	0.478516	0.483398
2.830000	0.151367	0.659180
2.835000	-0.283203	0.439453
2.840000	-0.556641	-0.659180
2.845000	-0.112305	-1.801758
2.850000	1.064453	-1.879883
2.855000	2.299805	-1.166992
2.860000	3.066406	-0.151367
2.865000	3.168945	0.708008
2.870000	2.705078	1.166992
2.875000	1.928711	1.201172
2.880000	1.132812	0.937500
2.885000	0.502930	0.566406
2.890000	0.117188	0.244141
2.895000	-0.048828	0.039062
2.900000	-0.083008	-0.126953
2.905000	-0.009766	-0.156250
2.910000	0.087891	-0.004883
2.915000	0.083008	0.229492
2.920000	-0.073242	0.385742
2.925000	-0.322266	0.058594
2.930000	-0.351562	-0.781250
2.935000	0.161133	-1.259766
2.940000	0.991211	-1.040039
2.945000	1.665039	-0.395508
2.950000	1.933594	0.297852
2.955000	1.733398	0.791016
2.960000	1.215820	0.976562
2.965000	0.561523	0.888672
2.970000	-0.029297	0.620117
2.975000	-0.434570	-0.200195
2.980000	-0.288086	-1.352539
2.985000	0.595703	-1.699219
2.990000	1.704102	-1.225586
2.995000	2.500000	-0.346680
3.000000	2.734375	0.483398
3.005000	2.416992	1.005859
3.010000	1.752930	1.137695
3.015000	1.005859	0.957031
3.020000	0.361328	0.634766
3.025000	-0.073242	0.288086
3.030000	-0.253906	-0.297852
3.035000	-0.063477	-0.815430
3.040000	0.468750	-0.786133
3.045000	0.981445	-0.371094
3.050000	1.215820	0.166016
3.055000	1.108398	0.595703
3.060000	0.708008	0.805664
3.065000	0.170898	0.795898
3.070000	-0.351562	0.317383
3.075000	-0.546875	-0.976562
3.080000	0.097656	-1.972656
3.085000	1.386719	-1.855469
3.090000	2.607422	-1.015625
3.095000	3.276367	0.034180
3.100000	3.261719	0.849609
3.105000	2.695312	1.240234
3.110000	1.879883	1.196289
3.115000	1.093750	0.883789
3.120000	0.498047	0.493164
3.125000	0.156250	0.190430
3.130000	0.019531	0.048828
3.135000	-0.014648	0.053711
3.140000	-0.058594	0.097656
3.145000	-0.126953	0.034180
3.150000	-0.146484	-0.166016
3.155000	-0.034180	-0.312500
3.160000	0.161133	-0.180664
3.165000	0.278320	0.087891
3.170000	0.214844	0.371094
3.175000	-0.034180	0.537109
3.180000	-0.375977	0.122070
3.185000	-0.444336	-0.966797
3.190000	0.195312	-1.645508
3.195000	1.264648	-1.416016
3.200000	2.202148	-0.649414
3.205000	2.626953	0.219727
3.210000	2.485352	0.854492
3.215000	1.918945	1.113281
3.220000	1.186523	1.035156
3.225000	0.493164	0.747070
3.230000	-0.009766	0.405273
3.235000	-0.278320	-0.185547
3.240000	-0.151367	-0.864258
3.245000	0.410156	-0.971680
3.250000	1.044922	-0.581055
3.255000	1.420898	0.004883
3.260000	1.411133	0.527344
3.265000	1.069336	0.825195
3.270000	0.522461	0.864258
3.275000	-0.058594	0.673828
3.280000	-0.493164	-0.200195
3.285000	-0.346680	-1.518555
3.290000	0.644531	-1.958008
3.295000	1.923828	-1.450195
3.300000	2.880859	-0.483398
3.305000	3.203125	0.458984
3.310000	2.900391	1.064453
3.315000	2.197266	1.235352
3.320000	1.381836	1.044922
3.325000	0.683594	0.683594
3.330000	0.224609	0.336914
3.335000	-0.009766	0.102539
3.340000	-0.087891	-0.073242
3.345000	-0.039062	-0.166016
3.350000	0.058594	-0.063477
3.355000	0.097656	0.151367
3.360000	-0.009766	0.361328
3.365000	-0.244141	0.234375
3.370000	-0.385742	-0.493164
3.375000	-0.058594	-1.191406
3.380000	0.712891	-1.162109
3.385000	1.464844	-0.615234
3.390000	1.870117	0.087891
3.395000	1.806641	0.659180
3.400000	1.367188	0.942383
3.405000	0.742188	0.932617
3.410000	0.122070	0.727539
3.415000	-0.361328	0.102539
3.420000	-0.415039	-1.083984
3.425000	0.292969	-1.723633
3.430000	1.420898	-1.435547
3.435000	2.368164	-0.620117
3.440000	2.773438	0.268555
3.445000	2.592773	0.898438
3.450000	2.001953	1.142578
3.455000	1.245117	1.040039
3.460000	0.551758	0.732422
3.465000	0.058594	0.400391
3.470000	-0.214844	-0.063477
3.475000	-0.166016	-0.654297
3.480000	0.249023	-0.795898
3.485000	0.766602	-0.488281
3.490000	1.088867	0.009766
3.495000	1.083984	0.468750
3.500000	0.766602	0.747070
3.505000	0.268555	0.795898
3.510000	-0.263672	0.488281
3.515000	-0.566406	-0.683594
3.520000	-0.102539	-1.879883
3.525000	1.123047	-1.967773
3.530000	2.416992	-1.230469
3.535000	3.227539	-0.180664
3.540000	3.344727	0.717773
3.545000	2.866211	1.201172
3.550000	2.080078	1.240234
3.555000	1.254883	0.961914
3.560000	0.615234	0.576172
3.565000	0.224609	0.239258
3.570000	0.058594	0.063477
3.575000	0.004883	0.048828
3.580000	-0.029297	0.126953
3.585000	-0.117188	0.112305
3.590000	-0.190430	-0.126953
3.595000	-0.102539	-0.439453
3.600000	0.170898	-0.424805
3.605000	0.449219	-0.141602
3.610000	0.537109	0.224609
3.615000	0.385742	0.517578
3.620000	0.034180	0.654297
3.625000	-0.390625	0.229492
3.630000	-0.517578	-1.020508
3.635000	0.146484	-1.894531
3.640000	1.381836	-1.723633
3.645000	2.519531	-0.888672
3.650000	3.105469	0.107422
3.655000	3.032227	0.869141
3.660000	2.465820	1.201172
3.665000	1.665039	1.147461
3.670000	0.908203	0.839844
3.675000	0.341797	0.468750
3.680000	0.019531	0.180664
3.685000	-0.097656	-0.053711
3.690000	-0.068359	-0.249023
3.695000	0.092773	-0.205078
3.700000	0.224609	0.024414
3.705000	0.200195	0.297852
3.710000	0.000000	0.493164
3.715000	-0.317383	0.224609
3.720000	-0.449219	-0.747070
3.725000	0.043945	-1.518555
3.730000	1.040039	-1.411133
3.735000	1.962891	-0.727539
3.740000	2.446289	0.112305
3.745000	2.373047	0.766602
3.750000	1.860352	1.069336
3.755000	1.157227	1.030273
3.760000	0.468750	0.776367
3.765000	-0.053711	0.424805
3.770000	-0.327148	-0.278320
3.775000	-0.141602	-1.059570
3.780000	0.541992	-1.157227
3.785000	1.293945	-0.698242
3.790000	1.752930	-0.024414
3.795000	1.772461	0.566406
3.800000	1.396484	0.893555
3.805000	0.805664	0.932617
3.810000	0.175781	0.766602
3.815000	-0.327148	0.219727
3.820000	-0.454102	-0.971680
3.825000	0.180664	-1.738281
3.830000	1.313477	-1.538086
3.835000	2.329102	-0.751953
3.840000	2.827148	0.166016
3.845000	2.709961	0.854492
3.850000	2.148438	1.152344
3.855000	1.386719	1.079102
3.860000	0.668945	0.781250
3.865000	0.141602	0.444336
3.870000	-0.161133	0.058594
3.875000	-0.190430	-0.483398
3.880000	0.117188	-0.712891
3.885000	0.585938	-0.498047
3.890000	0.913086	-0.053711
3.895000	0.942383	0.390625
3.900000	0.683594	0.683594
3.905000	0.224609	0.771484
3.910000	-0.288086	0.458984
3.915000	-0.571289	-0.737305
3.920000	-0.078125	-1.904297
3.925000	1.171875	-1.967773
3.930000	2.456055	-1.206055
3.935000	3.251953	-0.146484
3.940000	3.349609	0.742188
3.945000	2.861328	1.210938
3.950000	2.065430	1.240234
3.955000	1.245117	0.952148
3.960000	0.610352	0.566406
3.965000	0.224609	0.229492
3.970000	0.063477	0.058594
3.975000	0.014648	0.048828
3.980000	-0.024414	0.136719
3.985000	-0.117188	0.136719
3.990000	-0.205078	-0.122070
3.995000	-0.122070	-0.478516
4.000000	0.180664	-0.493164
4.005000	0.502930	-0.205078
4.010000	0.629883	0.180664
4.015000	0.507812	0.512695
4.020000	0.161133	0.683594
4.025000	-0.288086	0.449219
4.030000	-0.556641	-0.678711
4.035000	-0.102539	-1.831055
4.040000	1.088867	-1.909180
4.045000	2.343750	-1.181641
4.050000	3.115234	-0.156250
4.055000	3.222656	0.712891
4.060000	2.749023	1.176758
4.065000	1.967773	1.215820
4.070000	1.166992	0.942383
4.075000	0.532227	0.566406
4.080000	0.146484	0.244141
4.085000	-0.019531	0.058594
4.090000	-0.063477	-0.048828
4.095000	-0.034180	-0.078125
4.100000	0.004883	0.034180
4.105000	-0.019531	0.214844
4.110000	-0.161133	0.200195
4.115000	-0.283203	-0.229492
4.120000	-0.131836	-0.766602
4.125000	0.361328	-0.795898
4.130000	0.883789	-0.419922
4.135000	1.162109	0.107422
4.140000	1.083984	0.546875
4.145000	0.712891	0.786133
4.150000	0.190430	0.800781
4.155000	-0.336914	0.366211
4.160000	-0.556641	-0.927734
4.165000	0.058594	-1.977539
4.170000	1.342773	-1.904297
4.175000	2.597656	-1.079102
4.180000	3.310547	-0.019531
4.185000	3.325195	0.830078
4.190000	2.773438	1.240234
4.195000	1.958008	1.210938
4.200000	1.157227	0.903320
4.205000	0.546875	0.512695
4.210000	0.195312	0.200195
4.215000	0.058594	0.048828
4.220000	0.019531	0.053711
4.225000	-0.029297	0.151367
4.230000	-0.131836	0.131836
4.235000	-0.214844	-0.166016
4.240000	-0.102539	-0.522461
4.245000	0.229492	-0.512695
4.250000	0.561523	-0.195312
4.255000	0.683594	0.209961
4.260000	0.541992	0.537109
4.265000	0.185547	0.693359
4.270000	-0.278320	0.463867
4.275000	-0.566406	-0.649414
4.280000	-0.126953	-1.835938
4.285000	1.074219	-1.938477
4.290000	2.348633	-1.220703
4.295000	3.149414	-0.180664
4.300000	3.271484	0.698242
4.305000	2.807617	1.186523
4.310000	2.026367	1.225586
4.315000	1.220703	0.957031
4.320000	0.576172	0.576172
4.325000	0.180664	0.249023
4.330000	0.009766	0.068359
4.335000	-0.039062	0.009766
4.340000	-0.048828	0.000000
4.345000	-0.058594	0.019531
4.350000	-0.073242	0.019531
4.355000	-0.087891	-0.024414
4.360000	-0.078125	-0.087891
4.365000	-0.019531	-0.063477
4.370000	0.009766	0.083008
4.375000	-0.048828	0.253906
4.380000	-0.209961	0.126953
4.385000	-0.288086	-0.419922
4.390000	-0.014648	-0.864258
4.395000	0.541992	-0.756836
4.400000	1.040039	-0.297852
4.405000	1.240234	0.239258
4.410000	1.074219	0.644531
4.415000	0.639648	0.825195
4.420000	0.087891	0.776367
4.425000	-0.419922	0.170898
4.430000	-0.512695	-1.201172
4.435000	0.278320	-2.036133
4.440000	1.606445	-1.772461
4.445000	2.773438	-0.864258
4.450000	3.344727	0.175781
4.455000	3.232422	0.942383
4.460000	2.607422	1.254883
4.465000	1.777344	1.162109
4.470000	1.000977	0.825195
4.475000	0.449219	0.444336
4.480000	0.146484	0.156250
4.485000	0.029297	0.039062
4.490000	-0.004883	0.068359
4.495000	-0.053711	0.141602
4.500000	-0.151367	0.053711
4.505000	-0.185547	-0.249023
4.510000	-0.014648	-0.468750
4.515000	0.278320	-0.341797
4.520000	0.502930	-0.004883
4.525000	0.498047	0.341797
4.530000	0.268555	0.595703
4.535000	-0.126953	0.595703
4.540000	-0.502930	-0.175781
4.545000	-0.371094	-1.469727
4.550000	0.585938	-1.933594
4.555000	1.850586	-1.450195
4.560000	2.807617	-0.502930
4.565000	3.144531	0.439453
4.570000	2.851562	1.049805
4.575000	2.167969	1.220703
4.580000	1.352539	1.044922
4.585000	0.654297	0.693359
4.590000	0.190430	0.346680
4.595000	-0.048828	0.092773
4.600000	-0.112305	-0.161133
4.605000	-0.009766	-0.283203
4.610000	0.166016	-0.146484
4.615000	0.258789	0.122070
4.620000	0.170898	0.385742
4.625000	-0.092773	0.498047
4.630000	-0.405273	-0.019531
4.635000	-0.380859	-1.108398
4.640000	0.341797	-1.611328
4.645000	1.391602	-1.269531
4.650000	2.231445	-0.483398
4.655000	2.543945	0.346680
4.660000	2.324219	0.913086
4.665000	1.713867	1.103516
4.670000	0.986328	0.976562
4.675000	0.332031	0.683594
4.680000	-0.126953	0.292969
4.685000	-0.322266	-0.449219
4.690000	-0.019531	-1.069336
4.695000	0.668945	-1.015625
4.700000	1.328125	-0.502930
4.705000	1.655273	0.141602
4.710000	1.557617	0.654297
4.715000	1.132812	0.898438
4.720000	0.532227	0.883789
4.725000	-0.058594	0.644531
4.730000	-0.473633	-0.224609
4.735000	-0.312500	-1.474609
4.740000	0.644531	-1.855469
4.745000	1.855469	-1.337891
4.750000	2.744141	-0.415039
4.755000	3.017578	0.483398
4.760000	2.695312	1.044922
4.765000	2.006836	1.127930
4.770000	0.859375	0.844727
4.775000	0.297852	0.483398
4.780000	-0.039062	0.180664
4.785000	-0.161133	-0.185547
4.790000	-0.039062	-0.458984
4.795000	0.253906	-0.375977
4.800000	0.493164	-0.063477
4.805000	0.537109	0.297852
4.810000	0.336914	0.561523
4.815000	-0.039062	0.639648
4.820000	-0.449219	0.043945
4.825000	-0.458984	-1.250000
4.830000	0.356445	-1.928711
4.835000	1.616211	-1.591797
4.840000	2.661133	-0.698242
4.845000	3.125000	0.278320
4.850000	2.944336	0.961914
4.855000	2.314453	1.220703
4.860000	1.499023	1.098633
4.865000	0.771484	0.761719
4.870000	0.258789	0.405273
4.875000	-0.019531	0.136719
4.880000	-0.117188	-0.117188
4.885000	-0.039062	-0.288086
4.890000	0.141602	-0.190430
4.895000	0.258789	0.063477
4.900000	0.214844	0.346680
4.905000	-0.019531	0.517578
4.910000	-0.356445	0.166016
4.915000	-0.449219	-0.883789
4.920000	0.131836	-1.601562
4.925000	1.181641	-1.416016
4.930000	2.109375	-0.678711
4.935000	2.553711	0.175781
4.940000	2.446289	0.820312
4.945000	1.899414	1.098633
4.950000	1.176758	1.035156
4.955000	0.483398	0.761719
4.960000	-0.024414	0.415039
4.965000	-0.297852	-0.224609
4.970000	-0.151367	-0.942383
4.975000	0.458984	-1.044922
4.980000	1.147461	-0.629883
4.985000	1.552734	-0.004883
4.990000	1.552734	0.541992
4.995000	1.201172	0.849609
5.000000	0.629883	0.888672
5.005000	0.039062	0.722656
5.010000	-0.434570	-0.004883
5.015000	-0.410156	-1.308594
5.020000	0.439453	-1.899414
5.025000	1.679688	-1.508789
5.030000	2.675781	-0.610352
5.035000	3.081055	0.341797
5.040000	2.856445	0.986328
5.045000	2.207031	1.210938
5.050000	1.401367	1.064453
5.055000	0.693359	0.732422
5.060000	0.205078	0.380859
5.065000	-0.058594	0.107422
5.070000	-0.126953	-0.205078
5.075000	-0.004883	-0.366211
5.080000	0.229492	-0.229492
5.085000	0.375977	0.068359
5.090000	0.327148	0.371094
5.095000	0.073242	0.571289
5.100000	-0.302734	0.346680
5.105000	-0.512695	-0.688477
5.110000	-0.048828	-1.674805
5.115000	1.044922	-1.674805
5.120000	2.143555	-0.976562
5.125000	2.778320	-0.039062
5.130000	2.807617	0.732422
5.135000	2.329102	1.123047
5.140000	1.582031	1.123047
5.145000	0.834961	0.869141
5.150000	0.253906	0.522461
5.155000	-0.102539	0.170898
5.160000	-0.209961	-0.351562
5.165000	0.009766	-0.698242
5.170000	0.463867	-0.571289
5.175000	0.834961	-0.161133
5.180000	0.937500	0.292969
5.185000	0.737305	0.625000
5.190000	0.317383	0.761719
5.195000	-0.185547	0.590820
5.200000	-0.561523	-0.439453
5.205000	-0.258789	-1.757812
5.210000	0.888672	-2.036133
5.215000	2.221680	-1.396484
5.220000	3.139648	-0.361328
5.225000	3.378906	0.590820
5.230000	2.993164	1.152344
5.235000	2.236328	1.259766
5.240000	1.396484	1.025391
5.245000	0.717773	0.639648
5.250000	0.278320	0.288086
5.255000	0.078125	0.078125
5.260000	0.019531	0.039062
5.265000	-0.009766	0.112305
5.270000	-0.092773	0.146484
5.275000	-0.195312	-0.053711
5.280000	-0.156250	-0.415039
5.285000	0.112305	-0.502930
5.290000	0.444336	-0.258789
5.295000	0.610352	0.117188
5.300000	0.527344	0.458984
5.305000	0.214844	0.654297
5.310000	-0.224609	0.527344
5.315000	-0.556641	-0.483398
5.320000	-0.219727	-1.723633
5.325000	0.903320	-1.943359
5.330000	2.172852	-1.293945
5.335000	3.032227	-0.288086
5.340000	3.222656	0.615234
5.345000	2.812500	1.142578
5.350000	2.065430	1.225586
5.355000	1.250000	0.991211
5.360000	0.590820	0.615234
5.365000	0.175781	0.283203
5.370000	-0.019531	0.073242
5.375000	-0.073242	-0.068359
5.380000	-0.034180	-0.117188
5.385000	0.034180	-0.004883
5.390000	0.029297	0.205078
5.395000	-0.107422	0.312500
5.400000	-0.307617	-0.039062
5.405000	-0.273438	-0.761719
5.410000	0.219727	-1.064453
5.415000	0.917969	-0.771484
5.420000	1.416016	-0.180664
5.425000	1.533203	0.400391
5.430000	1.264648	0.786133
5.435000	0.751953	0.898438
5.440000	0.151367	0.791016
5.445000	-0.371094	0.219727
5.450000	-0.493164	-1.079102
5.455000	0.209961	-1.918945
5.460000	1.459961	-1.699219
5.465000	2.578125	-0.844727
5.470000	3.134766	0.151367
5.475000	3.037109	0.893555
5.480000	2.451172	1.215820
5.485000	1.645508	1.137695
5.490000	0.888672	0.820312
5.495000	0.341797	0.454102
5.500000	0.029297	0.175781
5.505000	-0.087891	-0.039062
5.510000	-0.068359	-0.205078
5.515000	0.058594	-0.166016
5.520000	0.161133	0.048828
5.525000	0.126953	0.302734
5.530000	-0.083008	0.444336
5.535000	-0.366211	0.034180
5.540000	-0.371094	-0.937500
5.545000	0.239258	-1.435547
5.550000	1.176758	-1.166992
5.555000	1.938477	-0.449219
5.560000	2.236328	0.312500
5.565000	2.026367	0.844727
5.570000	1.464844	1.040039
5.575000	0.776367	0.932617
5.580000	0.151367	0.673828
5.585000	-0.292969	0.112305
5.590000	-0.356445	-0.903320
5.595000	0.229492	-1.445312
5.600000	1.176758	-1.191406
5.605000	1.948242	-0.488281
5.610000	2.275391	0.292969
5.615000	2.080078	0.834961
5.620000	1.523438	1.040039
5.625000	0.839844	0.947266
5.630000	0.205078	0.688477
5.635000	-0.249023	0.185547
5.640000	-0.361328	-0.776367
5.645000	0.141602	-1.376953
5.650000	1.044922	-1.191406
5.655000	1.821289	-0.527344
5.660000	2.172852	0.229492
5.665000	2.011719	0.786133
5.670000	1.494141	1.010742
5.675000	0.825195	0.947266
5.680000	0.190430	0.698242
5.685000	-0.283203	0.175781
5.690000	-0.385742	-0.849609
5.695000	0.170898	-1.469727
5.700000	1.132812	-1.259766
5.705000	1.962891	-0.566406
5.710000	2.333984	0.229492
5.715000	2.177734	0.810547
5.720000	1.640625	1.049805
5.725000	0.947266	0.976562
5.730000	0.292969	0.717773
5.735000	-0.180664	0.292969
5.740000	-0.366211	-0.590820
5.745000	0.019531	-1.274414
5.750000	0.854492	-1.196289
5.755000	1.630859	-0.600586
5.760000	2.026367	0.131836
5.765000	1.933594	0.708008
5.770000	1.464844	0.976562
5.775000	0.825195	0.942383
5.780000	0.185547	0.727539
5.785000	-0.292969	0.190430
5.790000	-0.410156	-0.898438
5.795000	0.175781	-1.572266
5.800000	1.206055	-1.367188
5.805000	2.104492	-0.634766
5.810000	2.519531	0.209961
5.815000	2.387695	0.825195
5.820000	1.840820	1.088867
5.825000	1.118164	1.015625
5.830000	0.444336	0.742188
5.835000	-0.053711	0.390625
5.840000	-0.312500	-0.288086
5.845000	-0.122070	-0.996094
5.850000	0.522461	-1.064453
5.855000	1.220703	-0.620117
5.860000	1.621094	0.024414
5.865000	1.596680	0.576172
5.870000	1.230469	0.874023
5.875000	0.644531	0.898438
5.880000	0.039062	0.717773
5.885000	-0.424805	-0.009766
5.890000	-0.405273	-1.284180
5.895000	0.429688	-1.870117
5.900000	1.655273	-1.489258
5.905000	2.626953	-0.595703
5.910000	3.022461	0.341797
5.915000	2.797852	0.976562
5.920000	2.158203	1.201172
5.925000	1.362305	1.059570
5.930000	0.654297	0.732422
5.935000	0.166016	0.380859
5.940000	-0.092773	0.078125
5.945000	-0.146484	-0.288086
5.950000	0.039062	-0.454102
5.955000	0.327148	-0.283203
5.960000	0.517578	0.053711
5.965000	0.473633	0.390625
5.970000	0.209961	0.615234
5.975000	-0.195312	0.532227
5.980000	-0.527344	-0.375977
5.985000	-0.263672	-1.606445
5.990000	0.781250	-1.889648
5.995000	2.021484	-1.298828
6.000000	2.880859	-0.332031
6.005000	3.105469	0.566406
6.010000	2.729492	1.098633
6.015000	2.006836	1.201172
6.020000	1.206055	0.991211
6.025000	0.546875	0.625000
6.030000	0.117188	0.302734
6.035000	-0.087891	0.029297
6.040000	-0.112305	-0.249023
6.045000	0.043945	-0.322266
6.050000	0.253906	-0.131836
6.055000	0.336914	0.166016
6.060000	0.224609	0.439453
6.065000	-0.068359	0.551758
6.070000	-0.424805	0.019531
6.075000	-0.415039	-1.142578
6.080000	0.322266	-1.728516
6.085000	1.455078	-1.401367
6.090000	2.382812	-0.576172
6.095000	2.758789	0.307617
6.100000	2.558594	0.927734
6.105000	1.948242	1.147461
6.110000	1.196289	1.025391
6.115000	0.502930	0.722656
6.120000	0.019531	0.380859
6.125000	-0.234375	-0.126953
6.130000	-0.146484	-0.717773
6.135000	0.312500	-0.820312
6.140000	0.849609	-0.483398
6.145000	1.162109	0.039062
6.150000	1.132812	0.502930
6.155000	0.795898	0.771484
6.160000	0.288086	0.810547
6.165000	-0.253906	0.493164
6.170000	-0.561523	-0.673828
6.175000	-0.107422	-1.870117
6.180000	1.113281	-1.962891
6.185000	2.402344	-1.225586
6.190000	3.208008	-0.180664
6.195000	3.325195	0.712891
6.200000	2.856445	1.196289
6.205000	2.065430	1.235352
6.210000	1.245117	0.961914
6.215000	0.605469	0.576172
6.220000	0.219727	0.244141
6.225000	0.048828	0.063477
6.230000	-0.009766	0.048828
6.235000	-0.043945	0.107422
6.240000	-0.112305	0.078125
6.245000	-0.166016	-0.131836
6.250000	-0.083008	-0.361328
6.255000	0.146484	-0.302734
6.260000	0.341797	-0.029297
6.265000	0.361328	0.288086
6.270000	0.161133	0.532227
6.275000	-0.190430	0.498047
6.280000	-0.502930	-0.332031
6.285000	-0.273438	-1.494141
6.290000	0.703125	-1.772461
6.295000	1.865234	-1.230469
6.300000	2.666016	-0.307617
6.305000	2.871094	0.541992
6.310000	2.514648	1.054688
6.315000	1.821289	1.162109
6.320000	1.049805	0.961914
6.325000	0.410156	0.620117
6.330000	-0.009766	0.292969
6.335000	-0.205078	-0.175781
6.340000	-0.087891	-0.629883
6.345000	0.312500	-0.629883
6.350000	0.722656	-0.288086
6.355000	0.908203	0.166016
6.360000	0.791016	0.541992
6.365000	0.429688	0.732422
6.370000	-0.063477	0.688477
6.375000	-0.507812	-0.092773
6.380000	-0.424805	-1.489258
6.385000	0.546875	-2.065430
6.390000	1.894531	-1.621094
6.395000	2.963867	-0.629883
6.400000	3.383789	0.375977
6.405000	3.134766	1.054688
6.410000	2.446289	1.269531
6.415000	1.596680	1.108398
6.420000	0.864258	0.742188
6.425000	0.366211	0.371094
6.430000	0.107422	0.117188
6.435000	0.019531	0.029297
6.440000	-0.009766	0.092773
6.445000	-0.068359	0.146484
6.450000	-0.170898	0.009766
6.455000	-0.170898	-0.327148
6.460000	0.039062	-0.493164
6.465000	0.356445	-0.307617
6.470000	0.551758	0.048828
6.475000	0.512695	0.400391
6.480000	0.244141	0.620117
6.485000	-0.170898	0.571289
6.490000	-0.527344	-0.312500
6.495000	-0.312500	-1.591797
6.500000	0.727539	-1.948242
6.505000	2.006836	-1.381836
6.510000	2.915039	-0.405273
6.515000	3.183594	0.522461
6.520000	2.841797	1.093750
6.525000	2.119141	1.230469
6.530000	1.303711	1.020508
6.535000	0.629883	0.654297
6.540000	0.185547	0.312500
6.545000	-0.034180	0.078125
6.550000	-0.092773	-0.117188
6.555000	-0.024414	-0.205078
6.560000	0.107422	-0.073242
6.565000	0.146484	0.166016
6.570000	0.029297	0.390625
6.575000	-0.229492	0.312500
6.580000	-0.419922	-0.429688
6.585000	-0.126953	-1.259766
6.590000	0.693359	-1.328125
6.595000	1.562500	-0.786133
6.600000	2.080078	-0.024414
6.605000	2.094727	0.625000
6.610000	1.679688	0.971680
6.615000	1.040039	0.996094
6.620000	0.371094	0.800781
6.625000	-0.166016	0.405273
6.630000	-0.419922	-0.532227
6.635000	-0.073242	-1.411133
6.640000	0.854492	-1.440430
6.645000	1.796875	-0.834961
6.650000	2.348633	-0.014648
6.655000	2.353516	0.668945
6.660000	1.909180	1.030273
6.665000	1.235352	1.040039
6.670000	0.537109	0.815430
6.675000	-0.009766	0.488281
6.680000	-0.327148	-0.185547
6.685000	-0.200195	-1.035156
6.690000	0.468750	-1.235352
6.695000	1.269531	-0.805664
6.700000	1.801758	-0.122070
6.705000	1.879883	0.507812
6.710000	1.542969	0.888672
6.715000	0.957031	0.961914
6.720000	0.317383	0.805664
6.725000	-0.224609	0.390625
6.730000	-0.468750	-0.673828
6.735000	-0.019531	-1.606445
6.740000	1.030273	-1.586914
6.745000	2.070312	-0.903320
6.750000	2.661133	-0.004883
6.755000	2.666016	0.727539
6.760000	2.187500	1.098633
6.765000	1.459961	1.093750
6.770000	0.732422	0.844727
6.775000	0.166016	0.507812
6.780000	-0.170898	0.092773
6.785000	-0.234375	-0.551758
6.790000	0.122070	-0.869141
6.795000	0.683594	-0.659180
6.800000	1.113281	-0.161133
6.805000	1.220703	0.351562
6.810000	0.986328	0.703125
6.815000	0.512695	0.825195
6.820000	-0.039062	0.708008
6.825000	-0.493164	-0.102539
6.830000	-0.405273	-1.484375
6.835000	0.556641	-2.045898
6.840000	1.899414	-1.586914
6.845000	2.944336	-0.610352
6.850000	3.344727	0.385742
6.855000	3.095703	1.054688
6.860000	2.402344	1.259766
6.865000	1.557617	1.093750
6.870000	0.834961	0.732422
6.875000	0.336914	0.366211
6.880000	0.087891	0.117188
6.885000	0.000000	0.034180
6.890000	-0.029297	0.068359
6.895000	-0.078125	0.087891
6.900000	-0.136719	-0.029297
6.905000	-0.117188	-0.244141
6.910000	0.039062	-0.283203
6.915000	0.214844	-0.083008
6.920000	0.263672	0.209961
6.925000	0.122070	0.454102
6.930000	-0.180664	0.449219
6.935000	-0.473633	-0.302734
6.940000	-0.253906	-1.367188
6.945000	0.629883	-1.621094
6.950000	1.694336	-1.113281
6.955000	2.426758	-0.258789
6.960000	2.592773	0.537109
6.965000	2.241211	1.005859
6.970000	1.572266	1.108398
6.975000	0.834961	0.922852
6.980000	0.224609	0.605469
6.985000	-0.180664	0.166016
6.990000	-0.288086	-0.581055
6.995000	0.087891	-1.044922
7.000000	0.766602	-0.874023
7.005000	1.333008	-0.332031
7.010000	1.547852	0.273438
7.015000	1.367188	0.708008
7.020000	0.898438	0.888672
7.025000	0.307617	0.830078
7.030000	-0.249023	0.444336
7.035000	-0.527344	-0.703125
7.040000	-0.053711	-1.791992
7.045000	1.113281	-1.816406
7.050000	2.304688	-1.088867
7.055000	3.027344	-0.092773
7.060000	3.085938	0.732422
7.065000	2.597656	1.162109
7.070000	1.831055	1.176758
7.075000	1.049805	0.913086
7.080000	0.434570	0.541992
7.085000	0.068359	0.229492
7.090000	-0.092773	-0.009766
7.095000	-0.087891	-0.244141
7.100000	0.063477	-0.253906
7.105000	0.224609	-0.048828
7.110000	0.249023	0.234375
7.115000	0.083008	0.468750
7.120000	-0.229492	0.395508
7.125000	-0.473633	-0.434570
7.130000	-0.180664	-1.425781
7.135000	0.751953	-1.562500
7.140000	1.772461	-0.996094
7.145000	2.431641	-0.141602
7.150000	2.519531	0.610352
7.155000	2.119141	1.035156
7.160000	1.435547	1.083984
7.165000	0.717773	0.878906
7.170000	0.126953	0.556641
7.175000	-0.244141	0.043945
7.180000	-0.268555	-0.756836
7.185000	0.219727	-1.113281
7.190000	0.947266	-0.844727
7.195000	1.494141	-0.244141
7.200000	1.660156	0.371094
7.205000	1.411133	0.781250
7.210000	0.898438	0.922852
7.215000	0.288086	0.820312
7.220000	-0.263672	0.395508
7.225000	-0.507812	-0.751953
7.230000	-0.009766	-1.762695
7.235000	1.142578	-1.733398
7.240000	2.280273	-1.000977
7.245000	2.939453	-0.029297
7.250000	2.958984	0.756836
7.255000	2.460938	1.157227
7.260000	1.694336	1.152344
7.265000	0.932617	0.878906
7.270000	0.341797	0.522461
7.275000	-0.009766	0.214844
7.280000	-0.156250	-0.131836
7.285000	-0.068359	-0.429688
7.290000	0.209961	-0.390625
7.295000	0.458984	-0.092773
7.300000	0.517578	0.258789
7.305000	0.341797	0.537109
7.310000	-0.014648	0.639648
7.315000	-0.429688	0.102539
7.320000	-0.478516	-1.171875
7.325000	0.283203	-1.899414
7.330000	1.528320	-1.621094
7.335000	2.592773	-0.747070
7.340000	3.085938	0.224609
7.345000	2.939453	0.927734
7.350000	2.329102	1.210938
7.355000	1.523438	1.108398
7.360000	0.791016	0.781250
7.365000	0.258789	0.424805
7.370000	-0.029297	0.146484
7.375000	-0.126953	-0.146484
7.380000	-0.034180	-0.341797
7.385000	0.180664	-0.244141
7.390000	0.332031	0.034180
7.395000	0.302734	0.336914
7.400000	0.078125	0.546875
7.405000	-0.283203	0.361328
7.410000	-0.502930	-0.620117
7.415000	-0.083008	-1.611328
7.420000	0.966797	-1.645508
7.425000	2.045898	-0.981445
7.430000	2.690430	-0.063477
7.435000	2.734375	0.703125
7.440000	2.275391	1.098633
7.445000	1.542969	1.118164
7.450000	0.800781	0.869141
7.455000	0.219727	0.532227
7.460000	-0.136719	0.146484
7.465000	-0.234375	-0.454102
7.470000	0.063477	-0.810547
7.475000	0.585938	-0.649414
7.480000	1.010742	-0.190430
7.485000	1.137695	0.312500
7.490000	0.932617	0.668945
7.495000	0.478516	0.805664
7.500000	-0.053711	0.703125
7.505000	-0.507812	-0.126953
7.510000	-0.405273	-1.518555
7.515000	0.585938	-2.060547
7.520000	1.933594	-1.586914
7.525000	2.978516	-0.595703
7.530000	3.378906	0.400391
7.535000	3.110352	1.064453
7.540000	2.412109	1.269531
7.545000	1.567383	1.093750
7.550000	0.839844	0.727539
7.555000	0.351562	0.361328
7.560000	0.102539	0.112305
7.565000	0.019531	0.034180
7.570000	-0.009766	0.097656
7.575000	-0.078125	0.141602
7.580000	-0.166016	-0.009766
7.585000	-0.166016	-0.327148
7.590000	0.053711	-0.454102
7.595000	0.341797	-0.253906
7.600000	0.507812	0.092773
7.605000	0.444336	0.424805
7.610000	0.156250	0.625000
7.615000	-0.253906	0.463867
7.620000	-0.546875	-0.556641
7.625000	-0.161133	-1.718750
7.630000	0.957031	-1.860352
7.635000	2.177734	-1.196289
7.640000	2.958984	-0.205078
7.645000	3.095703	0.659180
7.650000	2.656250	1.137695
7.655000	1.909180	1.196289
7.660000	1.118164	0.947266
7.665000	0.478516	0.581055
7.670000	0.087891	0.263672
7.675000	-0.092773	0.000000
7.680000	-0.097656	-0.258789
7.685000	0.063477	-0.292969
7.690000	0.253906	-0.087891
7.695000	0.302734	0.209961
7.700000	0.161133	0.458984
7.705000	-0.146484	0.493164
7.710000	-0.458984	-0.185547
7.715000	-0.322266	-1.313477
7.720000	0.532227	-1.684570
7.725000	1.635742	-1.235352
7.730000	2.446289	-0.371094
7.735000	2.690430	0.463867
7.740000	2.392578	0.991211
7.745000	1.733398	1.127930
7.750000	0.986328	0.961914
7.755000	0.341797	0.644531
7.760000	-0.092773	0.278320
7.765000	-0.273438	-0.361328
7.770000	-0.039062	-0.898438
7.775000	0.541992	-0.849609
7.780000	1.093750	-0.395508
7.785000	1.352539	0.170898
7.790000	1.240234	0.620117
7.795000	0.825195	0.839844
7.800000	0.268555	0.820312
7.805000	-0.278320	0.434570
7.810000	-0.546875	-0.766602
7.815000	-0.034180	-1.870117
7.820000	1.186523	-1.889648
7.825000	2.426758	-1.123047
7.830000	3.164062	-0.092773
7.835000	3.227539	0.756836
7.840000	2.724609	1.201172
7.845000	1.933594	1.201172
7.850000	1.137695	0.927734
7.855000	0.517578	0.541992
7.860000	0.146484	0.224609
7.865000	-0.009766	0.058594
7.870000	-0.048828	-0.009766
7.875000	-0.048828	-0.029297
7.880000	-0.029297	0.024414
7.885000	-0.048828	0.107422
7.890000	-0.122070	0.068359
7.895000	-0.166016	-0.161133
7.900000	-0.063477	-0.380859
7.905000	0.175781	-0.302734
7.910000	0.371094	-0.024414
7.915000	0.380859	0.302734
7.920000	0.175781	0.541992
7.925000	-0.180664	0.507812
7.930000	-0.507812	-0.322266
7.935000	-0.278320	-1.508789
7.940000	0.703125	-1.806641
7.945000	1.884766	-1.254883
7.950000	2.709961	-0.327148
7.955000	2.929688	0.537109
7.960000	2.568359	1.064453
7.965000	1.875000	1.171875
7.970000	1.098633	0.971680
7.975000	0.449219	0.625000
7.980000	0.019531	0.297852
7.985000	-0.180664	-0.107422
7.990000	-0.107422	-0.537109
7.995000	0.229492	-0.571289
8.000000	0.605469	-0.263672
8.005000	0.771484	0.156250
8.010000	0.673828	0.512695
8.015000	0.332031	0.698242
8.020000	-0.141602	0.620117
8.025000	-0.537109	-0.273438
8.030000	-0.336914	-1.621094
8.035000	0.717773	-2.036133
8.040000	2.045898	-1.479492
8.045000	3.022461	-0.473633
8.050000	3.339844	0.493164
8.055000	3.012695	1.103516
8.060000	2.285156	1.254883
8.065000	1.445312	1.054688
8.070000	0.747070	0.683594
8.075000	0.288086	0.322266
8.080000	0.058594	0.102539
8.085000	-0.009766	0.029297
8.090000	-0.043945	0.058594
8.095000	-0.083008	0.058594
8.100000	-0.122070	-0.043945
8.105000	-0.087891	-0.195312
8.110000	0.029297	-0.175781
8.115000	0.136719	0.019531
8.120000	0.126953	0.273438
8.125000	-0.063477	0.434570
8.130000	-0.341797	0.083008
8.135000	-0.385742	-0.854492
8.140000	0.170898	-1.406250
8.145000	1.093750	-1.181641
8.150000	1.865234	-0.488281
8.155000	2.187500	0.268555
8.160000	2.006836	0.815430
8.165000	1.464844	1.025391
8.170000	0.786133	0.942383
8.175000	0.156250	0.683594
8.180000	-0.297852	0.126953
8.185000	-0.371094	-0.913086
8.190000	0.224609	-1.484375
8.195000	1.191406	-1.240234
8.200000	2.001953	-0.517578
8.205000	2.348633	0.273438
8.210000	2.167969	0.839844
8.215000	1.611328	1.054688
8.220000	0.913086	0.966797
8.225000	0.268555	0.698242
8.230000	-0.200195	0.258789
8.235000	-0.361328	-0.634766
8.240000	0.053711	-1.279297
8.245000	0.893555	-1.171875
8.250000	1.650391	-0.556641
8.255000	2.016602	0.170898
8.260000	1.904297	0.727539
8.265000	1.420898	0.981445
8.270000	0.776367	0.937500
8.275000	0.146484	0.712891
8.280000	-0.322266	0.131836
8.285000	-0.400391	-0.976562
8.290000	0.239258	-1.601562
8.295000	1.284180	-1.342773
8.300000	2.172852	-0.585938
8.305000	2.548828	0.258789
8.310000	2.387695	0.859375
8.315000	1.816406	1.093750
8.320000	1.088867	1.000977
8.325000	0.415039	0.727539
8.330000	-0.068359	0.361328
8.335000	-0.312500	-0.312500
8.340000	-0.102539	-0.991211
8.345000	0.541992	-1.030273
8.350000	1.215820	-0.571289
8.355000	1.582031	0.058594
8.360000	1.547852	0.590820
8.365000	1.157227	0.869141
8.370000	0.581055	0.888672
8.375000	-0.014648	0.688477
8.380000	-0.458984	-0.117188
8.385000	-0.366211	-1.406250
8.390000	0.546875	-1.889648
8.395000	1.787109	-1.435547
8.400000	2.734375	-0.512695
8.405000	3.071289	0.415039
8.410000	2.797852	1.020508
8.415000	2.124023	1.201172
8.420000	1.323242	1.040039
8.425000	0.634766	0.693359
8.430000	0.161133	0.351562
8.435000	-0.083008	0.073242
8.440000	-0.126953	-0.249023
8.445000	0.024414	-0.380859
8.450000	0.273438	-0.214844
8.455000	0.410156	0.097656
8.460000	0.341797	0.400391
8.465000	0.068359	0.590820
8.470000	-0.317383	0.327148
8.475000	-0.517578	-0.747070
8.480000	-0.019531	-1.718750
8.485000	1.108398	-1.689453
8.490000	2.211914	-0.961914
8.495000	2.841797	-0.014648
8.500000	2.856445	0.756836
8.505000	2.358398	1.137695
8.510000	1.596680	1.132812
8.515000	0.849609	0.859375
8.520000	0.268555	0.512695
8.525000	-0.078125	0.180664
8.530000	-0.200195	-0.292969
8.535000	-0.009766	-0.615234
8.540000	0.385742	-0.507812
8.545000	0.717773	-0.131836
8.550000	0.800781	0.292969
8.555000	0.605469	0.605469
8.560000	0.205078	0.732422
8.565000	-0.288086	0.463867
8.570000	-0.566406	-0.698242
8.575000	-0.102539	-1.875000
8.580000	1.123047	-1.953125
8.585000	2.412109	-1.215820
8.590000	3.203125	-0.161133
8.595000	3.315430	0.722656
8.600000	2.841797	1.196289
8.605000	2.045898	1.235352
8.610000	1.235352	0.952148
8.615000	0.590820	0.571289
8.620000	0.205078	0.234375
8.625000	0.034180	0.058594
8.630000	-0.009766	0.048828
8.635000	-0.048828	0.087891
8.640000	-0.107422	0.058594
8.645000	-0.146484	-0.122070
8.650000	-0.068359	-0.297852
8.655000	0.122070	-0.219727
8.660000	0.263672	0.029297
8.665000	0.234375	0.322266
8.670000	0.019531	0.522461
8.675000	-0.317383	0.253906
8.680000	-0.478516	-0.756836
8.685000	0.024414	-1.586914
8.690000	1.069336	-1.503906
8.695000	2.050781	-0.800781
8.700000	2.578125	0.073242
8.705000	2.524414	0.766602
8.710000	2.021484	1.093750
8.715000	1.298828	1.064453
8.720000	0.595703	0.805664
8.725000	0.048828	0.473633
8.730000	-0.258789	-0.073242
8.735000	-0.205078	-0.805664
8.740000	0.312500	-1.020508
8.745000	0.976562	-0.683594
8.750000	1.416016	-0.097656
8.755000	1.479492	0.463867
8.760000	1.181641	0.800781
8.765000	0.644531	0.878906
8.770000	0.058594	0.742188
8.775000	-0.429688	0.048828
8.780000	-0.444336	-1.274414
8.785000	0.390625	-1.943359
8.790000	1.655273	-1.591797
8.795000	2.709961	-0.688477
8.800000	3.164062	0.288086
8.805000	2.973633	0.976562
8.810000	2.333984	1.230469
8.815000	1.518555	1.098633
8.820000	0.791016	0.761719
8.825000	0.278320	0.400391
8.830000	0.000000	0.141602
8.835000	-0.092773	-0.073242
8.840000	-0.048828	-0.214844
8.845000	0.078125	-0.136719
8.850000	0.166016	0.087891
8.855000	0.102539	0.336914
8.860000	-0.126953	0.424805
8.865000	-0.395508	-0.102539
8.870000	-0.317383	-1.074219
8.875000	0.380859	-1.430664
8.880000	1.318359	-1.059570
8.885000	2.016602	-0.312500
8.890000	2.226562	0.424805
8.895000	1.943359	0.898438
8.900000	1.347656	1.040039
8.905000	0.659180	0.898438
8.910000	0.058594	0.615234
8.915000	-0.346680	-0.039062
8.920000	-0.302734	-1.069336
8.925000	0.385742	-1.455078
8.930000	1.333008	-1.098633
8.935000	2.060547	-0.346680
8.940000	2.290039	0.405273
8.945000	2.016602	0.893555
8.950000	1.420898	1.044922
8.955000	0.732422	0.913086
8.960000	0.122070	0.629883
8.965000	-0.297852	0.058594
8.970000	-0.322266	-0.913086
8.975000	0.268555	-1.381836
8.980000	1.171875	-1.098633
8.985000	1.884766	-0.400391
8.990000	2.148438	0.336914
8.995000	1.923828	0.844727
9.000000	1.367188	1.015625
9.005000	0.693359	0.913086
9.010000	0.083008	0.649414
9.015000	-0.341797	0.009766
9.020000	-0.336914	-1.049805
9.025000	0.341797	-1.508789
9.030000	1.328125	-1.186523
9.035000	2.104492	-0.424805
9.040000	2.382812	0.361328
9.045000	2.143555	0.888672
9.050000	1.552734	1.064453
9.055000	0.854492	0.942383
9.060000	0.224609	0.664062
9.065000	-0.224609	0.195312
9.070000	-0.346680	-0.698242
9.075000	0.117188	-1.259766
9.080000	0.937500	-1.098633
9.085000	1.650391	-0.473633
9.090000	1.962891	0.234375
9.095000	1.811523	0.756836
9.100000	1.303711	0.971680
9.105000	0.664062	0.913086
9.110000	0.053711	0.668945
9.115000	-0.385742	-0.024414
9.120000	-0.356445	-1.181641
9.125000	0.405273	-1.655273
9.130000	1.494141	-1.284180
9.135000	2.343750	-0.468750
9.140000	2.646484	0.371094
9.145000	2.407227	0.932617
9.150000	1.787109	1.123047
9.155000	1.044922	0.986328
9.160000	0.385742	0.678711
9.165000	-0.068359	0.322266
9.170000	-0.283203	-0.307617
9.175000	-0.078125	-0.908203
9.180000	0.507812	-0.908203
9.185000	1.098633	-0.468750
9.190000	1.401367	0.117188
9.195000	1.318359	0.595703
9.200000	0.932617	0.839844
9.205000	0.371094	0.844727
9.210000	-0.190430	0.551758
9.215000	-0.537109	-0.522461
9.220000	-0.185547	-1.743164
9.225000	0.952148	-1.928711
9.230000	2.216797	-1.259766
9.235000	3.056641	-0.253906
9.240000	3.222656	0.639648
9.245000	2.797852	1.147461
9.250000	2.036133	1.220703
9.255000	1.235352	0.976562
9.260000	0.581055	0.605469
9.265000	0.170898	0.268555
9.270000	-0.014648	0.068359
9.275000	-0.068359	-0.053711
9.280000	-0.039062	-0.102539
9.285000	0.019531	0.009766
9.290000	0.009766	0.205078
9.295000	-0.126953	0.273438
9.300000	-0.302734	-0.107422
9.305000	-0.224609	-0.771484
9.310000	0.273438	-0.966797
9.315000	0.903320	-0.639648
9.320000	1.318359	-0.078125
9.325000	1.367188	0.463867
9.330000	1.069336	0.786133
9.335000	0.541992	0.864258
9.340000	-0.034180	0.708008
9.345000	-0.488281	-0.126953
9.350000	-0.390625	-1.489258
9.355000	0.581055	-2.011719
9.360000	1.894531	-1.542969
9.365000	2.910156	-0.566406
9.370000	3.291016	0.410156
9.375000	3.017578	1.054688
9.380000	2.329102	1.245117
9.385000	1.494141	1.079102
9.390000	0.771484	0.717773
9.395000	0.297852	0.356445
9.400000	0.043945	0.117188
9.405000	-0.039062	0.014648
9.410000	-0.048828	-0.019531
9.415000	-0.043945	-0.009766
9.420000	-0.048828	0.053711
9.425000	-0.087891	0.068359
9.430000	-0.131836	-0.039062
9.435000	-0.107422	-0.229492
9.440000	0.029297	-0.244141
9.445000	0.185547	-0.043945
9.450000	0.209961	0.229492
9.455000	0.053711	0.458984
9.460000	-0.253906	0.341797
9.465000	-0.458984	-0.512695
9.470000	-0.117188	-1.425781
9.475000	0.815430	-1.484375
9.480000	1.787109	-0.888672
9.485000	2.373047	-0.048828
9.490000	2.407227	0.659180
9.495000	1.972656	1.035156
9.500000	1.284180	1.059570
9.505000	0.585938	0.839844
9.510000	0.019531	0.512695
9.515000	-0.312500	-0.122070
9.520000	-0.224609	-0.976562
9.525000	0.405273	-1.215820
9.530000	1.196289	-0.825195
9.535000	1.738281	-0.156250
9.540000	1.840820	0.473633
9.545000	1.523438	0.864258
9.550000	0.952148	0.957031
9.555000	0.317383	0.815430
9.560000	-0.224609	0.405273
9.565000	-0.478516	-0.668945
9.570000	-0.029297	-1.635742
9.575000	1.035156	-1.625977
9.580000	2.109375	-0.942383
9.585000	2.719727	-0.024414
9.590000	2.739258	0.727539
9.595000	2.260742	1.113281
9.600000	1.523438	1.113281
9.605000	0.786133	0.854492
9.610000	0.214844	0.517578
9.615000	-0.136719	0.141602
9.620000	-0.229492	-0.439453
9.625000	0.058594	-0.776367
9.630000	0.561523	-0.615234
9.635000	0.966797	-0.170898
9.640000	1.074219	0.317383
9.645000	0.854492	0.659180
9.650000	0.419922	0.791016
9.655000	-0.112305	0.659180
9.660000	-0.532227	-0.258789
9.665000	-0.346680	-1.630859
9.670000	0.717773	-2.060547
9.675000	2.065430	-1.513672
9.680000	3.066406	-0.498047
9.685000	3.393555	0.483398
9.690000	3.071289	1.103516
9.695000	2.343750	1.264648
9.700000	1.499023	1.069336
9.705000	0.791016	0.688477
9.710000	0.322266	0.327148
9.715000	0.097656	0.097656
9.720000	0.019531	0.034180
9.725000	-0.009766	0.107422
9.730000	-0.083008	0.156250
9.735000	-0.185547	-0.014648
9.740000	-0.166016	-0.375977
9.745000	0.068359	-0.517578
9.750000	0.405273	-0.302734
9.755000	0.600586	0.068359
9.760000	0.551758	0.424805
9.765000	0.268555	0.644531
9.770000	-0.161133	0.581055
9.775000	-0.537109	-0.302734
9.780000	-0.317383	-1.606445
9.785000	0.727539	-1.972656
9.790000	2.021484	-1.411133
9.795000	2.954102	-0.424805
9.800000	3.242188	0.517578
9.805000	2.900391	1.098633
9.810000	2.177734	1.240234
9.815000	1.352539	1.035156
9.820000	0.664062	0.668945
9.825000	0.219727	0.312500
9.830000	-0.004883	0.097656
9.835000	-0.073242	-0.048828
9.840000	-0.043945	-0.117188
9.845000	0.024414	-0.019531
9.850000	0.029297	0.175781
9.855000	-0.087891	0.307617
9.860000	-0.288086	0.024414
9.865000	-0.292969	-0.673828
9.870000	0.141602	-1.044922
9.875000	0.825195	-0.810547
9.880000	1.347656	-0.244141
9.885000	1.508789	0.346680
9.890000	1.279297	0.751953
9.895000	0.786133	0.888672
9.900000	0.195312	0.805664
9.905000	-0.341797	0.292969
9.910000	-0.517578	-0.981445
9.915000	0.131836	-1.904297
9.920000	1.372070	-1.757812
9.925000	2.529297	-0.927734
9.930000	3.139648	0.078125
9.935000	3.095703	0.854492
9.940000	2.524414	1.210938
9.945000	1.728516	1.162109
9.950000	0.961914	0.854492
9.955000	0.390625	0.478516
9.960000	0.063477	0.190430
9.965000	-0.068359	-0.004883
9.970000	-0.073242	-0.156250
9.975000	0.024414	-0.136719
9.980000	0.107422	0.048828
9.985000	0.068359	0.283203
9.990000	-0.117188	0.380859
9.995000	-0.361328	-0.073242
10.000000	-0.297852	-0.952148
