# Time_s	x	xdot
0.000000	1.035156	-2.055664
0.005000	2.387695	-1.347656
0.010000	3.271484	-0.273438
0.015000	3.457031	0.678711
0.020000	3.007812	1.225586
0.025000	2.197266	1.293945
0.030000	1.333008	1.025391
0.035000	0.654297	0.610352
0.040000	0.239258	0.249023
0.045000	0.068359	0.039062
0.050000	0.029297	0.014648
0.055000	0.019531	0.122070
0.060000	-0.068359	0.224609
0.065000	-0.209961	0.053711
0.070000	-0.244141	-0.444336
0.075000	0.048828	-0.751953
0.080000	0.537109	-0.571289
0.085000	0.913086	-0.126953
0.090000	0.991211	0.346680
0.095000	0.756836	0.678711
0.100000	0.297852	0.795898
0.105000	-0.229492	0.566406
0.110000	-0.581055	-0.566406
0.115000	-0.195312	-1.889648
0.120000	1.035156	-2.109375
0.125000	2.416992	-1.396484
0.130000	3.339844	-0.302734
0.135000	3.540039	0.673828
0.140000	3.095703	1.240234
0.145000	2.280273	1.313477
0.150000	1.401367	1.040039
0.155000	0.712891	0.620117
0.160000	0.288086	0.249023
0.165000	0.112305	0.034180
0.170000	0.078125	0.004883
0.175000	0.068359	0.112305
0.180000	-0.009766	0.263672
0.185000	-0.185547	0.200195
0.190000	-0.307617	-0.317383
0.195000	-0.092773	-0.878906
0.200000	0.473633	-0.869141
0.205000	1.044922	-0.439453
0.210000	1.323242	0.136719
0.215000	1.240234	0.610352
0.220000	0.830078	0.849609
0.225000	0.268555	0.844727
0.230000	-0.297852	0.439453
0.235000	-0.571289	-0.830078
0.240000	-0.019531	-1.972656
0.245000	1.269531	-1.987305
0.250000	2.578125	-1.186523
0.255000	3.354492	-0.092773
0.260000	3.422852	0.810547
0.265000	2.890625	1.269531
0.270000	2.050781	1.264648
0.275000	1.210938	0.961914
0.280000	0.566406	0.541992
0.285000	0.200195	0.200195
0.290000	0.058594	0.019531
0.295000	0.029297	0.019531
0.300000	0.004883	0.146484
0.305000	-0.087891	0.224609
0.310000	-0.234375	-0.014648
0.315000	-0.209961	-0.532227
0.320000	0.126953	-0.751953
0.325000	0.615234	-0.512695
0.330000	0.942383	-0.039062
0.335000	0.966797	0.419922
0.340000	0.688477	0.717773
0.345000	0.209961	0.800781
0.350000	-0.317383	0.439453
0.355000	-0.585938	-0.839844
0.360000	-0.024414	-2.016602
0.365000	1.284180	-2.036133
0.370000	2.622070	-1.220703
0.375000	3.432617	-0.112305
0.380000	3.505859	0.810547
0.385000	2.973633	1.279297
0.390000	2.124023	1.284180
0.395000	1.264648	0.976562
0.400000	0.620117	0.546875
0.405000	0.244141	0.195312
0.410000	0.107422	0.014648
0.415000	0.083008	0.014648
0.420000	0.068359	0.141602
0.425000	-0.029297	0.283203
0.430000	-0.214844	0.151367
0.435000	-0.302734	-0.434570
0.440000	-0.014648	-0.922852
0.445000	0.581055	-0.830078
0.450000	1.123047	-0.351562
0.455000	1.347656	0.224609
0.460000	1.201172	0.664062
0.465000	0.756836	0.864258
0.470000	0.180664	0.825195
0.475000	-0.361328	0.307617
0.480000	-0.551758	-1.044922
0.485000	0.136719	-2.041016
0.490000	1.469727	-1.904297
0.495000	2.724609	-1.030273
0.500000	3.408203	0.053711
0.505000	3.374023	0.908203
0.510000	2.768555	1.293945
0.515000	1.914062	1.240234
0.520000	1.093750	0.898438
0.525000	0.493164	0.483398
0.530000	0.161133	0.161133
0.535000	0.039062	0.014648
0.540000	0.024414	0.034180
0.545000	-0.009766	0.161133
0.550000	-0.117188	0.200195
0.555000	-0.244141	-0.097656
0.560000	-0.170898	-0.595703
0.565000	0.209961	-0.708008
0.570000	0.668945	-0.415039
0.575000	0.937500	0.058594
0.580000	0.898438	0.488281
0.585000	0.571289	0.732422
0.590000	0.078125	0.771484
0.595000	-0.429688	0.209961
0.600000	-0.541992	-1.206055
0.605000	0.244141	-2.124023
0.610000	1.635742	-1.889648
0.615000	2.875977	-0.957031
0.620000	3.510742	0.141602
0.625000	3.422852	0.971680
0.630000	2.778320	1.318359
0.635000	1.904297	1.240234
0.640000	1.083984	0.869141
0.645000	0.502930	0.454102
0.650000	0.190430	0.136719
0.655000	0.087891	0.000000
0.660000	0.078125	0.039062
0.665000	0.043945	0.175781
0.670000	-0.078125	0.283203
0.675000	-0.258789	0.024414
0.680000	-0.268555	-0.605469
0.685000	0.122070	-0.937500
0.690000	0.732422	-0.712891
0.695000	1.196289	-0.185547
0.700000	1.313477	0.366211
0.705000	1.079102	0.742188
0.710000	0.581055	0.869141
0.715000	0.000000	0.751953
0.720000	-0.488281	-0.039062
0.725000	-0.444336	-1.469727
0.730000	0.522461	-2.124023
0.735000	1.904297	-1.694336
0.740000	3.022461	-0.698242
0.745000	3.486328	0.361328
0.750000	3.247070	1.079102
0.755000	2.534180	1.318359
0.760000	1.660156	1.157227
0.765000	0.893555	0.771484
0.770000	0.371094	0.371094
0.775000	0.107422	0.097656
0.780000	0.043945	0.000000
0.785000	0.029297	0.068359
0.790000	-0.014648	0.205078
0.795000	-0.156250	0.175781
0.800000	-0.263672	-0.234375
0.805000	-0.112305	-0.708008
0.810000	0.341797	-0.712891
0.815000	0.810547	-0.346680
0.820000	1.035156	0.151367
0.825000	0.927734	0.566406
0.830000	0.546875	0.781250
0.835000	0.024414	0.761719
0.840000	-0.473633	0.078125
0.845000	-0.498047	-1.362305
0.850000	0.390625	-2.153320
0.855000	1.796875	-1.816406
0.860000	2.993164	-0.834961
0.865000	3.540039	0.253906
0.870000	3.374023	1.040039
0.875000	2.690430	1.333008
0.880000	1.806641	1.201172
0.885000	1.010742	0.825195
0.890000	0.454102	0.410156
0.895000	0.175781	0.107422
0.900000	0.087891	0.000000
0.905000	0.078125	0.048828
0.910000	0.043945	0.195312
0.915000	-0.087891	0.283203
0.920000	-0.273438	-0.019531
0.925000	-0.253906	-0.668945
0.930000	0.180664	-0.952148
0.935000	0.795898	-0.688477
0.940000	1.245117	-0.141602
0.945000	1.328125	0.410156
0.950000	1.064453	0.766602
0.955000	0.556641	0.874023
0.960000	-0.024414	0.737305
0.965000	-0.502930	-0.107422
0.970000	-0.410156	-1.538086
0.975000	0.585938	-2.114258
0.980000	1.967773	-1.645508
0.985000	3.056641	-0.634766
0.990000	3.476562	0.405273
0.995000	3.203125	1.103516
1.000000	2.480469	1.318359
1.005000	1.601562	1.137695
1.010000	0.849609	0.747070
1.015000	0.341797	0.351562
1.020000	0.102539	0.087891
1.025000	0.029297	0.000000
1.030000	0.019531	0.073242
1.035000	-0.034180	0.205078
1.040000	-0.166016	0.136719
1.045000	-0.253906	-0.283203
1.050000	-0.063477	-0.693359
1.055000	0.380859	-0.639648
1.060000	0.800781	-0.253906
1.065000	0.966797	0.224609
1.070000	0.810547	0.600586
1.075000	0.410156	0.776367
1.080000	-0.107422	0.683594
1.085000	-0.546875	-0.224609
1.090000	-0.375977	-1.660156
1.095000	0.708008	-2.158203
1.100000	2.119141	-1.611328
1.105000	3.178711	-0.561523
1.110000	3.554688	0.483398
1.115000	3.242188	1.152344
1.120000	2.485352	1.333008
1.125000	1.596680	1.127930
1.130000	0.849609	0.722656
1.135000	0.361328	0.322266
1.140000	0.136719	0.068359
1.145000	0.078125	0.000000
1.150000	0.073242	0.078125
1.155000	0.014648	0.234375
1.160000	-0.141602	0.253906
1.165000	-0.297852	-0.166016
1.170000	-0.175781	-0.795898
1.175000	0.332031	-0.917969
1.180000	0.927734	-0.556641
1.185000	1.284180	0.009766
1.190000	1.274414	0.522461
1.195000	0.932617	0.815430
1.200000	0.390625	0.859375
1.205000	-0.185547	0.595703
1.210000	-0.556641	-0.502930
1.215000	-0.219727	-1.821289
1.220000	0.971680	-2.075195
1.225000	2.329102	-1.396484
1.230000	3.251953	-0.327148
1.235000	3.466797	0.644531
1.240000	3.041992	1.210938
1.245000	2.241211	1.303711
1.250000	1.376953	1.044922
1.255000	0.683594	0.629883
1.260000	0.258789	0.258789
1.265000	0.073242	0.043945
1.270000	0.029297	0.009766
1.275000	0.019531	0.112305
1.280000	-0.063477	0.224609
1.285000	-0.205078	0.073242
1.290000	-0.244141	-0.419922
1.295000	0.029297	-0.751953
1.300000	0.517578	-0.595703
1.305000	0.908203	-0.156250
1.310000	1.005859	0.322266
1.315000	0.786133	0.668945
1.320000	0.341797	0.800781
1.325000	-0.190430	0.610352
1.330000	-0.576172	-0.463867
1.335000	-0.253906	-1.835938
1.340000	0.932617	-2.124023
1.345000	2.329102	-1.464844
1.350000	3.295898	-0.380859
1.355000	3.554688	0.620117
1.360000	3.144531	1.210938
1.365000	2.343750	1.323242
1.370000	1.464844	1.069336
1.375000	0.751953	0.649414
1.380000	0.307617	0.268555
1.385000	0.122070	0.043945
1.390000	0.083008	0.000000
1.395000	0.073242	0.102539
1.400000	0.000000	0.258789
1.405000	-0.166016	0.224609
1.410000	-0.307617	-0.268555
1.415000	-0.122070	-0.859375
1.420000	0.429688	-0.893555
1.425000	1.010742	-0.478516
1.430000	1.318359	0.097656
1.435000	1.254883	0.581055
1.440000	0.878906	0.839844
1.445000	0.317383	0.849609
1.450000	-0.249023	0.512695
1.455000	-0.566406	-0.688477
1.460000	-0.102539	-1.918945
1.465000	1.152344	-2.026367
1.470000	2.475586	-1.264648
1.475000	3.310547	-0.185547
1.480000	3.437500	0.742188
1.485000	2.949219	1.245117
1.490000	2.124023	1.279297
1.495000	1.264648	0.991211
1.500000	0.610352	0.581055
1.505000	0.219727	0.224609
1.510000	0.058594	0.029297
1.515000	0.029297	0.024414
1.520000	0.009766	0.131836
1.525000	-0.083008	0.224609
1.530000	-0.224609	0.004883
1.535000	-0.224609	-0.493164
1.540000	0.092773	-0.737305
1.545000	0.576172	-0.522461
1.550000	0.913086	-0.068359
1.555000	0.957031	0.390625
1.560000	0.693359	0.698242
1.565000	0.224609	0.791016
1.570000	-0.302734	0.463867
1.575000	-0.585938	-0.781250
1.580000	-0.063477	-1.992188
1.585000	1.240234	-2.050781
1.590000	2.583008	-1.250000
1.595000	3.413086	-0.146484
1.600000	3.510742	0.786133
1.605000	2.993164	1.274414
1.610000	2.153320	1.293945
1.615000	1.289062	0.986328
1.620000	0.629883	0.561523
1.625000	0.253906	0.205078
1.630000	0.107422	0.019531
1.635000	0.078125	0.019531
1.640000	0.063477	0.136719
1.645000	-0.029297	0.278320
1.650000	-0.209961	0.151367
1.655000	-0.302734	-0.419922
1.660000	-0.024414	-0.913086
1.665000	0.566406	-0.825195
1.670000	1.108398	-0.356445
1.675000	1.328125	0.219727
1.680000	1.191406	0.659180
1.685000	0.751953	0.859375
1.690000	0.175781	0.825195
1.695000	-0.366211	0.302734
1.700000	-0.546875	-1.054688
1.705000	0.146484	-2.045898
1.710000	1.484375	-1.904297
1.715000	2.734375	-1.025391
1.720000	3.417969	0.058594
1.725000	3.378906	0.908203
1.730000	2.773438	1.293945
1.735000	1.918945	1.240234
1.740000	1.098633	0.898438
1.745000	0.493164	0.483398
1.750000	0.161133	0.156250
1.755000	0.043945	0.014648
1.760000	0.029297	0.029297
1.765000	0.000000	0.166016
1.770000	-0.112305	0.214844
1.775000	-0.249023	-0.083008
1.780000	-0.190430	-0.600586
1.785000	0.200195	-0.737305
1.790000	0.678711	-0.454102
1.795000	0.971680	0.024414
1.800000	0.957031	0.468750
1.805000	0.634766	0.737305
1.810000	0.141602	0.791016
1.815000	-0.380859	0.317383
1.820000	-0.566406	-1.040039
1.825000	0.117188	-2.080078
1.830000	1.479492	-1.962891
1.835000	2.768555	-1.074219
1.840000	3.486328	0.034180
1.845000	3.461914	0.903320
1.850000	2.866211	1.308594
1.855000	2.001953	1.259766
1.860000	1.166992	0.917969
1.865000	0.551758	0.493164
1.870000	0.214844	0.161133
1.875000	0.097656	0.009766
1.880000	0.078125	0.029297
1.885000	0.058594	0.156250
1.890000	-0.053711	0.288086
1.895000	-0.239258	0.087891
1.900000	-0.288086	-0.527344
1.905000	0.058594	-0.942383
1.910000	0.664062	-0.776367
1.915000	1.171875	-0.263672
1.920000	1.342773	0.302734
1.925000	1.147461	0.708008
1.930000	0.673828	0.869141
1.935000	0.092773	0.795898
1.940000	-0.429688	0.146484
1.945000	-0.507812	-1.259766
1.950000	0.322266	-2.089844
1.955000	1.689453	-1.806641
1.960000	2.875977	-0.864258
1.965000	3.447266	0.209961
1.970000	3.305664	0.996094
1.975000	2.651367	1.308594
1.980000	1.787109	1.201172
1.985000	0.991211	0.834961
1.990000	0.424805	0.424805
1.995000	0.136719	0.126953
2.000000	0.039062	0.004883
2.005000	0.029297	0.048828
2.010000	-0.009766	0.180664
2.015000	-0.136719	0.185547
2.020000	-0.253906	-0.166016
2.025000	-0.136719	-0.649414
2.030000	0.278320	-0.703125
2.035000	0.737305	-0.366211
2.040000	0.966797	0.117188
2.045000	0.893555	0.532227
2.050000	0.537109	0.761719
2.055000	0.029297	0.761719
2.060000	-0.463867	0.097656
2.065000	-0.507812	-1.337891
2.070000	0.366211	-2.148438
2.075000	1.772461	-1.826172
2.080000	2.973633	-0.849609
2.085000	3.535156	0.239258
2.090000	3.378906	1.030273
2.095000	2.700195	1.328125
2.100000	1.821289	1.206055
2.105000	1.015625	0.834961
2.110000	0.458984	0.415039
2.115000	0.175781	0.112305
2.120000	0.087891	0.000000
2.125000	0.078125	0.048828
2.130000	0.039062	0.195312
2.135000	-0.092773	0.283203
2.140000	-0.273438	-0.014648
2.145000	-0.249023	-0.659180
2.150000	0.175781	-0.947266
2.155000	0.791016	-0.678711
2.160000	1.240234	-0.141602
2.165000	1.318359	0.405273
2.170000	1.054688	0.766602
2.175000	0.546875	0.869141
2.180000	-0.034180	0.727539
2.185000	-0.507812	-0.122070
2.190000	-0.405273	-1.552734
2.195000	0.605469	-2.119141
2.200000	1.987305	-1.635742
2.205000	3.066406	-0.620117
2.210000	3.471680	0.415039
2.215000	3.203125	1.108398
2.220000	2.475586	1.318359
2.225000	1.596680	1.137695
2.230000	0.844727	0.742188
2.235000	0.341797	0.341797
2.240000	0.102539	0.083008
2.245000	0.034180	0.000000
2.250000	0.024414	0.073242
2.255000	-0.029297	0.209961
2.260000	-0.166016	0.146484
2.265000	-0.258789	-0.278320
2.270000	-0.073242	-0.712891
2.275000	0.380859	-0.673828
2.280000	0.820312	-0.283203
2.285000	1.000977	0.209961
2.290000	0.859375	0.600586
2.295000	0.463867	0.786133
2.300000	-0.058594	0.717773
2.305000	-0.522461	-0.112305
2.310000	-0.424805	-1.567383
2.315000	0.595703	-2.163086
2.320000	2.011719	-1.689453
2.325000	3.125000	-0.654297
2.330000	3.559570	0.405273
2.335000	3.291016	1.113281
2.340000	2.553711	1.333008
2.345000	1.669922	1.157227
2.350000	0.903320	0.756836
2.355000	0.390625	0.351562
2.360000	0.146484	0.083008
2.365000	0.083008	-0.004883
2.370000	0.078125	0.068359
2.375000	0.029297	0.219727
2.380000	-0.122070	0.268555
2.385000	-0.292969	-0.112305
2.390000	-0.209961	-0.751953
2.395000	0.273438	-0.942383
2.400000	0.883789	-0.610352
2.405000	1.279297	-0.043945
2.410000	1.308594	0.478516
2.415000	0.996094	0.800781
2.420000	0.463867	0.869141
2.425000	-0.117188	0.664062
2.430000	-0.541992	-0.332031
2.435000	-0.312500	-1.713867
2.440000	0.805664	-2.099609
2.445000	2.182617	-1.503906
2.450000	3.168945	-0.458984
2.455000	3.476562	0.551758
2.460000	3.110352	1.171875
2.465000	2.343750	1.308594
2.470000	1.469727	1.083984
2.475000	0.751953	0.678711
2.480000	0.288086	0.297852
2.485000	0.078125	0.058594
2.490000	0.029297	0.004883
2.495000	0.019531	0.097656
2.500000	-0.048828	0.219727
2.505000	-0.190430	0.102539
2.510000	-0.249023	-0.361328
2.515000	-0.014648	-0.727539
2.520000	0.458984	-0.610352
2.525000	0.859375	-0.200195
2.530000	0.986328	0.288086
2.535000	0.791016	0.639648
2.540000	0.366211	0.791016
2.545000	-0.161133	0.634766
2.550000	-0.561523	-0.380859
2.555000	-0.302734	-1.777344
2.560000	0.859375	-2.138672
2.565000	2.260742	-1.513672
2.570000	3.261719	-0.439453
2.575000	3.554688	0.571289
2.580000	3.178711	1.196289
2.585000	2.392578	1.328125
2.590000	1.503906	1.088867
2.595000	0.781250	0.673828
2.600000	0.327148	0.288086
2.605000	0.126953	0.053711
2.610000	0.083008	-0.004883
2.615000	0.073242	0.097656
2.620000	0.004883	0.249023
2.625000	-0.161133	0.234375
2.630000	-0.302734	-0.234375
2.635000	-0.146484	-0.834961
2.640000	0.395508	-0.903320
2.645000	0.986328	-0.502930
2.650000	1.313477	0.063477
2.655000	1.264648	0.561523
2.660000	0.893555	0.830078
2.665000	0.341797	0.854492
2.670000	-0.234375	0.537109
2.675000	-0.566406	-0.634766
2.680000	-0.136719	-1.894531
2.685000	1.098633	-2.036133
2.690000	2.441406	-1.303711
2.695000	3.300781	-0.229492
2.700000	3.452148	0.717773
2.705000	2.978516	1.240234
2.710000	2.167969	1.289062
2.715000	1.298828	1.005859
2.720000	0.629883	0.595703
2.725000	0.229492	0.229492
2.730000	0.063477	0.034180
2.735000	0.029297	0.014648
2.740000	0.014648	0.126953
2.745000	-0.073242	0.224609
2.750000	-0.219727	0.034180
2.755000	-0.234375	-0.468750
2.760000	0.073242	-0.751953
2.765000	0.556641	-0.556641
2.770000	0.917969	-0.102539
2.775000	0.981445	0.366211
2.780000	0.737305	0.688477
2.785000	0.278320	0.795898
2.790000	-0.253906	0.527344
2.795000	-0.585938	-0.649414
2.800000	-0.146484	-1.928711
2.805000	1.113281	-2.089844
2.810000	2.485352	-1.337891
2.815000	3.369141	-0.244141
2.820000	3.535156	0.717773
2.825000	3.056641	1.250000
2.830000	2.231445	1.308594
2.835000	1.362305	1.020508
2.840000	0.683594	0.600586
2.845000	0.278320	0.229492
2.850000	0.107422	0.029297
2.855000	0.078125	0.009766
2.860000	0.068359	0.122070
2.865000	-0.009766	0.268555
2.870000	-0.195312	0.185547
2.875000	-0.307617	-0.356445
2.880000	-0.068359	-0.898438
2.885000	0.507812	-0.859375
2.890000	1.069336	-0.410156
2.895000	1.333008	0.166016
2.900000	1.230469	0.625000
2.905000	0.805664	0.849609
2.910000	0.239258	0.839844
2.915000	-0.317383	0.400391
2.920000	-0.561523	-0.893555
2.925000	0.034180	-2.001953
2.930000	1.337891	-1.962891
2.935000	2.626953	-1.137695
2.940000	3.374023	-0.043945
2.945000	3.408203	0.844727
2.950000	2.851562	1.274414
2.955000	2.006836	1.254883
2.960000	1.176758	0.942383
2.965000	0.541992	0.527344
2.970000	0.185547	0.190430
2.975000	0.053711	0.019531
2.980000	0.024414	0.024414
2.985000	0.004883	0.146484
2.990000	-0.092773	0.219727
2.995000	-0.239258	-0.043945
3.000000	-0.205078	-0.556641
3.005000	0.156250	-0.737305
3.010000	0.634766	-0.478516
3.015000	0.942383	-0.009766
3.020000	0.952148	0.439453
3.025000	0.654297	0.722656
3.030000	0.170898	0.791016
3.035000	-0.351562	0.375977
3.040000	-0.576172	-0.947266
3.045000	0.048828	-2.055664
3.050000	1.386719	-1.997070
3.055000	2.700195	-1.147461
3.060000	3.461914	-0.034180
3.065000	3.486328	0.859375
3.070000	2.915039	1.293945
3.075000	2.055664	1.269531
3.080000	1.215820	0.942383
3.085000	0.581055	0.522461
3.090000	0.229492	0.180664
3.095000	0.097656	0.014648
3.100000	0.078125	0.019531
3.105000	0.058594	0.151367
3.110000	-0.048828	0.283203
3.115000	-0.229492	0.112305
3.120000	-0.297852	-0.488281
3.125000	0.024414	-0.932617
3.130000	0.625000	-0.791016
3.135000	1.147461	-0.297852
3.140000	1.333008	0.268555
3.145000	1.157227	0.693359
3.150000	0.698242	0.864258
3.155000	0.117188	0.805664
3.160000	-0.410156	0.200195
3.165000	-0.522461	-1.201172
3.170000	0.258789	-2.080078
3.175000	1.621094	-1.845703
3.180000	2.832031	-0.922852
3.185000	3.442383	0.161133
3.190000	3.339844	0.966797
3.195000	2.695312	1.303711
3.200000	1.835938	1.215820
3.205000	1.025391	0.859375
3.210000	0.454102	0.444336
3.215000	0.146484	0.136719
3.220000	0.043945	0.009766
3.225000	0.029297	0.048828
3.230000	-0.009766	0.175781
3.235000	-0.131836	0.200195
3.240000	-0.253906	-0.141602
3.245000	-0.161133	-0.634766
3.250000	0.249023	-0.722656
3.255000	0.722656	-0.405273
3.260000	0.986328	0.078125
3.265000	0.927734	0.512695
3.270000	0.585938	0.756836
3.275000	0.078125	0.776367
3.280000	-0.424805	0.205078
3.285000	-0.541992	-1.206055
3.290000	0.249023	-2.124023
3.295000	1.635742	-1.894531
3.300000	2.885742	-0.957031
3.305000	3.510742	0.146484
3.310000	3.422852	0.971680
3.315000	2.778320	1.318359
3.320000	1.904297	1.235352
3.325000	1.088867	0.869141
3.330000	0.502930	0.449219
3.335000	0.190430	0.136719
3.340000	0.092773	-0.004883
3.345000	0.078125	0.039062
3.350000	0.048828	0.175781
3.355000	-0.073242	0.288086
3.360000	-0.258789	0.034180
3.365000	-0.273438	-0.600586
3.370000	0.112305	-0.947266
3.375000	0.732422	-0.732422
3.380000	1.210938	-0.200195
3.385000	1.333008	0.356445
3.390000	1.103516	0.737305
3.395000	0.610352	0.874023
3.400000	0.024414	0.766602
3.405000	-0.478516	0.014648
3.410000	-0.463867	-1.411133
3.415000	0.463867	-2.114258
3.420000	1.845703	-1.723633
3.425000	2.978516	-0.742188
3.430000	3.466797	0.317383
3.435000	3.256836	1.054688
3.440000	2.558594	1.318359
3.445000	1.689453	1.166992
3.450000	0.917969	0.791016
3.455000	0.380859	0.385742
3.460000	0.112305	0.107422
3.465000	0.034180	0.000000
3.470000	0.024414	0.063477
3.475000	-0.019531	0.195312
3.480000	-0.151367	0.166016
3.485000	-0.253906	-0.219727
3.490000	-0.107422	-0.678711
3.495000	0.327148	-0.683594
3.500000	0.776367	-0.317383
3.505000	0.986328	0.166016
3.510000	0.869141	0.571289
3.515000	0.488281	0.771484
3.520000	-0.024414	0.737305
3.525000	-0.498047	-0.029297
3.530000	-0.463867	-1.479492
3.535000	0.502930	-2.163086
3.540000	1.914062	-1.743164
3.545000	3.066406	-0.732422
3.550000	3.554688	0.336914
3.555000	3.325195	1.083984
3.560000	2.612305	1.337891
3.565000	1.728516	1.176758
3.570000	0.947266	0.786133
3.575000	0.419922	0.375977
3.580000	0.161133	0.097656
3.585000	0.087891	-0.004883
3.590000	0.078125	0.058594
3.595000	0.029297	0.209961
3.600000	-0.112305	0.273438
3.605000	-0.283203	-0.073242
3.610000	-0.229492	-0.717773
3.615000	0.239258	-0.942383
3.620000	0.844727	-0.634766
3.625000	1.259766	-0.083008
3.630000	1.308594	0.454102
3.635000	1.010742	0.781250
3.640000	0.488281	0.869141
3.645000	-0.092773	0.688477
3.650000	-0.532227	-0.263672
3.655000	-0.341797	-1.665039
3.660000	0.742188	-2.109375
3.665000	2.124023	-1.552734
3.670000	3.144531	-0.507812
3.675000	3.481445	0.507812
3.680000	3.149414	1.152344
3.685000	2.387695	1.318359
3.690000	1.513672	1.103516
3.695000	0.776367	0.698242
3.700000	0.307617	0.312500
3.705000	0.087891	0.063477
3.710000	0.029297	0.004883
3.715000	0.019531	0.087891
3.720000	-0.043945	0.219727
3.725000	-0.180664	0.122070
3.730000	-0.258789	-0.327148
3.735000	-0.039062	-0.732422
3.740000	0.434570	-0.639648
3.745000	0.849609	-0.234375
3.750000	1.005859	0.258789
3.755000	0.830078	0.625000
3.760000	0.415039	0.791016
3.765000	-0.112305	0.678711
3.770000	-0.546875	-0.253906
3.775000	-0.361328	-1.679688
3.780000	0.732422	-2.158203
3.785000	2.148438	-1.596680
3.790000	3.198242	-0.541992
3.795000	3.564453	0.498047
3.800000	3.237305	1.157227
3.805000	2.475586	1.333008
3.810000	1.582031	1.123047
3.815000	0.839844	0.717773
3.820000	0.356445	0.317383
3.825000	0.136719	0.063477
3.830000	0.083008	0.000000
3.835000	0.078125	0.078125
3.840000	0.019531	0.234375
3.845000	-0.141602	0.253906
3.850000	-0.297852	-0.170898
3.855000	-0.180664	-0.800781
3.860000	0.336914	-0.922852
3.865000	0.937500	-0.556641
3.870000	1.298828	0.009766
3.875000	1.284180	0.522461
3.880000	0.942383	0.815430
3.885000	0.400391	0.864258
3.890000	-0.175781	0.605469
3.895000	-0.561523	-0.483398
3.900000	-0.224609	-1.816406
3.905000	0.952148	-2.075195
3.910000	2.319336	-1.406250
3.915000	3.242188	-0.336914
3.920000	3.466797	0.639648
3.925000	3.046875	1.206055
3.930000	2.250977	1.303711
3.935000	1.381836	1.044922
3.940000	0.688477	0.634766
3.945000	0.258789	0.263672
3.950000	0.068359	0.048828
3.955000	0.029297	0.014648
3.960000	0.014648	0.112305
3.965000	-0.058594	0.224609
3.970000	-0.205078	0.063477
3.975000	-0.244141	-0.419922
3.980000	0.029297	-0.737305
3.985000	0.512695	-0.581055
3.990000	0.883789	-0.141602
3.995000	0.976562	0.332031
4.000000	0.756836	0.668945
4.005000	0.307617	0.791016
4.010000	-0.219727	0.576172
4.015000	-0.576172	-0.541992
4.020000	-0.209961	-1.875000
4.025000	1.015625	-2.114258
4.030000	2.402344	-1.411133
4.035000	3.330078	-0.322266
4.040000	3.540039	0.664062
4.045000	3.105469	1.235352
4.050000	2.294922	1.318359
4.055000	1.416016	1.049805
4.060000	0.722656	0.625000
4.065000	0.297852	0.253906
4.070000	0.117188	0.034180
4.075000	0.083008	0.004883
4.080000	0.068359	0.107422
4.085000	-0.009766	0.258789
4.090000	-0.180664	0.205078
4.095000	-0.307617	-0.307617
4.100000	-0.097656	-0.874023
4.105000	0.463867	-0.874023
4.110000	1.035156	-0.439453
4.115000	1.318359	0.131836
4.120000	1.240234	0.605469
4.125000	0.839844	0.849609
4.130000	0.273438	0.849609
4.135000	-0.292969	0.454102
4.140000	-0.566406	-0.805664
4.145000	-0.029297	-1.967773
4.150000	1.254883	-1.997070
4.155000	2.563477	-1.196289
4.160000	3.354492	-0.107422
4.165000	3.427734	0.795898
4.170000	2.895508	1.264648
4.175000	2.065430	1.274414
4.180000	1.225586	0.966797
4.185000	0.576172	0.546875
4.190000	0.205078	0.205078
4.195000	0.053711	0.024414
4.200000	0.029297	0.024414
4.205000	0.009766	0.141602
4.210000	-0.087891	0.224609
4.215000	-0.234375	-0.014648
4.220000	-0.214844	-0.527344
4.225000	0.122070	-0.751953
4.230000	0.610352	-0.512695
4.235000	0.942383	-0.048828
4.240000	0.966797	0.415039
4.245000	0.693359	0.712891
4.250000	0.219727	0.795898
4.255000	-0.312500	0.449219
4.260000	-0.585938	-0.815430
4.265000	-0.039062	-2.006836
4.270000	1.264648	-2.041016
4.275000	2.607422	-1.235352
4.280000	3.427734	-0.126953
4.285000	3.510742	0.795898
4.290000	2.983398	1.279297
4.295000	2.138672	1.289062
4.300000	1.274414	0.981445
4.305000	0.620117	0.556641
4.310000	0.249023	0.200195
4.315000	0.107422	0.019531
4.320000	0.083008	0.019531
4.325000	0.068359	0.136719
4.330000	-0.029297	0.283203
4.335000	-0.214844	0.146484
4.340000	-0.302734	-0.429688
4.345000	-0.019531	-0.917969
4.350000	0.571289	-0.830078
4.355000	1.118164	-0.351562
4.360000	1.337891	0.224609
4.365000	1.196289	0.664062
4.370000	0.756836	0.859375
4.375000	0.175781	0.825195
4.380000	-0.366211	0.302734
4.385000	-0.551758	-1.049805
4.390000	0.146484	-2.045898
4.395000	1.484375	-1.904297
4.400000	2.734375	-1.020508
4.405000	3.413086	0.063477
4.410000	3.374023	0.913086
4.415000	2.773438	1.293945
4.420000	1.914062	1.240234
4.425000	1.098633	0.898438
4.430000	0.493164	0.483398
4.435000	0.156250	0.161133
4.440000	0.048828	0.009766
4.445000	0.029297	0.034180
4.450000	-0.004883	0.166016
4.455000	-0.117188	0.205078
4.460000	-0.244141	-0.092773
4.465000	-0.180664	-0.600586
4.470000	0.205078	-0.722656
4.475000	0.678711	-0.429688
4.480000	0.957031	0.043945
4.485000	0.927734	0.483398
4.490000	0.605469	0.737305
4.495000	0.107422	0.781250
4.500000	-0.405273	0.263672
4.505000	-0.556641	-1.127930
4.510000	0.185547	-2.109375
4.515000	1.557617	-1.928711
4.520000	2.827148	-1.015625
4.525000	3.500977	0.087891
4.530000	3.442383	0.937500
4.535000	2.822266	1.318359
4.540000	1.953125	1.245117
4.545000	1.127930	0.893555
4.550000	0.527344	0.468750
4.555000	0.205078	0.151367
4.560000	0.092773	0.004883
4.565000	0.078125	0.029297
4.570000	0.048828	0.170898
4.575000	-0.068359	0.288086
4.580000	-0.249023	0.058594
4.585000	-0.283203	-0.571289
4.590000	0.087891	-0.942383
4.595000	0.698242	-0.747070
4.600000	1.191406	-0.229492
4.605000	1.333008	0.332031
4.610000	1.118164	0.727539
4.615000	0.629883	0.869141
4.620000	0.048828	0.781250
4.625000	-0.454102	0.063477
4.630000	-0.478516	-1.357422
4.635000	0.410156	-2.109375
4.640000	1.787109	-1.757812
4.645000	2.939453	-0.786133
4.650000	3.461914	0.278320
4.655000	3.281250	1.035156
4.660000	2.597656	1.318359
4.665000	1.728516	1.181641
4.670000	0.942383	0.805664
4.675000	0.400391	0.400391
4.680000	0.126953	0.112305
4.685000	0.039062	0.004883
4.690000	0.029297	0.058594
4.695000	-0.009766	0.190430
4.700000	-0.146484	0.180664
4.705000	-0.258789	-0.195312
4.710000	-0.126953	-0.678711
4.715000	0.307617	-0.708008
4.720000	0.766602	-0.361328
4.725000	1.000977	0.131836
4.730000	0.908203	0.551758
4.735000	0.541992	0.766602
4.740000	0.029297	0.761719
4.745000	-0.468750	0.087891
4.750000	-0.507812	-1.347656
4.755000	0.380859	-2.148438
4.760000	1.787109	-1.821289
4.765000	2.983398	-0.839844
4.770000	3.540039	0.244141
4.775000	3.378906	1.030273
4.780000	2.695312	1.328125
4.785000	1.816406	1.206055
4.790000	1.010742	0.830078
4.795000	0.454102	0.410156
4.800000	0.175781	0.107422
4.805000	0.087891	-0.004883
4.810000	0.078125	0.048828
4.815000	0.043945	0.190430
4.820000	-0.087891	0.283203
4.825000	-0.273438	-0.014648
4.830000	-0.253906	-0.664062
4.835000	0.175781	-0.947266
4.840000	0.791016	-0.688477
4.845000	1.240234	-0.146484
4.850000	1.328125	0.405273
4.855000	1.064453	0.766602
4.860000	0.556641	0.874023
4.865000	-0.024414	0.737305
4.870000	-0.498047	-0.102539
4.875000	-0.415039	-1.533203
4.880000	0.581055	-2.114258
4.885000	1.962891	-1.650391
4.890000	3.051758	-0.634766
4.895000	3.476562	0.405273
4.900000	3.208008	1.098633
4.905000	2.480469	1.313477
4.910000	1.606445	1.142578
4.915000	0.854492	0.747070
4.920000	0.341797	0.351562
4.925000	0.102539	0.087891
4.930000	0.029297	0.000000
4.935000	0.019531	0.073242
4.940000	-0.034180	0.205078
4.945000	-0.166016	0.141602
4.950000	-0.253906	-0.278320
4.955000	-0.073242	-0.703125
4.960000	0.371094	-0.644531
4.965000	0.800781	-0.263672
4.970000	0.966797	0.219727
4.975000	0.825195	0.600586
4.980000	0.424805	0.776367
4.985000	-0.092773	0.693359
4.990000	-0.541992	-0.200195
4.995000	-0.390625	-1.640625
5.000000	0.678711	-2.158203
5.005000	2.094727	-1.635742
5.010000	3.168945	-0.585938
5.015000	3.559570	0.463867
5.020000	3.256836	1.142578
5.025000	2.500000	1.333008
5.030000	1.616211	1.132812
5.035000	0.859375	0.732422
5.040000	0.366211	0.332031
5.045000	0.141602	0.068359
5.050000	0.083008	0.000000
5.055000	0.073242	0.078125
5.060000	0.019531	0.224609
5.065000	-0.131836	0.258789
5.070000	-0.297852	-0.156250
5.075000	-0.190430	-0.781250
5.080000	0.312500	-0.922852
5.085000	0.922852	-0.566406
5.090000	1.279297	-0.004883
5.095000	1.279297	0.512695
5.100000	0.947266	0.810547
5.105000	0.410156	0.859375
5.110000	-0.166016	0.615234
5.115000	-0.556641	-0.458984
5.120000	-0.244141	-1.796875
5.125000	0.932617	-2.080078
5.130000	2.294922	-1.425781
5.135000	3.232422	-0.356445
5.140000	3.471680	0.620117
5.145000	3.061523	1.201172
5.150000	2.270508	1.303711
5.155000	1.401367	1.054688
5.160000	0.698242	0.644531
5.165000	0.263672	0.268555
5.170000	0.073242	0.048828
5.175000	0.029297	0.009766
5.180000	0.019531	0.107422
5.185000	-0.053711	0.224609
5.190000	-0.205078	0.083008
5.195000	-0.249023	-0.405273
5.200000	0.014648	-0.747070
5.205000	0.502930	-0.605469
5.210000	0.893555	-0.170898
5.215000	1.005859	0.312500
5.220000	0.791016	0.659180
5.225000	0.346680	0.800781
5.230000	-0.175781	0.620117
5.235000	-0.571289	-0.429688
5.240000	-0.273438	-1.811523
5.245000	0.908203	-2.133789
5.250000	2.309570	-1.484375
5.255000	3.286133	-0.400391
5.260000	3.554688	0.605469
5.265000	3.154297	1.206055
5.270000	2.358398	1.323242
5.275000	1.479492	1.079102
5.280000	0.761719	0.659180
5.285000	0.317383	0.273438
5.290000	0.126953	0.048828
5.295000	0.083008	0.000000
5.300000	0.073242	0.097656
5.305000	0.000000	0.253906
5.310000	-0.166016	0.224609
5.315000	-0.307617	-0.253906
5.320000	-0.131836	-0.849609
5.325000	0.415039	-0.903320
5.330000	1.000977	-0.493164
5.335000	1.318359	0.083008
5.340000	1.259766	0.571289
5.345000	0.888672	0.839844
5.350000	0.332031	0.849609
5.355000	-0.244141	0.522461
5.360000	-0.566406	-0.659180
5.365000	-0.122070	-1.904297
5.370000	1.123047	-2.031250
5.375000	2.456055	-1.284180
5.380000	3.305664	-0.209961
5.385000	3.442383	0.727539
5.390000	2.963867	1.240234
5.395000	2.148438	1.284180
5.400000	1.284180	1.000977
5.405000	0.620117	0.590820
5.410000	0.224609	0.229492
5.415000	0.058594	0.029297
5.420000	0.029297	0.019531
5.425000	0.014648	0.126953
5.430000	-0.078125	0.224609
5.435000	-0.219727	0.014648
5.440000	-0.229492	-0.483398
5.445000	0.087891	-0.737305
5.450000	0.561523	-0.532227
5.455000	0.913086	-0.078125
5.460000	0.957031	0.380859
5.465000	0.703125	0.693359
5.470000	0.239258	0.791016
5.475000	-0.283203	0.483398
5.480000	-0.585938	-0.737305
5.485000	-0.087891	-1.972656
5.490000	1.206055	-2.060547
5.495000	2.548828	-1.279297
5.500000	3.403320	-0.180664
5.505000	3.520508	0.766602
5.510000	3.017578	1.264648
5.515000	2.177734	1.293945
5.520000	1.308594	1.000977
5.525000	0.644531	0.576172
5.530000	0.258789	0.214844
5.535000	0.107422	0.019531
5.540000	0.078125	0.014648
5.545000	0.063477	0.131836
5.550000	-0.024414	0.273438
5.555000	-0.205078	0.161133
5.560000	-0.302734	-0.395508
5.565000	-0.043945	-0.908203
5.570000	0.546875	-0.839844
5.575000	1.093750	-0.371094
5.580000	1.328125	0.200195
5.585000	1.201172	0.649414
5.590000	0.766602	0.854492
5.595000	0.195312	0.830078
5.600000	-0.356445	0.332031
5.605000	-0.551758	-1.000977
5.610000	0.107422	-2.036133
5.615000	1.440430	-1.923828
5.620000	2.700195	-1.059570
5.625000	3.403320	0.029297
5.630000	3.383789	0.883789
5.635000	2.797852	1.289062
5.640000	1.948242	1.245117
5.645000	1.123047	0.913086
5.650000	0.507812	0.493164
5.655000	0.170898	0.170898
5.660000	0.048828	0.014648
5.665000	0.029297	0.029297
5.670000	0.000000	0.161133
5.675000	-0.107422	0.214844
5.680000	-0.244141	-0.068359
5.685000	-0.190430	-0.590820
5.690000	0.185547	-0.747070
5.695000	0.668945	-0.463867
5.700000	0.966797	0.014648
5.705000	0.957031	0.463867
5.710000	0.649414	0.732422
5.715000	0.156250	0.791016
5.720000	-0.366211	0.346680
5.725000	-0.571289	-0.996094
5.730000	0.087891	-2.070312
5.735000	1.440430	-1.977539
5.740000	2.739258	-1.108398
5.745000	3.471680	0.000000
5.750000	3.471680	0.883789
5.755000	2.890625	1.303711
5.760000	2.026367	1.264648
5.765000	1.191406	0.927734
5.770000	0.566406	0.507812
5.775000	0.219727	0.170898
5.780000	0.097656	0.009766
5.785000	0.078125	0.024414
5.790000	0.058594	0.156250
5.795000	-0.048828	0.288086
5.800000	-0.239258	0.102539
5.805000	-0.292969	-0.507812
5.810000	0.043945	-0.937500
5.815000	0.644531	-0.786133
5.820000	1.162109	-0.283203
5.825000	1.337891	0.288086
5.830000	1.157227	0.698242
5.835000	0.683594	0.864258
5.840000	0.107422	0.800781
5.845000	-0.415039	0.175781
5.850000	-0.517578	-1.230469
5.855000	0.288086	-2.084961
5.860000	1.650391	-1.826172
5.865000	2.856445	-0.893555
5.870000	3.442383	0.180664
5.875000	3.325195	0.981445
5.880000	2.675781	1.308594
5.885000	1.811523	1.210938
5.890000	1.005859	0.849609
5.895000	0.439453	0.439453
5.900000	0.141602	0.131836
5.905000	0.039062	0.004883
5.910000	0.029297	0.048828
5.915000	-0.009766	0.175781
5.920000	-0.131836	0.190430
5.925000	-0.253906	-0.151367
5.930000	-0.151367	-0.639648
5.935000	0.263672	-0.712891
5.940000	0.722656	-0.380859
5.945000	0.971680	0.097656
5.950000	0.908203	0.522461
5.955000	0.556641	0.751953
5.960000	0.048828	0.766602
5.965000	-0.449219	0.146484
5.970000	-0.522461	-1.284180
5.975000	0.317383	-2.138672
5.980000	1.718750	-1.855469
5.985000	2.934570	-0.893555
5.990000	3.525391	0.200195
5.995000	3.393555	1.000977
6.000000	2.729492	1.328125
6.005000	1.855469	1.220703
6.010000	1.049805	0.849609
6.015000	0.473633	0.429688
6.020000	0.180664	0.122070
6.025000	0.087891	0.000000
6.030000	0.078125	0.043945
6.035000	0.043945	0.185547
6.040000	-0.087891	0.283203
6.045000	-0.268555	0.000000
6.050000	-0.258789	-0.639648
6.055000	0.151367	-0.947266
6.060000	0.766602	-0.703125
6.065000	1.225586	-0.161133
6.070000	1.323242	0.385742
6.075000	1.074219	0.756836
6.080000	0.571289	0.869141
6.085000	-0.014648	0.747070
6.090000	-0.498047	-0.068359
6.095000	-0.424805	-1.503906
6.100000	0.546875	-2.119141
6.105000	1.933594	-1.669922
6.110000	3.037109	-0.664062
6.115000	3.476562	0.375977
6.120000	3.227539	1.088867
6.125000	2.504883	1.318359
6.130000	1.630859	1.152344
6.135000	0.869141	0.761719
6.140000	0.356445	0.361328
6.145000	0.107422	0.092773
6.150000	0.034180	0.000000
6.155000	0.024414	0.068359
6.160000	-0.024414	0.205078
6.165000	-0.161133	0.156250
6.170000	-0.263672	-0.253906
6.175000	-0.087891	-0.703125
6.180000	0.361328	-0.678711
6.185000	0.805664	-0.302734
6.190000	1.005859	0.185547
6.195000	0.878906	0.585938
6.200000	0.488281	0.776367
6.205000	-0.034180	0.732422
6.210000	-0.507812	-0.048828
6.215000	-0.454102	-1.508789
6.220000	0.532227	-2.163086
6.225000	1.938477	-1.728516
6.230000	3.081055	-0.712891
6.235000	3.554688	0.356445
6.240000	3.320312	1.088867
6.245000	2.597656	1.333008
6.250000	1.713867	1.166992
6.255000	0.937500	0.781250
6.260000	0.410156	0.366211
6.265000	0.151367	0.092773
6.270000	0.087891	-0.004883
6.275000	0.078125	0.058594
6.280000	0.029297	0.214844
6.285000	-0.112305	0.278320
6.290000	-0.283203	-0.083008
6.295000	-0.224609	-0.727539
6.300000	0.244141	-0.947266
6.305000	0.859375	-0.634766
6.310000	1.264648	-0.078125
6.315000	1.318359	0.458984
6.320000	1.020508	0.791016
6.325000	0.493164	0.869141
6.330000	-0.087891	0.688477
6.335000	-0.532227	-0.253906
6.340000	-0.346680	-1.660156
6.345000	0.732422	-2.104492
6.350000	2.114258	-1.552734
6.355000	3.129883	-0.512695
6.360000	3.476562	0.507812
6.365000	3.139648	1.147461
6.370000	2.387695	1.313477
6.375000	1.508789	1.103516
6.380000	0.781250	0.703125
6.385000	0.307617	0.312500
6.390000	0.087891	0.068359
6.395000	0.029297	0.004883
6.400000	0.019531	0.087891
6.405000	-0.043945	0.214844
6.410000	-0.185547	0.112305
6.415000	-0.249023	-0.336914
6.420000	-0.029297	-0.712891
6.425000	0.434570	-0.620117
6.430000	0.834961	-0.209961
6.435000	0.966797	0.268555
6.440000	0.786133	0.629883
6.445000	0.366211	0.781250
6.450000	-0.156250	0.639648
6.455000	-0.561523	-0.361328
6.460000	-0.307617	-1.762695
6.465000	0.839844	-2.143555
6.470000	2.241211	-1.528320
6.475000	3.247070	-0.458984
6.480000	3.554688	0.561523
6.485000	3.183594	1.191406
6.490000	2.402344	1.328125
6.495000	1.518555	1.093750
6.500000	0.791016	0.683594
6.505000	0.332031	0.292969
6.510000	0.126953	0.053711
6.515000	0.078125	0.000000
6.520000	0.073242	0.092773
6.525000	0.004883	0.244141
6.530000	-0.161133	0.234375
6.535000	-0.302734	-0.229492
6.540000	-0.146484	-0.830078
6.545000	0.390625	-0.898438
6.550000	0.976562	-0.502930
6.555000	1.298828	0.063477
6.560000	1.250000	0.556641
6.565000	0.888672	0.830078
6.570000	0.336914	0.849609
6.575000	-0.239258	0.532227
6.580000	-0.566406	-0.639648
6.585000	-0.136719	-1.894531
6.590000	1.103516	-2.041016
6.595000	2.446289	-1.298828
6.600000	3.305664	-0.224609
6.605000	3.452148	0.717773
6.610000	2.978516	1.240234
6.615000	2.163086	1.289062
6.620000	1.298828	1.005859
6.625000	0.629883	0.595703
6.630000	0.229492	0.229492
6.635000	0.063477	0.029297
6.640000	0.034180	0.014648
6.645000	0.019531	0.126953
6.650000	-0.068359	0.224609
6.655000	-0.219727	0.039062
6.660000	-0.239258	-0.468750
6.665000	0.068359	-0.761719
6.670000	0.561523	-0.571289
6.675000	0.932617	-0.117188
6.680000	1.005859	0.361328
6.685000	0.771484	0.688477
6.690000	0.307617	0.800781
6.695000	-0.224609	0.571289
6.700000	-0.581055	-0.566406
6.705000	-0.200195	-1.889648
6.710000	1.040039	-2.109375
6.715000	2.421875	-1.396484
6.720000	3.339844	-0.302734
6.725000	3.544922	0.673828
6.730000	3.100586	1.240234
6.735000	2.280273	1.313477
6.740000	1.406250	1.044922
6.745000	0.712891	0.620117
6.750000	0.292969	0.249023
6.755000	0.117188	0.034180
6.760000	0.083008	0.004883
6.765000	0.068359	0.107422
6.770000	-0.009766	0.263672
6.775000	-0.180664	0.205078
6.780000	-0.312500	-0.312500
6.785000	-0.092773	-0.878906
6.790000	0.468750	-0.878906
6.795000	1.049805	-0.444336
6.800000	1.333008	0.126953
6.805000	1.245117	0.610352
6.810000	0.844727	0.849609
6.815000	0.278320	0.849609
6.820000	-0.283203	0.458984
6.825000	-0.566406	-0.791016
6.830000	-0.039062	-1.958008
6.835000	1.240234	-1.992188
6.840000	2.548828	-1.206055
6.845000	3.344727	-0.117188
6.850000	3.422852	0.791016
6.855000	2.900391	1.259766
6.860000	2.070312	1.269531
6.865000	1.230469	0.966797
6.870000	0.581055	0.551758
6.875000	0.200195	0.205078
6.880000	0.053711	0.024414
6.885000	0.029297	0.019531
6.890000	0.004883	0.141602
6.895000	-0.087891	0.219727
6.900000	-0.229492	-0.014648
6.905000	-0.209961	-0.522461
6.910000	0.126953	-0.732422
6.915000	0.605469	-0.493164
6.920000	0.927734	-0.034180
6.925000	0.942383	0.419922
6.930000	0.664062	0.708008
6.935000	0.185547	0.791016
6.940000	-0.332031	0.400391
6.945000	-0.581055	-0.893555
6.950000	0.014648	-2.036133
6.955000	1.337891	-2.016602
6.960000	2.666016	-1.181641
6.965000	3.442383	-0.073242
6.970000	3.491211	0.839844
6.975000	2.939453	1.289062
6.980000	2.084961	1.279297
6.985000	1.235352	0.957031
6.990000	0.600586	0.537109
6.995000	0.234375	0.190430
7.000000	0.097656	0.014648
7.005000	0.078125	0.019531
7.010000	0.058594	0.146484
7.015000	-0.043945	0.283203
7.020000	-0.224609	0.122070
7.025000	-0.297852	-0.468750
7.030000	0.009766	-0.927734
7.035000	0.610352	-0.795898
7.040000	1.132812	-0.307617
7.045000	1.323242	0.258789
7.050000	1.166992	0.683594
7.055000	0.703125	0.864258
7.060000	0.131836	0.810547
7.065000	-0.400391	0.219727
7.070000	-0.532227	-1.176758
7.075000	0.239258	-2.080078
7.080000	1.596680	-1.860352
7.085000	2.817383	-0.942383
7.090000	3.442383	0.141602
7.095000	3.344727	0.957031
7.100000	2.714844	1.308594
7.105000	1.850586	1.220703
7.110000	1.040039	0.864258
7.115000	0.454102	0.449219
7.120000	0.146484	0.141602
7.125000	0.048828	0.009766
7.130000	0.029297	0.043945
7.135000	-0.004883	0.170898
7.140000	-0.126953	0.205078
7.145000	-0.253906	-0.122070
7.150000	-0.170898	-0.634766
7.155000	0.234375	-0.742188
7.160000	0.717773	-0.429688
7.165000	0.996094	0.058594
7.170000	0.952148	0.493164
7.175000	0.620117	0.756836
7.180000	0.117188	0.786133
7.185000	-0.400391	0.268555
7.190000	-0.556641	-1.118164
7.195000	0.175781	-2.109375
7.200000	1.552734	-1.928711
7.205000	2.822266	-1.020508
7.210000	3.500977	0.083008
7.215000	3.447266	0.932617
7.220000	2.827148	1.313477
7.225000	1.962891	1.245117
7.230000	1.132812	0.898438
7.235000	0.532227	0.473633
7.240000	0.205078	0.151367
7.245000	0.097656	0.000000
7.250000	0.083008	0.029297
7.255000	0.058594	0.170898
7.260000	-0.063477	0.288086
7.265000	-0.249023	0.063477
7.270000	-0.283203	-0.561523
7.275000	0.078125	-0.947266
7.280000	0.693359	-0.756836
7.285000	1.196289	-0.239258
7.290000	1.342773	0.322266
7.295000	1.127930	0.722656
7.300000	0.649414	0.869141
7.305000	0.068359	0.786133
7.310000	-0.444336	0.097656
7.315000	-0.488281	-1.313477
7.320000	0.371094	-2.099609
7.325000	1.743164	-1.777344
7.330000	2.919922	-0.815430
7.335000	3.452148	0.253906
7.340000	3.291016	1.020508
7.345000	2.617188	1.318359
7.350000	1.748047	1.191406
7.355000	0.961914	0.820312
7.360000	0.410156	0.410156
7.365000	0.126953	0.117188
7.370000	0.039062	0.004883
7.375000	0.024414	0.058594
7.380000	-0.014648	0.185547
7.385000	-0.141602	0.175781
7.390000	-0.253906	-0.190430
7.395000	-0.122070	-0.659180
7.400000	0.302734	-0.683594
7.405000	0.747070	-0.336914
7.410000	0.961914	0.141602
7.415000	0.864258	0.546875
7.420000	0.498047	0.761719
7.425000	-0.009766	0.742188
7.430000	-0.488281	0.009766
7.435000	-0.478516	-1.435547
7.440000	0.458984	-2.153320
7.445000	1.870117	-1.772461
7.450000	3.037109	-0.771484
7.455000	3.544922	0.307617
7.460000	3.344727	1.064453
7.465000	2.641602	1.333008
7.470000	1.757812	1.186523
7.475000	0.971680	0.800781
7.480000	0.429688	0.385742
7.485000	0.161133	0.102539
7.490000	0.083008	0.000000
7.495000	0.078125	0.058594
7.500000	0.029297	0.200195
7.505000	-0.102539	0.273438
7.510000	-0.278320	-0.058594
7.515000	-0.234375	-0.698242
7.520000	0.219727	-0.937500
7.525000	0.830078	-0.639648
7.530000	1.245117	-0.092773
7.535000	1.303711	0.439453
7.540000	1.015625	0.781250
7.545000	0.498047	0.869141
7.550000	-0.083008	0.693359
7.555000	-0.532227	-0.239258
7.560000	-0.356445	-1.645508
7.565000	0.717773	-2.114258
7.570000	2.099609	-1.567383
7.575000	3.134766	-0.527344
7.580000	3.486328	0.488281
7.585000	3.159180	1.147461
7.590000	2.407227	1.318359
7.595000	1.528320	1.108398
7.600000	0.791016	0.708008
7.605000	0.312500	0.317383
7.610000	0.097656	0.068359
7.615000	0.039062	0.004883
7.620000	0.024414	0.087891
7.625000	-0.034180	0.219727
7.630000	-0.175781	0.131836
7.635000	-0.258789	-0.317383
7.640000	-0.048828	-0.732422
7.645000	0.424805	-0.659180
7.650000	0.854492	-0.253906
7.655000	1.015625	0.239258
7.660000	0.859375	0.620117
7.665000	0.449219	0.791016
7.670000	-0.083008	0.703125
7.675000	-0.532227	-0.170898
7.680000	-0.400391	-1.621094
7.685000	0.654297	-2.163086
7.690000	2.070312	-1.650391
7.695000	3.159180	-0.610352
7.700000	3.564453	0.444336
7.705000	3.271484	1.137695
7.710000	2.514648	1.337891
7.715000	1.635742	1.142578
7.720000	0.874023	0.737305
7.725000	0.380859	0.336914
7.730000	0.141602	0.073242
7.735000	0.087891	-0.004883
7.740000	0.078125	0.073242
7.745000	0.019531	0.224609
7.750000	-0.126953	0.263672
7.755000	-0.292969	-0.136719
7.760000	-0.200195	-0.776367
7.765000	0.302734	-0.932617
7.770000	0.913086	-0.590820
7.775000	1.293945	-0.024414
7.780000	1.303711	0.493164
7.785000	0.981445	0.805664
7.790000	0.439453	0.864258
7.795000	-0.141602	0.644531
7.800000	-0.551758	-0.385742
7.805000	-0.278320	-1.752930
7.810000	0.864258	-2.089844
7.815000	2.226562	-1.464844
7.820000	3.193359	-0.410156
7.825000	3.466797	0.585938
7.830000	3.085938	1.181641
7.835000	2.309570	1.308594
7.840000	1.435547	1.069336
7.845000	0.727539	0.664062
7.850000	0.278320	0.283203
7.855000	0.078125	0.053711
7.860000	0.029297	0.009766
7.865000	0.019531	0.102539
7.870000	-0.053711	0.219727
7.875000	-0.195312	0.083008
7.880000	-0.244141	-0.385742
7.885000	0.004883	-0.727539
7.890000	0.478516	-0.590820
7.895000	0.859375	-0.166016
7.900000	0.966797	0.307617
7.905000	0.761719	0.649414
7.910000	0.322266	0.791016
7.915000	-0.200195	0.595703
7.920000	-0.576172	-0.488281
7.925000	-0.239258	-1.845703
7.930000	0.961914	-2.119141
7.935000	2.353516	-1.445312
7.940000	3.305664	-0.361328
7.945000	3.544922	0.634766
7.950000	3.129883	1.220703
7.955000	2.329102	1.318359
7.960000	1.450195	1.064453
7.965000	0.742188	0.639648
7.970000	0.302734	0.263672
7.975000	0.117188	0.043945
7.980000	0.078125	0.004883
7.985000	0.068359	0.107422
7.990000	-0.004883	0.258789
7.995000	-0.170898	0.214844
8.000000	-0.307617	-0.283203
8.005000	-0.117188	-0.864258
8.010000	0.444336	-0.883789
8.015000	1.020508	-0.463867
8.020000	1.313477	0.112305
8.025000	1.240234	0.590820
8.030000	0.854492	0.844727
8.035000	0.297852	0.849609
8.040000	-0.268555	0.483398
8.045000	-0.566406	-0.747070
8.050000	-0.068359	-1.943359
8.055000	1.206055	-2.011719
8.060000	2.514648	-1.235352
8.065000	3.334961	-0.151367
8.070000	3.432617	0.771484
8.075000	2.924805	1.254883
8.080000	2.094727	1.274414
8.085000	1.245117	0.976562
8.090000	0.590820	0.561523
8.095000	0.214844	0.214844
8.100000	0.058594	0.024414
8.105000	0.029297	0.019531
8.110000	0.009766	0.136719
8.115000	-0.083008	0.224609
8.120000	-0.224609	0.004883
8.125000	-0.224609	-0.507812
8.130000	0.107422	-0.751953
8.135000	0.590820	-0.532227
8.140000	0.937500	-0.068359
8.145000	0.981445	0.400391
8.150000	0.712891	0.703125
8.155000	0.239258	0.800781
8.160000	-0.288086	0.483398
8.165000	-0.585938	-0.747070
8.170000	-0.087891	-1.977539
8.175000	1.210938	-2.060547
8.180000	2.553711	-1.274414
8.185000	3.408203	-0.170898
8.190000	3.520508	0.766602
8.195000	3.012695	1.264648
8.200000	2.177734	1.298828
8.205000	1.308594	0.996094
8.210000	0.649414	0.576172
8.215000	0.258789	0.214844
8.220000	0.107422	0.024414
8.225000	0.083008	0.009766
8.230000	0.063477	0.131836
8.235000	-0.024414	0.278320
8.240000	-0.205078	0.166016
8.245000	-0.302734	-0.395508
8.250000	-0.043945	-0.913086
8.255000	0.551758	-0.844727
8.260000	1.098633	-0.375977
8.265000	1.337891	0.200195
8.270000	1.206055	0.649414
8.275000	0.781250	0.859375
8.280000	0.209961	0.830078
8.285000	-0.341797	0.351562
8.290000	-0.556641	-0.981445
8.295000	0.092773	-2.031250
8.300000	1.411133	-1.933594
8.305000	2.680664	-1.074219
8.310000	3.393555	0.009766
8.315000	3.388672	0.874023
8.320000	2.807617	1.284180
8.325000	1.953125	1.245117
8.330000	1.132812	0.922852
8.335000	0.517578	0.502930
8.340000	0.170898	0.170898
8.345000	0.048828	0.014648
8.350000	0.029297	0.029297
8.355000	0.000000	0.156250
8.360000	-0.107422	0.214844
8.365000	-0.244141	-0.073242
8.370000	-0.190430	-0.576172
8.375000	0.185547	-0.722656
8.380000	0.654297	-0.444336
8.385000	0.947266	0.024414
8.390000	0.927734	0.463867
8.395000	0.620117	0.732422
8.400000	0.126953	0.781250
8.405000	-0.390625	0.297852
8.410000	-0.561523	-1.074219
8.415000	0.141602	-2.089844
8.420000	1.508789	-1.948242
8.425000	2.792969	-1.054688
8.430000	3.486328	0.053711
8.435000	3.457031	0.913086
8.440000	2.851562	1.308594
8.445000	1.982422	1.250000
8.450000	1.152344	0.913086
8.455000	0.541992	0.488281
8.460000	0.205078	0.156250
8.465000	0.092773	0.004883
8.470000	0.078125	0.029297
8.475000	0.053711	0.161133
8.480000	-0.058594	0.283203
8.485000	-0.244141	0.073242
8.490000	-0.283203	-0.541992
8.495000	0.068359	-0.942383
8.500000	0.678711	-0.756836
8.505000	1.176758	-0.249023
8.510000	1.328125	0.312500
8.515000	1.127930	0.717773
8.520000	0.649414	0.869141
8.525000	0.068359	0.786133
8.530000	-0.444336	0.102539
8.535000	-0.493164	-1.313477
8.540000	0.366211	-2.099609
8.545000	1.738281	-1.782227
8.550000	2.915039	-0.825195
8.555000	3.457031	0.244141
8.560000	3.295898	1.015625
8.565000	2.626953	1.318359
8.570000	1.752930	1.191406
8.575000	0.966797	0.820312
8.580000	0.415039	0.410156
8.585000	0.131836	0.122070
8.590000	0.039062	0.004883
8.595000	0.029297	0.053711
8.600000	-0.009766	0.185547
8.605000	-0.136719	0.185547
8.610000	-0.253906	-0.175781
8.615000	-0.136719	-0.664062
8.620000	0.292969	-0.708008
8.625000	0.756836	-0.371094
8.630000	0.996094	0.117188
8.635000	0.913086	0.537109
8.640000	0.551758	0.766602
8.645000	0.039062	0.766602
8.650000	-0.458984	0.122070
8.655000	-0.517578	-1.313477
8.660000	0.351562	-2.143555
8.665000	1.752930	-1.840820
8.670000	2.958984	-0.864258
8.675000	3.535156	0.219727
8.680000	3.388672	1.015625
8.685000	2.714844	1.328125
8.690000	1.835938	1.215820
8.695000	1.035156	0.839844
8.700000	0.468750	0.419922
8.705000	0.180664	0.122070
8.710000	0.087891	0.000000
8.715000	0.078125	0.048828
8.720000	0.048828	0.190430
8.725000	-0.087891	0.283203
8.730000	-0.268555	-0.004883
8.735000	-0.258789	-0.644531
8.740000	0.161133	-0.947266
8.745000	0.776367	-0.698242
8.750000	1.240234	-0.156250
8.755000	1.333008	0.390625
8.760000	1.079102	0.756836
8.765000	0.571289	0.878906
8.770000	-0.014648	0.742188
8.775000	-0.498047	-0.073242
8.780000	-0.424805	-1.503906
8.785000	0.556641	-2.114258
8.790000	1.938477	-1.665039
8.795000	3.037109	-0.659180
8.800000	3.471680	0.385742
8.805000	3.217773	1.088867
8.810000	2.500000	1.318359
8.815000	1.625977	1.147461
8.820000	0.864258	0.756836
8.825000	0.351562	0.361328
8.830000	0.107422	0.092773
8.835000	0.034180	0.000000
8.840000	0.019531	0.068359
8.845000	-0.029297	0.205078
8.850000	-0.166016	0.151367
8.855000	-0.253906	-0.263672
8.860000	-0.078125	-0.693359
8.865000	0.366211	-0.654297
8.870000	0.795898	-0.273438
8.875000	0.971680	0.209961
8.880000	0.834961	0.590820
8.885000	0.439453	0.771484
8.890000	-0.078125	0.703125
8.895000	-0.532227	-0.156250
8.900000	-0.405273	-1.606445
8.905000	0.639648	-2.158203
8.910000	2.050781	-1.655273
8.915000	3.144531	-0.620117
8.920000	3.554688	0.434570
8.925000	3.271484	1.127930
8.930000	2.524414	1.337891
8.935000	1.640625	1.142578
8.940000	0.883789	0.742188
8.945000	0.375977	0.336914
8.950000	0.141602	0.073242
8.955000	0.083008	0.000000
8.960000	0.073242	0.073242
8.965000	0.019531	0.224609
8.970000	-0.126953	0.258789
8.975000	-0.292969	-0.136719
8.980000	-0.195312	-0.771484
8.985000	0.302734	-0.922852
8.990000	0.903320	-0.581055
8.995000	1.269531	-0.014648
9.000000	1.284180	0.498047
9.005000	0.957031	0.805664
9.010000	0.419922	0.859375
9.015000	-0.156250	0.625000
9.020000	-0.556641	-0.424805
9.025000	-0.258789	-1.782227
9.030000	0.903320	-2.084961
9.035000	2.265625	-1.440430
9.040000	3.222656	-0.385742
9.045000	3.476562	0.605469
9.050000	3.076172	1.196289
9.055000	2.290039	1.303711
9.060000	1.411133	1.064453
9.065000	0.712891	0.654297
9.070000	0.273438	0.273438
9.075000	0.078125	0.053711
9.080000	0.034180	0.009766
9.085000	0.019531	0.102539
9.090000	-0.048828	0.224609
9.095000	-0.200195	0.092773
9.100000	-0.253906	-0.390625
9.105000	0.004883	-0.751953
9.110000	0.488281	-0.620117
9.115000	0.893555	-0.185547
9.120000	1.015625	0.302734
9.125000	0.815430	0.654297
9.130000	0.375977	0.800781
9.135000	-0.151367	0.644531
9.140000	-0.561523	-0.356445
9.145000	-0.312500	-1.762695
9.150000	0.839844	-2.143555
9.155000	2.246094	-1.533203
9.160000	3.251953	-0.458984
9.165000	3.564453	0.561523
9.170000	3.188477	1.191406
9.175000	2.407227	1.328125
9.180000	1.523438	1.093750
9.185000	0.795898	0.683594
9.190000	0.332031	0.292969
9.195000	0.131836	0.053711
9.200000	0.087891	0.000000
9.205000	0.073242	0.092773
9.210000	0.009766	0.249023
9.215000	-0.156250	0.239258
9.220000	-0.307617	-0.219727
9.225000	-0.156250	-0.834961
9.230000	0.380859	-0.913086
9.235000	0.981445	-0.522461
9.240000	1.313477	0.048828
9.245000	1.279297	0.546875
9.250000	0.922852	0.830078
9.255000	0.366211	0.854492
9.260000	-0.205078	0.566406
9.265000	-0.561523	-0.571289
9.270000	-0.180664	-1.855469
9.275000	1.035156	-2.050781
9.280000	2.382812	-1.342773
9.285000	3.266602	-0.273438
9.290000	3.447266	0.683594
9.295000	3.002930	1.225586
9.300000	2.192383	1.293945
9.305000	1.328125	1.025391
9.310000	0.649414	0.610352
9.315000	0.234375	0.249023
9.320000	0.063477	0.039062
9.325000	0.024414	0.014648
9.330000	0.009766	0.117188
9.335000	-0.068359	0.219727
9.340000	-0.209961	0.034180
9.345000	-0.229492	-0.454102
9.350000	0.063477	-0.727539
9.355000	0.537109	-0.541992
9.360000	0.888672	-0.097656
9.365000	0.947266	0.366211
9.370000	0.703125	0.683594
9.375000	0.244141	0.786133
9.380000	-0.278320	0.493164
9.385000	-0.590820	-0.712891
9.390000	-0.107422	-1.962891
9.395000	1.176758	-2.070312
9.400000	2.524414	-1.293945
9.405000	3.383789	-0.195312
9.410000	3.515625	0.751953
9.415000	3.022461	1.259766
9.420000	2.187500	1.293945
9.425000	1.323242	1.005859
9.430000	0.654297	0.581055
9.435000	0.258789	0.219727
9.440000	0.107422	0.024414
9.445000	0.078125	0.014648
9.450000	0.063477	0.126953
9.455000	-0.024414	0.273438
9.460000	-0.205078	0.156250
9.465000	-0.302734	-0.395508
9.470000	-0.043945	-0.898438
9.475000	0.541992	-0.830078
9.480000	1.079102	-0.366211
9.485000	1.313477	0.205078
9.490000	1.181641	0.644531
9.495000	0.751953	0.849609
9.500000	0.180664	0.825195
9.505000	-0.361328	0.312500
9.510000	-0.551758	-1.040039
9.515000	0.136719	-2.045898
9.520000	1.469727	-1.914062
9.525000	2.729492	-1.040039
9.530000	3.417969	0.048828
9.535000	3.383789	0.903320
9.540000	2.788086	1.293945
9.545000	1.933594	1.240234
9.550000	1.108398	0.903320
9.555000	0.502930	0.488281
9.560000	0.170898	0.161133
9.565000	0.053711	0.009766
9.570000	0.034180	0.034180
9.575000	0.004883	0.161133
9.580000	-0.102539	0.224609
9.585000	-0.244141	-0.058594
9.590000	-0.205078	-0.595703
9.595000	0.180664	-0.771484
9.600000	0.683594	-0.493164
9.605000	1.005859	-0.009766
9.610000	1.005859	0.454102
9.615000	0.703125	0.742188
9.620000	0.209961	0.805664
9.625000	-0.322266	0.424805
9.630000	-0.581055	-0.864258
9.635000	-0.004883	-2.021484
9.640000	1.313477	-2.021484
9.645000	2.646484	-1.201172
9.650000	3.437500	-0.087891
9.655000	3.500977	0.825195
9.660000	2.954102	1.284180
9.665000	2.109375	1.279297
9.670000	1.250000	0.961914
9.675000	0.610352	0.541992
9.680000	0.239258	0.190430
9.685000	0.107422	0.019531
9.690000	0.083008	0.019531
9.695000	0.063477	0.141602
9.700000	-0.029297	0.283203
9.705000	-0.219727	0.141602
9.710000	-0.302734	-0.449219
9.715000	-0.004883	-0.927734
9.720000	0.595703	-0.820312
9.725000	1.132812	-0.336914
9.730000	1.347656	0.234375
9.735000	1.191406	0.668945
9.740000	0.742188	0.864258
9.745000	0.166016	0.820312
9.750000	-0.375977	0.288086
9.755000	-0.541992	-1.079102
9.760000	0.166016	-2.055664
9.765000	1.508789	-1.889648
9.770000	2.749023	-1.000977
9.775000	3.417969	0.083008
9.780000	3.359375	0.917969
9.785000	2.749023	1.298828
9.790000	1.894531	1.235352
9.795000	1.079102	0.888672
9.800000	0.483398	0.473633
9.805000	0.156250	0.156250
9.810000	0.043945	0.009766
9.815000	0.029297	0.039062
9.820000	-0.009766	0.166016
9.825000	-0.117188	0.200195
9.830000	-0.244141	-0.107422
9.835000	-0.166016	-0.600586
9.840000	0.219727	-0.712891
9.845000	0.683594	-0.410156
9.850000	0.947266	0.063477
9.855000	0.898438	0.493164
9.860000	0.576172	0.742188
9.865000	0.078125	0.771484
9.870000	-0.429688	0.205078
9.875000	-0.537109	-1.210938
9.880000	0.249023	-2.124023
9.885000	1.635742	-1.884766
9.890000	2.880859	-0.952148
9.895000	3.510742	0.146484
9.900000	3.417969	0.971680
9.905000	2.773438	1.318359
9.910000	1.899414	1.235352
9.915000	1.083984	0.869141
9.920000	0.498047	0.454102
9.925000	0.190430	0.136719
9.930000	0.087891	0.000000
9.935000	0.078125	0.039062
9.940000	0.048828	0.175781
9.945000	-0.078125	0.283203
9.950000	-0.258789	0.024414
9.955000	-0.268555	-0.605469
9.960000	0.122070	-0.942383
9.965000	0.737305	-0.712891
9.970000	1.201172	-0.190430
9.975000	1.318359	0.366211
9.980000	1.083984	0.742188
9.985000	0.590820	0.869141
9.990000	0.009766	0.756836
9.995000	-0.483398	-0.024414
10.000000	-0.444336	-1.455078
