# Time_s	x	xdot
0.000000	0.957031	-0.434570
0.005000	1.240234	0.117188
0.010000	1.166992	0.576172
0.015000	0.776367	0.815430
0.020000	0.229492	0.830078
0.025000	-0.317383	0.405273
0.030000	-0.566406	-0.883789
0.035000	0.019531	-2.001953
0.040000	1.323242	-1.972656
0.045000	2.622070	-1.147461
0.050000	3.378906	-0.058594
0.055000	3.417969	0.825195
0.060000	2.866211	1.269531
0.065000	2.036133	1.254883
0.070000	1.201172	0.942383
0.075000	0.566406	0.532227
0.080000	0.209961	0.190430
0.085000	0.068359	0.024414
0.090000	0.048828	0.029297
0.095000	0.019531	0.151367
0.100000	-0.087891	0.234375
0.105000	-0.239258	-0.004883
0.110000	-0.229492	-0.546875
0.115000	0.122070	-0.786133
0.120000	0.634766	-0.551758
0.125000	0.996094	-0.073242
0.130000	1.044922	0.405273
0.135000	0.771484	0.717773
0.140000	0.292969	0.810547
0.145000	-0.244141	0.541992
0.150000	-0.576172	-0.625000
0.155000	-0.156250	-1.909180
0.160000	1.088867	-2.075195
0.165000	2.451172	-1.342773
0.170000	3.339844	-0.258789
0.175000	3.505859	0.698242
0.180000	3.041992	1.240234
0.185000	2.226562	1.298828
0.190000	1.362305	1.020508
0.195000	0.688477	0.605469
0.200000	0.278320	0.239258
0.205000	0.107422	0.034180
0.210000	0.073242	0.019531
0.215000	0.058594	0.122070
0.220000	-0.029297	0.263672
0.225000	-0.205078	0.151367
0.230000	-0.292969	-0.385742
0.235000	-0.039062	-0.864258
0.240000	0.522461	-0.791016
0.245000	1.035156	-0.332031
0.250000	1.245117	0.214844
0.255000	1.108398	0.639648
0.260000	0.683594	0.839844
0.265000	0.126953	0.800781
0.270000	-0.400391	0.224609
0.275000	-0.532227	-1.162109
0.280000	0.229492	-2.080078
0.285000	1.586914	-1.865234
0.290000	2.812500	-0.947266
0.295000	3.437500	0.131836
0.300000	3.349609	0.947266
0.305000	2.724609	1.298828
0.310000	1.865234	1.215820
0.315000	1.059570	0.864258
0.320000	0.478516	0.458984
0.325000	0.166016	0.146484
0.330000	0.058594	0.014648
0.335000	0.043945	0.048828
0.340000	0.000000	0.175781
0.345000	-0.112305	0.224609
0.350000	-0.253906	-0.092773
0.355000	-0.190430	-0.634766
0.360000	0.224609	-0.776367
0.365000	0.722656	-0.473633
0.370000	1.035156	0.024414
0.375000	1.015625	0.478516
0.380000	0.693359	0.751953
0.385000	0.195312	0.800781
0.390000	-0.336914	0.390625
0.395000	-0.576172	-0.913086
0.400000	0.029297	-2.031250
0.405000	1.352539	-1.992188
0.410000	2.661133	-1.152344
0.415000	3.422852	-0.048828
0.420000	3.461914	0.839844
0.425000	2.905273	1.279297
0.430000	2.060547	1.264648
0.435000	1.225586	0.937500
0.440000	0.585938	0.527344
0.445000	0.229492	0.185547
0.450000	0.092773	0.019531
0.455000	0.068359	0.029297
0.460000	0.048828	0.146484
0.465000	-0.053711	0.268555
0.470000	-0.234375	0.078125
0.475000	-0.283203	-0.507812
0.480000	0.053711	-0.888672
0.485000	0.629883	-0.722656
0.490000	1.108398	-0.234375
0.495000	1.245117	0.307617
0.500000	1.044922	0.693359
0.505000	0.585938	0.849609
0.510000	0.014648	0.756836
0.515000	-0.473633	0.009766
0.520000	-0.463867	-1.420898
0.525000	0.463867	-2.114258
0.530000	1.845703	-1.723633
0.535000	2.983398	-0.742188
0.540000	3.471680	0.312500
0.545000	3.266602	1.049805
0.550000	2.568359	1.308594
0.555000	1.704102	1.166992
0.560000	0.932617	0.786133
0.565000	0.400391	0.385742
0.570000	0.136719	0.107422
0.575000	0.053711	0.009766
0.580000	0.039062	0.063477
0.585000	-0.009766	0.205078
0.590000	-0.146484	0.190430
0.595000	-0.263672	-0.195312
0.600000	-0.131836	-0.698242
0.605000	0.317383	-0.737305
0.610000	0.800781	-0.385742
0.615000	1.049805	0.117188
0.620000	0.966797	0.546875
0.625000	0.605469	0.771484
0.630000	0.087891	0.781250
0.635000	-0.424805	0.200195
0.640000	-0.532227	-1.206055
0.645000	0.253906	-2.109375
0.650000	1.625977	-1.870117
0.655000	2.861328	-0.942383
0.660000	3.486328	0.146484
0.665000	3.393555	0.961914
0.670000	2.749023	1.303711
0.675000	1.884766	1.220703
0.680000	1.079102	0.859375
0.685000	0.498047	0.449219
0.690000	0.185547	0.141602
0.695000	0.087891	0.009766
0.700000	0.068359	0.048828
0.705000	0.034180	0.180664
0.710000	-0.087891	0.263672
0.715000	-0.263672	-0.014648
0.720000	-0.244141	-0.625000
0.725000	0.156250	-0.893555
0.730000	0.742188	-0.634766
0.735000	1.162109	-0.117188
0.740000	1.240234	0.405273
0.745000	0.966797	0.747070
0.750000	0.468750	0.849609
0.755000	-0.097656	0.683594
0.760000	-0.537109	-0.263672
0.765000	-0.346680	-1.665039
0.770000	0.737305	-2.114258
0.775000	2.119141	-1.552734
0.780000	3.144531	-0.517578
0.785000	3.486328	0.502930
0.790000	3.154297	1.147461
0.795000	2.402344	1.308594
0.800000	1.528320	1.098633
0.805000	0.800781	0.698242
0.810000	0.327148	0.312500
0.815000	0.107422	0.068359
0.820000	0.048828	0.009766
0.825000	0.034180	0.092773
0.830000	-0.029297	0.224609
0.835000	-0.180664	0.146484
0.840000	-0.268555	-0.312500
0.845000	-0.063477	-0.751953
0.850000	0.424805	-0.698242
0.855000	0.883789	-0.292969
0.860000	1.074219	0.209961
0.865000	0.927734	0.610352
0.870000	0.522461	0.795898
0.875000	-0.009766	0.747070
0.880000	-0.493164	-0.009766
0.885000	-0.463867	-1.450195
0.890000	0.478516	-2.138672
0.895000	1.884766	-1.738281
0.900000	3.032227	-0.742188
0.905000	3.520508	0.322266
0.910000	3.305664	1.064453
0.915000	2.597656	1.318359
0.920000	1.723633	1.166992
0.925000	0.952148	0.786133
0.930000	0.419922	0.380859
0.935000	0.156250	0.107422
0.940000	0.078125	0.004883
0.945000	0.068359	0.063477
0.950000	0.019531	0.209961
0.955000	-0.122070	0.249023
0.960000	-0.283203	-0.112305
0.965000	-0.200195	-0.717773
0.970000	0.263672	-0.878906
0.975000	0.839844	-0.556641
0.980000	1.201172	-0.014648
0.985000	1.206055	0.483398
0.990000	0.888672	0.781250
0.995000	0.366211	0.844727
1.000000	-0.200195	0.581055
1.005000	-0.566406	-0.527344
1.010000	-0.205078	-1.845703
1.015000	0.996094	-2.070312
1.020000	2.353516	-1.381836
1.025000	3.261719	-0.307617
1.030000	3.471680	0.654297
1.035000	3.037109	1.210938
1.040000	2.241211	1.293945
1.045000	1.376953	1.030273
1.050000	0.688477	0.620117
1.055000	0.268555	0.258789
1.060000	0.092773	0.048828
1.065000	0.048828	0.014648
1.070000	0.029297	0.112305
1.075000	-0.048828	0.234375
1.080000	-0.205078	0.092773
1.085000	-0.263672	-0.410156
1.090000	0.009766	-0.786133
1.095000	0.517578	-0.649414
1.100000	0.942383	-0.209961
1.105000	1.079102	0.292969
1.110000	0.883789	0.659180
1.115000	0.444336	0.805664
1.120000	-0.097656	0.688477
1.125000	-0.541992	-0.229492
1.130000	-0.371094	-1.655273
1.135000	0.708008	-2.138672
1.140000	2.109375	-1.596680
1.145000	3.159180	-0.551758
1.150000	3.530273	0.473633
1.155000	3.217773	1.142578
1.160000	2.465820	1.318359
1.165000	1.582031	1.118164
1.170000	0.844727	0.722656
1.175000	0.356445	0.332031
1.180000	0.126953	0.073242
1.185000	0.063477	0.004883
1.190000	0.048828	0.083008
1.195000	-0.009766	0.224609
1.200000	-0.161133	0.195312
1.205000	-0.283203	-0.244141
1.210000	-0.122070	-0.771484
1.215000	0.375977	-0.791016
1.220000	0.893555	-0.405273
1.225000	1.162109	0.122070
1.230000	1.079102	0.571289
1.235000	0.693359	0.800781
1.240000	0.161133	0.805664
1.245000	-0.371094	0.312500
1.250000	-0.561523	-1.044922
1.255000	0.131836	-2.060547
1.260000	1.479492	-1.928711
1.265000	2.744141	-1.049805
1.270000	3.442383	0.043945
1.275000	3.417969	0.898438
1.280000	2.817383	1.289062
1.285000	1.967773	1.240234
1.290000	1.142578	0.903320
1.295000	0.537109	0.493164
1.300000	0.205078	0.166016
1.305000	0.083008	0.014648
1.310000	0.063477	0.034180
1.315000	0.034180	0.161133
1.320000	-0.083008	0.263672
1.325000	-0.249023	0.009766
1.330000	-0.249023	-0.576172
1.335000	0.122070	-0.869141
1.340000	0.683594	-0.639648
1.345000	1.103516	-0.136719
1.350000	1.196289	0.380859
1.355000	0.932617	0.727539
1.360000	0.454102	0.839844
1.365000	-0.107422	0.678711
1.370000	-0.541992	-0.273438
1.375000	-0.341797	-1.674805
1.380000	0.751953	-2.119141
1.385000	2.138672	-1.552734
1.390000	3.159180	-0.502930
1.395000	3.496094	0.507812
1.400000	3.164062	1.152344
1.405000	2.407227	1.308594
1.410000	1.533203	1.098633
1.415000	0.805664	0.698242
1.420000	0.332031	0.312500
1.425000	0.117188	0.068359
1.430000	0.058594	0.004883
1.435000	0.048828	0.092773
1.440000	-0.014648	0.229492
1.445000	-0.170898	0.170898
1.450000	-0.283203	-0.288086
1.455000	-0.087891	-0.781250
1.460000	0.415039	-0.761719
1.465000	0.908203	-0.351562
1.470000	1.142578	0.170898
1.475000	1.025391	0.595703
1.480000	0.629883	0.805664
1.485000	0.092773	0.786133
1.490000	-0.424805	0.190430
1.495000	-0.532227	-1.215820
1.500000	0.268555	-2.104492
1.505000	1.640625	-1.855469
1.510000	2.861328	-0.927734
1.515000	3.476562	0.161133
1.520000	3.374023	0.966797
1.525000	2.729492	1.308594
1.530000	1.865234	1.215820
1.535000	1.059570	0.859375
1.540000	0.488281	0.444336
1.545000	0.180664	0.136719
1.550000	0.078125	0.009766
1.555000	0.068359	0.048828
1.560000	0.024414	0.180664
1.565000	-0.097656	0.263672
1.570000	-0.258789	-0.039062
1.575000	-0.229492	-0.634766
1.580000	0.180664	-0.869141
1.585000	0.747070	-0.600586
1.590000	1.142578	-0.078125
1.595000	1.191406	0.424805
1.600000	0.908203	0.751953
1.605000	0.405273	0.839844
1.610000	-0.156250	0.629883
1.615000	-0.556641	-0.400391
1.620000	-0.273438	-1.772461
1.625000	0.878906	-2.099609
1.630000	2.255859	-1.469727
1.635000	3.222656	-0.405273
1.640000	3.496094	0.585938
1.645000	3.105469	1.181641
1.650000	2.324219	1.303711
1.655000	1.455078	1.069336
1.660000	0.751953	0.659180
1.665000	0.302734	0.283203
1.670000	0.107422	0.058594
1.675000	0.058594	0.009766
1.680000	0.039062	0.107422
1.685000	-0.034180	0.239258
1.690000	-0.185547	0.146484
1.695000	-0.278320	-0.346680
1.700000	-0.043945	-0.791016
1.705000	0.463867	-0.717773
1.710000	0.932617	-0.292969
1.715000	1.127930	0.224609
1.720000	0.976562	0.625000
1.725000	0.556641	0.810547
1.730000	0.019531	0.761719
1.735000	-0.473633	0.043945
1.740000	-0.478516	-1.396484
1.745000	0.434570	-2.133789
1.750000	1.826172	-1.767578
1.755000	2.983398	-0.781250
1.760000	3.505859	0.288086
1.765000	3.320312	1.040039
1.770000	2.626953	1.318359
1.775000	1.757812	1.181641
1.780000	0.971680	0.800781
1.785000	0.429688	0.395508
1.790000	0.161133	0.112305
1.795000	0.078125	0.004883
1.800000	0.063477	0.058594
1.805000	0.019531	0.205078
1.810000	-0.122070	0.244141
1.815000	-0.278320	-0.102539
1.820000	-0.200195	-0.703125
1.825000	0.253906	-0.869141
1.830000	0.815430	-0.551758
1.835000	1.171875	-0.019531
1.840000	1.181641	0.478516
1.845000	0.864258	0.776367
1.850000	0.346680	0.839844
1.855000	-0.214844	0.571289
1.860000	-0.566406	-0.561523
1.865000	-0.185547	-1.865234
1.870000	1.030273	-2.065430
1.875000	2.382812	-1.362305
1.880000	3.281250	-0.288086
1.885000	3.476562	0.668945
1.890000	3.032227	1.220703
1.895000	2.231445	1.293945
1.900000	1.367188	1.025391
1.905000	0.683594	0.615234
1.910000	0.268555	0.253906
1.915000	0.092773	0.048828
1.920000	0.053711	0.014648
1.925000	0.034180	0.117188
1.930000	-0.048828	0.244141
1.935000	-0.205078	0.102539
1.940000	-0.268555	-0.415039
1.945000	0.004883	-0.805664
1.950000	0.527344	-0.678711
1.955000	0.971680	-0.229492
1.960000	1.123047	0.283203
1.965000	0.932617	0.659180
1.970000	0.488281	0.810547
1.975000	-0.053711	0.722656
1.980000	-0.517578	-0.122070
1.985000	-0.415039	-1.567383
1.990000	0.605469	-2.138672
1.995000	2.006836	-1.660156
2.000000	3.095703	-0.634766
2.005000	3.520508	0.410156
2.010000	3.251953	1.108398
2.015000	2.519531	1.318359
2.020000	1.645508	1.137695
2.025000	0.888672	0.747070
2.030000	0.385742	0.351562
2.035000	0.141602	0.087891
2.040000	0.073242	0.004883
2.045000	0.058594	0.073242
2.050000	0.004883	0.224609
2.055000	-0.141602	0.229492
2.060000	-0.283203	-0.175781
2.065000	-0.161133	-0.761719
2.070000	0.322266	-0.854492
2.075000	0.878906	-0.493164
2.080000	1.201172	0.043945
2.085000	1.166992	0.532227
2.090000	0.815430	0.795898
2.095000	0.288086	0.834961
2.100000	-0.268555	0.488281
2.105000	-0.576172	-0.722656
2.110000	-0.087891	-1.943359
2.115000	1.181641	-2.026367
2.120000	2.504883	-1.254883
2.125000	3.339844	-0.175781
2.130000	3.452148	0.756836
2.135000	2.954102	1.245117
2.140000	2.133789	1.274414
2.145000	1.279297	0.986328
2.150000	0.620117	0.571289
2.155000	0.234375	0.219727
2.160000	0.078125	0.029297
2.165000	0.048828	0.019531
2.170000	0.029297	0.136719
2.175000	-0.063477	0.244141
2.180000	-0.224609	0.053711
2.185000	-0.253906	-0.483398
2.190000	0.058594	-0.805664
2.195000	0.585938	-0.625000
2.200000	0.991211	-0.161133
2.205000	1.088867	0.341797
2.210000	0.869141	0.688477
2.215000	0.405273	0.810547
2.220000	-0.141602	0.649414
2.225000	-0.556641	-0.332031
2.230000	-0.317383	-1.733398
2.235000	0.810547	-2.124023
2.240000	2.207031	-1.523438
2.245000	3.212891	-0.468750
2.250000	3.525391	0.546875
2.255000	3.164062	1.166992
2.260000	2.397461	1.313477
2.265000	1.518555	1.088867
2.270000	0.795898	0.683594
2.275000	0.332031	0.302734
2.280000	0.122070	0.058594
2.285000	0.068359	0.004883
2.290000	0.058594	0.097656
2.295000	-0.009766	0.239258
2.300000	-0.166016	0.200195
2.305000	-0.292969	-0.268555
2.310000	-0.112305	-0.805664
2.315000	0.410156	-0.825195
2.320000	0.952148	-0.419922
2.325000	1.230469	0.122070
2.330000	1.142578	0.581055
2.335000	0.751953	0.815430
2.340000	0.209961	0.820312
2.345000	-0.332031	0.375977
2.350000	-0.561523	-0.937500
2.355000	0.053711	-2.021484
2.360000	1.372070	-1.958008
2.365000	2.656250	-1.113281
2.370000	3.398438	-0.024414
2.375000	3.413086	0.849609
2.380000	2.846680	1.274414
2.385000	2.006836	1.250000
2.390000	1.181641	0.932617
2.395000	0.556641	0.517578
2.400000	0.200195	0.180664
2.405000	0.068359	0.019531
2.410000	0.048828	0.029297
2.415000	0.019531	0.156250
2.420000	-0.087891	0.234375
2.425000	-0.244141	-0.009766
2.430000	-0.234375	-0.561523
2.435000	0.131836	-0.800781
2.440000	0.654297	-0.561523
2.445000	1.020508	-0.078125
2.450000	1.074219	0.405273
2.455000	0.800781	0.717773
2.460000	0.312500	0.810547
2.465000	-0.219727	0.561523
2.470000	-0.576172	-0.571289
2.475000	-0.185547	-1.884766
2.480000	1.040039	-2.089844
2.485000	2.407227	-1.376953
2.490000	3.310547	-0.292969
2.495000	3.505859	0.673828
2.500000	3.061523	1.225586
2.505000	2.255859	1.298828
2.510000	1.386719	1.030273
2.515000	0.703125	0.620117
2.520000	0.288086	0.249023
2.525000	0.107422	0.043945
2.530000	0.068359	0.014648
2.535000	0.053711	0.117188
2.540000	-0.029297	0.258789
2.545000	-0.195312	0.156250
2.550000	-0.292969	-0.371094
2.555000	-0.048828	-0.854492
2.560000	0.507812	-0.786133
2.565000	1.015625	-0.341797
2.570000	1.240234	0.209961
2.575000	1.098633	0.634766
2.580000	0.678711	0.834961
2.585000	0.122070	0.800781
2.590000	-0.405273	0.224609
2.595000	-0.532227	-1.166992
2.600000	0.229492	-2.080078
2.605000	1.591797	-1.865234
2.610000	2.812500	-0.952148
2.615000	3.447266	0.136719
2.620000	3.359375	0.947266
2.625000	2.734375	1.298828
2.630000	1.870117	1.215820
2.635000	1.064453	0.869141
2.640000	0.483398	0.458984
2.645000	0.170898	0.146484
2.650000	0.063477	0.014648
2.655000	0.048828	0.048828
2.660000	0.009766	0.180664
2.665000	-0.112305	0.224609
2.670000	-0.253906	-0.083008
2.675000	-0.195312	-0.634766
2.680000	0.214844	-0.791016
2.685000	0.732422	-0.493164
2.690000	1.049805	0.004883
2.695000	1.044922	0.468750
2.700000	0.732422	0.751953
2.705000	0.229492	0.805664
2.710000	-0.307617	0.444336
2.715000	-0.581055	-0.815430
2.720000	-0.029297	-1.992188
2.725000	1.264648	-2.021484
2.730000	2.592773	-1.220703
2.735000	3.398438	-0.117188
2.740000	3.476562	0.795898
2.745000	2.949219	1.264648
2.750000	2.114258	1.269531
2.755000	1.259766	0.966797
2.760000	0.615234	0.551758
2.765000	0.239258	0.205078
2.770000	0.097656	0.024414
2.775000	0.068359	0.019531
2.780000	0.048828	0.136719
2.785000	-0.048828	0.263672
2.790000	-0.224609	0.097656
2.795000	-0.283203	-0.473633
2.800000	0.024414	-0.883789
2.805000	0.595703	-0.737305
2.810000	1.079102	-0.258789
2.815000	1.240234	0.283203
2.820000	1.054688	0.683594
2.825000	0.600586	0.844727
2.830000	0.034180	0.771484
2.835000	-0.463867	0.053711
2.840000	-0.483398	-1.372070
2.845000	0.415039	-2.114258
2.850000	1.796875	-1.757812
2.855000	2.954102	-0.781250
2.860000	3.476562	0.283203
2.865000	3.291016	1.030273
2.870000	2.607422	1.308594
2.875000	1.738281	1.176758
2.880000	0.961914	0.805664
2.885000	0.419922	0.395508
2.890000	0.141602	0.112305
2.895000	0.053711	0.009766
2.900000	0.039062	0.063477
2.905000	-0.004883	0.200195
2.910000	-0.136719	0.205078
2.915000	-0.263672	-0.170898
2.920000	-0.151367	-0.688477
2.925000	0.292969	-0.761719
2.930000	0.791016	-0.419922
2.935000	1.064453	0.083008
2.940000	1.005859	0.532227
2.945000	0.649414	0.771484
2.950000	0.136719	0.795898
2.955000	-0.385742	0.288086
2.960000	-0.556641	-1.083984
2.965000	0.156250	-2.080078
2.970000	1.513672	-1.923828
2.975000	2.783203	-1.030273
2.980000	3.466797	0.063477
2.985000	3.417969	0.913086
2.990000	2.817383	1.298828
2.995000	1.958008	1.240234
3.000000	1.137695	0.898438
3.005000	0.532227	0.483398
3.010000	0.205078	0.156250
3.015000	0.087891	0.009766
3.020000	0.068359	0.034180
3.025000	0.039062	0.166016
3.030000	-0.073242	0.268555
3.035000	-0.249023	0.024414
3.040000	-0.258789	-0.576172
3.045000	0.112305	-0.898438
3.050000	0.693359	-0.673828
3.055000	1.142578	-0.166016
3.060000	1.240234	0.366211
3.065000	1.000977	0.727539
3.070000	0.522461	0.844727
3.075000	-0.048828	0.722656
3.080000	-0.512695	-0.136719
3.085000	-0.405273	-1.562500
3.090000	0.615234	-2.119141
3.095000	1.997070	-1.630859
3.100000	3.081055	-0.615234
3.105000	3.486328	0.419922
3.110000	3.208008	1.108398
3.115000	2.480469	1.313477
3.120000	1.606445	1.127930
3.125000	0.854492	0.737305
3.130000	0.356445	0.346680
3.135000	0.117188	0.083008
3.140000	0.048828	0.009766
3.145000	0.039062	0.078125
3.150000	-0.019531	0.219727
3.155000	-0.166016	0.170898
3.160000	-0.268555	-0.258789
3.165000	-0.092773	-0.732422
3.170000	0.375977	-0.717773
3.175000	0.849609	-0.332031
3.180000	1.064453	0.170898
3.185000	0.947266	0.585938
3.190000	0.561523	0.786133
3.195000	0.029297	0.761719
3.200000	-0.463867	0.087891
3.205000	-0.498047	-1.342773
3.210000	0.385742	-2.128906
3.215000	1.777344	-1.801758
3.220000	2.958984	-0.830078
3.225000	3.510742	0.253906
3.230000	3.344727	1.025391
3.235000	2.666016	1.318359
3.240000	1.796875	1.196289
3.245000	1.005859	0.820312
3.250000	0.454102	0.410156
3.255000	0.170898	0.117188
3.260000	0.083008	0.009766
3.265000	0.068359	0.058594
3.270000	0.029297	0.200195
3.275000	-0.107422	0.263672
3.280000	-0.273438	-0.068359
3.285000	-0.219727	-0.683594
3.290000	0.219727	-0.888672
3.295000	0.795898	-0.595703
3.300000	1.186523	-0.063477
3.305000	1.230469	0.449219
3.310000	0.927734	0.766602
3.315000	0.415039	0.849609
3.320000	-0.156250	0.634766
3.325000	-0.556641	-0.400391
3.330000	-0.278320	-1.767578
3.335000	0.874023	-2.094727
3.340000	2.246094	-1.464844
3.345000	3.208008	-0.405273
3.350000	3.481445	0.585938
3.355000	3.095703	1.181641
3.360000	2.319336	1.303711
3.365000	1.450195	1.064453
3.370000	0.742188	0.659180
3.375000	0.297852	0.283203
3.380000	0.102539	0.058594
3.385000	0.048828	0.009766
3.390000	0.029297	0.102539
3.395000	-0.043945	0.229492
3.400000	-0.190430	0.117188
3.405000	-0.263672	-0.371094
3.410000	-0.019531	-0.766602
3.415000	0.473633	-0.668945
3.420000	0.913086	-0.239258
3.425000	1.069336	0.263672
3.430000	0.893555	0.639648
3.435000	0.463867	0.800781
3.440000	-0.068359	0.708008
3.445000	-0.522461	-0.151367
3.450000	-0.405273	-1.586914
3.455000	0.634766	-2.143555
3.460000	2.031250	-1.650391
3.465000	3.120117	-0.615234
3.470000	3.535156	0.429688
3.475000	3.247070	1.118164
3.480000	2.509766	1.318359
3.485000	1.630859	1.137695
3.490000	0.883789	0.742188
3.495000	0.380859	0.341797
3.500000	0.141602	0.078125
3.505000	0.078125	0.000000
3.510000	0.068359	0.078125
3.515000	0.014648	0.224609
3.520000	-0.141602	0.234375
3.525000	-0.288086	-0.175781
3.530000	-0.166016	-0.766602
3.535000	0.327148	-0.869141
3.540000	0.893555	-0.502930
3.545000	1.220703	0.039062
3.550000	1.196289	0.532227
3.555000	0.844727	0.800781
3.560000	0.307617	0.839844
3.565000	-0.249023	0.517578
3.570000	-0.576172	-0.673828
3.575000	-0.117188	-1.918945
3.580000	1.137695	-2.036133
3.585000	2.470703	-1.279297
3.590000	3.315430	-0.200195
3.595000	3.457031	0.732422
3.600000	2.968750	1.240234
3.605000	2.153320	1.279297
3.610000	1.298828	0.996094
3.615000	0.634766	0.581055
3.620000	0.244141	0.229492
3.625000	0.078125	0.034180
3.630000	0.048828	0.019531
3.635000	0.024414	0.131836
3.640000	-0.068359	0.234375
3.645000	-0.219727	0.048828
3.650000	-0.249023	-0.473633
3.655000	0.058594	-0.786133
3.660000	0.571289	-0.605469
3.665000	0.961914	-0.141602
3.670000	1.059570	0.346680
3.675000	0.825195	0.688477
3.680000	0.366211	0.810547
3.685000	-0.170898	0.620117
3.690000	-0.566406	-0.419922
3.695000	-0.273438	-1.791992
3.700000	0.893555	-2.119141
3.705000	2.280273	-1.474609
3.710000	3.256836	-0.405273
3.715000	3.525391	0.595703
3.720000	3.129883	1.196289
3.725000	2.348633	1.308594
3.730000	1.474609	1.074219
3.735000	0.766602	0.659180
3.740000	0.317383	0.283203
3.745000	0.117188	0.053711
3.750000	0.073242	0.009766
3.755000	0.058594	0.107422
3.760000	-0.009766	0.249023
3.765000	-0.175781	0.190430
3.770000	-0.292969	-0.297852
3.775000	-0.092773	-0.830078
3.780000	0.439453	-0.825195
3.785000	0.976562	-0.405273
3.790000	1.245117	0.141602
3.795000	1.147461	0.595703
3.800000	0.747070	0.830078
3.805000	0.200195	0.820312
3.810000	-0.346680	0.356445
3.815000	-0.561523	-0.966797
3.820000	0.078125	-2.031250
3.825000	1.396484	-1.943359
3.830000	2.675781	-1.088867
3.835000	3.398438	0.000000
3.840000	3.403320	0.864258
3.845000	2.832031	1.279297
3.850000	1.987305	1.245117
3.855000	1.162109	0.922852
3.860000	0.541992	0.507812
3.865000	0.195312	0.180664
3.870000	0.068359	0.019531
3.875000	0.048828	0.034180
3.880000	0.014648	0.156250
3.885000	-0.092773	0.234375
3.890000	-0.244141	-0.029297
3.895000	-0.214844	-0.571289
3.900000	0.151367	-0.786133
3.905000	0.664062	-0.527344
3.910000	1.005859	-0.043945
3.915000	1.035156	0.424805
3.920000	0.747070	0.727539
3.925000	0.263672	0.805664
3.930000	-0.273438	0.502930
3.935000	-0.581055	-0.708008
3.940000	-0.102539	-1.948242
3.945000	1.171875	-2.045898
3.950000	2.514648	-1.284180
3.955000	3.364258	-0.190430
3.960000	3.496094	0.742188
3.965000	3.007812	1.250000
3.970000	2.182617	1.279297
3.975000	1.318359	0.996094
3.980000	0.654297	0.581055
3.985000	0.263672	0.224609
3.990000	0.107422	0.029297
3.995000	0.073242	0.019531
4.000000	0.053711	0.131836
4.005000	-0.034180	0.263672
4.010000	-0.209961	0.131836
4.015000	-0.292969	-0.419922
4.020000	-0.014648	-0.874023
4.025000	0.556641	-0.771484
4.030000	1.059570	-0.302734
4.035000	1.245117	0.244141
4.040000	1.088867	0.659180
4.045000	0.649414	0.839844
4.050000	0.087891	0.791016
4.055000	-0.429688	0.161133
4.060000	-0.517578	-1.245117
4.065000	0.297852	-2.094727
4.070000	1.669922	-1.821289
4.075000	2.866211	-0.883789
4.080000	3.457031	0.190430
4.085000	3.330078	0.981445
4.090000	2.680664	1.303711
4.095000	1.821289	1.201172
4.100000	1.020508	0.844727
4.105000	0.454102	0.434570
4.110000	0.151367	0.136719
4.115000	0.058594	0.009766
4.120000	0.043945	0.053711
4.125000	0.000000	0.185547
4.130000	-0.126953	0.214844
4.135000	-0.263672	-0.126953
4.140000	-0.166016	-0.654297
4.145000	0.253906	-0.761719
4.150000	0.747070	-0.444336
4.155000	1.040039	0.053711
4.160000	1.000977	0.498047
4.165000	0.668945	0.761719
4.170000	0.161133	0.795898
4.175000	-0.366211	0.332031
4.180000	-0.566406	-1.010742
4.185000	0.097656	-2.065430
4.190000	1.440430	-1.958008
4.195000	2.729492	-1.083984
4.200000	3.447266	0.014648
4.205000	3.442383	0.883789
4.210000	2.856445	1.289062
4.215000	2.001953	1.245117
4.220000	1.176758	0.922852
4.225000	0.561523	0.502930
4.230000	0.219727	0.170898
4.235000	0.092773	0.019531
4.240000	0.073242	0.029297
4.245000	0.048828	0.161133
4.250000	-0.068359	0.273438
4.255000	-0.244141	0.053711
4.260000	-0.268555	-0.546875
4.265000	0.083008	-0.898438
4.270000	0.668945	-0.703125
4.275000	1.127930	-0.200195
4.280000	1.250000	0.336914
4.285000	1.035156	0.712891
4.290000	0.556641	0.849609
4.295000	-0.014648	0.742188
4.300000	-0.493164	-0.058594
4.305000	-0.439453	-1.489258
4.310000	0.532227	-2.114258
4.315000	1.918945	-1.679688
4.320000	3.027344	-0.678711
4.325000	3.476562	0.361328
4.330000	3.237305	1.079102
4.335000	2.524414	1.313477
4.340000	1.655273	1.152344
4.345000	0.893555	0.766602
4.350000	0.375977	0.366211
4.355000	0.126953	0.097656
4.360000	0.048828	0.004883
4.365000	0.034180	0.073242
4.370000	-0.014648	0.209961
4.375000	-0.156250	0.175781
4.380000	-0.268555	-0.234375
4.385000	-0.112305	-0.712891
4.390000	0.351562	-0.717773
4.395000	0.820312	-0.346680
4.400000	1.044922	0.151367
4.405000	0.937500	0.571289
4.410000	0.566406	0.781250
4.415000	0.039062	0.766602
4.420000	-0.458984	0.107422
4.425000	-0.507812	-1.323242
4.430000	0.356445	-2.128906
4.435000	1.748047	-1.816406
4.440000	2.944336	-0.849609
4.445000	3.505859	0.229492
4.450000	3.354492	1.010742
4.455000	2.685547	1.313477
4.460000	1.816406	1.196289
4.465000	1.015625	0.825195
4.470000	0.458984	0.419922
4.475000	0.175781	0.122070
4.480000	0.078125	0.004883
4.485000	0.068359	0.053711
4.490000	0.029297	0.195312
4.495000	-0.102539	0.263672
4.500000	-0.273438	-0.058594
4.505000	-0.224609	-0.668945
4.510000	0.205078	-0.893555
4.515000	0.786133	-0.605469
4.520000	1.181641	-0.073242
4.525000	1.235352	0.439453
4.530000	0.937500	0.761719
4.535000	0.429688	0.849609
4.540000	-0.141602	0.644531
4.545000	-0.551758	-0.366211
4.550000	-0.297852	-1.738281
4.555000	0.839844	-2.099609
4.560000	2.211914	-1.484375
4.565000	3.193359	-0.429688
4.570000	3.481445	0.566406
4.575000	3.110352	1.171875
4.580000	2.338867	1.303711
4.585000	1.464844	1.074219
4.590000	0.756836	0.668945
4.595000	0.297852	0.292969
4.600000	0.097656	0.063477
4.605000	0.048828	0.009766
4.610000	0.029297	0.102539
4.615000	-0.039062	0.224609
4.620000	-0.185547	0.122070
4.625000	-0.263672	-0.356445
4.630000	-0.029297	-0.766602
4.635000	0.463867	-0.668945
4.640000	0.903320	-0.249023
4.645000	1.064453	0.253906
4.650000	0.893555	0.629883
4.655000	0.468750	0.800781
4.660000	-0.063477	0.712891
4.665000	-0.522461	-0.131836
4.670000	-0.410156	-1.572266
4.675000	0.615234	-2.143555
4.680000	2.016602	-1.655273
4.685000	3.105469	-0.629883
4.690000	3.535156	0.415039
4.695000	3.251953	1.108398
4.700000	2.514648	1.318359
4.705000	1.645508	1.137695
4.710000	0.888672	0.747070
4.715000	0.385742	0.346680
4.720000	0.146484	0.083008
4.725000	0.078125	0.004883
4.730000	0.068359	0.073242
4.735000	0.009766	0.224609
4.740000	-0.136719	0.239258
4.745000	-0.288086	-0.166016
4.750000	-0.170898	-0.761719
4.755000	0.322266	-0.869141
4.760000	0.888672	-0.517578
4.765000	1.220703	0.029297
4.770000	1.206055	0.522461
4.775000	0.854492	0.795898
4.780000	0.322266	0.839844
4.785000	-0.239258	0.532227
4.790000	-0.571289	-0.639648
4.795000	-0.136719	-1.894531
4.800000	1.103516	-2.041016
4.805000	2.436523	-1.303711
4.810000	3.295898	-0.229492
4.815000	3.452148	0.708008
4.820000	2.978516	1.235352
4.825000	2.172852	1.279297
4.830000	1.313477	1.000977
4.835000	0.649414	0.595703
4.840000	0.249023	0.234375
4.845000	0.078125	0.039062
4.850000	0.048828	0.019531
4.855000	0.024414	0.126953
4.860000	-0.063477	0.234375
4.865000	-0.214844	0.058594
4.870000	-0.244141	-0.463867
4.875000	0.053711	-0.781250
4.880000	0.556641	-0.600586
4.885000	0.952148	-0.146484
4.890000	1.044922	0.341797
4.895000	0.820312	0.678711
4.900000	0.366211	0.800781
4.905000	-0.170898	0.620117
4.910000	-0.566406	-0.424805
4.915000	-0.273438	-1.791992
4.920000	0.898438	-2.114258
4.925000	2.280273	-1.474609
4.930000	3.256836	-0.400391
4.935000	3.525391	0.595703
4.940000	3.129883	1.196289
4.945000	2.348633	1.308594
4.950000	1.469727	1.069336
4.955000	0.761719	0.659180
4.960000	0.312500	0.283203
4.965000	0.122070	0.053711
4.970000	0.073242	0.009766
4.975000	0.058594	0.107422
4.980000	-0.014648	0.249023
4.985000	-0.170898	0.190430
4.990000	-0.297852	-0.297852
4.995000	-0.097656	-0.834961
5.000000	0.439453	-0.830078
5.005000	0.981445	-0.410156
5.010000	1.245117	0.141602
5.015000	1.152344	0.600586
5.020000	0.756836	0.825195
5.025000	0.205078	0.825195
5.030000	-0.336914	0.366211
5.035000	-0.561523	-0.947266
5.040000	0.068359	-2.021484
5.045000	1.381836	-1.943359
5.050000	2.661133	-1.098633
5.055000	3.393555	-0.014648
5.060000	3.403320	0.854492
5.065000	2.836914	1.274414
5.070000	1.992188	1.240234
5.075000	1.162109	0.922852
5.080000	0.546875	0.512695
5.085000	0.195312	0.180664
5.090000	0.068359	0.019531
5.095000	0.043945	0.034180
5.100000	0.014648	0.156250
5.105000	-0.092773	0.229492
5.110000	-0.244141	-0.029297
5.115000	-0.214844	-0.566406
5.120000	0.151367	-0.776367
5.125000	0.654297	-0.522461
5.130000	0.996094	-0.043945
5.135000	1.020508	0.429688
5.140000	0.737305	0.722656
5.145000	0.253906	0.800781
5.150000	-0.278320	0.483398
5.155000	-0.581055	-0.732422
5.160000	-0.092773	-1.958008
5.165000	1.191406	-2.041016
5.170000	2.524414	-1.269531
5.175000	3.369141	-0.175781
5.180000	3.491211	0.751953
5.185000	2.988281	1.250000
5.190000	2.163086	1.279297
5.195000	1.303711	0.991211
5.200000	0.644531	0.576172
5.205000	0.258789	0.219727
5.210000	0.102539	0.029297
5.215000	0.073242	0.019531
5.220000	0.053711	0.131836
5.225000	-0.039062	0.263672
5.230000	-0.214844	0.126953
5.235000	-0.288086	-0.434570
5.240000	-0.004883	-0.878906
5.245000	0.561523	-0.761719
5.250000	1.064453	-0.297852
5.255000	1.245117	0.253906
5.260000	1.088867	0.659180
5.265000	0.644531	0.849609
5.270000	0.083008	0.786133
5.275000	-0.429688	0.146484
5.280000	-0.512695	-1.259766
5.285000	0.317383	-2.094727
5.290000	1.684570	-1.811523
5.295000	2.875977	-0.869141
5.300000	3.452148	0.200195
5.305000	3.320312	0.991211
5.310000	2.670898	1.303711
5.315000	1.801758	1.196289
5.320000	1.010742	0.839844
5.325000	0.449219	0.429688
5.330000	0.151367	0.131836
5.335000	0.063477	0.009766
5.340000	0.039062	0.053711
5.345000	-0.004883	0.185547
5.350000	-0.126953	0.214844
5.355000	-0.263672	-0.131836
5.360000	-0.166016	-0.659180
5.365000	0.258789	-0.761719
5.370000	0.751953	-0.434570
5.375000	1.040039	0.058594
5.380000	0.996094	0.507812
5.385000	0.654297	0.761719
5.390000	0.151367	0.800781
5.395000	-0.375977	0.322266
5.400000	-0.561523	-1.030273
5.405000	0.117188	-2.065430
5.410000	1.464844	-1.943359
5.415000	2.744141	-1.069336
5.420000	3.447266	0.029297
5.425000	3.432617	0.893555
5.430000	2.841797	1.293945
5.435000	1.987305	1.245117
5.440000	1.162109	0.913086
5.445000	0.551758	0.493164
5.450000	0.214844	0.166016
5.455000	0.092773	0.014648
5.460000	0.068359	0.034180
5.465000	0.043945	0.161133
5.470000	-0.068359	0.268555
5.475000	-0.244141	0.039062
5.480000	-0.263672	-0.556641
5.485000	0.092773	-0.893555
5.490000	0.678711	-0.693359
5.495000	1.127930	-0.185547
5.500000	1.240234	0.346680
5.505000	1.015625	0.717773
5.510000	0.537109	0.849609
5.515000	-0.029297	0.732422
5.520000	-0.498047	-0.092773
5.525000	-0.419922	-1.528320
5.530000	0.571289	-2.119141
5.535000	1.953125	-1.655273
5.540000	3.051758	-0.649414
5.545000	3.481445	0.390625
5.550000	3.222656	1.093750
5.555000	2.500000	1.313477
5.560000	1.630859	1.137695
5.565000	0.878906	0.751953
5.570000	0.366211	0.356445
5.575000	0.122070	0.092773
5.580000	0.048828	0.009766
5.585000	0.039062	0.073242
5.590000	-0.014648	0.214844
5.595000	-0.156250	0.170898
5.600000	-0.268555	-0.244141
5.605000	-0.102539	-0.717773
5.610000	0.361328	-0.722656
5.615000	0.834961	-0.341797
5.620000	1.054688	0.161133
5.625000	0.952148	0.576172
5.630000	0.566406	0.781250
5.635000	0.039062	0.766602
5.640000	-0.454102	0.102539
5.645000	-0.502930	-1.318359
5.650000	0.361328	-2.128906
5.655000	1.757812	-1.811523
5.660000	2.944336	-0.844727
5.665000	3.500977	0.234375
5.670000	3.349609	1.010742
5.675000	2.680664	1.318359
5.680000	1.811523	1.201172
5.685000	1.020508	0.830078
5.690000	0.463867	0.415039
5.695000	0.175781	0.122070
5.700000	0.083008	0.004883
5.705000	0.068359	0.058594
5.710000	0.029297	0.190430
5.715000	-0.102539	0.263672
5.720000	-0.273438	-0.053711
5.725000	-0.229492	-0.673828
5.730000	0.209961	-0.893555
5.735000	0.786133	-0.610352
5.740000	1.191406	-0.078125
5.745000	1.235352	0.439453
5.750000	0.937500	0.766602
5.755000	0.429688	0.849609
5.760000	-0.136719	0.644531
5.765000	-0.551758	-0.356445
5.770000	-0.297852	-1.733398
5.775000	0.834961	-2.099609
5.780000	2.207031	-1.489258
5.785000	3.188477	-0.434570
5.790000	3.481445	0.561523
5.795000	3.110352	1.166992
5.800000	2.333984	1.303711
5.805000	1.469727	1.074219
5.810000	0.756836	0.668945
5.815000	0.302734	0.292969
5.820000	0.097656	0.063477
5.825000	0.048828	0.009766
5.830000	0.029297	0.102539
5.835000	-0.039062	0.224609
5.840000	-0.190430	0.117188
5.845000	-0.263672	-0.356445
5.850000	-0.029297	-0.761719
5.855000	0.463867	-0.668945
5.860000	0.893555	-0.244141
5.865000	1.054688	0.258789
5.870000	0.888672	0.629883
5.875000	0.463867	0.800781
5.880000	-0.068359	0.708008
5.885000	-0.522461	-0.151367
5.890000	-0.405273	-1.591797
5.895000	0.629883	-2.143555
5.900000	2.036133	-1.645508
5.905000	3.120117	-0.615234
5.910000	3.535156	0.429688
5.915000	3.251953	1.118164
5.920000	2.504883	1.318359
5.925000	1.635742	1.132812
5.930000	0.878906	0.742188
5.935000	0.380859	0.341797
5.940000	0.146484	0.083008
5.945000	0.078125	0.000000
5.950000	0.068359	0.078125
5.955000	0.009766	0.224609
5.960000	-0.141602	0.234375
5.965000	-0.292969	-0.175781
5.970000	-0.166016	-0.766602
5.975000	0.327148	-0.869141
5.980000	0.893555	-0.507812
5.985000	1.225586	0.039062
5.990000	1.196289	0.527344
5.995000	0.844727	0.800781
6.000000	0.307617	0.839844
6.005000	-0.249023	0.517578
6.010000	-0.576172	-0.673828
6.015000	-0.117188	-1.914062
6.020000	1.132812	-2.036133
6.025000	2.470703	-1.279297
6.030000	3.315430	-0.200195
6.035000	3.447266	0.732422
6.040000	2.968750	1.240234
6.045000	2.153320	1.279297
6.050000	1.298828	0.996094
6.055000	0.634766	0.585938
6.060000	0.244141	0.229492
6.065000	0.078125	0.039062
6.070000	0.048828	0.019531
6.075000	0.024414	0.131836
6.080000	-0.068359	0.234375
6.085000	-0.219727	0.053711
6.090000	-0.244141	-0.473633
6.095000	0.058594	-0.791016
6.100000	0.571289	-0.605469
6.105000	0.966797	-0.141602
6.110000	1.064453	0.341797
6.115000	0.825195	0.688477
6.120000	0.371094	0.805664
6.125000	-0.166016	0.625000
6.130000	-0.561523	-0.415039
6.135000	-0.278320	-1.787109
6.140000	0.888672	-2.119141
6.145000	2.275391	-1.484375
6.150000	3.251953	-0.410156
6.155000	3.525391	0.585938
6.160000	3.134766	1.191406
6.165000	2.353516	1.308594
6.170000	1.474609	1.074219
6.175000	0.766602	0.659180
6.180000	0.317383	0.283203
6.185000	0.122070	0.058594
6.190000	0.073242	0.009766
6.195000	0.058594	0.102539
6.200000	-0.009766	0.244141
6.205000	-0.170898	0.190430
6.210000	-0.297852	-0.292969
6.215000	-0.097656	-0.834961
6.220000	0.439453	-0.830078
6.225000	0.976562	-0.410156
6.230000	1.240234	0.141602
6.235000	1.147461	0.595703
6.240000	0.751953	0.825195
6.245000	0.200195	0.820312
6.250000	-0.341797	0.361328
6.255000	-0.561523	-0.961914
6.260000	0.073242	-2.026367
6.265000	1.396484	-1.943359
6.270000	2.675781	-1.098633
6.275000	3.393555	-0.004883
6.280000	3.403320	0.859375
6.285000	2.832031	1.274414
6.290000	1.987305	1.245117
6.295000	1.162109	0.922852
6.300000	0.541992	0.507812
6.305000	0.195312	0.180664
6.310000	0.068359	0.019531
6.315000	0.048828	0.029297
6.320000	0.019531	0.156250
6.325000	-0.092773	0.229492
6.330000	-0.244141	-0.024414
6.335000	-0.219727	-0.571289
6.340000	0.146484	-0.791016
6.345000	0.659180	-0.537109
6.350000	1.010742	-0.048828
6.355000	1.044922	0.419922
6.360000	0.761719	0.727539
6.365000	0.278320	0.805664
6.370000	-0.258789	0.512695
6.375000	-0.581055	-0.678711
6.380000	-0.122070	-1.933594
6.385000	1.137695	-2.060547
6.390000	2.490234	-1.303711
6.395000	3.349609	-0.219727
6.400000	3.496094	0.727539
6.405000	3.017578	1.245117
6.410000	2.192383	1.284180
6.415000	1.328125	1.005859
6.420000	0.664062	0.585938
6.425000	0.268555	0.229492
6.430000	0.107422	0.029297
6.435000	0.073242	0.019531
6.440000	0.058594	0.126953
6.445000	-0.034180	0.263672
6.450000	-0.205078	0.136719
6.455000	-0.288086	-0.410156
6.460000	-0.019531	-0.869141
6.465000	0.546875	-0.771484
6.470000	1.049805	-0.312500
6.475000	1.245117	0.234375
6.480000	1.093750	0.649414
6.485000	0.659180	0.839844
6.490000	0.097656	0.791016
6.495000	-0.419922	0.180664
6.500000	-0.522461	-1.225586
6.505000	0.278320	-2.089844
6.510000	1.645508	-1.835938
6.515000	2.851562	-0.903320
6.520000	3.447266	0.175781
6.525000	3.334961	0.971680
6.530000	2.690430	1.303711
6.535000	1.831055	1.206055
6.540000	1.030273	0.844727
6.545000	0.458984	0.439453
6.550000	0.161133	0.136719
6.555000	0.058594	0.009766
6.560000	0.043945	0.048828
6.565000	0.000000	0.180664
6.570000	-0.122070	0.219727
6.575000	-0.263672	-0.117188
6.580000	-0.175781	-0.649414
6.585000	0.239258	-0.771484
6.590000	0.742188	-0.458984
6.595000	1.044922	0.039062
6.600000	1.010742	0.488281
6.605000	0.683594	0.756836
6.610000	0.175781	0.800781
6.615000	-0.351562	0.366211
6.620000	-0.571289	-0.957031
6.625000	0.063477	-2.045898
6.630000	1.396484	-1.972656
6.635000	2.695312	-1.118164
6.640000	3.427734	-0.019531
6.645000	3.447266	0.864258
6.650000	2.875977	1.279297
6.655000	2.031250	1.254883
6.660000	1.196289	0.932617
6.665000	0.576172	0.517578
6.670000	0.224609	0.180664
6.675000	0.092773	0.019531
6.680000	0.068359	0.029297
6.685000	0.048828	0.156250
6.690000	-0.058594	0.268555
6.695000	-0.239258	0.063477
6.700000	-0.273438	-0.527344
6.705000	0.068359	-0.893555
6.710000	0.649414	-0.708008
6.715000	1.113281	-0.209961
6.720000	1.245117	0.322266
6.725000	1.030273	0.703125
6.730000	0.566406	0.849609
6.735000	0.000000	0.747070
6.740000	-0.483398	-0.034180
6.745000	-0.449219	-1.459961
6.750000	0.507812	-2.114258
6.755000	1.889648	-1.699219
6.760000	3.007812	-0.703125
6.765000	3.476562	0.346680
6.770000	3.247070	1.064453
6.775000	2.534180	1.308594
6.780000	1.669922	1.157227
6.785000	0.908203	0.771484
6.790000	0.385742	0.375977
6.795000	0.126953	0.102539
6.800000	0.048828	0.009766
6.805000	0.039062	0.068359
6.810000	-0.009766	0.209961
6.815000	-0.151367	0.180664
6.820000	-0.263672	-0.219727
6.825000	-0.117188	-0.708008
6.830000	0.336914	-0.727539
6.835000	0.810547	-0.361328
6.840000	1.044922	0.136719
6.845000	0.952148	0.556641
6.850000	0.576172	0.771484
6.855000	0.058594	0.771484
6.860000	-0.444336	0.141602
6.865000	-0.517578	-1.269531
6.870000	0.317383	-2.124023
6.875000	1.704102	-1.835938
6.880000	2.910156	-0.883789
6.885000	3.496094	0.200195
6.890000	3.364258	0.996094
6.895000	2.705078	1.313477
6.900000	1.840820	1.206055
6.905000	1.040039	0.844727
6.910000	0.468750	0.434570
6.915000	0.170898	0.136719
6.920000	0.073242	0.009766
6.925000	0.058594	0.053711
6.930000	0.014648	0.190430
6.935000	-0.117188	0.244141
6.940000	-0.268555	-0.087891
6.945000	-0.205078	-0.673828
6.950000	0.229492	-0.844727
6.955000	0.781250	-0.541992
6.960000	1.137695	-0.019531
6.965000	1.147461	0.468750
6.970000	0.834961	0.766602
6.975000	0.317383	0.830078
6.980000	-0.229492	0.546875
6.985000	-0.576172	-0.615234
6.990000	-0.156250	-1.899414
6.995000	1.079102	-2.070312
7.000000	2.436523	-1.337891
7.005000	3.320312	-0.253906
7.010000	3.491211	0.698242
7.015000	3.032227	1.235352
7.020000	2.216797	1.293945
7.025000	1.352539	1.015625
7.030000	0.673828	0.605469
7.035000	0.263672	0.244141
7.040000	0.097656	0.034180
7.045000	0.058594	0.019531
7.050000	0.043945	0.126953
7.055000	-0.043945	0.253906
7.060000	-0.205078	0.117188
7.065000	-0.278320	-0.415039
7.070000	-0.004883	-0.830078
7.075000	0.537109	-0.712891
7.080000	1.005859	-0.258789
7.085000	1.171875	0.263672
7.090000	1.000977	0.654297
7.095000	0.556641	0.825195
7.100000	0.004883	0.756836
7.105000	-0.483398	0.004883
7.110000	-0.468750	-1.435547
7.115000	0.468750	-2.133789
7.120000	1.865234	-1.738281
7.125000	3.007812	-0.742188
7.130000	3.500977	0.317383
7.135000	3.295898	1.059570
7.140000	2.597656	1.318359
7.145000	1.723633	1.166992
7.150000	0.947266	0.791016
7.155000	0.415039	0.385742
7.160000	0.146484	0.107422
7.165000	0.068359	0.009766
7.170000	0.058594	0.068359
7.175000	0.004883	0.205078
7.180000	-0.136719	0.224609
7.185000	-0.278320	-0.156250
7.190000	-0.170898	-0.717773
7.195000	0.292969	-0.820312
7.200000	0.825195	-0.478516
7.205000	1.137695	0.048828
7.210000	1.098633	0.517578
7.215000	0.756836	0.781250
7.220000	0.234375	0.820312
7.225000	-0.307617	0.439453
7.230000	-0.576172	-0.834961
7.235000	-0.019531	-1.997070
7.240000	1.279297	-2.001953
7.245000	2.597656	-1.196289
7.250000	3.383789	-0.102539
7.255000	3.452148	0.805664
7.260000	2.924805	1.264648
7.265000	2.089844	1.269531
7.270000	1.245117	0.957031
7.275000	0.600586	0.541992
7.280000	0.229492	0.200195
7.285000	0.087891	0.024414
7.290000	0.063477	0.024414
7.295000	0.034180	0.146484
7.300000	-0.063477	0.263672
7.305000	-0.229492	0.068359
7.310000	-0.263672	-0.502930
7.315000	0.058594	-0.854492
7.320000	0.615234	-0.678711
7.325000	1.054688	-0.195312
7.330000	1.181641	0.327148
7.335000	0.966797	0.698242
7.340000	0.502930	0.834961
7.345000	-0.053711	0.717773
7.350000	-0.517578	-0.136719
7.355000	-0.405273	-1.567383
7.360000	0.615234	-2.128906
7.365000	2.006836	-1.645508
7.370000	3.090820	-0.625000
7.375000	3.505859	0.415039
7.380000	3.227539	1.108398
7.385000	2.500000	1.318359
7.390000	1.621094	1.132812
7.395000	0.874023	0.742188
7.400000	0.371094	0.341797
7.405000	0.131836	0.087891
7.410000	0.068359	0.009766
7.415000	0.053711	0.078125
7.420000	-0.009766	0.224609
7.425000	-0.151367	0.205078
7.430000	-0.283203	-0.214844
7.435000	-0.136719	-0.756836
7.440000	0.351562	-0.795898
7.445000	0.874023	-0.424805
7.450000	1.157227	0.102539
7.455000	1.079102	0.551758
7.460000	0.708008	0.795898
7.465000	0.180664	0.810547
7.470000	-0.351562	0.346680
7.475000	-0.561523	-0.986328
7.480000	0.087891	-2.045898
7.485000	1.425781	-1.948242
7.490000	2.705078	-1.088867
7.495000	3.422852	0.004883
7.500000	3.422852	0.874023
7.505000	2.846680	1.284180
7.510000	1.997070	1.240234
7.515000	1.171875	0.922852
7.520000	0.556641	0.507812
7.525000	0.209961	0.175781
7.530000	0.078125	0.019531
7.535000	0.058594	0.029297
7.540000	0.029297	0.156250
7.545000	-0.078125	0.263672
7.550000	-0.244141	0.024414
7.555000	-0.253906	-0.556641
7.560000	0.112305	-0.859375
7.565000	0.668945	-0.639648
7.570000	1.083984	-0.141602
7.575000	1.181641	0.375977
7.580000	0.932617	0.717773
7.585000	0.449219	0.839844
7.590000	-0.112305	0.678711
7.595000	-0.541992	-0.273438
7.600000	-0.341797	-1.679688
7.605000	0.751953	-2.124023
7.610000	2.143555	-1.552734
7.615000	3.168945	-0.512695
7.620000	3.505859	0.507812
7.625000	3.168945	1.152344
7.630000	2.416992	1.313477
7.635000	1.538086	1.098633
7.640000	0.810547	0.698242
7.645000	0.336914	0.312500
7.650000	0.117188	0.068359
7.655000	0.063477	0.009766
7.660000	0.048828	0.092773
7.665000	-0.019531	0.234375
7.670000	-0.166016	0.180664
7.675000	-0.283203	-0.278320
7.680000	-0.097656	-0.786133
7.685000	0.405273	-0.776367
7.690000	0.917969	-0.375977
7.695000	1.162109	0.151367
7.700000	1.054688	0.585938
7.705000	0.664062	0.810547
7.710000	0.126953	0.800781
7.715000	-0.400391	0.249023
7.720000	-0.541992	-1.137695
7.725000	0.200195	-2.080078
7.730000	1.557617	-1.889648
7.735000	2.802734	-0.986328
7.740000	3.457031	0.102539
7.745000	3.393555	0.932617
7.750000	2.773438	1.298828
7.755000	1.914062	1.230469
7.760000	1.098633	0.883789
7.765000	0.507812	0.463867
7.770000	0.185547	0.151367
7.775000	0.078125	0.009766
7.780000	0.058594	0.043945
7.785000	0.024414	0.175781
7.790000	-0.087891	0.258789
7.795000	-0.258789	-0.019531
7.800000	-0.234375	-0.610352
7.805000	0.161133	-0.854492
7.810000	0.722656	-0.595703
7.815000	1.108398	-0.087891
7.820000	1.166992	0.415039
7.825000	0.888672	0.742188
7.830000	0.395508	0.834961
7.835000	-0.161133	0.625000
7.840000	-0.561523	-0.415039
7.845000	-0.268555	-1.777344
7.850000	0.893555	-2.104492
7.855000	2.270508	-1.464844
7.860000	3.237305	-0.395508
7.865000	3.496094	0.595703
7.870000	3.115234	1.191406
7.875000	2.329102	1.308594
7.880000	1.455078	1.064453
7.885000	0.747070	0.654297
7.890000	0.302734	0.283203
7.895000	0.107422	0.058594
7.900000	0.063477	0.009766
7.905000	0.048828	0.102539
7.910000	-0.029297	0.244141
7.915000	-0.185547	0.156250
7.920000	-0.283203	-0.336914
7.925000	-0.058594	-0.805664
7.930000	0.463867	-0.751953
7.935000	0.952148	-0.327148
7.940000	1.166992	0.200195
7.945000	1.035156	0.620117
7.950000	0.620117	0.815430
7.955000	0.073242	0.781250
7.960000	-0.439453	0.151367
7.965000	-0.517578	-1.264648
7.970000	0.312500	-2.109375
7.975000	1.694336	-1.826172
7.980000	2.895508	-0.878906
7.985000	3.481445	0.200195
7.990000	3.349609	0.996094
7.995000	2.695312	1.313477
8.000000	1.831055	1.206055
8.005000	1.030273	0.844727
8.010000	0.468750	0.424805
8.015000	0.175781	0.131836
8.020000	0.073242	0.009766
8.025000	0.058594	0.053711
8.030000	0.019531	0.190430
8.035000	-0.107422	0.249023
8.040000	-0.268555	-0.078125
8.045000	-0.209961	-0.664062
8.050000	0.219727	-0.849609
8.055000	0.766602	-0.556641
8.060000	1.127930	-0.034180
8.065000	1.152344	0.458984
8.070000	0.849609	0.761719
8.075000	0.336914	0.830078
8.080000	-0.214844	0.566406
8.085000	-0.571289	-0.566406
8.090000	-0.190430	-1.870117
8.095000	1.035156	-2.075195
8.100000	2.392578	-1.367188
8.105000	3.295898	-0.288086
8.110000	3.491211	0.673828
8.115000	3.046875	1.220703
8.120000	2.241211	1.298828
8.125000	1.372070	1.025391
8.130000	0.693359	0.615234
8.135000	0.278320	0.253906
8.140000	0.097656	0.043945
8.145000	0.058594	0.014648
8.150000	0.048828	0.117188
8.155000	-0.039062	0.249023
8.160000	-0.205078	0.126953
8.165000	-0.283203	-0.395508
8.170000	-0.014648	-0.830078
8.175000	0.517578	-0.722656
8.180000	0.991211	-0.278320
8.185000	1.171875	0.249023
8.190000	1.005859	0.649414
8.195000	0.571289	0.820312
8.200000	0.019531	0.761719
8.205000	-0.473633	0.039062
8.210000	-0.478516	-1.396484
8.215000	0.434570	-2.128906
8.220000	1.826172	-1.757812
8.225000	2.978516	-0.776367
8.230000	3.496094	0.288086
8.235000	3.305664	1.044922
8.240000	2.617188	1.318359
8.245000	1.743164	1.176758
8.250000	0.966797	0.800781
8.255000	0.424805	0.395508
8.260000	0.151367	0.112305
8.265000	0.068359	0.004883
8.270000	0.058594	0.063477
8.275000	0.009766	0.205078
8.280000	-0.126953	0.234375
8.285000	-0.278320	-0.126953
8.290000	-0.180664	-0.708008
8.295000	0.268555	-0.834961
8.300000	0.810547	-0.512695
8.305000	1.147461	0.014648
8.310000	1.132812	0.498047
8.315000	0.795898	0.771484
8.320000	0.283203	0.825195
8.325000	-0.268555	0.498047
8.330000	-0.576172	-0.712891
8.335000	-0.097656	-1.943359
8.340000	1.176758	-2.036133
8.345000	2.504883	-1.269531
8.350000	3.344727	-0.180664
8.355000	3.466797	0.747070
8.360000	2.978516	1.245117
8.365000	2.148438	1.279297
8.370000	1.293945	0.991211
8.375000	0.639648	0.571289
8.380000	0.249023	0.219727
8.385000	0.087891	0.029297
8.390000	0.053711	0.014648
8.395000	0.039062	0.136719
8.400000	-0.053711	0.253906
8.405000	-0.219727	0.087891
8.410000	-0.273438	-0.458984
8.415000	0.029297	-0.839844
8.420000	0.576172	-0.688477
8.425000	1.025391	-0.224609
8.430000	1.162109	0.297852
8.435000	0.966797	0.678711
8.440000	0.517578	0.825195
8.445000	-0.039062	0.727539
8.450000	-0.507812	-0.092773
8.455000	-0.424805	-1.533203
8.460000	0.566406	-2.133789
8.465000	1.967773	-1.674805
8.470000	3.071289	-0.654297
8.475000	3.505859	0.390625
8.480000	3.251953	1.093750
8.485000	2.529297	1.318359
8.490000	1.655273	1.147461
8.495000	0.898438	0.756836
8.500000	0.385742	0.361328
8.505000	0.136719	0.087891
8.510000	0.068359	0.004883
8.515000	0.058594	0.068359
8.520000	0.000000	0.219727
8.525000	-0.146484	0.219727
8.530000	-0.283203	-0.185547
8.535000	-0.156250	-0.747070
8.540000	0.322266	-0.825195
8.545000	0.864258	-0.463867
8.550000	1.162109	0.068359
8.555000	1.113281	0.532227
8.560000	0.761719	0.791016
8.565000	0.229492	0.820312
8.570000	-0.312500	0.424805
8.575000	-0.576172	-0.859375
8.580000	0.000000	-2.001953
8.585000	1.303711	-1.992188
8.590000	2.612305	-1.171875
8.595000	3.388672	-0.078125
8.600000	3.447266	0.815430
8.605000	2.905273	1.269531
8.610000	2.065430	1.259766
8.615000	1.230469	0.952148
8.620000	0.590820	0.537109
8.625000	0.224609	0.195312
8.630000	0.078125	0.024414
8.635000	0.058594	0.024414
8.640000	0.029297	0.146484
8.645000	-0.068359	0.253906
8.650000	-0.239258	0.043945
8.655000	-0.253906	-0.517578
8.660000	0.083008	-0.839844
8.665000	0.625000	-0.644531
8.670000	1.049805	-0.161133
8.675000	1.162109	0.346680
8.680000	0.927734	0.698242
8.685000	0.458984	0.830078
8.690000	-0.097656	0.688477
8.695000	-0.541992	-0.239258
8.700000	-0.361328	-1.655273
8.705000	0.717773	-2.128906
8.710000	2.109375	-1.582031
8.715000	3.149414	-0.537109
8.720000	3.510742	0.483398
8.725000	3.193359	1.142578
8.730000	2.441406	1.313477
8.735000	1.562500	1.108398
8.740000	0.830078	0.708008
8.745000	0.346680	0.322266
8.750000	0.126953	0.073242
8.755000	0.068359	0.004883
8.760000	0.053711	0.083008
8.765000	-0.009766	0.229492
8.770000	-0.161133	0.200195
8.775000	-0.283203	-0.249023
8.780000	-0.117188	-0.786133
8.785000	0.385742	-0.800781
8.790000	0.913086	-0.410156
8.795000	1.181641	0.122070
8.800000	1.093750	0.571289
8.805000	0.712891	0.805664
8.810000	0.175781	0.810547
8.815000	-0.361328	0.336914
8.820000	-0.561523	-1.005859
8.825000	0.102539	-2.045898
8.830000	1.440430	-1.943359
8.835000	2.714844	-1.069336
8.840000	3.422852	0.019531
8.845000	3.413086	0.883789
8.850000	2.832031	1.284180
8.855000	1.977539	1.245117
8.860000	1.157227	0.913086
8.865000	0.541992	0.498047
8.870000	0.200195	0.170898
8.875000	0.073242	0.019531
8.880000	0.058594	0.029297
8.885000	0.024414	0.161133
8.890000	-0.087891	0.253906
8.895000	-0.244141	0.000000
8.900000	-0.239258	-0.571289
8.905000	0.131836	-0.839844
8.910000	0.673828	-0.605469
8.915000	1.074219	-0.107422
8.920000	1.142578	0.390625
8.925000	0.883789	0.727539
8.930000	0.395508	0.830078
8.935000	-0.161133	0.634766
8.940000	-0.556641	-0.405273
8.945000	-0.278320	-1.777344
8.950000	0.878906	-2.109375
8.955000	2.260742	-1.474609
8.960000	3.232422	-0.410156
8.965000	3.505859	0.585938
8.970000	3.120117	1.186523
8.975000	2.343750	1.308594
8.980000	1.464844	1.069336
8.985000	0.761719	0.659180
8.990000	0.307617	0.288086
8.995000	0.112305	0.053711
9.000000	0.068359	0.009766
9.005000	0.053711	0.102539
9.010000	-0.019531	0.244141
9.015000	-0.185547	0.170898
9.020000	-0.288086	-0.317383
9.025000	-0.078125	-0.815430
9.030000	0.454102	-0.786133
9.035000	0.957031	-0.361328
9.040000	1.201172	0.175781
9.045000	1.079102	0.610352
9.050000	0.673828	0.815430
9.055000	0.126953	0.800781
9.060000	-0.405273	0.239258
9.065000	-0.541992	-1.147461
9.070000	0.214844	-2.084961
9.075000	1.572266	-1.879883
9.080000	2.807617	-0.966797
9.085000	3.447266	0.112305
9.090000	3.374023	0.937500
9.095000	2.753906	1.298828
9.100000	1.889648	1.225586
9.105000	1.083984	0.874023
9.110000	0.498047	0.463867
9.115000	0.180664	0.151367
9.120000	0.068359	0.014648
9.125000	0.058594	0.043945
9.130000	0.019531	0.175781
9.135000	-0.097656	0.244141
9.140000	-0.258789	-0.048828
9.145000	-0.214844	-0.625000
9.150000	0.180664	-0.834961
9.155000	0.722656	-0.561523
9.160000	1.088867	-0.053711
9.165000	1.118164	0.439453
9.170000	0.830078	0.742188
9.175000	0.322266	0.825195
9.180000	-0.219727	0.566406
9.185000	-0.576172	-0.571289
9.190000	-0.185547	-1.875000
9.195000	1.044922	-2.075195
9.200000	2.402344	-1.367188
9.205000	3.305664	-0.292969
9.210000	3.496094	0.673828
9.215000	3.051758	1.225586
9.220000	2.246094	1.293945
9.225000	1.376953	1.025391
9.230000	0.693359	0.615234
9.235000	0.278320	0.249023
9.240000	0.107422	0.043945
9.245000	0.068359	0.014648
9.250000	0.048828	0.122070
9.255000	-0.029297	0.253906
9.260000	-0.200195	0.141602
9.265000	-0.283203	-0.385742
9.270000	-0.029297	-0.839844
9.275000	0.512695	-0.756836
9.280000	1.005859	-0.312500
9.285000	1.210938	0.229492
9.290000	1.059570	0.639648
9.295000	0.625000	0.830078
9.300000	0.073242	0.781250
9.305000	-0.439453	0.141602
9.310000	-0.512695	-1.269531
9.315000	0.322266	-2.109375
9.320000	1.699219	-1.816406
9.325000	2.895508	-0.869141
9.330000	3.466797	0.205078
9.335000	3.334961	0.991211
9.340000	2.680664	1.308594
9.345000	1.811523	1.196289
9.350000	1.015625	0.839844
9.355000	0.454102	0.424805
9.360000	0.166016	0.126953
9.365000	0.068359	0.009766
9.370000	0.053711	0.053711
9.375000	0.009766	0.185547
9.380000	-0.117188	0.234375
9.385000	-0.268555	-0.102539
9.390000	-0.195312	-0.668945
9.395000	0.239258	-0.810547
9.400000	0.766602	-0.502930
9.405000	1.098633	0.009766
9.410000	1.088867	0.478516
9.415000	0.766602	0.766602
9.420000	0.258789	0.815430
9.425000	-0.288086	0.478516
9.430000	-0.581055	-0.756836
9.435000	-0.068359	-1.967773
9.440000	1.215820	-2.031250
9.445000	2.543945	-1.245117
9.450000	3.374023	-0.151367
9.455000	3.476562	0.766602
9.460000	2.968750	1.254883
9.465000	2.133789	1.279297
9.470000	1.284180	0.981445
9.475000	0.634766	0.566406
9.480000	0.249023	0.214844
9.485000	0.097656	0.029297
9.490000	0.068359	0.019531
9.495000	0.048828	0.136719
9.500000	-0.048828	0.263672
9.505000	-0.219727	0.102539
9.510000	-0.283203	-0.454102
9.515000	0.019531	-0.869141
9.520000	0.585938	-0.722656
9.525000	1.054688	-0.253906
9.530000	1.225586	0.283203
9.535000	1.035156	0.678711
9.540000	0.585938	0.839844
9.545000	0.019531	0.761719
9.550000	-0.473633	0.034180
9.555000	-0.473633	-1.396484
9.560000	0.444336	-2.119141
9.565000	1.831055	-1.743164
9.570000	2.978516	-0.761719
9.575000	3.481445	0.297852
9.580000	3.286133	1.044922
9.585000	2.597656	1.313477
9.590000	1.723633	1.171875
9.595000	0.952148	0.795898
9.600000	0.415039	0.390625
9.605000	0.146484	0.107422
9.610000	0.063477	0.009766
9.615000	0.048828	0.063477
9.620000	0.000000	0.205078
9.625000	-0.131836	0.214844
9.630000	-0.273438	-0.161133
9.635000	-0.156250	-0.703125
9.640000	0.292969	-0.791016
9.645000	0.810547	-0.444336
9.650000	1.098633	0.068359
9.655000	1.044922	0.527344
9.660000	0.698242	0.776367
9.665000	0.175781	0.805664
9.670000	-0.351562	0.356445
9.675000	-0.566406	-0.971680
9.680000	0.073242	-2.045898
9.685000	1.406250	-1.962891
9.690000	2.700195	-1.108398
9.695000	3.432617	-0.009766
9.700000	3.442383	0.869141
9.705000	2.871094	1.284180
9.710000	2.021484	1.250000
9.715000	1.191406	0.927734
9.720000	0.566406	0.507812
9.725000	0.219727	0.175781
9.730000	0.092773	0.019531
9.735000	0.063477	0.029297
9.740000	0.039062	0.156250
9.745000	-0.068359	0.263672
9.750000	-0.239258	0.048828
9.755000	-0.263672	-0.537109
9.760000	0.083008	-0.878906
9.765000	0.654297	-0.683594
9.770000	1.103516	-0.190430
9.775000	1.230469	0.336914
9.780000	0.996094	0.712891
9.785000	0.522461	0.844727
9.790000	-0.039062	0.727539
9.795000	-0.507812	-0.112305
9.800000	-0.410156	-1.542969
9.805000	0.595703	-2.124023
9.810000	1.977539	-1.650391
9.815000	3.066406	-0.634766
9.820000	3.491211	0.405273
9.825000	3.222656	1.098633
9.830000	2.500000	1.313477
9.835000	1.625977	1.137695
9.840000	0.874023	0.747070
9.845000	0.366211	0.351562
9.850000	0.126953	0.087891
9.855000	0.058594	0.004883
9.860000	0.048828	0.073242
9.865000	-0.009766	0.214844
9.870000	-0.161133	0.185547
9.875000	-0.273438	-0.234375
9.880000	-0.117188	-0.737305
9.885000	0.361328	-0.756836
9.890000	0.849609	-0.375977
9.895000	1.093750	0.136719
9.900000	1.005859	0.566406
9.905000	0.620117	0.786133
9.910000	0.097656	0.791016
9.915000	-0.419922	0.209961
9.920000	-0.537109	-1.196289
9.925000	0.244141	-2.104492
9.930000	1.616211	-1.870117
9.935000	2.851562	-0.947266
9.940000	3.481445	0.141602
9.945000	3.388672	0.957031
9.950000	2.753906	1.303711
9.955000	1.889648	1.220703
9.960000	1.083984	0.869141
9.965000	0.498047	0.454102
9.970000	0.190430	0.141602
9.975000	0.083008	0.009766
9.980000	0.068359	0.043945
9.985000	0.029297	0.175781
9.990000	-0.087891	0.263672
9.995000	-0.263672	-0.019531
10.000000	-0.244141	-0.625000
