# Time_s	x	xdot
0.000000	-0.458984	0.087891
0.005000	-0.498047	-1.367188
0.010000	0.400391	-2.158203
0.015000	1.806641	-1.816406
0.020000	3.002930	-0.830078
0.025000	3.554688	0.263672
0.030000	3.383789	1.054688
0.035000	2.690430	1.352539
0.040000	1.796875	1.220703
0.045000	0.986328	0.830078
0.050000	0.424805	0.410156
0.055000	0.151367	0.102539
0.060000	0.068359	-0.009766
0.065000	0.068359	0.048828
0.070000	0.034180	0.195312
0.075000	-0.097656	0.283203
0.080000	-0.278320	-0.034180
0.085000	-0.244141	-0.678711
0.090000	0.195312	-0.947266
0.095000	0.810547	-0.668945
0.100000	1.250000	-0.122070
0.105000	1.323242	0.429688
0.110000	1.049805	0.781250
0.115000	0.527344	0.878906
0.120000	-0.063477	0.727539
0.125000	-0.527344	-0.185547
0.130000	-0.380859	-1.630859
0.135000	0.678711	-2.153320
0.140000	2.094727	-1.630859
0.145000	3.164062	-0.585938
0.150000	3.554688	0.468750
0.155000	3.251953	1.157227
0.160000	2.490234	1.347656
0.165000	1.586914	1.147461
0.170000	0.830078	0.732422
0.175000	0.332031	0.327148
0.180000	0.107422	0.063477
0.185000	0.058594	-0.009766
0.190000	0.053711	0.068359
0.195000	0.000000	0.224609
0.200000	-0.151367	0.224609
0.205000	-0.292969	-0.209961
0.210000	-0.151367	-0.786133
0.215000	0.361328	-0.864258
0.220000	0.922852	-0.483398
0.225000	1.240234	0.068359
0.230000	1.191406	0.551758
0.235000	0.820312	0.825195
0.240000	0.273438	0.849609
0.245000	-0.292969	0.468750
0.250000	-0.581055	-0.805664
0.255000	-0.039062	-2.016602
0.260000	1.269531	-2.065430
0.265000	2.626953	-1.250000
0.270000	3.457031	-0.131836
0.275000	3.544922	0.810547
0.280000	3.012695	1.298828
0.285000	2.153320	1.313477
0.290000	1.274414	0.996094
0.295000	0.615234	0.561523
0.300000	0.234375	0.195312
0.305000	0.097656	0.009766
0.310000	0.078125	0.004883
0.315000	0.068359	0.131836
0.320000	-0.024414	0.283203
0.325000	-0.209961	0.166016
0.330000	-0.312500	-0.415039
0.335000	-0.034180	-0.942383
0.340000	0.566406	-0.874023
0.345000	1.142578	-0.395508
0.350000	1.391602	0.195312
0.355000	1.254883	0.664062
0.360000	0.825195	0.883789
0.365000	0.234375	0.849609
0.370000	-0.327148	0.385742
0.375000	-0.561523	-0.942383
0.380000	0.058594	-2.036133
0.385000	1.391602	-1.977539
0.390000	2.690430	-1.127930
0.395000	3.437500	-0.019531
0.400000	3.452148	0.874023
0.405000	2.875977	1.308594
0.410000	2.011719	1.279297
0.415000	1.162109	0.947266
0.420000	0.532227	0.517578
0.425000	0.175781	0.175781
0.430000	0.048828	0.004883
0.435000	0.034180	0.019531
0.440000	0.014648	0.146484
0.445000	-0.087891	0.249023
0.450000	-0.244141	0.000000
0.455000	-0.239258	-0.561523
0.460000	0.126953	-0.830078
0.465000	0.664062	-0.595703
0.470000	1.044922	-0.097656
0.475000	1.113281	0.400391
0.480000	0.844727	0.732422
0.485000	0.351562	0.834961
0.490000	-0.205078	0.605469
0.495000	-0.585938	-0.522461
0.500000	-0.224609	-1.894531
0.505000	1.015625	-2.158203
0.510000	2.426758	-1.455078
0.515000	3.393555	-0.346680
0.520000	3.618164	0.664062
0.525000	3.183594	1.254883
0.530000	2.353516	1.352539
0.535000	1.455078	1.079102
0.540000	0.742188	0.644531
0.545000	0.302734	0.253906
0.550000	0.126953	0.024414
0.555000	0.097656	-0.009766
0.560000	0.097656	0.102539
0.565000	0.024414	0.263672
0.570000	-0.151367	0.273438
0.575000	-0.322266	-0.205078
0.580000	-0.180664	-0.893555
0.585000	0.395508	-1.020508
0.590000	1.059570	-0.625000
0.595000	1.464844	-0.009766
0.600000	1.464844	0.546875
0.605000	1.113281	0.859375
0.610000	0.537109	0.908203
0.615000	-0.068359	0.698242
0.620000	-0.517578	-0.244141
0.625000	-0.341797	-1.645508
0.630000	0.732422	-2.094727
0.635000	2.104492	-1.542969
0.640000	3.115234	-0.502930
0.645000	3.452148	0.512695
0.650000	3.115234	1.157227
0.655000	2.353516	1.328125
0.660000	1.469727	1.113281
0.665000	0.732422	0.708008
0.670000	0.258789	0.307617
0.675000	0.039062	0.063477
0.680000	-0.009766	-0.009766
0.685000	-0.014648	0.063477
0.690000	-0.058594	0.146484
0.695000	-0.156250	0.053711
0.700000	-0.185547	-0.268555
0.705000	-0.009766	-0.493164
0.710000	0.302734	-0.356445
0.715000	0.537109	-0.014648
0.720000	0.537109	0.356445
0.725000	0.297852	0.615234
0.730000	-0.112305	0.629883
0.735000	-0.517578	-0.151367
0.740000	-0.395508	-1.518555
0.745000	0.595703	-2.050781
0.750000	1.938477	-1.567383
0.755000	2.973633	-0.571289
0.760000	3.354492	0.444336
0.765000	3.061523	1.113281
0.770000	2.329102	1.308594
0.775000	1.455078	1.123047
0.780000	0.712891	0.732422
0.785000	0.214844	0.336914
0.790000	-0.009766	0.068359
0.795000	-0.068359	-0.107422
0.800000	-0.004883	-0.141602
0.805000	0.078125	0.004883
0.810000	0.068359	0.239258
0.815000	-0.087891	0.375977
0.820000	-0.327148	0.004883
0.825000	-0.322266	-0.844727
0.830000	0.219727	-1.264648
0.835000	1.054688	-0.996094
0.840000	1.704102	-0.332031
0.845000	1.918945	0.366211
0.850000	1.679688	0.849609
0.855000	1.123047	1.005859
0.860000	0.449219	0.898438
0.865000	-0.151367	0.541992
0.870000	-0.498047	-0.502930
0.875000	-0.156250	-1.660156
0.880000	0.927734	-1.821289
0.885000	2.119141	-1.176758
0.890000	2.890625	-0.190430
0.895000	3.022461	0.673828
0.900000	2.573242	1.162109
0.905000	1.806641	1.220703
0.910000	1.000977	0.966797
0.915000	0.351562	0.585938
0.920000	-0.048828	0.224609
0.925000	-0.195312	-0.258789
0.930000	-0.024414	-0.620117
0.935000	0.375977	-0.541992
0.940000	0.727539	-0.166016
0.945000	0.830078	0.273438
0.950000	0.644531	0.610352
0.955000	0.239258	0.751953
0.960000	-0.263672	0.522461
0.965000	-0.585938	-0.644531
0.970000	-0.151367	-1.928711
0.975000	1.108398	-2.089844
0.980000	2.475586	-1.337891
0.985000	3.364258	-0.239258
0.990000	3.520508	0.727539
0.995000	3.041992	1.264648
1.000000	2.207031	1.318359
1.005000	1.318359	1.030273
1.010000	0.634766	0.605469
1.015000	0.229492	0.229492
1.020000	0.063477	0.019531
1.025000	0.043945	0.000000
1.030000	0.034180	0.117188
1.035000	-0.048828	0.253906
1.040000	-0.209961	0.107422
1.045000	-0.278320	-0.429688
1.050000	0.004883	-0.844727
1.055000	0.556641	-0.717773
1.060000	1.020508	-0.253906
1.065000	1.191406	0.283203
1.070000	1.000977	0.678711
1.075000	0.546875	0.849609
1.080000	-0.014648	0.761719
1.085000	-0.507812	-0.048828
1.090000	-0.454102	-1.523438
1.095000	0.541992	-2.192383
1.100000	1.977539	-1.762695
1.105000	3.134766	-0.727539
1.110000	3.623047	0.366211
1.115000	3.378906	1.118164
1.120000	2.641602	1.367188
1.125000	1.738281	1.201172
1.130000	0.947266	0.791016
1.135000	0.410156	0.371094
1.140000	0.156250	0.078125
1.145000	0.097656	-0.014648
1.150000	0.097656	0.053711
1.155000	0.053711	0.209961
1.160000	-0.087891	0.307617
1.165000	-0.288086	-0.009766
1.170000	-0.268555	-0.703125
1.175000	0.185547	-1.030273
1.180000	0.859375	-0.771484
1.185000	1.352539	-0.190430
1.190000	1.479492	0.395508
1.195000	1.225586	0.795898
1.200000	0.693359	0.917969
1.205000	0.083008	0.800781
1.210000	-0.439453	0.102539
1.215000	-0.488281	-1.313477
1.220000	0.375977	-2.099609
1.225000	1.748047	-1.777344
1.230000	2.915039	-0.810547
1.235000	3.457031	0.258789
1.240000	3.286133	1.035156
1.245000	2.602539	1.328125
1.250000	1.723633	1.201172
1.255000	0.927734	0.825195
1.260000	0.371094	0.410156
1.265000	0.087891	0.112305
1.270000	0.000000	-0.004883
1.275000	-0.009766	0.053711
1.280000	-0.043945	0.156250
1.285000	-0.151367	0.107422
1.290000	-0.214844	-0.229492
1.295000	-0.068359	-0.566406
1.300000	0.297852	-0.498047
1.305000	0.620117	-0.151367
1.310000	0.717773	0.268555
1.315000	0.537109	0.590820
1.320000	0.141602	0.732422
1.325000	-0.336914	0.395508
1.330000	-0.576172	-0.874023
1.335000	0.000000	-2.011719
1.340000	1.308594	-2.001953
1.345000	2.626953	-1.171875
1.350000	3.403320	-0.063477
1.355000	3.447266	0.844727
1.360000	2.890625	1.298828
1.365000	2.031250	1.284180
1.370000	1.181641	0.961914
1.375000	0.532227	0.537109
1.380000	0.170898	0.185547
1.385000	0.034180	0.009766
1.390000	0.019531	0.019531
1.395000	0.000000	0.141602
1.400000	-0.092773	0.214844
1.405000	-0.234375	-0.034180
1.410000	-0.205078	-0.541992
1.415000	0.141602	-0.732422
1.420000	0.620117	-0.478516
1.425000	0.932617	-0.009766
1.430000	0.942383	0.444336
1.435000	0.644531	0.732422
1.440000	0.156250	0.800781
1.445000	-0.371094	0.356445
1.450000	-0.581055	-1.005859
1.455000	0.083008	-2.109375
1.460000	1.455078	-2.026367
1.465000	2.788086	-1.142578
1.470000	3.540039	-0.009766
1.475000	3.549805	0.903320
1.480000	2.958984	1.333008
1.485000	2.070312	1.293945
1.490000	1.215820	0.952148
1.495000	0.576172	0.512695
1.500000	0.224609	0.161133
1.505000	0.107422	-0.009766
1.510000	0.102539	0.014648
1.515000	0.083008	0.146484
1.520000	-0.014648	0.307617
1.525000	-0.214844	0.185547
1.530000	-0.322266	-0.429688
1.535000	-0.039062	-1.000977
1.540000	0.605469	-0.942383
1.545000	1.225586	-0.444336
1.550000	1.508789	0.175781
1.555000	1.391602	0.668945
1.560000	0.952148	0.908203
1.565000	0.346680	0.878906
1.570000	-0.239258	0.512695
1.575000	-0.556641	-0.688477
1.580000	-0.097656	-1.904297
1.585000	1.147461	-2.011719
1.590000	2.470703	-1.254883
1.595000	3.295898	-0.175781
1.600000	3.417969	0.756836
1.605000	2.915039	1.254883
1.610000	2.084961	1.293945
1.615000	1.230469	0.996094
1.620000	0.561523	0.581055
1.625000	0.166016	0.219727
1.630000	0.009766	0.024414
1.635000	-0.009766	0.000000
1.640000	-0.019531	0.087891
1.645000	-0.087891	0.141602
1.650000	-0.180664	-0.024414
1.655000	-0.161133	-0.371094
1.660000	0.073242	-0.478516
1.665000	0.390625	-0.268555
1.670000	0.561523	0.102539
1.675000	0.488281	0.449219
1.680000	0.185547	0.654297
1.685000	-0.249023	0.507812
1.690000	-0.561523	-0.551758
1.695000	-0.185547	-1.801758
1.700000	0.986328	-1.992188
1.705000	2.299805	-1.298828
1.710000	3.159180	-0.249023
1.715000	3.325195	0.688477
1.720000	2.871094	1.220703
1.725000	2.065430	1.284180
1.730000	1.215820	1.015625
1.735000	0.537109	0.610352
1.740000	0.122070	0.244141
1.745000	-0.048828	0.009766
1.750000	-0.058594	-0.141602
1.755000	0.024414	-0.112305
1.760000	0.097656	0.068359
1.765000	0.043945	0.302734
1.770000	-0.161133	0.341797
1.775000	-0.375977	-0.205078
1.780000	-0.234375	-1.049805
1.785000	0.449219	-1.259766
1.790000	1.269531	-0.844727
1.795000	1.826172	-0.136719
1.800000	1.918945	0.527344
1.805000	1.567383	0.927734
1.810000	0.957031	1.005859
1.815000	0.288086	0.844727
1.820000	-0.273438	0.351562
1.825000	-0.488281	-0.834961
1.830000	0.063477	-1.777344
1.835000	1.230469	-1.699219
1.840000	2.343750	-0.927734
1.845000	2.949219	0.048828
1.850000	2.915039	0.834961
1.855000	2.368164	1.206055
1.860000	1.567383	1.171875
1.865000	0.791016	0.869141
1.870000	0.209961	0.488281
1.875000	-0.126953	0.097656
1.880000	-0.190430	-0.429688
1.885000	0.087891	-0.683594
1.890000	0.532227	-0.498047
1.895000	0.849609	-0.063477
1.900000	0.888672	0.380859
1.905000	0.634766	0.683594
1.910000	0.175781	0.781250
1.915000	-0.332031	0.405273
1.920000	-0.585938	-0.893555
1.925000	0.009766	-2.041016
1.930000	1.337891	-2.031250
1.935000	2.675781	-1.191406
1.940000	3.461914	-0.068359
1.945000	3.510742	0.849609
1.950000	2.949219	1.308594
1.955000	2.084961	1.298828
1.960000	1.225586	0.971680
1.965000	0.576172	0.537109
1.970000	0.209961	0.180664
1.975000	0.078125	0.004883
1.980000	0.068359	0.014648
1.985000	0.048828	0.136719
1.990000	-0.048828	0.278320
1.995000	-0.229492	0.107422
2.000000	-0.297852	-0.483398
2.005000	0.024414	-0.922852
2.010000	0.620117	-0.786133
2.015000	1.137695	-0.292969
2.020000	1.318359	0.278320
2.025000	1.142578	0.698242
2.030000	0.678711	0.874023
2.035000	0.092773	0.810547
2.040000	-0.434570	0.156250
2.045000	-0.517578	-1.279297
2.050000	0.322266	-2.143555
2.055000	1.723633	-1.860352
2.060000	2.949219	-0.893555
2.065000	3.540039	0.209961
2.070000	3.408203	1.015625
2.075000	2.734375	1.342773
2.080000	1.840820	1.240234
2.085000	1.020508	0.854492
2.090000	0.449219	0.429688
2.095000	0.151367	0.117188
2.100000	0.068359	-0.009766
2.105000	0.063477	0.034180
2.110000	0.029297	0.185547
2.115000	-0.092773	0.273438
2.120000	-0.268555	-0.024414
2.125000	-0.249023	-0.654297
2.130000	0.175781	-0.927734
2.135000	0.776367	-0.659180
2.140000	1.215820	-0.122070
2.145000	1.284180	0.419922
2.150000	1.010742	0.771484
2.155000	0.498047	0.878906
2.160000	-0.083008	0.708008
2.165000	-0.537109	-0.239258
2.170000	-0.361328	-1.684570
2.175000	0.732422	-2.167969
2.180000	2.153320	-1.611328
2.185000	3.212891	-0.546875
2.190000	3.579102	0.502930
2.195000	3.247070	1.171875
2.200000	2.475586	1.352539
2.205000	1.572266	1.142578
2.210000	0.825195	0.717773
2.215000	0.332031	0.312500
2.220000	0.112305	0.058594
2.225000	0.068359	-0.009766
2.230000	0.063477	0.073242
2.235000	0.009766	0.234375
2.240000	-0.146484	0.244141
2.245000	-0.302734	-0.190430
2.250000	-0.166016	-0.810547
2.255000	0.351562	-0.913086
2.260000	0.947266	-0.541992
2.265000	1.293945	0.034180
2.270000	1.269531	0.541992
2.275000	0.917969	0.830078
2.280000	0.361328	0.869141
2.285000	-0.219727	0.571289
2.290000	-0.576172	-0.590820
2.295000	-0.170898	-1.904297
2.300000	1.074219	-2.104492
2.305000	2.451172	-1.372070
2.310000	3.359375	-0.278320
2.315000	3.540039	0.703125
2.320000	3.081055	1.259766
2.325000	2.250977	1.328125
2.330000	1.362305	1.044922
2.335000	0.668945	0.615234
2.340000	0.249023	0.234375
2.345000	0.083008	0.024414
2.350000	0.058594	0.000000
2.355000	0.053711	0.112305
2.360000	-0.029297	0.263672
2.365000	-0.200195	0.161133
2.370000	-0.297852	-0.375977
2.375000	-0.048828	-0.874023
2.380000	0.517578	-0.810547
2.385000	1.049805	-0.356445
2.390000	1.274414	0.205078
2.395000	1.142578	0.644531
2.400000	0.712891	0.854492
2.405000	0.141602	0.825195
2.410000	-0.400391	0.258789
2.415000	-0.551758	-1.157227
2.420000	0.214844	-2.124023
2.425000	1.596680	-1.928711
2.430000	2.871094	-1.005859
2.435000	3.535156	0.112305
2.440000	3.461914	0.966797
2.445000	2.827148	1.337891
2.450000	1.938477	1.259766
2.455000	1.103516	0.893555
2.460000	0.498047	0.468750
2.465000	0.180664	0.136719
2.470000	0.078125	-0.009766
2.475000	0.073242	0.024414
2.480000	0.048828	0.170898
2.485000	-0.068359	0.292969
2.490000	-0.253906	0.058594
2.495000	-0.283203	-0.581055
2.500000	0.092773	-0.961914
2.505000	0.717773	-0.766602
2.510000	1.225586	-0.239258
2.515000	1.367188	0.336914
2.520000	1.152344	0.737305
2.525000	0.654297	0.888672
2.530000	0.058594	0.795898
2.535000	-0.454102	0.083008
2.540000	-0.488281	-1.362305
2.545000	0.400391	-2.138672
2.550000	1.796875	-1.801758
2.555000	2.983398	-0.820312
2.560000	3.530273	0.268555
2.565000	3.349609	1.049805
2.570000	2.656250	1.342773
2.575000	1.767578	1.210938
2.580000	0.961914	0.825195
2.585000	0.410156	0.405273
2.590000	0.126953	0.107422
2.595000	0.048828	-0.009766
2.600000	0.048828	0.043945
2.605000	0.009766	0.195312
2.610000	-0.126953	0.239258
2.615000	-0.273438	-0.112305
2.620000	-0.195312	-0.698242
2.625000	0.253906	-0.854492
2.630000	0.810547	-0.532227
2.635000	1.157227	0.000000
2.640000	1.157227	0.493164
2.645000	0.825195	0.786133
2.650000	0.302734	0.849609
2.655000	-0.263672	0.522461
2.660000	-0.590820	-0.703125
2.665000	-0.112305	-1.982422
2.670000	1.181641	-2.104492
2.675000	2.558594	-1.323242
2.680000	3.442383	-0.209961
2.685000	3.583984	0.761719
2.690000	3.081055	1.284180
2.695000	2.231445	1.328125
2.700000	1.342773	1.025391
2.705000	0.664062	0.590820
2.710000	0.263672	0.214844
2.715000	0.107422	0.014648
2.720000	0.092773	0.000000
2.725000	0.083008	0.117188
2.730000	0.000000	0.283203
2.735000	-0.180664	0.224609
2.740000	-0.322266	-0.317383
2.745000	-0.107422	-0.937500
2.750000	0.498047	-0.952148
2.755000	1.123047	-0.507812
2.760000	1.450195	0.102539
2.765000	1.381836	0.615234
2.770000	0.976562	0.878906
2.775000	0.385742	0.888672
2.780000	-0.200195	0.576172
2.785000	-0.556641	-0.571289
2.790000	-0.170898	-1.865234
2.795000	1.044922	-2.060547
2.800000	2.392578	-1.347656
2.805000	3.286133	-0.268555
2.810000	3.461914	0.693359
2.815000	3.002930	1.240234
2.820000	2.182617	1.313477
2.825000	1.308594	1.035156
2.830000	0.620117	0.615234
2.835000	0.205078	0.244141
2.840000	0.039062	0.029297
2.845000	0.009766	0.004883
2.850000	-0.004883	0.112305
2.855000	-0.083008	0.195312
2.860000	-0.205078	0.000000
2.865000	-0.205078	-0.449219
2.870000	0.087891	-0.664062
2.875000	0.517578	-0.449219
2.880000	0.810547	-0.019531
2.885000	0.820312	0.410156
2.890000	0.541992	0.693359
2.895000	0.078125	0.766602
2.900000	-0.415039	0.244141
2.905000	-0.556641	-1.162109
2.910000	0.205078	-2.133789
2.915000	1.596680	-1.938477
2.920000	2.871094	-1.010742
2.925000	3.535156	0.112305
2.930000	3.466797	0.966797
2.935000	2.827148	1.342773
2.940000	1.938477	1.259766
2.945000	1.103516	0.898438
2.950000	0.498047	0.463867
2.955000	0.180664	0.136719
2.960000	0.073242	-0.009766
2.965000	0.073242	0.024414
2.970000	0.048828	0.170898
2.975000	-0.063477	0.288086
2.980000	-0.253906	0.063477
2.985000	-0.283203	-0.576172
2.990000	0.087891	-0.966797
2.995000	0.717773	-0.771484
3.000000	1.225586	-0.239258
3.005000	1.372070	0.332031
3.010000	1.157227	0.737305
3.015000	0.664062	0.888672
3.020000	0.068359	0.800781
3.025000	-0.454102	0.102539
3.030000	-0.498047	-1.342773
3.035000	0.380859	-2.133789
3.040000	1.777344	-1.811523
3.045000	2.968750	-0.830078
3.050000	3.525391	0.258789
3.055000	3.349609	1.044922
3.060000	2.666016	1.347656
3.065000	1.777344	1.215820
3.070000	0.971680	0.830078
3.075000	0.410156	0.410156
3.080000	0.126953	0.107422
3.085000	0.048828	-0.009766
3.090000	0.043945	0.043945
3.095000	0.009766	0.190430
3.100000	-0.122070	0.234375
3.105000	-0.273438	-0.107422
3.110000	-0.195312	-0.693359
3.115000	0.253906	-0.844727
3.120000	0.800781	-0.527344
3.125000	1.147461	0.000000
3.130000	1.142578	0.493164
3.135000	0.815430	0.781250
3.140000	0.292969	0.844727
3.145000	-0.268555	0.512695
3.150000	-0.590820	-0.727539
3.155000	-0.097656	-1.997070
3.160000	1.206055	-2.104492
3.165000	2.578125	-1.313477
3.170000	3.452148	-0.195312
3.175000	3.583984	0.771484
3.180000	3.076172	1.289062
3.185000	2.221680	1.323242
3.190000	1.333008	1.020508
3.195000	0.654297	0.585938
3.200000	0.263672	0.214844
3.205000	0.107422	0.009766
3.210000	0.092773	0.000000
3.215000	0.087891	0.122070
3.220000	0.000000	0.283203
3.225000	-0.190430	0.224609
3.230000	-0.322266	-0.327148
3.235000	-0.112305	-0.947266
3.240000	0.502930	-0.966797
3.245000	1.132812	-0.517578
3.250000	1.459961	0.097656
3.255000	1.391602	0.620117
3.260000	0.986328	0.883789
3.265000	0.395508	0.888672
3.270000	-0.195312	0.581055
3.275000	-0.556641	-0.551758
3.280000	-0.180664	-1.850586
3.285000	1.025391	-2.055664
3.290000	2.377930	-1.352539
3.295000	3.266602	-0.278320
3.300000	3.457031	0.683594
3.305000	3.002930	1.240234
3.310000	2.187500	1.308594
3.315000	1.313477	1.040039
3.320000	0.620117	0.615234
3.325000	0.205078	0.239258
3.330000	0.029297	0.029297
3.335000	0.000000	0.004883
3.340000	-0.009766	0.107422
3.345000	-0.087891	0.185547
3.350000	-0.205078	-0.009766
3.355000	-0.195312	-0.444336
3.360000	0.087891	-0.629883
3.365000	0.498047	-0.410156
3.370000	0.761719	0.009766
3.375000	0.751953	0.419922
3.380000	0.463867	0.688477
3.385000	0.009766	0.732422
3.390000	-0.468750	0.102539
3.395000	-0.512695	-1.328125
3.400000	0.361328	-2.148438
3.405000	1.762695	-1.835938
3.410000	2.968750	-0.859375
3.415000	3.540039	0.239258
3.420000	3.378906	1.035156
3.425000	2.695312	1.347656
3.430000	1.801758	1.225586
3.435000	0.991211	0.839844
3.440000	0.424805	0.419922
3.445000	0.141602	0.112305
3.450000	0.058594	-0.009766
3.455000	0.058594	0.043945
3.460000	0.019531	0.190430
3.465000	-0.107422	0.263672
3.470000	-0.273438	-0.063477
3.475000	-0.224609	-0.678711
3.480000	0.219727	-0.893555
3.485000	0.800781	-0.600586
3.490000	1.196289	-0.063477
3.495000	1.240234	0.454102
3.500000	0.927734	0.781250
3.505000	0.410156	0.859375
3.510000	-0.166016	0.634766
3.515000	-0.571289	-0.444336
3.520000	-0.263672	-1.831055
3.525000	0.932617	-2.153320
3.530000	2.343750	-1.489258
3.535000	3.325195	-0.395508
3.540000	3.588867	0.625000
3.545000	3.178711	1.230469
3.550000	2.368164	1.347656
3.555000	1.469727	1.088867
3.560000	0.747070	0.659180
3.565000	0.297852	0.268555
3.570000	0.107422	0.034180
3.575000	0.078125	-0.009766
3.580000	0.073242	0.097656
3.585000	0.004883	0.258789
3.590000	-0.161133	0.239258
3.595000	-0.312500	-0.244141
3.600000	-0.151367	-0.869141
3.605000	0.415039	-0.942383
3.610000	1.025391	-0.541992
3.615000	1.372070	0.048828
3.620000	1.333008	0.571289
3.625000	0.961914	0.849609
3.630000	0.395508	0.878906
3.635000	-0.195312	0.585938
3.640000	-0.566406	-0.546875
3.645000	-0.195312	-1.865234
3.650000	1.025391	-2.084961
3.655000	2.397461	-1.386719
3.660000	3.305664	-0.297852
3.665000	3.505859	0.683594
3.670000	3.056641	1.240234
3.675000	2.236328	1.318359
3.680000	1.357422	1.049805
3.685000	0.659180	0.625000
3.690000	0.234375	0.244141
3.695000	0.063477	0.029297
3.700000	0.029297	0.000000
3.705000	0.024414	0.107422
3.710000	-0.048828	0.239258
3.715000	-0.205078	0.097656
3.720000	-0.268555	-0.419922
3.725000	0.009766	-0.800781
3.730000	0.527344	-0.668945
3.735000	0.966797	-0.219727
3.740000	1.108398	0.297852
3.745000	0.913086	0.673828
3.750000	0.458984	0.830078
3.755000	-0.097656	0.708008
3.760000	-0.546875	-0.219727
3.765000	-0.385742	-1.684570
3.770000	0.717773	-2.197266
3.775000	2.158203	-1.655273
3.780000	3.242188	-0.585938
3.785000	3.632812	0.483398
3.790000	3.320312	1.171875
3.795000	2.534180	1.362305
3.800000	1.630859	1.152344
3.805000	0.869141	0.732422
3.810000	0.371094	0.322266
3.815000	0.146484	0.058594
3.820000	0.102539	-0.009766
3.825000	0.102539	0.063477
3.830000	0.048828	0.229492
3.835000	-0.107422	0.302734
3.840000	-0.302734	-0.063477
3.845000	-0.249023	-0.776367
3.850000	0.249023	-1.044922
3.855000	0.932617	-0.742188
3.860000	1.411133	-0.141602
3.865000	1.503906	0.444336
3.870000	1.215820	0.815430
3.875000	0.673828	0.922852
3.880000	0.058594	0.786133
3.885000	-0.458984	0.043945
3.890000	-0.463867	-1.376953
3.895000	0.439453	-2.094727
3.900000	1.806641	-1.728516
3.905000	2.939453	-0.751953
3.910000	3.437500	0.307617
3.915000	3.232422	1.054688
3.920000	2.534180	1.323242
3.925000	1.655273	1.186523
3.930000	0.874023	0.800781
3.935000	0.336914	0.385742
3.940000	0.068359	0.102539
3.945000	-0.009766	-0.004883
3.950000	-0.009766	0.039062
3.955000	-0.043945	0.136719
3.960000	-0.131836	0.097656
3.965000	-0.195312	-0.185547
3.970000	-0.073242	-0.473633
3.975000	0.224609	-0.405273
3.980000	0.493164	-0.092773
3.985000	0.556641	0.278320
3.990000	0.361328	0.571289
3.995000	-0.019531	0.668945
4.000000	-0.454102	0.097656
4.005000	-0.493164	-1.250000
4.010000	0.322266	-2.026367
4.015000	1.650391	-1.728516
4.020000	2.788086	-0.800781
4.025000	3.320312	0.244141
4.030000	3.154297	1.005859
4.035000	2.495117	1.303711
4.040000	1.630859	1.186523
4.045000	0.844727	0.820312
4.050000	0.297852	0.415039
4.055000	0.009766	0.117188
4.060000	-0.073242	-0.083008
4.065000	-0.024414	-0.166016
4.070000	0.073242	-0.043945
4.075000	0.097656	0.180664
4.080000	-0.024414	0.380859
4.085000	-0.278320	0.185547
4.090000	-0.390625	-0.610352
4.095000	0.014648	-1.259766
4.100000	0.844727	-1.176758
4.105000	1.601562	-0.571289
4.110000	1.977539	0.166016
4.115000	1.870117	0.742188
4.120000	1.376953	1.005859
4.125000	0.708008	0.966797
4.130000	0.063477	0.717773
4.135000	-0.405273	-0.024414
4.140000	-0.375977	-1.274414
4.145000	0.454102	-1.816406
4.150000	1.640625	-1.425781
4.155000	2.578125	-0.537109
4.160000	2.939453	0.385742
4.165000	2.680664	1.015625
4.170000	2.011719	1.220703
4.175000	1.210938	1.069336
4.180000	0.493164	0.717773
4.185000	0.009766	0.346680
4.190000	-0.219727	-0.170898
4.195000	-0.102539	-0.703125
4.200000	0.341797	-0.747070
4.205000	0.830078	-0.390625
4.210000	1.083984	0.122070
4.215000	1.000977	0.556641
4.220000	0.629883	0.791016
4.225000	0.107422	0.795898
4.230000	-0.415039	0.234375
4.235000	-0.546875	-1.181641
4.240000	0.234375	-2.133789
4.245000	1.625977	-1.923828
4.250000	2.890625	-0.991211
4.255000	3.544922	0.126953
4.260000	3.461914	0.976562
4.265000	2.817383	1.342773
4.270000	1.928711	1.254883
4.275000	1.093750	0.893555
4.280000	0.493164	0.458984
4.285000	0.180664	0.131836
4.290000	0.083008	-0.009766
4.295000	0.078125	0.024414
4.300000	0.058594	0.175781
4.305000	-0.058594	0.297852
4.310000	-0.253906	0.068359
4.315000	-0.288086	-0.581055
4.320000	0.087891	-0.976562
4.325000	0.722656	-0.786133
4.330000	1.240234	-0.253906
4.335000	1.401367	0.327148
4.340000	1.191406	0.737305
4.345000	0.693359	0.893555
4.350000	0.097656	0.810547
4.355000	-0.429688	0.146484
4.360000	-0.507812	-1.279297
4.365000	0.332031	-2.119141
4.370000	1.713867	-1.831055
4.375000	2.919922	-0.874023
4.380000	3.496094	0.219727
4.385000	3.354492	1.015625
4.390000	2.680664	1.333008
4.395000	1.796875	1.225586
4.400000	0.991211	0.849609
4.405000	0.419922	0.424805
4.410000	0.126953	0.117188
4.415000	0.039062	-0.009766
4.420000	0.034180	0.043945
4.425000	0.000000	0.185547
4.430000	-0.126953	0.224609
4.435000	-0.263672	-0.117188
4.440000	-0.180664	-0.668945
4.445000	0.249023	-0.795898
4.450000	0.771484	-0.483398
4.455000	1.083984	0.034180
4.460000	1.064453	0.502930
4.465000	0.732422	0.771484
4.470000	0.214844	0.825195
4.475000	-0.332031	0.410156
4.480000	-0.585938	-0.922852
4.485000	0.029297	-2.080078
4.490000	1.376953	-2.045898
4.495000	2.724609	-1.196289
4.500000	3.515625	-0.063477
4.505000	3.564453	0.864258
4.510000	2.993164	1.323242
4.515000	2.119141	1.308594
4.520000	1.250000	0.971680
4.525000	0.605469	0.532227
4.530000	0.239258	0.175781
4.535000	0.107422	0.000000
4.540000	0.102539	0.004883
4.545000	0.087891	0.141602
4.550000	-0.009766	0.302734
4.555000	-0.205078	0.205078
4.560000	-0.322266	-0.390625
4.565000	-0.073242	-0.986328
4.570000	0.566406	-0.957031
4.575000	1.201172	-0.483398
4.580000	1.508789	0.141602
4.585000	1.406250	0.649414
4.590000	0.981445	0.898438
4.595000	0.385742	0.888672
4.600000	-0.205078	0.556641
4.605000	-0.556641	-0.595703
4.610000	-0.151367	-1.860352
4.615000	1.064453	-2.031250
4.620000	2.397461	-1.308594
4.625000	3.261719	-0.239258
4.630000	3.417969	0.712891
4.635000	2.949219	1.240234
4.640000	2.133789	1.298828
4.645000	1.264648	1.020508
4.650000	0.585938	0.605469
4.655000	0.180664	0.234375
4.660000	0.014648	0.029297
4.665000	-0.009766	0.000000
4.670000	-0.019531	0.078125
4.675000	-0.078125	0.141602
4.680000	-0.166016	0.000000
4.685000	-0.166016	-0.332031
4.690000	0.043945	-0.478516
4.695000	0.356445	-0.288086
4.700000	0.537109	0.073242
4.705000	0.483398	0.419922
4.710000	0.195312	0.649414
4.715000	-0.229492	0.527344
4.720000	-0.556641	-0.488281
4.725000	-0.219727	-1.757812
4.730000	0.922852	-1.997070
4.735000	2.231445	-1.333008
4.740000	3.105469	-0.297852
4.745000	3.305664	0.654297
4.750000	2.875977	1.201172
4.755000	2.084961	1.284180
4.760000	1.235352	1.030273
4.765000	0.541992	0.620117
4.770000	0.122070	0.258789
4.775000	-0.058594	0.009766
4.780000	-0.068359	-0.166016
4.785000	0.034180	-0.156250
4.790000	0.136719	0.029297
4.795000	0.107422	0.288086
4.800000	-0.083008	0.424805
4.805000	-0.361328	0.019531
4.810000	-0.361328	-0.927734
4.815000	0.249023	-1.411133
4.820000	1.171875	-1.137695
4.825000	1.914062	-0.419922
4.830000	2.192383	0.341797
4.835000	1.962891	0.878906
4.840000	1.381836	1.064453
4.845000	0.673828	0.952148
4.850000	0.039062	0.654297
4.855000	-0.390625	-0.097656
4.860000	-0.317383	-1.245117
4.865000	0.493164	-1.655273
4.870000	1.572266	-1.240234
4.875000	2.392578	-0.395508
4.880000	2.646484	0.449219
4.885000	2.358398	1.000977
4.890000	1.694336	1.162109
4.895000	0.927734	0.991211
4.900000	0.263672	0.664062
4.905000	-0.185547	0.200195
4.910000	-0.312500	-0.615234
4.915000	0.087891	-1.142578
4.920000	0.834961	-0.991211
4.925000	1.474609	-0.410156
4.930000	1.743164	0.258789
4.935000	1.572266	0.751953
4.940000	1.079102	0.957031
4.945000	0.444336	0.893555
4.950000	-0.161133	0.571289
4.955000	-0.517578	-0.493164
4.960000	-0.180664	-1.708984
4.965000	0.937500	-1.909180
4.970000	2.187500	-1.254883
4.975000	3.012695	-0.249023
4.980000	3.173828	0.664062
4.985000	2.739258	1.181641
4.990000	1.958008	1.250000
4.995000	1.127930	1.000977
5.000000	0.458984	0.605469
5.005000	0.048828	0.253906
5.010000	-0.126953	-0.073242
5.015000	-0.073242	-0.361328
5.020000	0.151367	-0.336914
5.025000	0.371094	-0.078125
5.030000	0.419922	0.253906
5.035000	0.239258	0.527344
5.040000	-0.107422	0.581055
5.045000	-0.483398	-0.102539
5.050000	-0.390625	-1.381836
5.055000	0.507812	-1.904297
5.060000	1.752930	-1.474609
5.065000	2.719727	-0.541992
5.070000	3.081055	0.415039
5.075000	2.807617	1.059570
5.080000	2.109375	1.250000
5.085000	1.274414	1.083984
5.090000	0.556641	0.722656
5.095000	0.073242	0.346680
5.100000	-0.166016	-0.058594
5.105000	-0.117188	-0.507812
5.110000	0.205078	-0.571289
5.115000	0.576172	-0.288086
5.120000	0.761719	0.131836
5.125000	0.668945	0.502930
5.130000	0.332031	0.712891
5.135000	-0.141602	0.639648
5.140000	-0.551758	-0.283203
5.145000	-0.346680	-1.679688
5.150000	0.747070	-2.124023
5.155000	2.143555	-1.557617
5.160000	3.164062	-0.507812
5.165000	3.505859	0.522461
5.170000	3.159180	1.171875
5.175000	2.387695	1.337891
5.180000	1.499023	1.113281
5.185000	0.756836	0.703125
5.190000	0.283203	0.302734
5.195000	0.068359	0.058594
5.200000	0.024414	-0.004883
5.205000	0.019531	0.078125
5.210000	-0.043945	0.214844
5.215000	-0.180664	0.122070
5.220000	-0.253906	-0.332031
5.225000	-0.034180	-0.727539
5.230000	0.434570	-0.639648
5.235000	0.854492	-0.234375
5.240000	1.005859	0.258789
5.245000	0.830078	0.634766
5.250000	0.405273	0.800781
5.255000	-0.126953	0.678711
5.260000	-0.561523	-0.288086
5.265000	-0.351562	-1.733398
5.270000	0.781250	-2.192383
5.275000	2.216797	-1.606445
5.280000	3.271484	-0.527344
5.285000	3.623047	0.527344
5.290000	3.276367	1.196289
5.295000	2.495117	1.357422
5.300000	1.586914	1.132812
5.305000	0.839844	0.712891
5.310000	0.356445	0.307617
5.315000	0.141602	0.048828
5.320000	0.102539	-0.009766
5.325000	0.102539	0.073242
5.330000	0.048828	0.239258
5.335000	-0.112305	0.302734
5.340000	-0.312500	-0.092773
5.345000	-0.244141	-0.800781
5.350000	0.278320	-1.044922
5.355000	0.961914	-0.717773
5.360000	1.420898	-0.117188
5.365000	1.499023	0.463867
5.370000	1.196289	0.825195
5.375000	0.644531	0.922852
5.380000	0.034180	0.771484
5.385000	-0.468750	-0.009766
5.390000	-0.439453	-1.430664
5.395000	0.493164	-2.089844
5.400000	1.855469	-1.689453
5.405000	2.968750	-0.703125
5.410000	3.427734	0.346680
5.415000	3.203125	1.074219
5.420000	2.495117	1.323242
5.425000	1.611328	1.162109
5.430000	0.844727	0.776367
5.435000	0.317383	0.371094
5.440000	0.063477	0.097656
5.445000	-0.009766	-0.009766
5.450000	-0.009766	0.039062
5.455000	-0.048828	0.131836
5.460000	-0.131836	0.092773
5.465000	-0.190430	-0.180664
5.470000	-0.073242	-0.458984
5.475000	0.224609	-0.395508
5.480000	0.478516	-0.083008
5.485000	0.532227	0.288086
5.490000	0.336914	0.566406
5.495000	-0.043945	0.654297
5.500000	-0.468750	0.039062
5.505000	-0.473633	-1.303711
5.510000	0.380859	-2.016602
5.515000	1.699219	-1.679688
5.520000	2.802734	-0.737305
5.525000	3.291016	0.292969
5.530000	3.100586	1.030273
5.535000	2.426758	1.298828
5.540000	1.562500	1.162109
5.545000	0.791016	0.795898
5.550000	0.253906	0.395508
5.555000	-0.009766	0.102539
5.560000	-0.087891	-0.122070
5.565000	-0.009766	-0.209961
5.570000	0.117188	-0.073242
5.575000	0.161133	0.170898
5.580000	0.043945	0.410156
5.585000	-0.224609	0.341797
5.590000	-0.434570	-0.419922
5.595000	-0.146484	-1.318359
5.600000	0.712891	-1.416016
5.605000	1.640625	-0.869141
5.610000	2.211914	-0.058594
5.615000	2.250977	0.639648
5.620000	1.821289	1.030273
5.625000	1.152344	1.059570
5.630000	0.439453	0.849609
5.635000	-0.126953	0.449219
5.640000	-0.415039	-0.478516
5.645000	-0.092773	-1.406250
5.650000	0.825195	-1.479492
5.655000	1.791992	-0.893555
5.660000	2.373047	-0.043945
5.665000	2.407227	0.678711
5.670000	1.953125	1.059570
5.675000	1.250000	1.083984
5.680000	0.532227	0.854492
5.685000	-0.043945	0.488281
5.690000	-0.361328	-0.278320
5.695000	-0.170898	-1.181641
5.700000	0.595703	-1.333008
5.705000	1.464844	-0.854492
5.710000	2.026367	-0.102539
5.715000	2.094727	0.581055
5.720000	1.708984	0.971680
5.725000	1.069336	1.035156
5.730000	0.380859	0.844727
5.735000	-0.180664	0.424805
5.740000	-0.449219	-0.605469
5.745000	-0.043945	-1.557617
5.750000	0.966797	-1.582031
5.755000	2.006836	-0.927734
5.760000	2.612305	-0.024414
5.765000	2.626953	0.732422
5.770000	2.148438	1.123047
5.775000	1.401367	1.127930
5.780000	0.654297	0.864258
5.785000	0.073242	0.507812
5.790000	-0.263672	-0.068359
5.795000	-0.214844	-0.854492
5.800000	0.332031	-1.098633
5.805000	1.049805	-0.756836
5.810000	1.542969	-0.131836
5.815000	1.625977	0.468750
5.820000	1.308594	0.844727
5.825000	0.751953	0.937500
5.830000	0.126953	0.800781
5.835000	-0.395508	0.151367
5.840000	-0.478516	-1.201172
5.845000	0.302734	-1.992188
5.850000	1.606445	-1.718750
5.855000	2.734375	-0.805664
5.860000	3.266602	0.224609
5.865000	3.120117	0.981445
5.870000	2.475586	1.284180
5.875000	1.621094	1.176758
5.880000	0.839844	0.820312
5.885000	0.288086	0.419922
5.890000	-0.004883	0.122070
5.895000	-0.087891	-0.107422
5.900000	-0.019531	-0.214844
5.905000	0.112305	-0.092773
5.910000	0.170898	0.146484
5.915000	0.063477	0.390625
5.920000	-0.195312	0.375977
5.925000	-0.434570	-0.322266
5.930000	-0.209961	-1.264648
5.935000	0.620117	-1.450195
5.940000	1.562500	-0.952148
5.945000	2.192383	-0.141602
5.950000	2.290039	0.585938
5.955000	1.899414	1.010742
5.960000	1.235352	1.079102
5.965000	0.517578	0.878906
5.970000	-0.073242	0.517578
5.975000	-0.400391	-0.341797
5.980000	-0.166016	-1.323242
5.985000	0.693359	-1.494141
5.990000	1.674805	-0.966797
5.995000	2.309570	-0.136719
6.000000	2.402344	0.610352
6.005000	1.997070	1.030273
6.010000	1.313477	1.093750
6.015000	0.590820	0.888672
6.020000	-0.004883	0.537109
6.025000	-0.356445	-0.200195
6.030000	-0.214844	-1.152344
6.035000	0.522461	-1.381836
6.040000	1.430664	-0.937500
6.045000	2.045898	-0.175781
6.050000	2.167969	0.537109
6.055000	1.811523	0.961914
6.060000	1.181641	1.044922
6.065000	0.478516	0.874023
6.070000	-0.107422	0.507812
6.075000	-0.439453	-0.415039
6.080000	-0.151367	-1.440430
6.085000	0.786133	-1.582031
6.090000	1.826172	-1.010742
6.095000	2.490234	-0.131836
6.100000	2.573242	0.639648
6.105000	2.158203	1.079102
6.110000	1.440430	1.127930
6.115000	0.693359	0.903320
6.120000	0.092773	0.556641
6.125000	-0.278320	-0.029297
6.130000	-0.249023	-0.888672
6.135000	0.322266	-1.201172
6.140000	1.108398	-0.869141
6.145000	1.674805	-0.205078
6.150000	1.811523	0.444336
6.155000	1.513672	0.859375
6.160000	0.947266	0.976562
6.165000	0.297852	0.849609
6.170000	-0.268555	0.380859
6.175000	-0.507812	-0.810547
6.180000	0.029297	-1.811523
6.185000	1.220703	-1.767578
6.190000	2.377930	-0.996094
6.195000	3.032227	0.004883
6.200000	3.027344	0.820312
6.205000	2.485352	1.220703
6.210000	1.684570	1.201172
6.215000	0.888672	0.893555
6.220000	0.288086	0.507812
6.225000	-0.058594	0.156250
6.230000	-0.166016	-0.258789
6.235000	0.004883	-0.517578
6.240000	0.336914	-0.395508
6.245000	0.595703	-0.043945
6.250000	0.615234	0.341797
6.255000	0.385742	0.610352
6.260000	-0.019531	0.683594
6.265000	-0.463867	0.068359
6.270000	-0.488281	-1.303711
6.275000	0.366211	-2.060547
6.280000	1.713867	-1.733398
6.285000	2.856445	-0.781250
6.290000	3.374023	0.268555
6.295000	3.198242	1.025391
6.300000	2.519531	1.313477
6.305000	1.645508	1.186523
6.310000	0.864258	0.810547
6.315000	0.317383	0.405273
6.320000	0.043945	0.112305
6.325000	-0.039062	-0.029297
6.330000	-0.029297	-0.053711
6.335000	0.000000	0.058594
6.340000	-0.039062	0.219727
6.345000	-0.185547	0.141602
6.350000	-0.273438	-0.317383
6.355000	-0.058594	-0.771484
6.360000	0.439453	-0.708008
6.365000	0.903320	-0.297852
6.370000	1.093750	0.219727
6.375000	0.947266	0.620117
6.380000	0.537109	0.810547
6.385000	-0.009766	0.756836
6.390000	-0.498047	-0.014648
6.395000	-0.468750	-1.494141
6.400000	0.502930	-2.192383
6.405000	1.938477	-1.782227
6.410000	3.110352	-0.761719
6.415000	3.618164	0.336914
6.420000	3.398438	1.098633
6.425000	2.670898	1.362305
6.430000	1.767578	1.201172
6.435000	0.966797	0.800781
6.440000	0.429688	0.375977
6.445000	0.170898	0.083008
6.450000	0.107422	-0.009766
6.455000	0.107422	0.053711
6.460000	0.068359	0.205078
6.465000	-0.073242	0.317383
6.470000	-0.283203	0.034180
6.475000	-0.292969	-0.668945
6.480000	0.141602	-1.054688
6.485000	0.830078	-0.825195
6.490000	1.357422	-0.249023
6.495000	1.528320	0.356445
6.500000	1.284180	0.776367
6.505000	0.776367	0.922852
6.510000	0.161133	0.830078
6.515000	-0.380859	0.239258
6.520000	-0.522461	-1.137695
6.525000	0.219727	-2.041016
6.530000	1.557617	-1.840820
6.535000	2.763672	-0.937500
6.540000	3.388672	0.136719
6.545000	3.295898	0.952148
6.550000	2.661133	1.303711
6.555000	1.801758	1.225586
6.560000	0.991211	0.869141
6.565000	0.405273	0.454102
6.570000	0.097656	0.141602
6.575000	-0.009766	0.000000
6.580000	-0.014648	0.019531
6.585000	-0.034180	0.107422
6.590000	-0.107422	0.122070
6.595000	-0.185547	-0.092773
6.600000	-0.126953	-0.410156
6.605000	0.136719	-0.434570
6.610000	0.419922	-0.170898
6.615000	0.527344	0.195312
6.620000	0.390625	0.507812
6.625000	0.053711	0.664062
6.630000	-0.380859	0.273438
6.635000	-0.537109	-0.986328
6.640000	0.117188	-1.948242
6.645000	1.381836	-1.816406
6.650000	2.578125	-0.971680
6.655000	3.222656	0.073242
6.660000	3.178711	0.893555
6.665000	2.583008	1.269531
6.670000	1.748047	1.215820
6.675000	0.937500	0.883789
6.680000	0.346680	0.478516
6.685000	0.019531	0.161133
6.690000	-0.087891	-0.092773
6.695000	-0.034180	-0.244141
6.700000	0.112305	-0.146484
6.705000	0.205078	0.097656
6.710000	0.136719	0.356445
6.715000	-0.102539	0.468750
6.720000	-0.400391	-0.043945
6.725000	-0.356445	-1.103516
6.730000	0.356445	-1.567383
6.735000	1.376953	-1.225586
6.740000	2.187500	-0.429688
6.745000	2.470703	0.385742
6.750000	2.211914	0.942383
6.755000	1.586914	1.123047
6.760000	0.844727	0.986328
6.765000	0.185547	0.673828
6.770000	-0.263672	0.122070
6.775000	-0.336914	-0.844727
6.780000	0.214844	-1.367188
6.785000	1.108398	-1.132812
6.790000	1.850586	-0.444336
6.795000	2.138672	0.307617
6.800000	1.938477	0.844727
6.805000	1.376953	1.044922
6.810000	0.688477	0.947266
6.815000	0.048828	0.664062
6.820000	-0.390625	-0.063477
6.825000	-0.327148	-1.225586
6.830000	0.468750	-1.669922
6.835000	1.557617	-1.264648
6.840000	2.397461	-0.424805
6.845000	2.675781	0.424805
6.850000	2.397461	0.996094
6.855000	1.733398	1.162109
6.860000	0.971680	1.000977
6.865000	0.297852	0.678711
6.870000	-0.161133	0.239258
6.875000	-0.307617	-0.546875
6.880000	0.048828	-1.103516
6.885000	0.766602	-0.976562
6.890000	1.401367	-0.424805
6.895000	1.684570	0.229492
6.900000	1.533203	0.722656
6.905000	1.054688	0.937500
6.910000	0.429688	0.888672
6.915000	-0.166016	0.566406
6.920000	-0.527344	-0.507812
6.925000	-0.180664	-1.738281
6.930000	0.952148	-1.933594
6.935000	2.226562	-1.269531
6.940000	3.066406	-0.249023
6.945000	3.227539	0.668945
6.950000	2.783203	1.191406
6.955000	2.001953	1.264648
6.960000	1.162109	1.005859
6.965000	0.493164	0.605469
6.970000	0.083008	0.249023
6.975000	-0.087891	-0.029297
6.980000	-0.073242	-0.258789
6.985000	0.087891	-0.244141
6.990000	0.244141	-0.019531
6.995000	0.253906	0.268555
7.000000	0.068359	0.498047
7.005000	-0.258789	0.366211
7.010000	-0.483398	-0.546875
7.015000	-0.117188	-1.538086
7.020000	0.883789	-1.611328
7.025000	1.943359	-0.986328
7.030000	2.587891	-0.078125
7.035000	2.636719	0.698242
7.040000	2.182617	1.118164
7.045000	1.445312	1.137695
7.050000	0.688477	0.888672
7.055000	0.092773	0.532227
7.060000	-0.263672	-0.043945
7.065000	-0.229492	-0.849609
7.070000	0.312500	-1.127930
7.075000	1.049805	-0.795898
7.080000	1.567383	-0.166016
7.085000	1.674805	0.454102
7.090000	1.372070	0.844727
7.095000	0.815430	0.947266
7.100000	0.185547	0.820312
7.105000	-0.356445	0.244141
7.110000	-0.498047	-1.069336
7.115000	0.205078	-1.948242
7.120000	1.469727	-1.752930
7.125000	2.622070	-0.888672
7.130000	3.208008	0.141602
7.135000	3.115234	0.927734
7.140000	2.500000	1.269531
7.145000	1.660156	1.191406
7.150000	0.874023	0.849609
7.155000	0.302734	0.454102
7.160000	-0.014648	0.141602
7.165000	-0.107422	-0.136719
7.170000	-0.019531	-0.292969
7.175000	0.161133	-0.170898
7.180000	0.278320	0.087891
7.185000	0.209961	0.371094
7.190000	-0.039062	0.537109
7.195000	-0.385742	0.112305
7.200000	-0.439453	-1.000977
7.205000	0.214844	-1.684570
7.210000	1.308594	-1.445312
7.215000	2.265625	-0.654297
7.220000	2.700195	0.244141
7.225000	2.534180	0.903320
7.230000	1.938477	1.171875
7.235000	1.171875	1.079102
7.240000	0.458984	0.766602
7.245000	-0.058594	0.371094
7.250000	-0.307617	-0.322266
7.255000	-0.087891	-1.005859
7.260000	0.561523	-1.040039
7.265000	1.240234	-0.576172
7.270000	1.611328	0.073242
7.275000	1.562500	0.620117
7.280000	1.162109	0.908203
7.285000	0.556641	0.917969
7.290000	-0.053711	0.683594
7.295000	-0.498047	-0.229492
7.300000	-0.332031	-1.572266
7.305000	0.688477	-2.006836
7.310000	2.006836	-1.474609
7.315000	2.973633	-0.473633
7.320000	3.291016	0.507812
7.325000	2.958984	1.127930
7.330000	2.211914	1.289062
7.335000	1.357422	1.083984
7.340000	0.639648	0.693359
7.345000	0.170898	0.312500
7.350000	-0.048828	0.048828
7.355000	-0.087891	-0.166016
7.360000	0.019531	-0.205078
7.365000	0.146484	-0.029297
7.370000	0.161133	0.229492
7.375000	0.000000	0.444336
7.380000	-0.288086	0.249023
7.385000	-0.439453	-0.639648
7.390000	-0.014648	-1.420898
7.395000	0.917969	-1.367188
7.400000	1.816406	-0.727539
7.405000	2.290039	0.087891
7.410000	2.231445	0.747070
7.415000	1.733398	1.064453
7.420000	1.030273	1.044922
7.425000	0.332031	0.791016
7.430000	-0.200195	0.332031
7.435000	-0.405273	-0.649414
7.440000	0.019531	-1.450195
7.445000	0.971680	-1.386719
7.450000	1.879883	-0.737305
7.455000	2.363281	0.092773
7.460000	2.304688	0.761719
7.465000	1.796875	1.083984
7.470000	1.088867	1.049805
7.475000	0.380859	0.791016
7.480000	-0.146484	0.375977
7.485000	-0.385742	-0.527344
7.490000	-0.034180	-1.328125
7.495000	0.830078	-1.323242
7.500000	1.699219	-0.737305
7.505000	2.182617	0.048828
7.510000	2.153320	0.698242
7.515000	1.679688	1.035156
7.520000	1.000977	1.030273
7.525000	0.312500	0.795898
7.530000	-0.214844	0.327148
7.535000	-0.424805	-0.703125
7.540000	0.039062	-1.518555
7.545000	1.035156	-1.445312
7.550000	1.982422	-0.771484
7.555000	2.490234	0.092773
7.560000	2.426758	0.781250
7.565000	1.909180	1.108398
7.570000	1.181641	1.074219
7.575000	0.463867	0.805664
7.580000	-0.078125	0.415039
7.585000	-0.351562	-0.356445
7.590000	-0.107422	-1.166992
7.595000	0.644531	-1.235352
7.600000	1.450195	-0.727539
7.605000	1.928711	0.000000
7.610000	1.923828	0.625000
7.615000	1.508789	0.966797
7.620000	0.869141	0.991211
7.625000	0.209961	0.791016
7.630000	-0.317383	0.229492
7.635000	-0.449219	-0.971680
7.640000	0.185547	-1.762695
7.645000	1.333008	-1.567383
7.650000	2.373047	-0.766602
7.655000	2.871094	0.180664
7.660000	2.753906	0.888672
7.665000	2.172852	1.206055
7.670000	1.372070	1.118164
7.675000	0.629883	0.805664
7.680000	0.087891	0.439453
7.685000	-0.205078	-0.048828
7.690000	-0.170898	-0.654297
7.695000	0.249023	-0.825195
7.700000	0.786133	-0.522461
7.705000	1.123047	-0.009766
7.710000	1.127930	0.478516
7.715000	0.810547	0.771484
7.720000	0.297852	0.830078
7.725000	-0.258789	0.522461
7.730000	-0.581055	-0.693359
7.735000	-0.117188	-1.958008
7.740000	1.162109	-2.084961
7.745000	2.524414	-1.313477
7.750000	3.403320	-0.209961
7.755000	3.540039	0.751953
7.760000	3.046875	1.274414
7.765000	2.202148	1.318359
7.770000	1.323242	1.020508
7.775000	0.644531	0.590820
7.780000	0.249023	0.219727
7.785000	0.092773	0.019531
7.790000	0.073242	0.000000
7.795000	0.063477	0.122070
7.800000	-0.019531	0.273438
7.805000	-0.205078	0.175781
7.810000	-0.307617	-0.375977
7.815000	-0.058594	-0.913086
7.820000	0.532227	-0.864258
7.825000	1.093750	-0.400391
7.830000	1.347656	0.180664
7.835000	1.235352	0.644531
7.840000	0.805664	0.869141
7.845000	0.229492	0.849609
7.850000	-0.332031	0.380859
7.855000	-0.566406	-0.952148
7.860000	0.063477	-2.045898
7.865000	1.406250	-1.982422
7.870000	2.705078	-1.123047
7.875000	3.447266	-0.014648
7.880000	3.457031	0.878906
7.885000	2.880859	1.308594
7.890000	2.016602	1.279297
7.895000	1.171875	0.942383
7.900000	0.537109	0.517578
7.905000	0.180664	0.170898
7.910000	0.063477	0.000000
7.915000	0.048828	0.019531
7.920000	0.029297	0.146484
7.925000	-0.073242	0.258789
7.930000	-0.244141	0.039062
7.935000	-0.263672	-0.546875
7.940000	0.092773	-0.878906
7.945000	0.664062	-0.673828
7.950000	1.108398	-0.175781
7.955000	1.220703	0.351562
7.960000	0.981445	0.727539
7.965000	0.493164	0.854492
7.970000	-0.073242	0.717773
7.975000	-0.537109	-0.195312
7.980000	-0.385742	-1.655273
7.985000	0.688477	-2.182617
7.990000	2.119141	-1.650391
7.995000	3.203125	-0.595703
8.000000	3.603516	0.468750
8.005000	3.291016	1.162109
8.010000	2.519531	1.352539
8.015000	1.621094	1.152344
8.020000	0.864258	0.737305
8.025000	0.361328	0.327148
8.030000	0.136719	0.058594
8.035000	0.087891	-0.009766
8.040000	0.087891	0.068359
8.045000	0.034180	0.229492
8.050000	-0.122070	0.288086
8.055000	-0.302734	-0.102539
8.060000	-0.229492	-0.786133
8.065000	0.283203	-0.996094
8.070000	0.932617	-0.668945
8.075000	1.362305	-0.078125
8.080000	1.416016	0.478516
8.085000	1.108398	0.825195
8.090000	0.561523	0.898438
8.095000	-0.043945	0.727539
8.100000	-0.512695	-0.156250
8.105000	-0.385742	-1.582031
8.110000	0.649414	-2.124023
8.115000	2.031250	-1.621094
8.120000	3.100586	-0.590820
8.125000	3.491211	0.449219
8.130000	3.193359	1.137695
8.135000	2.446289	1.333008
8.140000	1.557617	1.137695
8.145000	0.800781	0.737305
8.150000	0.302734	0.332031
8.155000	0.078125	0.068359
8.160000	0.019531	-0.009766
8.165000	0.014648	0.068359
8.170000	-0.039062	0.205078
8.175000	-0.170898	0.131836
8.180000	-0.253906	-0.302734
8.185000	-0.053711	-0.703125
8.190000	0.400391	-0.629883
8.195000	0.810547	-0.234375
8.200000	0.961914	0.249023
8.205000	0.800781	0.615234
8.210000	0.380859	0.786133
8.215000	-0.136719	0.664062
8.220000	-0.561523	-0.317383
8.225000	-0.336914	-1.752930
8.230000	0.805664	-2.182617
8.235000	2.236328	-1.586914
8.240000	3.281250	-0.507812
8.245000	3.618164	0.541992
8.250000	3.256836	1.196289
8.255000	2.470703	1.357422
8.260000	1.567383	1.123047
8.265000	0.820312	0.698242
8.270000	0.341797	0.302734
8.275000	0.136719	0.048828
8.280000	0.097656	-0.009766
8.285000	0.097656	0.078125
8.290000	0.039062	0.239258
8.295000	-0.122070	0.297852
8.300000	-0.312500	-0.117188
8.305000	-0.224609	-0.815430
8.310000	0.302734	-1.025391
8.315000	0.971680	-0.683594
8.320000	1.416016	-0.083008
8.325000	1.469727	0.483398
8.330000	1.157227	0.834961
8.335000	0.600586	0.913086
8.340000	-0.009766	0.747070
8.345000	-0.493164	-0.092773
8.350000	-0.410156	-1.513672
8.355000	0.581055	-2.099609
8.360000	1.948242	-1.640625
8.365000	3.027344	-0.634766
8.370000	3.447266	0.405273
8.375000	3.178711	1.103516
8.380000	2.456055	1.323242
8.385000	1.572266	1.147461
8.390000	0.810547	0.756836
8.395000	0.297852	0.351562
8.400000	0.058594	0.078125
8.405000	-0.009766	-0.004883
8.410000	-0.009766	0.063477
8.415000	-0.053711	0.151367
8.420000	-0.161133	0.063477
8.425000	-0.205078	-0.278320
8.430000	-0.019531	-0.532227
8.435000	0.317383	-0.410156
8.440000	0.585938	-0.053711
8.445000	0.615234	0.336914
8.450000	0.390625	0.615234
8.455000	-0.014648	0.688477
8.460000	-0.463867	0.078125
8.465000	-0.493164	-1.308594
8.470000	0.356445	-2.080078
8.475000	1.718750	-1.757812
8.480000	2.875977	-0.805664
8.485000	3.413086	0.258789
8.490000	3.237305	1.025391
8.495000	2.558594	1.318359
8.500000	1.684570	1.196289
8.505000	0.898438	0.820312
8.510000	0.341797	0.405273
8.515000	0.063477	0.112305
8.520000	-0.019531	-0.009766
8.525000	-0.019531	0.000000
8.530000	-0.029297	0.102539
8.535000	-0.097656	0.131836
8.540000	-0.185547	-0.068359
8.545000	-0.141602	-0.400391
8.550000	0.112305	-0.468750
8.555000	0.415039	-0.219727
8.560000	0.551758	0.156250
8.565000	0.449219	0.478516
8.570000	0.126953	0.668945
8.575000	-0.317383	0.405273
8.580000	-0.556641	-0.761719
8.585000	-0.048828	-1.889648
8.590000	1.186523	-1.923828
8.595000	2.451172	-1.152344
8.600000	3.208008	-0.092773
8.605000	3.271484	0.791016
8.610000	2.749023	1.245117
8.615000	1.923828	1.254883
8.620000	1.088867	0.952148
8.625000	0.449219	0.541992
8.630000	0.073242	0.205078
8.635000	-0.058594	-0.019531
8.640000	-0.048828	-0.166016
8.645000	0.048828	-0.107422
8.650000	0.117188	0.097656
8.655000	0.048828	0.332031
8.660000	-0.170898	0.346680
8.665000	-0.395508	-0.249023
8.670000	-0.219727	-1.123047
8.675000	0.507812	-1.308594
8.680000	1.362305	-0.864258
8.685000	1.938477	-0.126953
8.690000	2.016602	0.551758
8.695000	1.650391	0.952148
8.700000	1.025391	1.020508
8.705000	0.341797	0.844727
8.710000	-0.219727	0.400391
8.715000	-0.473633	-0.703125
8.720000	-0.004883	-1.665039
8.725000	1.088867	-1.650391
8.730000	2.167969	-0.942383
8.735000	2.783203	0.000000
8.740000	2.783203	0.776367
8.745000	2.275391	1.166992
8.750000	1.499023	1.157227
8.755000	0.737305	0.874023
8.760000	0.151367	0.507812
8.765000	-0.190430	0.043945
8.770000	-0.214844	-0.620117
8.775000	0.185547	-0.888672
8.780000	0.761719	-0.634766
8.785000	1.176758	-0.117188
8.790000	1.245117	0.410156
8.795000	0.976562	0.756836
8.800000	0.473633	0.854492
8.805000	-0.097656	0.688477
8.810000	-0.541992	-0.263672
8.815000	-0.346680	-1.694336
8.820000	0.756836	-2.143555
8.825000	2.158203	-1.582031
8.830000	3.203125	-0.522461
8.835000	3.549805	0.517578
8.840000	3.208008	1.171875
8.845000	2.436523	1.342773
8.850000	1.542969	1.123047
8.855000	0.795898	0.708008
8.860000	0.312500	0.307617
8.865000	0.102539	0.058594
8.870000	0.053711	-0.009766
8.875000	0.053711	0.078125
8.880000	-0.009766	0.234375
8.885000	-0.166016	0.209961
8.890000	-0.292969	-0.244141
8.895000	-0.126953	-0.805664
8.900000	0.390625	-0.844727
8.905000	0.942383	-0.449219
8.910000	1.240234	0.107422
8.915000	1.162109	0.581055
8.920000	0.776367	0.830078
8.925000	0.229492	0.839844
8.930000	-0.327148	0.400391
8.935000	-0.576172	-0.927734
8.940000	0.039062	-2.060547
8.945000	1.381836	-2.021484
8.950000	2.714844	-1.171875
8.955000	3.486328	-0.048828
8.960000	3.520508	0.864258
8.965000	2.949219	1.313477
8.970000	2.084961	1.293945
8.975000	1.225586	0.961914
8.980000	0.576172	0.527344
8.985000	0.219727	0.175781
8.990000	0.092773	0.000000
8.995000	0.083008	0.009766
9.000000	0.068359	0.141602
9.005000	-0.029297	0.292969
9.010000	-0.224609	0.146484
9.015000	-0.312500	-0.454102
9.020000	-0.009766	-0.961914
9.025000	0.615234	-0.864258
9.030000	1.181641	-0.371094
9.035000	1.411133	0.224609
9.040000	1.264648	0.683594
9.045000	0.810547	0.888672
9.050000	0.224609	0.849609
9.055000	-0.336914	0.361328
9.060000	-0.556641	-0.971680
9.065000	0.087891	-2.036133
9.070000	1.416016	-1.953125
9.075000	2.705078	-1.093750
9.080000	3.422852	0.004883
9.085000	3.417969	0.888672
9.090000	2.832031	1.303711
9.095000	1.972656	1.264648
9.100000	1.132812	0.932617
9.105000	0.507812	0.502930
9.110000	0.166016	0.166016
9.115000	0.043945	0.004883
9.120000	0.029297	0.019531
9.125000	0.009766	0.156250
9.130000	-0.092773	0.224609
9.135000	-0.244141	-0.034180
9.140000	-0.209961	-0.576172
9.145000	0.156250	-0.786133
9.150000	0.668945	-0.527344
9.155000	1.015625	-0.039062
9.160000	1.035156	0.439453
9.165000	0.742188	0.737305
9.170000	0.249023	0.820312
9.175000	-0.297852	0.478516
9.180000	-0.595703	-0.781250
9.185000	-0.068359	-2.016602
9.190000	1.250000	-2.089844
9.195000	2.617188	-1.284180
9.200000	3.471680	-0.161133
9.205000	3.579102	0.791016
9.210000	3.056641	1.298828
9.215000	2.197266	1.323242
9.220000	1.318359	1.005859
9.225000	0.649414	0.571289
9.230000	0.258789	0.200195
9.235000	0.117188	0.004883
9.240000	0.107422	0.000000
9.245000	0.097656	0.126953
9.250000	0.004883	0.288086
9.255000	-0.180664	0.239258
9.260000	-0.327148	-0.312500
9.265000	-0.122070	-0.957031
9.270000	0.502930	-0.991211
9.275000	1.152344	-0.546875
9.280000	1.503906	0.078125
9.285000	1.445312	0.605469
9.290000	1.049805	0.888672
9.295000	0.458984	0.898438
9.300000	-0.136719	0.629883
9.305000	-0.546875	-0.424805
9.310000	-0.249023	-1.757812
9.315000	0.898438	-2.055664
9.320000	2.246094	-1.416016
9.325000	3.173828	-0.366211
9.330000	3.417969	0.615234
9.335000	3.017578	1.201172
9.340000	2.226562	1.308594
9.345000	1.352539	1.059570
9.350000	0.644531	0.649414
9.355000	0.209961	0.268555
9.360000	0.019531	0.048828
9.365000	-0.014648	-0.004883
9.370000	-0.019531	0.053711
9.375000	-0.058594	0.136719
9.380000	-0.151367	0.053711
9.385000	-0.180664	-0.249023
9.390000	-0.019531	-0.458984
9.395000	0.278320	-0.327148
9.400000	0.488281	0.000000
9.405000	0.488281	0.361328
9.410000	0.244141	0.605469
9.415000	-0.161133	0.581055
9.420000	-0.527344	-0.273438
9.425000	-0.327148	-1.591797
9.430000	0.703125	-1.997070
9.435000	2.016602	-1.450195
9.440000	2.968750	-0.449219
9.445000	3.271484	0.527344
9.450000	2.924805	1.142578
9.455000	2.177734	1.284180
9.460000	1.323242	1.079102
9.465000	0.605469	0.678711
9.470000	0.146484	0.307617
9.475000	-0.068359	0.024414
9.480000	-0.087891	-0.214844
9.485000	0.048828	-0.244141
9.490000	0.205078	-0.053711
9.495000	0.229492	0.224609
9.500000	0.078125	0.463867
9.505000	-0.224609	0.395508
9.510000	-0.473633	-0.429688
9.515000	-0.175781	-1.440430
9.520000	0.766602	-1.591797
9.525000	1.806641	-1.015625
9.530000	2.480469	-0.136719
9.535000	2.563477	0.639648
9.540000	2.148438	1.079102
9.545000	1.430664	1.132812
9.550000	0.683594	0.903320
9.555000	0.073242	0.551758
9.560000	-0.292969	-0.058594
9.565000	-0.244141	-0.937500
9.570000	0.361328	-1.230469
9.575000	1.166992	-0.878906
9.580000	1.738281	-0.205078
9.585000	1.865234	0.458984
9.590000	1.567383	0.878906
9.595000	0.991211	0.991211
9.600000	0.327148	0.849609
9.605000	-0.239258	0.415039
9.610000	-0.498047	-0.737305
9.615000	-0.009766	-1.752930
9.620000	1.137695	-1.743164
9.625000	2.280273	-1.005859
9.630000	2.944336	-0.024414
9.635000	2.958984	0.786133
9.640000	2.446289	1.196289
9.645000	1.650391	1.191406
9.650000	0.864258	0.898438
9.655000	0.263672	0.517578
9.660000	-0.087891	0.146484
9.665000	-0.185547	-0.346680
9.670000	0.034180	-0.634766
9.675000	0.454102	-0.488281
9.680000	0.766602	-0.092773
9.685000	0.830078	0.336914
9.690000	0.595703	0.644531
9.695000	0.161133	0.761719
9.700000	-0.336914	0.390625
9.705000	-0.576172	-0.898438
9.710000	0.014648	-2.026367
9.715000	1.333008	-2.006836
9.720000	2.656250	-1.166992
9.725000	3.432617	-0.058594
9.730000	3.471680	0.849609
9.735000	2.910156	1.298828
9.740000	2.045898	1.289062
9.745000	1.196289	0.961914
9.750000	0.546875	0.532227
9.755000	0.190430	0.175781
9.760000	0.058594	0.004883
9.765000	0.048828	0.014648
9.770000	0.029297	0.146484
9.775000	-0.068359	0.263672
9.780000	-0.239258	0.053711
9.785000	-0.263672	-0.522461
9.790000	0.078125	-0.869141
9.795000	0.639648	-0.678711
9.800000	1.088867	-0.185547
9.805000	1.206055	0.346680
9.810000	0.976562	0.717773
9.815000	0.498047	0.849609
9.820000	-0.068359	0.722656
9.825000	-0.532227	-0.185547
9.830000	-0.395508	-1.645508
9.835000	0.678711	-2.187500
9.840000	2.109375	-1.660156
9.845000	3.203125	-0.600586
9.850000	3.603516	0.463867
9.855000	3.300781	1.162109
9.860000	2.534180	1.357422
9.865000	1.630859	1.157227
9.870000	0.864258	0.737305
9.875000	0.366211	0.327148
9.880000	0.141602	0.063477
9.885000	0.087891	-0.009766
9.890000	0.087891	0.063477
9.895000	0.039062	0.224609
9.900000	-0.112305	0.292969
9.905000	-0.297852	-0.087891
9.910000	-0.234375	-0.776367
9.915000	0.268555	-1.010742
9.920000	0.927734	-0.688477
9.925000	1.367188	-0.102539
9.930000	1.430664	0.463867
9.935000	1.127930	0.815430
9.940000	0.590820	0.908203
9.945000	-0.014648	0.742188
9.950000	-0.493164	-0.102539
9.955000	-0.405273	-1.533203
9.960000	0.590820	-2.114258
9.965000	1.972656	-1.645508
9.970000	3.061523	-0.629883
9.975000	3.481445	0.415039
9.980000	3.208008	1.113281
9.985000	2.470703	1.333008
9.990000	1.586914	1.152344
9.995000	0.825195	0.751953
10.000000	0.317383	0.346680
