# Time_s	x	xdot
0.000000	1.083984	0.727539
0.005000	0.595703	0.893555
0.010000	-0.004883	0.805664
0.015000	-0.522461	-0.034180
0.020000	-0.478516	-1.586914
0.025000	0.561523	-2.309570
0.030000	2.070312	-1.865234
0.035000	3.295898	-0.776367
0.040000	3.803711	0.375977
0.045000	3.564453	1.181641
0.050000	2.783203	1.455078
0.055000	1.821289	1.269531
0.060000	0.976562	0.844727
0.065000	0.410156	0.385742
0.070000	0.146484	0.073242
0.075000	0.087891	-0.029297
0.080000	0.102539	0.039062
0.085000	0.068359	0.214844
0.090000	-0.078125	0.332031
0.095000	-0.292969	0.039062
0.100000	-0.307617	-0.708008
0.105000	0.151367	-1.118164
0.110000	0.883789	-0.878906
0.115000	1.455078	-0.273438
0.120000	1.625977	0.371094
0.125000	1.381836	0.820312
0.130000	0.839844	0.981445
0.135000	0.185547	0.878906
0.140000	-0.395508	0.268555
0.145000	-0.551758	-1.176758
0.150000	0.224609	-2.163086
0.155000	1.630859	-1.962891
0.160000	2.924805	-1.010742
0.165000	3.593750	0.136719
0.170000	3.500977	1.010742
0.175000	2.836914	1.396484
0.180000	1.909180	1.308594
0.185000	1.040039	0.932617
0.190000	0.415039	0.478516
0.195000	0.087891	0.136719
0.200000	-0.009766	-0.009766
0.205000	-0.014648	0.009766
0.210000	-0.019531	0.146484
0.215000	-0.117188	0.180664
0.220000	-0.234375	-0.097656
0.225000	-0.161133	-0.556641
0.230000	0.190430	-0.649414
0.235000	0.615234	-0.351562
0.240000	0.849609	0.107422
0.245000	0.771484	0.522461
0.250000	0.419922	0.761719
0.255000	-0.083008	0.732422
0.260000	-0.551758	-0.136719
0.265000	-0.444336	-1.665039
0.270000	0.639648	-2.290039
0.275000	2.138672	-1.787109
0.280000	3.315430	-0.688477
0.285000	3.764648	0.449219
0.290000	3.476562	1.210938
0.295000	2.675781	1.445312
0.300000	1.718750	1.245117
0.305000	0.898438	0.800781
0.310000	0.351562	0.356445
0.315000	0.107422	0.063477
0.320000	0.053711	-0.024414
0.325000	0.063477	0.053711
0.330000	0.019531	0.224609
0.335000	-0.131836	0.278320
0.340000	-0.312500	-0.122070
0.345000	-0.219727	-0.800781
0.350000	0.297852	-0.991211
0.355000	0.947266	-0.639648
0.360000	1.362305	-0.043945
0.365000	1.391602	0.517578
0.370000	1.049805	0.859375
0.375000	0.478516	0.927734
0.380000	-0.141602	0.698242
0.385000	-0.585938	-0.410156
0.390000	-0.302734	-1.884766
0.395000	0.927734	-2.265625
0.400000	2.416992	-1.601562
0.405000	3.471680	-0.454102
0.410000	3.764648	0.634766
0.415000	3.359375	1.293945
0.420000	2.500000	1.435547
0.425000	1.547852	1.171875
0.430000	0.766602	0.717773
0.435000	0.278320	0.288086
0.440000	0.078125	0.029297
0.445000	0.048828	-0.019531
0.450000	0.058594	0.083008
0.455000	-0.004883	0.258789
0.460000	-0.170898	0.234375
0.465000	-0.322266	-0.268555
0.470000	-0.136719	-0.888672
0.475000	0.434570	-0.947266
0.480000	1.049805	-0.517578
0.485000	1.386719	0.092773
0.490000	1.323242	0.610352
0.495000	0.917969	0.898438
0.500000	0.317383	0.913086
0.505000	-0.288086	0.527344
0.510000	-0.615234	-0.800781
0.515000	-0.073242	-2.114258
0.520000	1.298828	-2.197266
0.525000	2.744141	-1.352539
0.530000	3.647461	-0.166016
0.535000	3.750000	0.844727
0.540000	3.198242	1.381836
0.545000	2.290039	1.406250
0.550000	1.347656	1.074219
0.555000	0.634766	0.605469
0.560000	0.229492	0.205078
0.565000	0.078125	-0.009766
0.570000	0.078125	-0.009766
0.575000	0.083008	0.126953
0.580000	-0.009766	0.297852
0.585000	-0.205078	0.224609
0.590000	-0.341797	-0.361328
0.595000	-0.097656	-1.000977
0.600000	0.551758	-1.000977
0.605000	1.206055	-0.517578
0.610000	1.538086	0.126953
0.615000	1.450195	0.664062
0.620000	1.015625	0.932617
0.625000	0.390625	0.927734
0.630000	-0.229492	0.581055
0.635000	-0.595703	-0.659180
0.640000	-0.146484	-2.001953
0.645000	1.162109	-2.172852
0.650000	2.583008	-1.391602
0.655000	3.505859	-0.244141
0.660000	3.666992	0.771484
0.665000	3.159180	1.333008
0.670000	2.275391	1.391602
0.675000	1.342773	1.083984
0.680000	0.625000	0.625000
0.685000	0.200195	0.229492
0.690000	0.034180	0.014648
0.695000	0.019531	-0.009766
0.700000	0.019531	0.112305
0.705000	-0.063477	0.249023
0.710000	-0.219727	0.083008
0.715000	-0.268555	-0.463867
0.720000	0.029297	-0.839844
0.725000	0.576172	-0.678711
0.730000	1.015625	-0.200195
0.735000	1.147461	0.332031
0.740000	0.927734	0.717773
0.745000	0.449219	0.869141
0.750000	-0.136719	0.712891
0.755000	-0.590820	-0.322266
0.760000	-0.351562	-1.850586
0.765000	0.849609	-2.314453
0.770000	2.368164	-1.689453
0.775000	3.481445	-0.541992
0.780000	3.833008	0.576172
0.785000	3.461914	1.274414
0.790000	2.617188	1.455078
0.795000	1.650391	1.201172
0.800000	0.854492	0.747070
0.805000	0.351562	0.307617
0.810000	0.136719	0.034180
0.815000	0.107422	-0.029297
0.820000	0.122070	0.068359
0.825000	0.068359	0.249023
0.830000	-0.097656	0.346680
0.835000	-0.322266	-0.024414
0.840000	-0.292969	-0.815430
0.845000	0.234375	-1.171875
0.850000	1.000977	-0.869141
0.855000	1.562500	-0.229492
0.860000	1.708984	0.429688
0.865000	1.425781	0.859375
0.870000	0.854492	0.996094
0.875000	0.190430	0.878906
0.880000	-0.385742	0.258789
0.885000	-0.537109	-1.162109
0.890000	0.229492	-2.114258
0.895000	1.606445	-1.909180
0.900000	2.861328	-0.971680
0.905000	3.500977	0.151367
0.910000	3.408203	1.005859
0.915000	2.744141	1.372070
0.920000	1.835938	1.289062
0.925000	0.976562	0.917969
0.930000	0.366211	0.473633
0.935000	0.039062	0.136719
0.940000	-0.058594	-0.063477
0.945000	-0.019531	-0.131836
0.950000	0.053711	-0.009766
0.955000	0.053711	0.214844
0.960000	-0.087891	0.361328
0.965000	-0.322266	0.024414
0.970000	-0.322266	-0.791016
0.975000	0.190430	-1.230469
0.980000	0.991211	-0.961914
0.985000	1.616211	-0.312500
0.990000	1.821289	0.375977
0.995000	1.572266	0.854492
1.000000	1.005859	1.020508
1.005000	0.327148	0.917969
1.010000	-0.278320	0.444336
1.015000	-0.556641	-0.844727
1.020000	0.009766	-1.977539
1.025000	1.293945	-1.967773
1.030000	2.592773	-1.147461
1.035000	3.349609	-0.039062
1.040000	3.378906	0.869141
1.045000	2.802734	1.323242
1.050000	1.928711	1.313477
1.055000	1.059570	0.981445
1.060000	0.400391	0.546875
1.065000	0.029297	0.190430
1.070000	-0.097656	-0.102539
1.075000	-0.034180	-0.283203
1.080000	0.141602	-0.190430
1.085000	0.263672	0.073242
1.090000	0.209961	0.361328
1.095000	-0.039062	0.537109
1.100000	-0.385742	0.136719
1.105000	-0.454102	-0.986328
1.110000	0.185547	-1.718750
1.115000	1.308594	-1.499023
1.120000	2.294922	-0.698242
1.125000	2.753906	0.239258
1.130000	2.592773	0.932617
1.135000	1.977539	1.220703
1.140000	1.181641	1.123047
1.145000	0.429688	0.800781
1.150000	-0.117188	0.361328
1.155000	-0.346680	-0.468750
1.160000	-0.039062	-1.201172
1.165000	0.742188	-1.186523
1.170000	1.508789	-0.625000
1.175000	1.923828	0.102539
1.180000	1.855469	0.708008
1.185000	1.381836	1.010742
1.190000	0.712891	1.000977
1.195000	0.043945	0.761719
1.200000	-0.449219	-0.048828
1.205000	-0.400391	-1.406250
1.210000	0.517578	-1.987305
1.215000	1.816406	-1.557617
1.220000	2.846680	-0.590820
1.225000	3.232422	0.419922
1.230000	2.958984	1.098633
1.235000	2.231445	1.318359
1.240000	1.357422	1.152344
1.245000	0.595703	0.761719
1.250000	0.083008	0.361328
1.255000	-0.166016	-0.063477
1.260000	-0.117188	-0.522461
1.265000	0.214844	-0.585938
1.270000	0.595703	-0.288086
1.275000	0.776367	0.141602
1.280000	0.683594	0.527344
1.285000	0.332031	0.737305
1.290000	-0.161133	0.654297
1.295000	-0.576172	-0.332031
1.300000	-0.336914	-1.787109
1.305000	0.825195	-2.211914
1.310000	2.280273	-1.601562
1.315000	3.334961	-0.493164
1.320000	3.662109	0.581055
1.325000	3.276367	1.245117
1.330000	2.456055	1.406250
1.335000	1.523438	1.162109
1.340000	0.747070	0.722656
1.345000	0.258789	0.297852
1.350000	0.048828	0.039062
1.355000	0.014648	-0.014648
1.360000	0.019531	0.078125
1.365000	-0.039062	0.224609
1.370000	-0.185547	0.141602
1.375000	-0.283203	-0.336914
1.380000	-0.048828	-0.791016
1.385000	0.454102	-0.717773
1.390000	0.922852	-0.288086
1.395000	1.113281	0.244141
1.400000	0.947266	0.654297
1.405000	0.512695	0.849609
1.410000	-0.048828	0.766602
1.415000	-0.546875	-0.107422
1.420000	-0.449219	-1.660156
1.425000	0.629883	-2.309570
1.430000	2.138672	-1.816406
1.435000	3.334961	-0.712891
1.440000	3.803711	0.429688
1.445000	3.525391	1.201172
1.450000	2.729492	1.445312
1.455000	1.777344	1.245117
1.460000	0.947266	0.805664
1.465000	0.405273	0.361328
1.470000	0.156250	0.058594
1.475000	0.107422	-0.029297
1.480000	0.122070	0.043945
1.485000	0.083008	0.219727
1.490000	-0.063477	0.351562
1.495000	-0.292969	0.063477
1.500000	-0.322266	-0.703125
1.505000	0.131836	-1.152344
1.510000	0.888672	-0.937500
1.515000	1.494141	-0.327148
1.520000	1.704102	0.341797
1.525000	1.474609	0.815430
1.530000	0.942383	0.991211
1.535000	0.283203	0.898438
1.540000	-0.312500	0.405273
1.545000	-0.561523	-0.932617
1.550000	0.058594	-2.041016
1.555000	1.391602	-1.982422
1.560000	2.695312	-1.123047
1.565000	3.437500	-0.004883
1.570000	3.442383	0.903320
1.575000	2.846680	1.342773
1.580000	1.958008	1.313477
1.585000	1.083984	0.971680
1.590000	0.434570	0.532227
1.595000	0.068359	0.175781
1.600000	-0.053711	-0.039062
1.605000	-0.034180	-0.126953
1.610000	0.043945	-0.034180
1.615000	0.058594	0.180664
1.620000	-0.058594	0.356445
1.625000	-0.292969	0.107422
1.630000	-0.346680	-0.668945
1.635000	0.092773	-1.201172
1.640000	0.869141	-1.020508
1.645000	1.533203	-0.405273
1.650000	1.801758	0.288086
1.655000	1.611328	0.800781
1.660000	1.079102	1.005859
1.665000	0.405273	0.932617
1.670000	-0.214844	0.541992
1.675000	-0.556641	-0.654297
1.680000	-0.117188	-1.894531
1.685000	1.127930	-2.026367
1.690000	2.451172	-1.269531
1.695000	3.291016	-0.175781
1.700000	3.413086	0.771484
1.705000	2.900391	1.289062
1.710000	2.045898	1.328125
1.715000	1.166992	1.035156
1.720000	0.473633	0.600586
1.725000	0.068359	0.224609
1.730000	-0.087891	-0.063477
1.735000	-0.053711	-0.263672
1.740000	0.107422	-0.209961
1.745000	0.244141	0.039062
1.750000	0.214844	0.327148
1.755000	-0.009766	0.532227
1.760000	-0.351562	0.219727
1.765000	-0.473633	-0.859375
1.770000	0.087891	-1.669922
1.775000	1.186523	-1.533203
1.780000	2.192383	-0.771484
1.785000	2.695312	0.156250
1.790000	2.592773	0.874023
1.795000	2.021484	1.201172
1.800000	1.225586	1.137695
1.805000	0.468750	0.834961
1.810000	-0.092773	0.410156
1.815000	-0.361328	-0.415039
1.820000	-0.083008	-1.210938
1.825000	0.703125	-1.245117
1.830000	1.513672	-0.703125
1.835000	1.977539	0.048828
1.840000	1.938477	0.683594
1.845000	1.489258	1.015625
1.850000	0.820312	1.025391
1.855000	0.136719	0.800781
1.860000	-0.390625	0.107422
1.865000	-0.444336	-1.220703
1.870000	0.346680	-1.928711
1.875000	1.606445	-1.616211
1.880000	2.675781	-0.712891
1.885000	3.139648	0.302734
1.890000	2.944336	1.025391
1.895000	2.265625	1.298828
1.900000	1.406250	1.166992
1.905000	0.629883	0.805664
1.910000	0.083008	0.410156
1.915000	-0.190430	-0.068359
1.920000	-0.146484	-0.615234
1.925000	0.253906	-0.727539
1.930000	0.722656	-0.415039
1.935000	0.991211	0.073242
1.940000	0.937500	0.522461
1.945000	0.590820	0.781250
1.950000	0.068359	0.810547
1.955000	-0.458984	0.190430
1.960000	-0.556641	-1.298828
1.965000	0.302734	-2.246094
1.970000	1.767578	-1.987305
1.975000	3.076172	-0.981445
1.980000	3.730469	0.185547
1.985000	3.608398	1.064453
1.990000	2.905273	1.425781
1.995000	1.958008	1.313477
2.000000	1.093750	0.922852
2.005000	0.473633	0.458984
2.010000	0.161133	0.112305
2.015000	0.073242	-0.024414
2.020000	0.078125	0.019531
2.025000	0.063477	0.180664
2.030000	-0.058594	0.317383
2.035000	-0.268555	0.083008
2.040000	-0.312500	-0.610352
2.045000	0.083008	-1.059570
2.050000	0.771484	-0.869141
2.055000	1.333008	-0.307617
2.060000	1.538086	0.322266
2.065000	1.318359	0.776367
2.070000	0.805664	0.952148
2.075000	0.175781	0.874023
2.080000	-0.400391	0.263672
2.085000	-0.556641	-1.186523
2.090000	0.224609	-2.177734
2.095000	1.645508	-1.972656
2.100000	2.949219	-1.020508
2.105000	3.623047	0.126953
2.110000	3.535156	1.010742
2.115000	2.866211	1.396484
2.120000	1.943359	1.313477
2.125000	1.074219	0.927734
2.130000	0.449219	0.478516
2.135000	0.122070	0.136719
2.140000	0.019531	-0.014648
2.145000	0.019531	0.019531
2.150000	0.000000	0.170898
2.155000	-0.112305	0.234375
2.160000	-0.263672	-0.073242
2.165000	-0.209961	-0.644531
2.170000	0.205078	-0.830078
2.175000	0.747070	-0.537109
2.180000	1.098633	-0.014648
2.185000	1.103516	0.483398
2.190000	0.781250	0.791016
2.195000	0.253906	0.854492
2.200000	-0.317383	0.483398
2.205000	-0.610352	-0.849609
2.210000	-0.043945	-2.124023
2.215000	1.342773	-2.177734
2.220000	2.773438	-1.313477
2.225000	3.647461	-0.141602
2.230000	3.735352	0.854492
2.235000	3.173828	1.376953
2.240000	2.265625	1.386719
2.245000	1.337891	1.049805
2.250000	0.639648	0.585938
2.255000	0.249023	0.190430
2.260000	0.107422	-0.009766
2.265000	0.107422	-0.014648
2.270000	0.107422	0.122070
2.275000	0.014648	0.302734
2.280000	-0.180664	0.273438
2.285000	-0.356445	-0.297852
2.290000	-0.151367	-1.005859
2.295000	0.502930	-1.093750
2.300000	1.220703	-0.634766
2.305000	1.630859	0.029297
2.310000	1.606445	0.610352
2.315000	1.206055	0.932617
2.320000	0.581055	0.961914
2.325000	-0.058594	0.727539
2.330000	-0.527344	-0.239258
2.335000	-0.351562	-1.679688
2.340000	0.737305	-2.148438
2.345000	2.148438	-1.586914
2.350000	3.193359	-0.522461
2.355000	3.540039	0.532227
2.360000	3.188477	1.201172
2.365000	2.397461	1.376953
2.370000	1.479492	1.157227
2.375000	0.708008	0.727539
2.380000	0.214844	0.317383
2.385000	-0.004883	0.053711
2.390000	-0.048828	-0.078125
2.395000	0.000000	-0.048828
2.400000	0.024414	0.117188
2.405000	-0.053711	0.283203
2.410000	-0.244141	0.112305
2.415000	-0.307617	-0.512695
2.420000	0.024414	-0.976562
2.425000	0.664062	-0.834961
2.430000	1.206055	-0.317383
2.435000	1.411133	0.283203
2.440000	1.225586	0.727539
2.445000	0.737305	0.927734
2.450000	0.122070	0.849609
2.455000	-0.439453	0.200195
2.460000	-0.546875	-1.279297
2.465000	0.297852	-2.221680
2.470000	1.748047	-1.962891
2.475000	3.037109	-0.971680
2.480000	3.686523	0.180664
2.485000	3.564453	1.049805
2.490000	2.871094	1.411133
2.495000	1.933594	1.303711
2.500000	1.074219	0.913086
2.505000	0.458984	0.454102
2.510000	0.146484	0.112305
2.515000	0.058594	-0.024414
2.520000	0.068359	0.019531
2.525000	0.048828	0.175781
2.530000	-0.078125	0.302734
2.535000	-0.268555	0.043945
2.540000	-0.288086	-0.629883
2.545000	0.117188	-1.015625
2.550000	0.776367	-0.791016
2.555000	1.293945	-0.234375
2.560000	1.440430	0.366211
2.565000	1.201172	0.786133
2.570000	0.678711	0.927734
2.575000	0.058594	0.825195
2.580000	-0.478516	0.068359
2.585000	-0.502930	-1.445312
2.590000	0.444336	-2.236328
2.595000	1.904297	-1.870117
2.600000	3.134766	-0.834961
2.605000	3.691406	0.302734
2.610000	3.486328	1.118164
2.615000	2.753906	1.416016
2.620000	1.816406	1.264648
2.625000	0.971680	0.854492
2.630000	0.395508	0.410156
2.635000	0.112305	0.092773
2.640000	0.043945	-0.024414
2.645000	0.053711	0.039062
2.650000	0.019531	0.200195
2.655000	-0.112305	0.273438
2.660000	-0.288086	-0.073242
2.665000	-0.234375	-0.722656
2.670000	0.234375	-0.947266
2.675000	0.854492	-0.639648
2.680000	1.269531	-0.073242
2.685000	1.313477	0.473633
2.690000	1.000977	0.820312
2.695000	0.454102	0.908203
2.700000	-0.151367	0.683594
2.705000	-0.590820	-0.415039
2.710000	-0.297852	-1.884766
2.715000	0.932617	-2.255859
2.720000	2.412109	-1.591797
2.725000	3.461914	-0.454102
2.730000	3.754883	0.629883
2.735000	3.349609	1.284180
2.740000	2.495117	1.425781
2.745000	1.552734	1.162109
2.750000	0.781250	0.703125
2.755000	0.302734	0.288086
2.760000	0.107422	0.024414
2.765000	0.078125	-0.024414
2.770000	0.087891	0.083008
2.775000	0.029297	0.263672
2.780000	-0.146484	0.292969
2.785000	-0.322266	-0.170898
2.790000	-0.209961	-0.888672
2.795000	0.366211	-1.059570
2.800000	1.059570	-0.668945
2.805000	1.489258	-0.043945
2.810000	1.513672	0.541992
2.815000	1.162109	0.888672
2.820000	0.571289	0.947266
2.825000	-0.068359	0.737305
2.830000	-0.546875	-0.234375
2.835000	-0.371094	-1.708984
2.840000	0.747070	-2.211914
2.845000	2.197266	-1.650391
2.850000	3.286133	-0.556641
2.855000	3.652344	0.527344
2.860000	3.310547	1.225586
2.865000	2.495117	1.406250
2.870000	1.562500	1.186523
2.875000	0.776367	0.747070
2.880000	0.273438	0.322266
2.885000	0.048828	0.053711
2.890000	0.000000	-0.009766
2.895000	0.004883	0.068359
2.900000	-0.048828	0.205078
2.905000	-0.185547	0.122070
2.910000	-0.258789	-0.327148
2.915000	-0.043945	-0.722656
2.920000	0.424805	-0.634766
2.925000	0.839844	-0.214844
2.930000	0.971680	0.283203
2.935000	0.786133	0.654297
2.940000	0.346680	0.825195
2.945000	-0.205078	0.644531
2.950000	-0.610352	-0.478516
2.955000	-0.273438	-1.948242
2.960000	0.996094	-2.280273
2.965000	2.485352	-1.577148
2.970000	3.530273	-0.415039
2.975000	3.803711	0.664062
2.980000	3.369141	1.313477
2.985000	2.500000	1.435547
2.990000	1.542969	1.157227
2.995000	0.771484	0.693359
3.000000	0.302734	0.268555
3.005000	0.112305	0.019531
3.010000	0.092773	-0.029297
3.015000	0.102539	0.087891
3.020000	0.034180	0.263672
3.025000	-0.141602	0.307617
3.030000	-0.336914	-0.156250
3.035000	-0.224609	-0.908203
3.040000	0.361328	-1.108398
3.045000	1.083984	-0.722656
3.050000	1.552734	-0.078125
3.055000	1.601562	0.537109
3.060000	1.245117	0.903320
3.065000	0.649414	0.976562
3.070000	-0.004883	0.791016
3.075000	-0.512695	-0.092773
3.080000	-0.429688	-1.591797
3.085000	0.605469	-2.211914
3.090000	2.055664	-1.733398
3.095000	3.198242	-0.664062
3.100000	3.642578	0.439453
3.105000	3.354492	1.181641
3.110000	2.573242	1.416016
3.115000	1.630859	1.225586
3.120000	0.825195	0.800781
3.125000	0.283203	0.366211
3.130000	0.029297	0.073242
3.135000	-0.029297	-0.039062
3.140000	-0.009766	0.004883
3.145000	-0.014648	0.151367
3.150000	-0.122070	0.205078
3.155000	-0.249023	-0.097656
3.160000	-0.175781	-0.605469
3.165000	0.214844	-0.717773
3.170000	0.683594	-0.415039
3.175000	0.947266	0.073242
3.180000	0.898438	0.527344
3.185000	0.546875	0.781250
3.190000	0.024414	0.805664
3.195000	-0.493164	0.102539
3.200000	-0.541992	-1.440430
3.205000	0.400391	-2.314453
3.210000	1.914062	-1.972656
3.215000	3.208008	-0.922852
3.220000	3.813477	0.268555
3.225000	3.647461	1.123047
3.230000	2.905273	1.455078
3.235000	1.938477	1.313477
3.240000	1.069336	0.898438
3.245000	0.458984	0.434570
3.250000	0.161133	0.097656
3.255000	0.087891	-0.029297
3.260000	0.102539	0.024414
3.265000	0.073242	0.190430
3.270000	-0.053711	0.336914
3.275000	-0.278320	0.097656
3.280000	-0.322266	-0.629883
3.285000	0.083008	-1.118164
3.290000	0.810547	-0.927734
3.295000	1.411133	-0.336914
3.300000	1.635742	0.317383
3.305000	1.425781	0.795898
3.310000	0.908203	0.986328
3.315000	0.244141	0.908203
3.320000	-0.351562	0.366211
3.325000	-0.576172	-1.044922
3.330000	0.112305	-2.143555
3.335000	1.513672	-2.041016
3.340000	2.851562	-1.123047
3.345000	3.598633	0.039062
3.350000	3.579102	0.957031
3.355000	2.944336	1.396484
3.360000	2.016602	1.352539
3.365000	1.123047	0.981445
3.370000	0.463867	0.527344
3.375000	0.102539	0.161133
3.380000	-0.009766	-0.009766
3.385000	-0.009766	-0.009766
3.390000	-0.009766	0.117188
3.395000	-0.087891	0.200195
3.400000	-0.219727	-0.014648
3.405000	-0.205078	-0.488281
3.410000	0.107422	-0.688477
3.415000	0.556641	-0.454102
3.420000	0.849609	0.000000
3.425000	0.849609	0.454102
3.430000	0.541992	0.732422
3.435000	0.048828	0.800781
3.440000	-0.468750	0.185547
3.445000	-0.566406	-1.323242
3.450000	0.302734	-2.275391
3.455000	1.791992	-2.011719
3.460000	3.120117	-1.000977
3.465000	3.769531	0.185547
3.470000	3.657227	1.069336
3.475000	2.949219	1.435547
3.480000	1.997070	1.323242
3.485000	1.123047	0.922852
3.490000	0.502930	0.454102
3.495000	0.190430	0.107422
3.500000	0.107422	-0.029297
3.505000	0.117188	0.014648
3.510000	0.107422	0.175781
3.515000	-0.014648	0.341797
3.520000	-0.244141	0.185547
3.525000	-0.356445	-0.507812
3.530000	-0.014648	-1.118164
3.535000	0.703125	-1.040039
3.540000	1.381836	-0.493164
3.545000	1.704102	0.185547
3.550000	1.572266	0.722656
3.555000	1.098633	0.966797
3.560000	0.454102	0.937500
3.565000	-0.175781	0.605469
3.570000	-0.556641	-0.541992
3.575000	-0.190430	-1.855469
3.580000	1.020508	-2.080078
3.585000	2.382812	-1.372070
3.590000	3.291016	-0.278320
3.595000	3.476562	0.708008
3.600000	3.012695	1.264648
3.605000	2.172852	1.347656
3.610000	1.274414	1.069336
3.615000	0.571289	0.634766
3.620000	0.141602	0.249023
3.625000	-0.034180	0.014648
3.630000	-0.048828	-0.112305
3.635000	0.019531	-0.058594
3.640000	0.053711	0.126953
3.645000	-0.039062	0.322266
3.650000	-0.244141	0.170898
3.655000	-0.346680	-0.512695
3.660000	-0.009766	-1.103516
3.665000	0.703125	-1.010742
3.670000	1.362305	-0.468750
3.675000	1.665039	0.205078
3.680000	1.533203	0.727539
3.685000	1.054688	0.966797
3.690000	0.410156	0.927734
3.695000	-0.209961	0.566406
3.700000	-0.566406	-0.620117
3.705000	-0.141602	-1.904297
3.710000	1.103516	-2.070312
3.715000	2.460938	-1.328125
3.720000	3.339844	-0.224609
3.725000	3.491211	0.747070
3.730000	2.993164	1.289062
3.735000	2.148438	1.342773
3.740000	1.250000	1.049805
3.745000	0.551758	0.615234
3.750000	0.131836	0.229492
3.755000	-0.029297	0.004883
3.760000	-0.039062	-0.087891
3.765000	0.004883	-0.019531
3.770000	0.019531	0.170898
3.775000	-0.092773	0.292969
3.780000	-0.278320	0.000000
3.785000	-0.273438	-0.668945
3.790000	0.161133	-1.005859
3.795000	0.815430	-0.747070
3.800000	1.298828	-0.180664
3.805000	1.420898	0.405273
3.810000	1.157227	0.795898
3.815000	0.625000	0.927734
3.820000	0.004883	0.791016
3.825000	-0.507812	-0.039062
3.830000	-0.458984	-1.547852
3.835000	0.551758	-2.231445
3.840000	2.011719	-1.791992
3.845000	3.193359	-0.737305
3.850000	3.681641	0.380859
3.855000	3.427734	1.147461
3.860000	2.666016	1.406250
3.865000	1.738281	1.235352
3.870000	0.922852	0.810547
3.875000	0.371094	0.371094
3.880000	0.117188	0.073242
3.885000	0.058594	-0.024414
3.890000	0.068359	0.048828
3.895000	0.029297	0.209961
3.900000	-0.112305	0.288086
3.905000	-0.297852	-0.073242
3.910000	-0.239258	-0.756836
3.915000	0.244141	-0.996094
3.920000	0.893555	-0.688477
3.925000	1.337891	-0.102539
3.930000	1.401367	0.468750
3.935000	1.103516	0.825195
3.940000	0.551758	0.917969
3.945000	-0.058594	0.742188
3.950000	-0.541992	-0.200195
3.955000	-0.385742	-1.679688
3.960000	0.708008	-2.211914
3.965000	2.158203	-1.669922
3.970000	3.256836	-0.595703
3.975000	3.652344	0.493164
3.980000	3.330078	1.196289
3.985000	2.534180	1.396484
3.990000	1.611328	1.181641
3.995000	0.825195	0.751953
4.000000	0.322266	0.327148
4.005000	0.092773	0.048828
4.010000	0.048828	-0.019531
4.015000	0.058594	0.063477
4.020000	0.009766	0.229492
4.025000	-0.146484	0.249023
4.030000	-0.302734	-0.175781
4.035000	-0.175781	-0.810547
4.040000	0.341797	-0.937500
4.045000	0.952148	-0.561523
4.050000	1.313477	0.019531
4.055000	1.298828	0.546875
4.060000	0.937500	0.849609
4.065000	0.375977	0.893555
4.070000	-0.219727	0.590820
4.075000	-0.590820	-0.605469
4.080000	-0.175781	-1.962891
4.085000	1.103516	-2.172852
4.090000	2.519531	-1.425781
4.095000	3.466797	-0.292969
4.100000	3.662109	0.722656
4.105000	3.178711	1.303711
4.110000	2.324219	1.376953
4.115000	1.406250	1.079102
4.120000	0.683594	0.629883
4.125000	0.263672	0.229492
4.130000	0.092773	0.009766
4.135000	0.078125	-0.009766
4.140000	0.078125	0.102539
4.145000	0.004883	0.273438
4.150000	-0.170898	0.244141
4.155000	-0.327148	-0.283203
4.160000	-0.136719	-0.932617
4.165000	0.463867	-0.991211
4.170000	1.113281	-0.561523
4.175000	1.469727	0.063477
4.180000	1.430664	0.600586
4.185000	1.035156	0.893555
4.190000	0.439453	0.917969
4.195000	-0.170898	0.629883
4.200000	-0.566406	-0.502930
4.205000	-0.224609	-1.875000
4.210000	1.000977	-2.143555
4.215000	2.402344	-1.450195
4.220000	3.359375	-0.341797
4.225000	3.588867	0.673828
4.230000	3.139648	1.269531
4.235000	2.309570	1.367188
4.240000	1.391602	1.088867
4.245000	0.668945	0.649414
4.250000	0.224609	0.253906
4.255000	0.048828	0.024414
4.260000	0.019531	-0.009766
4.265000	0.019531	0.097656
4.270000	-0.048828	0.234375
4.275000	-0.205078	0.112305
4.280000	-0.273438	-0.400391
4.285000	-0.009766	-0.815430
4.290000	0.517578	-0.703125
4.295000	0.976562	-0.253906
4.300000	1.142578	0.278320
4.305000	0.952148	0.678711
4.310000	0.498047	0.849609
4.315000	-0.068359	0.742188
4.320000	-0.546875	-0.156250
4.325000	-0.419922	-1.674805
4.330000	0.668945	-2.270508
4.335000	2.158203	-1.752930
4.340000	3.310547	-0.659180
4.345000	3.740234	0.458984
4.350000	3.447266	1.196289
4.355000	2.656250	1.420898
4.360000	1.718750	1.210938
4.365000	0.917969	0.776367
4.370000	0.390625	0.336914
4.375000	0.156250	0.053711
4.380000	0.107422	-0.029297
4.385000	0.126953	0.053711
4.390000	0.083008	0.224609
4.395000	-0.068359	0.341797
4.400000	-0.292969	0.048828
4.405000	-0.317383	-0.712891
4.410000	0.146484	-1.142578
4.415000	0.893555	-0.917969
4.420000	1.489258	-0.312500
4.425000	1.694336	0.346680
4.430000	1.464844	0.810547
4.435000	0.927734	0.976562
4.440000	0.278320	0.883789
4.445000	-0.312500	0.395508
4.450000	-0.546875	-0.917969
4.455000	0.058594	-2.001953
4.460000	1.362305	-1.938477
4.465000	2.636719	-1.098633
4.470000	3.364258	0.000000
4.475000	3.364258	0.883789
4.480000	2.778320	1.313477
4.485000	1.909180	1.279297
4.490000	1.059570	0.952148
4.495000	0.419922	0.522461
4.500000	0.063477	0.175781
4.505000	-0.058594	-0.039062
4.510000	-0.034180	-0.136719
4.515000	0.048828	-0.043945
4.520000	0.068359	0.166016
4.525000	-0.043945	0.361328
4.530000	-0.278320	0.146484
4.535000	-0.361328	-0.620117
4.540000	0.043945	-1.201172
4.545000	0.830078	-1.064453
4.550000	1.513672	-0.468750
4.555000	1.821289	0.234375
4.560000	1.665039	0.766602
4.565000	1.162109	0.996094
4.570000	0.498047	0.937500
4.575000	-0.131836	0.620117
4.580000	-0.522461	-0.434570
4.585000	-0.224609	-1.723633
4.590000	0.903320	-1.992188
4.595000	2.207031	-1.347656
4.600000	3.095703	-0.307617
4.605000	3.295898	0.644531
4.610000	2.866211	1.210938
4.615000	2.065430	1.303711
4.620000	1.206055	1.049805
4.625000	0.502930	0.634766
4.630000	0.068359	0.263672
4.635000	-0.112305	-0.063477
4.640000	-0.073242	-0.332031
4.645000	0.141602	-0.317383
4.650000	0.341797	-0.058594
4.655000	0.375977	0.268555
4.660000	0.195312	0.537109
4.665000	-0.161133	0.546875
4.670000	-0.502930	-0.239258
4.675000	-0.327148	-1.489258
4.680000	0.639648	-1.889648
4.685000	1.879883	-1.376953
4.690000	2.783203	-0.415039
4.695000	3.061523	0.527344
4.700000	2.709961	1.118164
4.705000	1.972656	1.269531
4.710000	1.137695	1.064453
4.715000	0.424805	0.678711
4.720000	-0.034180	0.288086
4.725000	-0.224609	-0.258789
4.730000	-0.048828	-0.727539
4.735000	0.419922	-0.693359
4.740000	0.874023	-0.297852
4.745000	1.064453	0.209961
4.750000	0.922852	0.620117
4.755000	0.512695	0.810547
4.760000	-0.029297	0.756836
4.765000	-0.517578	-0.053711
4.770000	-0.458984	-1.557617
4.775000	0.556641	-2.241211
4.780000	2.026367	-1.796875
4.785000	3.203125	-0.737305
4.790000	3.691406	0.380859
4.795000	3.447266	1.147461
4.800000	2.685547	1.406250
4.805000	1.752930	1.230469
4.810000	0.942383	0.810547
4.815000	0.395508	0.371094
4.820000	0.141602	0.068359
4.825000	0.087891	-0.029297
4.830000	0.102539	0.043945
4.835000	0.063477	0.209961
4.840000	-0.083008	0.327148
4.845000	-0.288086	0.019531
4.850000	-0.292969	-0.703125
4.855000	0.166016	-1.083984
4.860000	0.874023	-0.834961
4.865000	1.411133	-0.244141
4.870000	1.572266	0.375977
4.875000	1.318359	0.805664
4.880000	0.791016	0.947266
4.885000	0.156250	0.844727
4.890000	-0.400391	0.224609
4.895000	-0.527344	-1.191406
4.900000	0.253906	-2.109375
4.905000	1.630859	-1.879883
4.910000	2.866211	-0.942383
4.915000	3.491211	0.166016
4.920000	3.383789	1.000977
4.925000	2.724609	1.357422
4.930000	1.831055	1.259766
4.935000	0.991211	0.888672
4.940000	0.390625	0.454102
4.945000	0.083008	0.126953
4.950000	-0.009766	-0.009766
4.955000	-0.009766	0.019531
4.960000	-0.024414	0.141602
4.965000	-0.122070	0.156250
4.970000	-0.224609	-0.126953
4.975000	-0.136719	-0.541992
4.980000	0.209961	-0.595703
4.985000	0.590820	-0.288086
4.990000	0.776367	0.151367
4.995000	0.673828	0.532227
5.000000	0.317383	0.732422
5.005000	-0.175781	0.634766
5.010000	-0.581055	-0.371094
5.015000	-0.312500	-1.801758
5.020000	0.859375	-2.192383
5.025000	2.299805	-1.567383
5.030000	3.330078	-0.463867
5.035000	3.637695	0.595703
5.040000	3.247070	1.245117
5.045000	2.421875	1.386719
5.050000	1.503906	1.137695
5.055000	0.751953	0.698242
5.060000	0.278320	0.288086
5.065000	0.078125	0.029297
5.070000	0.048828	-0.019531
5.075000	0.053711	0.083008
5.080000	-0.009766	0.249023
5.085000	-0.166016	0.219727
5.090000	-0.307617	-0.263672
5.095000	-0.126953	-0.854492
5.100000	0.424805	-0.893555
5.105000	1.005859	-0.483398
5.110000	1.313477	0.102539
5.115000	1.245117	0.600586
5.120000	0.854492	0.859375
5.125000	0.278320	0.874023
5.130000	-0.302734	0.468750
5.135000	-0.595703	-0.854492
5.140000	-0.024414	-2.075195
5.145000	1.328125	-2.109375
5.150000	2.714844	-1.259766
5.155000	3.554688	-0.117188
5.160000	3.632812	0.849609
5.165000	3.071289	1.352539
5.170000	2.182617	1.352539
5.175000	1.279297	1.015625
5.180000	0.605469	0.561523
5.185000	0.219727	0.180664
5.190000	0.087891	-0.009766
5.195000	0.083008	-0.009766
5.200000	0.078125	0.126953
5.205000	-0.009766	0.297852
5.210000	-0.205078	0.209961
5.215000	-0.332031	-0.385742
5.220000	-0.078125	-0.986328
5.225000	0.566406	-0.966797
5.230000	1.196289	-0.488281
5.235000	1.508789	0.141602
5.240000	1.411133	0.659180
5.245000	0.981445	0.917969
5.250000	0.371094	0.903320
5.255000	-0.234375	0.546875
5.260000	-0.576172	-0.673828
5.265000	-0.122070	-1.958008
5.270000	1.162109	-2.099609
5.275000	2.529297	-1.328125
5.280000	3.413086	-0.209961
5.285000	3.554688	0.766602
5.290000	3.046875	1.303711
5.295000	2.187500	1.347656
5.300000	1.284180	1.044922
5.305000	0.595703	0.605469
5.310000	0.180664	0.224609
5.315000	0.029297	0.009766
5.320000	0.014648	-0.004883
5.325000	0.009766	0.117188
5.330000	-0.073242	0.224609
5.335000	-0.219727	0.043945
5.340000	-0.244141	-0.478516
5.345000	0.058594	-0.781250
5.350000	0.576172	-0.595703
5.355000	0.961914	-0.126953
5.360000	1.044922	0.371094
5.365000	0.795898	0.717773
5.370000	0.317383	0.834961
5.375000	-0.239258	0.585938
5.380000	-0.605469	-0.605469
5.385000	-0.190430	-1.987305
5.390000	1.108398	-2.211914
5.395000	2.558594	-1.455078
5.400000	3.525391	-0.307617
5.405000	3.730469	0.727539
5.410000	3.251953	1.313477
5.415000	2.382812	1.396484
5.420000	1.450195	1.093750
5.425000	0.727539	0.634766
5.430000	0.292969	0.234375
5.435000	0.126953	0.004883
5.440000	0.117188	-0.019531
5.445000	0.126953	0.102539
5.450000	0.048828	0.278320
5.455000	-0.136719	0.317383
5.460000	-0.341797	-0.146484
5.465000	-0.234375	-0.917969
5.470000	0.361328	-1.142578
5.475000	1.103516	-0.766602
5.480000	1.601562	-0.107422
5.485000	1.669922	0.512695
5.490000	1.328125	0.888672
5.495000	0.742188	0.971680
5.500000	0.092773	0.810547
5.505000	-0.434570	0.083008
5.510000	-0.473633	-1.333008
5.515000	0.395508	-2.089844
5.520000	1.767578	-1.748047
5.525000	2.919922	-0.781250
5.530000	3.437500	0.292969
5.535000	3.242188	1.064453
5.540000	2.539062	1.352539
5.545000	1.645508	1.210938
5.550000	0.844727	0.825195
5.555000	0.288086	0.405273
5.560000	0.009766	0.102539
5.565000	-0.063477	-0.087891
5.570000	-0.009766	-0.131836
5.575000	0.068359	0.004883
5.580000	0.063477	0.229492
5.585000	-0.092773	0.366211
5.590000	-0.327148	-0.004883
5.595000	-0.317383	-0.839844
5.600000	0.224609	-1.245117
5.605000	1.044922	-0.966797
5.610000	1.674805	-0.307617
5.615000	1.870117	0.385742
5.620000	1.616211	0.859375
5.625000	1.049805	1.015625
5.630000	0.371094	0.903320
5.635000	-0.234375	0.478516
5.640000	-0.532227	-0.722656
5.645000	-0.048828	-1.855469
5.650000	1.166992	-1.894531
5.655000	2.407227	-1.142578
5.660000	3.154297	-0.087891
5.665000	3.217773	0.795898
5.670000	2.685547	1.259766
5.675000	1.860352	1.269531
5.680000	1.010742	0.966797
5.685000	0.366211	0.551758
5.690000	-0.009766	0.195312
5.695000	-0.141602	-0.180664
5.700000	-0.024414	-0.439453
5.705000	0.253906	-0.341797
5.710000	0.468750	-0.024414
5.715000	0.488281	0.332031
5.720000	0.263672	0.590820
5.725000	-0.126953	0.610352
5.730000	-0.517578	-0.185547
5.735000	-0.375977	-1.533203
5.740000	0.620117	-2.031250
5.745000	1.948242	-1.528320
5.750000	2.954102	-0.527344
5.755000	3.300781	0.478516
5.760000	2.983398	1.137695
5.765000	2.236328	1.318359
5.770000	1.352539	1.123047
5.775000	0.610352	0.722656
5.780000	0.117188	0.327148
5.785000	-0.107422	-0.009766
5.790000	-0.102539	-0.336914
5.795000	0.112305	-0.380859
5.800000	0.361328	-0.146484
5.805000	0.454102	0.195312
5.810000	0.312500	0.493164
5.815000	-0.014648	0.634766
5.820000	-0.424805	0.131836
5.825000	-0.493164	-1.157227
5.830000	0.258789	-1.953125
5.835000	1.533203	-1.694336
5.840000	2.646484	-0.800781
5.845000	3.173828	0.229492
5.850000	3.027344	0.986328
5.855000	2.377930	1.293945
5.860000	1.518555	1.191406
5.865000	0.732422	0.834961
5.870000	0.170898	0.429688
5.875000	-0.122070	0.043945
5.880000	-0.151367	-0.415039
5.885000	0.112305	-0.566406
5.890000	0.478516	-0.346680
5.895000	0.703125	0.058594
5.900000	0.654297	0.449219
5.905000	0.356445	0.688477
5.910000	-0.102539	0.678711
5.915000	-0.537109	-0.151367
5.920000	-0.415039	-1.591797
5.925000	0.625000	-2.167969
5.930000	2.041016	-1.669922
5.935000	3.144531	-0.625000
5.940000	3.554688	0.449219
5.945000	3.256836	1.166992
5.950000	2.495117	1.376953
5.955000	1.572266	1.176758
5.960000	0.795898	0.761719
5.965000	0.283203	0.341797
5.970000	0.048828	0.063477
5.975000	-0.009766	-0.009766
5.980000	-0.004883	0.063477
5.985000	-0.048828	0.180664
5.990000	-0.166016	0.112305
5.995000	-0.244141	-0.297852
6.000000	-0.043945	-0.654297
6.005000	0.380859	-0.571289
6.010000	0.751953	-0.180664
6.015000	0.869141	0.283203
6.020000	0.678711	0.629883
6.025000	0.253906	0.781250
6.030000	-0.268555	0.541992
6.035000	-0.605469	-0.654297
6.040000	-0.156250	-1.992188
6.045000	1.142578	-2.167969
6.050000	2.563477	-1.401367
6.055000	3.491211	-0.263672
6.060000	3.666992	0.751953
6.065000	3.168945	1.313477
6.070000	2.304688	1.376953
6.075000	1.386719	1.074219
6.080000	0.678711	0.620117
6.085000	0.258789	0.224609
6.090000	0.097656	0.004883
6.095000	0.083008	-0.009766
6.100000	0.087891	0.107422
6.105000	0.004883	0.283203
6.110000	-0.170898	0.253906
6.115000	-0.332031	-0.278320
6.120000	-0.146484	-0.947266
6.125000	0.468750	-1.020508
6.130000	1.132812	-0.581055
6.135000	1.508789	0.053711
6.140000	1.469727	0.600586
6.145000	1.079102	0.898438
6.150000	0.478516	0.927734
6.155000	-0.136719	0.654297
6.160000	-0.556641	-0.410156
6.165000	-0.273438	-1.801758
6.170000	0.903320	-2.138672
6.175000	2.304688	-1.494141
6.180000	3.291016	-0.400391
6.185000	3.559570	0.625000
6.190000	3.144531	1.240234
6.195000	2.333984	1.362305
6.200000	1.420898	1.108398
6.205000	0.683594	0.673828
6.210000	0.224609	0.273438
6.215000	0.034180	0.029297
6.220000	0.004883	-0.014648
6.225000	0.004883	0.092773
6.230000	-0.058594	0.214844
6.235000	-0.200195	0.087891
6.240000	-0.249023	-0.390625
6.245000	0.004883	-0.732422
6.250000	0.483398	-0.600586
6.255000	0.874023	-0.166016
6.260000	0.981445	0.317383
6.265000	0.766602	0.673828
6.270000	0.317383	0.810547
6.275000	-0.224609	0.595703
6.280000	-0.600586	-0.556641
6.285000	-0.219727	-1.948242
6.290000	1.054688	-2.207031
6.295000	2.500000	-1.484375
6.300000	3.486328	-0.341797
6.305000	3.715820	0.693359
6.310000	3.256836	1.298828
6.315000	2.397461	1.396484
6.320000	1.464844	1.103516
6.325000	0.737305	0.649414
6.330000	0.297852	0.244141
6.335000	0.122070	0.009766
6.340000	0.107422	-0.019531
6.345000	0.112305	0.097656
6.350000	0.048828	0.268555
6.355000	-0.136719	0.312500
6.360000	-0.332031	-0.146484
6.365000	-0.229492	-0.903320
6.370000	0.351562	-1.118164
6.375000	1.083984	-0.747070
6.380000	1.567383	-0.097656
6.385000	1.630859	0.512695
6.390000	1.293945	0.883789
6.395000	0.712891	0.957031
6.400000	0.068359	0.800781
6.405000	-0.454102	0.039062
6.410000	-0.458984	-1.391602
6.415000	0.449219	-2.104492
6.420000	1.826172	-1.733398
6.425000	2.963867	-0.742188
6.430000	3.457031	0.327148
6.435000	3.247070	1.079102
6.440000	2.529297	1.352539
6.445000	1.630859	1.201172
6.450000	0.834961	0.810547
6.455000	0.292969	0.385742
6.460000	0.024414	0.092773
6.465000	-0.048828	-0.058594
6.470000	-0.009766	-0.073242
6.475000	0.029297	0.068359
6.480000	-0.024414	0.258789
6.485000	-0.195312	0.200195
6.490000	-0.322266	-0.332031
6.495000	-0.092773	-0.913086
6.500000	0.502930	-0.913086
6.505000	1.093750	-0.454102
6.510000	1.386719	0.141602
6.515000	1.289062	0.634766
6.520000	0.869141	0.888672
6.525000	0.283203	0.878906
6.530000	-0.302734	0.458984
6.535000	-0.585938	-0.859375
6.540000	-0.009766	-2.060547
6.545000	1.333008	-2.080078
6.550000	2.705078	-1.240234
6.555000	3.520508	-0.097656
6.560000	3.593750	0.854492
6.565000	3.032227	1.337891
6.570000	2.143555	1.342773
6.575000	1.250000	1.005859
6.580000	0.581055	0.556641
6.585000	0.200195	0.180664
6.590000	0.068359	-0.009766
6.595000	0.063477	-0.004883
6.600000	0.053711	0.131836
6.605000	-0.034180	0.288086
6.610000	-0.219727	0.151367
6.615000	-0.312500	-0.449219
6.620000	-0.019531	-0.961914
6.625000	0.605469	-0.869141
6.630000	1.171875	-0.375977
6.635000	1.411133	0.229492
6.640000	1.254883	0.693359
6.645000	0.805664	0.903320
6.650000	0.200195	0.864258
6.655000	-0.366211	0.332031
6.660000	-0.566406	-1.069336
6.665000	0.141602	-2.128906
6.670000	1.528320	-2.001953
6.675000	2.846680	-1.093750
6.680000	3.574219	0.048828
6.685000	3.540039	0.947266
6.690000	2.919922	1.362305
6.695000	2.011719	1.308594
6.700000	1.142578	0.947266
6.705000	0.507812	0.498047
6.710000	0.166016	0.146484
6.715000	0.058594	-0.014648
6.720000	0.058594	0.009766
6.725000	0.048828	0.151367
6.730000	-0.058594	0.288086
6.735000	-0.244141	0.078125
6.740000	-0.292969	-0.551758
6.745000	0.068359	-0.966797
6.750000	0.698242	-0.791016
6.755000	1.215820	-0.263672
6.760000	1.381836	0.317383
6.765000	1.171875	0.742188
6.770000	0.678711	0.903320
6.775000	0.073242	0.820312
6.780000	-0.458984	0.102539
6.785000	-0.512695	-1.372070
6.790000	0.390625	-2.202148
6.795000	1.831055	-1.875000
6.800000	3.066406	-0.869141
6.805000	3.642578	0.258789
6.810000	3.471680	1.079102
6.815000	2.758789	1.396484
6.820000	1.835938	1.254883
6.825000	1.000977	0.854492
6.830000	0.424805	0.419922
6.835000	0.141602	0.097656
6.840000	0.068359	-0.024414
6.845000	0.073242	0.029297
6.850000	0.048828	0.185547
6.855000	-0.083008	0.302734
6.860000	-0.283203	0.014648
6.865000	-0.278320	-0.664062
6.870000	0.151367	-1.015625
6.875000	0.815430	-0.771484
6.880000	1.313477	-0.205078
6.885000	1.450195	0.385742
6.890000	1.196289	0.791016
6.895000	0.668945	0.927734
6.900000	0.053711	0.805664
6.905000	-0.473633	0.048828
6.910000	-0.483398	-1.425781
6.915000	0.449219	-2.192383
6.920000	1.879883	-1.816406
6.925000	3.076172	-0.800781
6.930000	3.608398	0.312500
6.935000	3.408203	1.098633
6.940000	2.675781	1.386719
6.945000	1.762695	1.240234
6.950000	0.942383	0.830078
6.955000	0.380859	0.395508
6.960000	0.107422	0.087891
6.965000	0.043945	-0.019531
6.970000	0.048828	0.039062
6.975000	0.019531	0.200195
6.980000	-0.117188	0.263672
6.985000	-0.283203	-0.087891
6.990000	-0.219727	-0.712891
6.995000	0.244141	-0.913086
7.000000	0.839844	-0.605469
7.005000	1.235352	-0.048828
7.010000	1.254883	0.478516
7.015000	0.942383	0.805664
7.020000	0.405273	0.878906
7.025000	-0.175781	0.634766
7.030000	-0.581055	-0.483398
7.035000	-0.244141	-1.884766
7.040000	0.986328	-2.187500
7.045000	2.421875	-1.503906
7.050000	3.413086	-0.380859
7.055000	3.662109	0.654297
7.060000	3.232422	1.269531
7.065000	2.397461	1.376953
7.070000	1.474609	1.108398
7.075000	0.742188	0.664062
7.080000	0.292969	0.258789
7.085000	0.112305	0.019531
7.090000	0.087891	-0.019531
7.095000	0.097656	0.092773
7.100000	0.029297	0.263672
7.105000	-0.146484	0.288086
7.110000	-0.322266	-0.180664
7.115000	-0.200195	-0.893555
7.120000	0.375977	-1.054688
7.125000	1.064453	-0.673828
7.130000	1.499023	-0.043945
7.135000	1.523438	0.537109
7.140000	1.171875	0.874023
7.145000	0.590820	0.932617
7.150000	-0.034180	0.737305
7.155000	-0.512695	-0.161133
7.160000	-0.385742	-1.606445
7.165000	0.659180	-2.138672
7.170000	2.060547	-1.630859
7.175000	3.129883	-0.585938
7.180000	3.525391	0.468750
7.185000	3.208008	1.166992
7.190000	2.446289	1.362305
7.195000	1.538086	1.162109
7.200000	0.771484	0.747070
7.205000	0.263672	0.332031
7.210000	0.029297	0.063477
7.215000	-0.014648	-0.024414
7.220000	-0.009766	0.029297
7.225000	-0.039062	0.156250
7.230000	-0.141602	0.131836
7.235000	-0.229492	-0.205078
7.240000	-0.092773	-0.576172
7.245000	0.278320	-0.551758
7.250000	0.634766	-0.209961
7.255000	0.766602	0.229492
7.260000	0.615234	0.581055
7.265000	0.224609	0.747070
7.270000	-0.273438	0.522461
7.275000	-0.595703	-0.664062
7.280000	-0.146484	-1.972656
7.285000	1.142578	-2.133789
7.290000	2.529297	-1.362305
7.295000	3.437500	-0.239258
7.300000	3.598633	0.756836
7.305000	3.100586	1.303711
7.310000	2.236328	1.362305
7.315000	1.333008	1.054688
7.320000	0.629883	0.610352
7.325000	0.219727	0.219727
7.330000	0.058594	0.009766
7.335000	0.048828	-0.009766
7.340000	0.048828	0.107422
7.345000	-0.034180	0.263672
7.350000	-0.209961	0.151367
7.355000	-0.302734	-0.400391
7.360000	-0.029297	-0.893555
7.365000	0.546875	-0.815430
7.370000	1.079102	-0.346680
7.375000	1.298828	0.224609
7.380000	1.157227	0.673828
7.385000	0.703125	0.878906
7.390000	0.117188	0.834961
7.395000	-0.429688	0.214844
7.400000	-0.546875	-1.250000
7.405000	0.278320	-2.197266
7.410000	1.708984	-1.958008
7.415000	2.998047	-0.981445
7.420000	3.652344	0.166016
7.425000	3.540039	1.025391
7.430000	2.861328	1.391602
7.435000	1.943359	1.289062
7.440000	1.083984	0.903320
7.445000	0.478516	0.454102
7.450000	0.170898	0.117188
7.455000	0.078125	-0.024414
7.460000	0.087891	0.014648
7.465000	0.068359	0.175781
7.470000	-0.048828	0.317383
7.475000	-0.253906	0.117188
7.480000	-0.322266	-0.566406
7.485000	0.048828	-1.049805
7.490000	0.737305	-0.898438
7.495000	1.313477	-0.351562
7.500000	1.547852	0.278320
7.505000	1.357422	0.742188
7.510000	0.874023	0.937500
7.515000	0.244141	0.874023
7.520000	-0.332031	0.375977
7.525000	-0.561523	-0.981445
7.530000	0.087891	-2.065430
7.535000	1.435547	-1.987305
7.540000	2.739258	-1.113281
7.545000	3.476562	0.009766
7.550000	3.466797	0.913086
7.555000	2.866211	1.342773
7.560000	1.977539	1.303711
7.565000	1.113281	0.957031
7.570000	0.473633	0.517578
7.575000	0.117188	0.161133
7.580000	0.000000	-0.004883
7.585000	-0.004883	0.014648
7.590000	-0.019531	0.141602
7.595000	-0.112305	0.175781
7.600000	-0.229492	-0.092773
7.605000	-0.161133	-0.541992
7.610000	0.185547	-0.634766
7.615000	0.600586	-0.351562
7.620000	0.825195	0.102539
7.625000	0.756836	0.507812
7.630000	0.419922	0.742188
7.635000	-0.078125	0.717773
7.640000	-0.541992	-0.117188
7.645000	-0.439453	-1.606445
7.650000	0.610352	-2.231445
7.655000	2.070312	-1.757812
7.660000	3.227539	-0.683594
7.665000	3.686523	0.424805
7.670000	3.403320	1.171875
7.675000	2.626953	1.406250
7.680000	1.694336	1.210938
7.685000	0.888672	0.786133
7.690000	0.361328	0.351562
7.695000	0.117188	0.058594
7.700000	0.068359	-0.029297
7.705000	0.073242	0.048828
7.710000	0.029297	0.219727
7.715000	-0.112305	0.297852
7.720000	-0.302734	-0.073242
7.725000	-0.244141	-0.766602
7.730000	0.249023	-1.025391
7.735000	0.922852	-0.708008
7.740000	1.376953	-0.117188
7.745000	1.450195	0.458984
7.750000	1.152344	0.825195
7.755000	0.600586	0.927734
7.760000	-0.014648	0.761719
7.765000	-0.507812	-0.107422
7.770000	-0.419922	-1.577148
7.775000	0.605469	-2.182617
7.780000	2.036133	-1.699219
7.785000	3.159180	-0.654297
7.790000	3.593750	0.429688
7.795000	3.310547	1.152344
7.800000	2.548828	1.376953
7.805000	1.635742	1.186523
7.810000	0.849609	0.771484
7.815000	0.332031	0.346680
7.820000	0.087891	0.063477
7.825000	0.029297	-0.019531
7.830000	0.039062	0.058594
7.835000	-0.004883	0.219727
7.840000	-0.151367	0.219727
7.845000	-0.288086	-0.195312
7.850000	-0.156250	-0.771484
7.855000	0.346680	-0.849609
7.860000	0.898438	-0.473633
7.865000	1.201172	0.078125
7.870000	1.152344	0.561523
7.875000	0.776367	0.830078
7.880000	0.229492	0.849609
7.885000	-0.336914	0.415039
7.890000	-0.590820	-0.947266
7.895000	0.039062	-2.114258
7.900000	1.420898	-2.089844
7.905000	2.792969	-1.215820
7.910000	3.598633	-0.053711
7.915000	3.637695	0.888672
7.920000	3.046875	1.357422
7.925000	2.148438	1.342773
7.930000	1.254883	0.991211
7.935000	0.595703	0.537109
7.940000	0.224609	0.170898
7.945000	0.107422	-0.009766
7.950000	0.107422	-0.004883
7.955000	0.102539	0.136719
7.960000	0.000000	0.307617
7.965000	-0.200195	0.239258
7.970000	-0.341797	-0.356445
7.975000	-0.102539	-1.020508
7.980000	0.556641	-1.040039
7.985000	1.235352	-0.561523
7.990000	1.601562	0.092773
7.995000	1.538086	0.639648
8.000000	1.113281	0.927734
8.005000	0.498047	0.927734
8.010000	-0.126953	0.654297
8.015000	-0.546875	-0.390625
8.020000	-0.273438	-1.757812
8.025000	0.878906	-2.099609
8.030000	2.250977	-1.464844
8.035000	3.222656	-0.395508
8.040000	3.481445	0.615234
8.045000	3.081055	1.225586
8.050000	2.270508	1.347656
8.055000	1.372070	1.093750
8.060000	0.644531	0.673828
8.065000	0.190430	0.273438
8.070000	-0.004883	0.034180
8.075000	-0.034180	-0.053711
8.080000	-0.009766	0.000000
8.085000	-0.009766	0.161133
8.090000	-0.126953	0.219727
8.095000	-0.258789	-0.097656
8.100000	-0.185547	-0.634766
8.105000	0.224609	-0.776367
8.110000	0.727539	-0.468750
8.115000	1.035156	0.029297
8.120000	1.005859	0.498047
8.125000	0.673828	0.771484
8.130000	0.156250	0.825195
8.135000	-0.385742	0.332031
8.140000	-0.590820	-1.083984
8.145000	0.126953	-2.177734
8.150000	1.547852	-2.060547
8.155000	2.905273	-1.137695
8.160000	3.657227	0.029297
8.165000	3.637695	0.952148
8.170000	3.012695	1.386719
8.175000	2.094727	1.328125
8.180000	1.215820	0.961914
8.185000	0.566406	0.507812
8.190000	0.224609	0.146484
8.195000	0.112305	-0.014648
8.200000	0.122070	0.000000
8.205000	0.107422	0.146484
8.210000	0.009766	0.322266
8.215000	-0.205078	0.239258
8.220000	-0.356445	-0.380859
8.225000	-0.097656	-1.059570
8.230000	0.585938	-1.074219
8.235000	1.279297	-0.581055
8.240000	1.660156	0.092773
8.245000	1.596680	0.649414
8.250000	1.171875	0.942383
8.255000	0.541992	0.947266
8.260000	-0.087891	0.683594
8.265000	-0.527344	-0.317383
8.270000	-0.302734	-1.699219
8.275000	0.800781	-2.084961
8.280000	2.167969	-1.489258
8.285000	3.149414	-0.439453
8.290000	3.447266	0.571289
8.295000	3.071289	1.201172
8.300000	2.275391	1.347656
8.305000	1.376953	1.108398
8.310000	0.639648	0.688477
8.315000	0.175781	0.292969
8.320000	-0.029297	0.034180
8.325000	-0.058594	-0.117188
8.330000	0.014648	-0.102539
8.335000	0.073242	0.068359
8.340000	0.019531	0.297852
8.345000	-0.175781	0.307617
8.350000	-0.371094	-0.258789
8.355000	-0.190430	-1.054688
8.360000	0.493164	-1.196289
8.365000	1.264648	-0.747070
8.370000	1.757812	-0.048828
8.375000	1.787109	0.581055
8.380000	1.406250	0.942383
8.385000	0.781250	0.991211
8.390000	0.117188	0.805664
8.395000	-0.410156	0.102539
8.400000	-0.463867	-1.264648
8.405000	0.366211	-2.016602
8.410000	1.679688	-1.694336
8.415000	2.797852	-0.756836
8.420000	3.300781	0.283203
8.425000	3.110352	1.035156
8.430000	2.431641	1.318359
8.435000	1.552734	1.191406
8.440000	0.761719	0.820312
8.445000	0.214844	0.410156
8.450000	-0.068359	0.073242
8.455000	-0.122070	-0.258789
8.460000	0.048828	-0.380859
8.465000	0.292969	-0.200195
8.470000	0.419922	0.126953
8.475000	0.327148	0.439453
8.480000	0.034180	0.615234
8.485000	-0.366211	0.258789
8.490000	-0.517578	-0.937500
8.495000	0.097656	-1.875000
8.500000	1.318359	-1.752930
8.505000	2.470703	-0.932617
8.510000	3.085938	0.092773
8.515000	3.022461	0.898438
8.520000	2.436523	1.269531
8.525000	1.586914	1.215820
8.530000	0.786133	0.883789
8.535000	0.190430	0.483398
8.540000	-0.136719	0.063477
8.545000	-0.180664	-0.478516
8.550000	0.126953	-0.703125
8.555000	0.581055	-0.478516
8.560000	0.888672	-0.024414
8.565000	0.908203	0.424805
8.570000	0.620117	0.717773
8.575000	0.136719	0.800781
8.580000	-0.385742	0.341797
8.585000	-0.590820	-1.054688
8.590000	0.107422	-2.153320
8.595000	1.513672	-2.050781
8.600000	2.861328	-1.137695
8.605000	3.613281	0.019531
8.610000	3.608398	0.942383
8.615000	2.978516	1.381836
8.620000	2.065430	1.333008
8.625000	1.181641	0.971680
8.630000	0.532227	0.517578
8.635000	0.175781	0.151367
8.640000	0.068359	-0.009766
8.645000	0.068359	0.000000
8.650000	0.058594	0.151367
8.655000	-0.048828	0.302734
8.660000	-0.244141	0.117188
8.665000	-0.312500	-0.517578
8.670000	0.024414	-0.991211
8.675000	0.673828	-0.859375
8.680000	1.240234	-0.336914
8.685000	1.450195	0.273438
8.690000	1.264648	0.727539
8.695000	0.791016	0.927734
8.700000	0.170898	0.859375
8.705000	-0.390625	0.278320
8.710000	-0.556641	-1.152344
8.715000	0.200195	-2.158203
8.720000	1.606445	-1.977539
8.725000	2.905273	-1.040039
8.730000	3.598633	0.107422
8.735000	3.525391	0.986328
8.740000	2.871094	1.376953
8.745000	1.958008	1.303711
8.750000	1.093750	0.932617
8.755000	0.468750	0.478516
8.760000	0.136719	0.136719
8.765000	0.039062	-0.014648
8.770000	0.043945	0.019531
8.775000	0.024414	0.166016
8.780000	-0.087891	0.268555
8.785000	-0.263672	0.000000
8.790000	-0.253906	-0.620117
8.795000	0.146484	-0.913086
8.800000	0.737305	-0.668945
8.805000	1.181641	-0.136719
8.810000	1.259766	0.410156
8.815000	0.996094	0.771484
8.820000	0.478516	0.888672
8.825000	-0.112305	0.712891
8.830000	-0.566406	-0.297852
8.835000	-0.346680	-1.782227
8.840000	0.815430	-2.246094
8.845000	2.280273	-1.645508
8.850000	3.364258	-0.532227
8.855000	3.725586	0.556641
8.860000	3.354492	1.240234
8.865000	2.529297	1.411133
8.870000	1.596680	1.171875
8.875000	0.820312	0.732422
8.880000	0.327148	0.302734
8.885000	0.107422	0.034180
8.890000	0.078125	-0.024414
8.895000	0.087891	0.068359
8.900000	0.034180	0.244141
8.905000	-0.126953	0.297852
8.910000	-0.322266	-0.122070
8.915000	-0.229492	-0.839844
8.920000	0.317383	-1.049805
8.925000	1.000977	-0.703125
8.930000	1.455078	-0.083008
8.935000	1.508789	0.502930
8.940000	1.181641	0.864258
8.945000	0.605469	0.937500
8.950000	-0.024414	0.761719
8.955000	-0.517578	-0.141602
8.960000	-0.405273	-1.621094
8.965000	0.649414	-2.192383
8.970000	2.080078	-1.684570
8.975000	3.193359	-0.625000
8.980000	3.613281	0.458984
8.985000	3.310547	1.176758
8.990000	2.529297	1.396484
8.995000	1.606445	1.191406
9.000000	0.815430	0.766602
9.005000	0.297852	0.341797
9.010000	0.058594	0.063477
9.015000	0.004883	-0.014648
9.020000	0.009766	0.068359
9.025000	-0.034180	0.205078
9.030000	-0.170898	0.151367
9.035000	-0.263672	-0.283203
9.040000	-0.078125	-0.722656
9.045000	0.390625	-0.683594
9.050000	0.839844	-0.283203
9.055000	1.015625	0.224609
9.060000	0.869141	0.620117
9.065000	0.454102	0.815430
9.070000	-0.092773	0.732422
9.075000	-0.561523	-0.200195
9.080000	-0.410156	-1.718750
9.085000	0.712891	-2.280273
9.090000	2.207031	-1.743164
9.095000	3.354492	-0.634766
9.100000	3.764648	0.483398
9.105000	3.457031	1.220703
9.110000	2.646484	1.430664
9.115000	1.699219	1.210938
9.120000	0.898438	0.771484
9.125000	0.375977	0.332031
9.130000	0.146484	0.048828
9.135000	0.102539	-0.029297
9.140000	0.112305	0.058594
9.145000	0.068359	0.229492
9.150000	-0.087891	0.336914
9.155000	-0.302734	0.004883
9.160000	-0.297852	-0.761719
9.165000	0.195312	-1.142578
9.170000	0.937500	-0.869141
9.175000	1.503906	-0.253906
9.180000	1.665039	0.390625
9.185000	1.406250	0.830078
9.190000	0.859375	0.976562
9.195000	0.209961	0.869141
9.200000	-0.366211	0.297852
9.205000	-0.541992	-1.088867
9.210000	0.175781	-2.070312
9.215000	1.528320	-1.904297
9.220000	2.783203	-1.000977
9.225000	3.447266	0.107422
9.230000	3.378906	0.966797
9.235000	2.739258	1.352539
9.240000	1.840820	1.279297
9.245000	0.991211	0.922852
9.250000	0.371094	0.488281
9.255000	0.034180	0.146484
9.260000	-0.068359	-0.083008
9.265000	-0.019531	-0.170898
9.270000	0.078125	-0.053711
9.275000	0.112305	0.175781
9.280000	-0.004883	0.390625
9.285000	-0.258789	0.249023
9.290000	-0.410156	-0.541992
9.295000	-0.048828	-1.293945
9.300000	0.800781	-1.259766
9.305000	1.625977	-0.678711
9.310000	2.070312	0.097656
9.315000	2.006836	0.727539
9.320000	1.523438	1.035156
9.325000	0.839844	1.015625
9.330000	0.156250	0.781250
9.335000	-0.361328	0.131836
9.340000	-0.429688	-1.127930
9.345000	0.302734	-1.816406
9.350000	1.489258	-1.533203
9.355000	2.500000	-0.678711
9.360000	2.949219	0.283203
9.365000	2.758789	0.976562
9.370000	2.119141	1.240234
9.375000	1.289062	1.132812
9.380000	0.537109	0.791016
9.385000	0.004883	0.400391
9.390000	-0.258789	-0.200195
9.395000	-0.122070	-0.839844
9.400000	0.419922	-0.917969
9.405000	1.015625	-0.517578
9.410000	1.352539	0.063477
9.415000	1.303711	0.576172
9.420000	0.922852	0.859375
9.425000	0.351562	0.883789
9.430000	-0.239258	0.556641
9.435000	-0.585938	-0.654297
9.440000	-0.141602	-1.962891
9.445000	1.142578	-2.128906
9.450000	2.529297	-1.367188
9.455000	3.437500	-0.239258
9.460000	3.598633	0.751953
9.465000	3.105469	1.298828
9.470000	2.241211	1.357422
9.475000	1.333008	1.054688
9.480000	0.629883	0.610352
9.485000	0.214844	0.224609
9.490000	0.058594	0.009766
9.495000	0.039062	-0.009766
9.500000	0.039062	0.112305
9.505000	-0.043945	0.263672
9.510000	-0.209961	0.136719
9.515000	-0.292969	-0.415039
9.520000	-0.014648	-0.883789
9.525000	0.556641	-0.791016
9.530000	1.074219	-0.317383
9.535000	1.274414	0.249023
9.540000	1.113281	0.688477
9.545000	0.654297	0.878906
9.550000	0.068359	0.820312
9.555000	-0.463867	0.122070
9.560000	-0.522461	-1.376953
9.565000	0.380859	-2.236328
9.570000	1.840820	-1.918945
9.575000	3.105469	-0.903320
9.580000	3.701172	0.244141
9.585000	3.544922	1.083984
9.590000	2.822266	1.411133
9.595000	1.884766	1.284180
9.600000	1.035156	0.883789
9.605000	0.439453	0.429688
9.610000	0.141602	0.107422
9.615000	0.058594	-0.019531
9.620000	0.068359	0.029297
9.625000	0.034180	0.190430
9.630000	-0.092773	0.292969
9.635000	-0.283203	-0.009766
9.640000	-0.263672	-0.683594
9.645000	0.180664	-0.996094
9.650000	0.825195	-0.727539
9.655000	1.298828	-0.156250
9.660000	1.401367	0.429688
9.665000	1.123047	0.810547
9.670000	0.581055	0.927734
9.675000	-0.043945	0.781250
9.680000	-0.541992	-0.146484
9.685000	-0.424805	-1.684570
9.690000	0.673828	-2.285156
9.695000	2.167969	-1.767578
9.700000	3.334961	-0.659180
9.705000	3.764648	0.468750
9.710000	3.466797	1.220703
9.715000	2.651367	1.445312
9.720000	1.699219	1.240234
9.725000	0.878906	0.795898
9.730000	0.336914	0.351562
9.735000	0.097656	0.063477
9.740000	0.048828	-0.024414
9.745000	0.053711	0.058594
9.750000	0.009766	0.229492
9.755000	-0.141602	0.258789
9.760000	-0.307617	-0.156250
9.765000	-0.195312	-0.815430
9.770000	0.327148	-0.957031
9.775000	0.961914	-0.590820
9.780000	1.333008	0.004883
9.785000	1.328125	0.546875
9.790000	0.961914	0.864258
9.795000	0.390625	0.922852
9.800000	-0.219727	0.620117
9.805000	-0.610352	-0.610352
9.810000	-0.195312	-2.026367
9.815000	1.127930	-2.250977
9.820000	2.597656	-1.489258
9.825000	3.583984	-0.312500
9.830000	3.784180	0.747070
9.835000	3.300781	1.347656
9.840000	2.412109	1.430664
9.845000	1.459961	1.127930
9.850000	0.712891	0.659180
9.855000	0.263672	0.244141
9.860000	0.092773	0.009766
9.865000	0.078125	-0.014648
9.870000	0.083008	0.102539
9.875000	0.009766	0.283203
9.880000	-0.175781	0.263672
9.885000	-0.341797	-0.273438
9.890000	-0.156250	-0.957031
9.895000	0.463867	-1.035156
9.900000	1.142578	-0.595703
9.905000	1.523438	0.048828
9.910000	1.489258	0.610352
9.915000	1.088867	0.927734
9.920000	0.473633	0.942383
9.925000	-0.161133	0.668945
9.930000	-0.581055	-0.468750
9.935000	-0.258789	-1.899414
9.940000	0.981445	-2.216797
9.945000	2.441406	-1.528320
9.950000	3.442383	-0.390625
9.955000	3.706055	0.673828
9.960000	3.256836	1.298828
9.965000	2.402344	1.416016
9.970000	1.455078	1.142578
9.975000	0.698242	0.688477
9.980000	0.234375	0.273438
9.985000	0.043945	0.029297
9.990000	0.014648	-0.014648
9.995000	0.019531	0.097656
10.000000	-0.048828	0.234375
