# Time_s	x	xdot
0.000000	0.278320	0.185547
0.005000	0.146484	-0.034180
0.010000	0.156250	-0.048828
0.015000	0.180664	0.087891
0.020000	0.117188	0.288086
0.025000	-0.078125	0.400391
0.030000	-0.332031	0.019531
0.035000	-0.336914	-0.864258
0.040000	0.224609	-1.323242
0.045000	1.093750	-1.059570
0.050000	1.782227	-0.371094
0.055000	2.021484	0.371094
0.060000	1.777344	0.883789
0.065000	1.201172	1.064453
0.070000	0.493164	0.947266
0.075000	-0.141602	0.571289
0.080000	-0.502930	-0.502930
0.085000	-0.161133	-1.713867
0.090000	0.952148	-1.904297
0.095000	2.197266	-1.245117
0.100000	3.022461	-0.219727
0.105000	3.168945	0.698242
0.110000	2.700195	1.230469
0.115000	1.889648	1.289062
0.120000	1.035156	1.015625
0.125000	0.356445	0.600586
0.130000	-0.048828	0.200195
0.135000	-0.185547	-0.292969
0.140000	0.009766	-0.615234
0.145000	0.410156	-0.507812
0.150000	0.732422	-0.122070
0.155000	0.810547	0.317383
0.160000	0.600586	0.644531
0.165000	0.166016	0.771484
0.170000	-0.346680	0.415039
0.175000	-0.595703	-0.908203
0.180000	0.004883	-2.104492
0.185000	1.381836	-2.114258
0.190000	2.763672	-1.245117
0.195000	3.588867	-0.078125
0.200000	3.642578	0.893555
0.205000	3.051758	1.381836
0.210000	2.143555	1.372070
0.215000	1.235352	1.010742
0.220000	0.551758	0.537109
0.225000	0.185547	0.151367
0.230000	0.068359	-0.039062
0.235000	0.087891	-0.024414
0.240000	0.102539	0.117188
0.245000	0.014648	0.307617
0.250000	-0.185547	0.273438
0.255000	-0.356445	-0.312500
0.260000	-0.141602	-1.040039
0.265000	0.532227	-1.118164
0.270000	1.250000	-0.654297
0.275000	1.684570	0.029297
0.280000	1.660156	0.625000
0.285000	1.250000	0.947266
0.290000	0.620117	0.971680
0.295000	-0.029297	0.737305
0.300000	-0.507812	-0.190430
0.305000	-0.366211	-1.621094
0.310000	0.688477	-2.138672
0.315000	2.089844	-1.616211
0.320000	3.154297	-0.561523
0.325000	3.530273	0.507812
0.330000	3.193359	1.196289
0.335000	2.407227	1.386719
0.340000	1.484375	1.166992
0.345000	0.708008	0.737305
0.350000	0.214844	0.307617
0.355000	-0.004883	0.024414
0.360000	-0.029297	-0.087891
0.365000	0.019531	-0.019531
0.370000	0.029297	0.156250
0.375000	-0.083008	0.297852
0.380000	-0.273438	0.039062
0.385000	-0.288086	-0.644531
0.390000	0.131836	-1.025391
0.395000	0.795898	-0.805664
0.400000	1.318359	-0.239258
0.405000	1.474609	0.366211
0.410000	1.235352	0.791016
0.415000	0.708008	0.937500
0.420000	0.078125	0.834961
0.425000	-0.458984	0.102539
0.430000	-0.507812	-1.401367
0.435000	0.415039	-2.231445
0.440000	1.875000	-1.899414
0.445000	3.125000	-0.878906
0.450000	3.706055	0.278320
0.455000	3.525391	1.113281
0.460000	2.788086	1.430664
0.465000	1.840820	1.279297
0.470000	0.991211	0.864258
0.475000	0.410156	0.400391
0.480000	0.136719	0.063477
0.485000	0.078125	-0.053711
0.490000	0.107422	0.004883
0.495000	0.097656	0.180664
0.500000	-0.029297	0.346680
0.505000	-0.253906	0.170898
0.510000	-0.356445	-0.556641
0.515000	0.009766	-1.157227
0.520000	0.761719	-1.054688
0.525000	1.450195	-0.488281
0.530000	1.767578	0.209961
0.535000	1.630859	0.747070
0.540000	1.142578	0.996094
0.545000	0.478516	0.947266
0.550000	-0.156250	0.610352
0.555000	-0.546875	-0.507812
0.560000	-0.195312	-1.826172
0.565000	0.996094	-2.065430
0.570000	2.353516	-1.381836
0.575000	3.261719	-0.297852
0.580000	3.461914	0.698242
0.585000	3.002930	1.274414
0.590000	2.163086	1.357422
0.595000	1.254883	1.074219
0.600000	0.541992	0.625000
0.605000	0.117188	0.229492
0.610000	-0.048828	-0.024414
0.615000	-0.034180	-0.156250
0.620000	0.058594	-0.073242
0.625000	0.097656	0.136719
0.630000	0.004883	0.361328
0.635000	-0.229492	0.268555
0.640000	-0.400391	-0.444336
0.645000	-0.092773	-1.220703
0.650000	0.698242	-1.250000
0.655000	1.508789	-0.708008
0.660000	1.972656	0.053711
0.665000	1.938477	0.693359
0.670000	1.479492	1.020508
0.675000	0.805664	1.025391
0.680000	0.122070	0.795898
0.685000	-0.400391	0.068359
0.690000	-0.434570	-1.264648
0.695000	0.400391	-1.958008
0.700000	1.674805	-1.616211
0.705000	2.739258	-0.688477
0.710000	3.188477	0.332031
0.715000	2.978516	1.049805
0.720000	2.285156	1.313477
0.725000	1.406250	1.171875
0.730000	0.629883	0.786133
0.735000	0.097656	0.375977
0.740000	-0.156250	-0.058594
0.745000	-0.117188	-0.517578
0.750000	0.214844	-0.595703
0.755000	0.600586	-0.307617
0.760000	0.795898	0.126953
0.765000	0.703125	0.522461
0.770000	0.356445	0.737305
0.775000	-0.131836	0.673828
0.780000	-0.561523	-0.263672
0.785000	-0.366211	-1.738281
0.790000	0.761719	-2.231445
0.795000	2.226562	-1.665039
0.800000	3.325195	-0.566406
0.805000	3.701172	0.537109
0.810000	3.349609	1.240234
0.815000	2.524414	1.425781
0.820000	1.577148	1.191406
0.825000	0.786133	0.737305
0.830000	0.292969	0.292969
0.835000	0.087891	0.019531
0.840000	0.068359	-0.053711
0.845000	0.097656	0.048828
0.850000	0.058594	0.229492
0.855000	-0.097656	0.332031
0.860000	-0.312500	-0.034180
0.865000	-0.278320	-0.805664
0.870000	0.239258	-1.142578
0.875000	0.986328	-0.849609
0.880000	1.538086	-0.214844
0.885000	1.679688	0.429688
0.890000	1.391602	0.854492
0.895000	0.830078	0.986328
0.900000	0.170898	0.854492
0.905000	-0.395508	0.219727
0.910000	-0.522461	-1.206055
0.915000	0.268555	-2.124023
0.920000	1.655273	-1.889648
0.925000	2.905273	-0.947266
0.930000	3.525391	0.180664
0.935000	3.413086	1.030273
0.940000	2.729492	1.386719
0.945000	1.811523	1.279297
0.950000	0.961914	0.893555
0.955000	0.366211	0.439453
0.960000	0.063477	0.102539
0.965000	-0.009766	-0.043945
0.970000	0.009766	0.000000
0.975000	0.000000	0.156250
0.980000	-0.102539	0.244141
0.985000	-0.263672	-0.039062
0.990000	-0.224609	-0.625000
0.995000	0.180664	-0.859375
1.000000	0.737305	-0.590820
1.005000	1.123047	-0.063477
1.010000	1.162109	0.454102
1.015000	0.859375	0.786133
1.020000	0.332031	0.869141
1.025000	-0.244141	0.581055
1.030000	-0.605469	-0.659180
1.035000	-0.156250	-2.045898
1.040000	1.176758	-2.246094
1.045000	2.646484	-1.469727
1.050000	3.623047	-0.288086
1.055000	3.803711	0.766602
1.060000	3.305664	1.362305
1.065000	2.407227	1.425781
1.070000	1.455078	1.108398
1.075000	0.717773	0.625000
1.080000	0.297852	0.205078
1.085000	0.151367	-0.029297
1.090000	0.161133	-0.048828
1.095000	0.190430	0.078125
1.100000	0.131836	0.278320
1.105000	-0.053711	0.410156
1.110000	-0.322266	0.073242
1.115000	-0.356445	-0.805664
1.120000	0.166016	-1.333008
1.125000	1.040039	-1.113281
1.130000	1.762695	-0.439453
1.135000	2.050781	0.312500
1.140000	1.840820	0.859375
1.145000	1.264648	1.064453
1.150000	0.566406	0.966797
1.155000	-0.083008	0.629883
1.160000	-0.488281	-0.361328
1.165000	-0.239258	-1.616211
1.170000	0.815430	-1.914062
1.175000	2.065430	-1.318359
1.180000	2.939453	-0.317383
1.185000	3.149414	0.625000
1.190000	2.734375	1.191406
1.195000	1.953125	1.298828
1.200000	1.093750	1.049805
1.205000	0.390625	0.639648
1.210000	-0.039062	0.234375
1.215000	-0.195312	-0.283203
1.220000	-0.014648	-0.659180
1.225000	0.415039	-0.576172
1.230000	0.786133	-0.185547
1.235000	0.908203	0.283203
1.240000	0.717773	0.639648
1.245000	0.292969	0.791016
1.250000	-0.234375	0.581055
1.255000	-0.600586	-0.576172
1.260000	-0.205078	-1.967773
1.265000	1.083984	-2.221680
1.270000	2.534180	-1.489258
1.275000	3.520508	-0.332031
1.280000	3.735352	0.722656
1.285000	3.266602	1.333008
1.290000	2.387695	1.420898
1.295000	1.435547	1.118164
1.300000	0.693359	0.639648
1.305000	0.263672	0.219727
1.310000	0.107422	-0.014648
1.315000	0.107422	-0.048828
1.320000	0.131836	0.078125
1.325000	0.078125	0.268555
1.330000	-0.102539	0.361328
1.335000	-0.336914	-0.048828
1.340000	-0.288086	-0.888672
1.345000	0.283203	-1.240234
1.350000	1.093750	-0.922852
1.355000	1.694336	-0.249023
1.360000	1.860352	0.439453
1.365000	1.562500	0.893555
1.370000	0.976562	1.020508
1.375000	0.292969	0.888672
1.380000	-0.302734	0.380859
1.385000	-0.527344	-0.922852
1.390000	0.078125	-1.967773
1.395000	1.362305	-1.899414
1.400000	2.612305	-1.059570
1.405000	3.315430	0.029297
1.410000	3.295898	0.908203
1.415000	2.700195	1.323242
1.420000	1.821289	1.284180
1.425000	0.966797	0.937500
1.430000	0.332031	0.493164
1.435000	-0.004883	0.136719
1.440000	-0.102539	-0.166016
1.445000	0.000000	-0.302734
1.450000	0.195312	-0.166016
1.455000	0.297852	0.117188
1.460000	0.219727	0.405273
1.465000	-0.048828	0.551758
1.470000	-0.405273	0.092773
1.475000	-0.444336	-1.088867
1.480000	0.263672	-1.791992
1.485000	1.430664	-1.523438
1.490000	2.436523	-0.673828
1.495000	2.875977	0.278320
1.500000	2.695312	0.976562
1.505000	2.045898	1.250000
1.510000	1.225586	1.137695
1.515000	0.468750	0.786133
1.520000	-0.063477	0.356445
1.525000	-0.292969	-0.356445
1.530000	-0.058594	-1.015625
1.535000	0.600586	-1.015625
1.540000	1.259766	-0.537109
1.545000	1.606445	0.117188
1.550000	1.528320	0.664062
1.555000	1.093750	0.937500
1.560000	0.468750	0.927734
1.565000	-0.156250	0.629883
1.570000	-0.556641	-0.478516
1.575000	-0.224609	-1.840820
1.580000	0.976562	-2.124023
1.585000	2.373047	-1.445312
1.590000	3.330078	-0.341797
1.595000	3.554688	0.673828
1.600000	3.105469	1.279297
1.605000	2.260742	1.381836
1.610000	1.337891	1.098633
1.615000	0.610352	0.649414
1.620000	0.170898	0.239258
1.625000	0.000000	0.000000
1.630000	-0.009766	-0.039062
1.635000	0.014648	0.068359
1.640000	-0.039062	0.229492
1.645000	-0.190430	0.146484
1.650000	-0.283203	-0.346680
1.655000	-0.048828	-0.825195
1.660000	0.478516	-0.766602
1.665000	0.976562	-0.327148
1.670000	1.196289	0.224609
1.675000	1.040039	0.659180
1.680000	0.605469	0.859375
1.685000	0.029297	0.805664
1.690000	-0.498047	0.048828
1.695000	-0.507812	-1.494141
1.700000	0.473633	-2.309570
1.705000	1.977539	-1.923828
1.710000	3.247070	-0.869141
1.715000	3.813477	0.307617
1.720000	3.618164	1.147461
1.725000	2.866211	1.459961
1.730000	1.894531	1.293945
1.735000	1.040039	0.854492
1.740000	0.458984	0.380859
1.745000	0.190430	0.053711
1.750000	0.146484	-0.068359
1.755000	0.185547	0.000000
1.760000	0.175781	0.180664
1.765000	0.048828	0.371094
1.770000	-0.200195	0.317383
1.775000	-0.400391	-0.356445
1.780000	-0.156250	-1.186523
1.785000	0.620117	-1.289062
1.790000	1.459961	-0.791016
1.795000	1.977539	-0.029297
1.800000	1.997070	0.639648
1.805000	1.572266	1.010742
1.810000	0.908203	1.044922
1.815000	0.209961	0.834961
1.820000	-0.346680	0.209961
1.825000	-0.468750	-1.088867
1.830000	0.244141	-1.909180
1.835000	1.489258	-1.689453
1.840000	2.597656	-0.815430
1.845000	3.134766	0.209961
1.850000	2.998047	0.976562
1.855000	2.358398	1.298828
1.860000	1.489258	1.201172
1.865000	0.693359	0.839844
1.870000	0.131836	0.424805
1.875000	-0.161133	-0.019531
1.880000	-0.146484	-0.537109
1.885000	0.200195	-0.668945
1.890000	0.629883	-0.390625
1.895000	0.888672	0.063477
1.900000	0.844727	0.488281
1.905000	0.517578	0.747070
1.910000	0.014648	0.771484
1.915000	-0.483398	0.087891
1.920000	-0.517578	-1.406250
1.925000	0.405273	-2.255859
1.930000	1.875000	-1.923828
1.935000	3.144531	-0.893555
1.940000	3.730469	0.268555
1.945000	3.559570	1.113281
1.950000	2.822266	1.430664
1.955000	1.870117	1.293945
1.960000	1.010742	0.869141
1.965000	0.429688	0.405273
1.970000	0.151367	0.063477
1.975000	0.097656	-0.058594
1.980000	0.126953	0.000000
1.985000	0.122070	0.175781
1.990000	0.000000	0.356445
1.995000	-0.239258	0.224609
2.000000	-0.371094	-0.493164
2.005000	-0.043945	-1.176758
2.010000	0.717773	-1.137695
2.015000	1.455078	-0.581055
2.020000	1.840820	0.136719
2.025000	1.748047	0.717773
2.030000	1.269531	1.000977
2.035000	0.610352	0.981445
2.040000	-0.043945	0.708008
2.045000	-0.498047	-0.244141
2.050000	-0.322266	-1.616211
2.055000	0.732422	-2.060547
2.060000	2.084961	-1.513672
2.065000	3.076172	-0.478516
2.070000	3.393555	0.546875
2.075000	3.037109	1.196289
2.080000	2.246094	1.357422
2.085000	1.342773	1.127930
2.090000	0.595703	0.703125
2.095000	0.122070	0.292969
2.100000	-0.078125	-0.024414
2.105000	-0.068359	-0.273438
2.110000	0.102539	-0.253906
2.115000	0.263672	-0.024414
2.120000	0.273438	0.278320
2.125000	0.087891	0.517578
2.130000	-0.249023	0.405273
2.135000	-0.498047	-0.527344
2.140000	-0.141602	-1.591797
2.145000	0.898438	-1.728516
2.150000	2.026367	-1.083984
2.155000	2.739258	-0.126953
2.160000	2.822266	0.712891
2.165000	2.358398	1.181641
2.170000	1.572266	1.220703
2.175000	0.766602	0.952148
2.180000	0.122070	0.561523
2.185000	-0.249023	-0.024414
2.190000	-0.224609	-0.834961
2.195000	0.307617	-1.123047
2.200000	1.044922	-0.800781
2.205000	1.562500	-0.166016
2.210000	1.669922	0.463867
2.215000	1.362305	0.869141
2.220000	0.791016	0.976562
2.225000	0.141602	0.839844
2.230000	-0.410156	0.166016
2.235000	-0.498047	-1.259766
2.240000	0.327148	-2.109375
2.245000	1.708984	-1.840820
2.250000	2.915039	-0.878906
2.255000	3.496094	0.234375
2.260000	3.344727	1.049805
2.265000	2.646484	1.381836
2.270000	1.733398	1.259766
2.275000	0.898438	0.869141
2.280000	0.312500	0.415039
2.285000	0.024414	0.092773
2.290000	-0.039062	-0.073242
2.295000	0.000000	-0.068359
2.300000	0.043945	0.087891
2.305000	-0.019531	0.283203
2.310000	-0.205078	0.214844
2.315000	-0.336914	-0.375977
2.320000	-0.083008	-1.000977
2.325000	0.561523	-0.996094
2.330000	1.220703	-0.512695
2.335000	1.547852	0.131836
2.340000	1.459961	0.664062
2.345000	1.020508	0.932617
2.350000	0.395508	0.927734
2.355000	-0.219727	0.576172
2.360000	-0.576172	-0.644531
2.365000	-0.141602	-1.967773
2.370000	1.147461	-2.153320
2.375000	2.553711	-1.391602
2.380000	3.471680	-0.249023
2.385000	3.642578	0.761719
2.390000	3.134766	1.333008
2.395000	2.255859	1.391602
2.400000	1.328125	1.079102
2.405000	0.615234	0.615234
2.410000	0.200195	0.205078
2.415000	0.053711	-0.014648
2.420000	0.058594	-0.034180
2.425000	0.078125	0.092773
2.430000	0.009766	0.278320
2.435000	-0.170898	0.258789
2.440000	-0.341797	-0.278320
2.445000	-0.146484	-0.961914
2.450000	0.473633	-1.044922
2.455000	1.162109	-0.610352
2.460000	1.552734	0.039062
2.465000	1.523438	0.610352
2.470000	1.127930	0.922852
2.475000	0.517578	0.947266
2.480000	-0.117188	0.683594
2.485000	-0.556641	-0.375977
2.490000	-0.288086	-1.806641
2.495000	0.888672	-2.187500
2.500000	2.324219	-1.552734
2.505000	3.349609	-0.444336
2.510000	3.647461	0.615234
2.515000	3.237305	1.269531
2.520000	2.402344	1.406250
2.525000	1.464844	1.142578
2.530000	0.698242	0.683594
2.535000	0.239258	0.263672
2.540000	0.053711	0.004883
2.545000	0.039062	-0.043945
2.550000	0.058594	0.063477
2.555000	0.009766	0.249023
2.560000	-0.156250	0.263672
2.565000	-0.322266	-0.205078
2.570000	-0.175781	-0.883789
2.575000	0.390625	-1.015625
2.580000	1.054688	-0.625000
2.585000	1.455078	0.004883
2.590000	1.455078	0.566406
2.595000	1.079102	0.888672
2.600000	0.493164	0.927734
2.605000	-0.131836	0.678711
2.610000	-0.561523	-0.405273
2.615000	-0.283203	-1.845703
2.620000	0.922852	-2.216797
2.625000	2.377930	-1.572266
2.630000	3.413086	-0.439453
2.635000	3.710938	0.629883
2.640000	3.291016	1.284180
2.645000	2.441406	1.425781
2.650000	1.499023	1.152344
2.655000	0.732422	0.688477
2.660000	0.268555	0.258789
2.665000	0.092773	-0.004883
2.670000	0.078125	-0.048828
2.675000	0.107422	0.063477
2.680000	0.058594	0.253906
2.685000	-0.112305	0.332031
2.690000	-0.322266	-0.073242
2.695000	-0.263672	-0.864258
2.700000	0.292969	-1.166992
2.705000	1.049805	-0.834961
2.710000	1.596680	-0.185547
2.715000	1.718750	0.463867
2.720000	1.406250	0.883789
2.725000	0.825195	0.996094
2.730000	0.161133	0.854492
2.735000	-0.400391	0.200195
2.740000	-0.512695	-1.225586
2.745000	0.292969	-2.114258
2.750000	1.669922	-1.865234
2.755000	2.895508	-0.913086
2.760000	3.496094	0.200195
2.765000	3.369141	1.035156
2.770000	2.680664	1.386719
2.775000	1.767578	1.269531
2.780000	0.927734	0.883789
2.785000	0.336914	0.429688
2.790000	0.039062	0.097656
2.795000	-0.029297	-0.063477
2.800000	0.000000	-0.053711
2.805000	0.029297	0.102539
2.810000	-0.039062	0.283203
2.815000	-0.219727	0.161133
2.820000	-0.322266	-0.439453
2.825000	-0.024414	-0.971680
2.830000	0.610352	-0.898438
2.835000	1.191406	-0.400391
2.840000	1.450195	0.219727
2.845000	1.303711	0.698242
2.850000	0.844727	0.927734
2.855000	0.229492	0.883789
2.860000	-0.351562	0.371094
2.865000	-0.576172	-1.040039
2.870000	0.112305	-2.163086
2.875000	1.518555	-2.075195
2.880000	2.885742	-1.162109
2.885000	3.652344	0.014648
2.890000	3.647461	0.952148
2.895000	3.017578	1.401367
2.900000	2.084961	1.357422
2.905000	1.186523	0.981445
2.910000	0.532227	0.507812
2.915000	0.185547	0.131836
2.920000	0.087891	-0.048828
2.925000	0.112305	-0.019531
2.930000	0.122070	0.131836
2.935000	0.024414	0.322266
2.940000	-0.185547	0.292969
2.945000	-0.366211	-0.312500
2.950000	-0.151367	-1.079102
2.955000	0.546875	-1.176758
2.960000	1.308594	-0.703125
2.965000	1.767578	0.000000
2.970000	1.767578	0.620117
2.975000	1.347656	0.961914
2.980000	0.712891	0.996094
2.985000	0.043945	0.781250
2.990000	-0.463867	-0.039062
2.995000	-0.415039	-1.455078
3.000000	0.537109	-2.089844
3.005000	1.899414	-1.665039
3.010000	2.998047	-0.664062
3.015000	3.437500	0.405273
3.020000	3.168945	1.132812
3.025000	2.426758	1.372070
3.030000	1.513672	1.191406
3.035000	0.722656	0.776367
3.040000	0.200195	0.351562
3.045000	-0.043945	0.034180
3.050000	-0.068359	-0.190430
3.055000	0.043945	-0.205078
3.060000	0.175781	-0.009766
3.065000	0.175781	0.258789
3.070000	0.000000	0.473633
3.075000	-0.302734	0.249023
3.080000	-0.449219	-0.698242
3.085000	0.014648	-1.528320
3.090000	1.010742	-1.459961
3.095000	1.967773	-0.781250
3.100000	2.480469	0.102539
3.105000	2.412109	0.810547
3.110000	1.875000	1.147461
3.115000	1.118164	1.113281
3.120000	0.375977	0.830078
3.125000	-0.175781	0.351562
3.130000	-0.400391	-0.634766
3.135000	0.019531	-1.450195
3.140000	0.966797	-1.396484
3.145000	1.884766	-0.747070
3.150000	2.373047	0.102539
3.155000	2.309570	0.786133
3.160000	1.787109	1.113281
3.165000	1.049805	1.088867
3.170000	0.322266	0.815430
3.175000	-0.224609	0.307617
3.180000	-0.415039	-0.742188
3.185000	0.073242	-1.542969
3.190000	1.088867	-1.445312
3.195000	2.036133	-0.742188
3.200000	2.519531	0.136719
3.205000	2.436523	0.834961
3.210000	1.879883	1.162109
3.215000	1.118164	1.108398
3.220000	0.380859	0.815430
3.225000	-0.166016	0.346680
3.230000	-0.380859	-0.600586
3.235000	0.009766	-1.381836
3.240000	0.917969	-1.337891
3.245000	1.791992	-0.708008
3.250000	2.255859	0.107422
3.255000	2.187500	0.771484
3.260000	1.674805	1.088867
3.265000	0.957031	1.059570
3.270000	0.244141	0.800781
3.275000	-0.288086	0.224609
3.280000	-0.424805	-0.932617
3.285000	0.185547	-1.689453
3.290000	1.284180	-1.499023
3.295000	2.270508	-0.717773
3.300000	2.744141	0.214844
3.305000	2.602539	0.917969
3.310000	2.001953	1.210938
3.315000	1.201172	1.123047
3.320000	0.449219	0.800781
3.325000	-0.092773	0.371094
3.330000	-0.327148	-0.419922
3.335000	-0.048828	-1.142578
3.340000	0.688477	-1.147461
3.345000	1.435547	-0.620117
3.350000	1.845703	0.097656
3.355000	1.777344	0.693359
3.360000	1.318359	0.991211
3.365000	0.664062	0.986328
3.370000	0.004883	0.737305
3.375000	-0.468750	-0.126953
3.380000	-0.371094	-1.508789
3.385000	0.615234	-2.036133
3.390000	1.943359	-1.557617
3.395000	2.968750	-0.556641
3.400000	3.339844	0.473633
3.405000	3.027344	1.147461
3.410000	2.265625	1.347656
3.415000	1.372070	1.147461
3.420000	0.610352	0.732422
3.425000	0.112305	0.322266
3.430000	-0.107422	-0.034180
3.435000	-0.087891	-0.356445
3.440000	0.141602	-0.366211
3.445000	0.375977	-0.117188
3.450000	0.454102	0.229492
3.455000	0.297852	0.517578
3.460000	-0.048828	0.629883
3.465000	-0.454102	0.048828
3.470000	-0.463867	-1.269531
3.475000	0.366211	-1.997070
3.480000	1.669922	-1.669922
3.485000	2.768555	-0.732422
3.490000	3.251953	0.312500
3.495000	3.046875	1.059570
3.500000	2.353516	1.333008
3.505000	1.464844	1.196289
3.510000	0.673828	0.805664
3.515000	0.131836	0.380859
3.520000	-0.131836	-0.019531
3.525000	-0.117188	-0.449219
3.530000	0.170898	-0.532227
3.535000	0.512695	-0.273438
3.540000	0.688477	0.136719
3.545000	0.595703	0.498047
3.550000	0.263672	0.708008
3.555000	-0.209961	0.585938
3.560000	-0.576172	-0.463867
3.565000	-0.258789	-1.850586
3.570000	0.947266	-2.163086
3.575000	2.368164	-1.494141
3.580000	3.349609	-0.375977
3.585000	3.603516	0.659180
3.590000	3.164062	1.279297
3.595000	2.314453	1.396484
3.600000	1.381836	1.118164
3.605000	0.644531	0.664062
3.610000	0.195312	0.249023
3.615000	0.019531	0.000000
3.620000	0.009766	-0.039062
3.625000	0.034180	0.073242
3.630000	-0.024414	0.249023
3.635000	-0.185547	0.185547
3.640000	-0.302734	-0.327148
3.645000	-0.087891	-0.874023
3.650000	0.478516	-0.859375
3.655000	1.040039	-0.419922
3.660000	1.303711	0.161133
3.665000	1.201172	0.634766
3.670000	0.771484	0.878906
3.675000	0.190430	0.864258
3.680000	-0.380859	0.332031
3.685000	-0.581055	-1.118164
3.690000	0.156250	-2.211914
3.695000	1.596680	-2.084961
3.700000	2.968750	-1.142578
3.705000	3.725586	0.043945
3.710000	3.696289	0.986328
3.715000	3.046875	1.425781
3.720000	2.109375	1.357422
3.725000	1.206055	0.971680
3.730000	0.551758	0.488281
3.735000	0.219727	0.112305
3.740000	0.131836	-0.053711
3.745000	0.156250	-0.024414
3.750000	0.166016	0.136719
3.755000	0.068359	0.332031
3.760000	-0.151367	0.356445
3.765000	-0.375977	-0.195312
3.770000	-0.234375	-1.064453
3.775000	0.454102	-1.293945
3.780000	1.293945	-0.874023
3.785000	1.870117	-0.141602
3.790000	1.962891	0.541992
3.795000	1.606445	0.961914
3.800000	0.971680	1.044922
3.805000	0.273438	0.869141
3.810000	-0.307617	0.322266
3.815000	-0.498047	-0.957031
3.820000	0.131836	-1.909180
3.825000	1.376953	-1.791992
3.830000	2.553711	-0.952148
3.835000	3.178711	0.097656
3.840000	3.115234	0.922852
3.845000	2.509766	1.303711
3.850000	1.645508	1.240234
3.855000	0.825195	0.898438
3.860000	0.224609	0.468750
3.865000	-0.097656	0.078125
3.870000	-0.146484	-0.375977
3.875000	0.092773	-0.556641
3.880000	0.454102	-0.356445
3.885000	0.683594	0.034180
3.890000	0.654297	0.429688
3.895000	0.371094	0.683594
3.900000	-0.087891	0.688477
3.905000	-0.527344	-0.112305
3.910000	-0.429688	-1.577148
3.915000	0.595703	-2.197266
3.920000	2.036133	-1.728516
3.925000	3.173828	-0.668945
3.930000	3.618164	0.434570
3.935000	3.334961	1.176758
3.940000	2.553711	1.416016
3.945000	1.616211	1.215820
3.950000	0.810547	0.776367
3.955000	0.288086	0.336914
3.960000	0.053711	0.039062
3.965000	0.019531	-0.048828
3.970000	0.039062	0.034180
3.975000	0.009766	0.214844
3.980000	-0.131836	0.263672
3.985000	-0.297852	-0.131836
3.990000	-0.205078	-0.786133
3.995000	0.302734	-0.957031
4.000000	0.927734	-0.620117
4.005000	1.323242	-0.029297
4.010000	1.347656	0.517578
4.015000	1.000977	0.849609
4.020000	0.439453	0.913086
4.025000	-0.166016	0.654297
4.030000	-0.581055	-0.478516
4.035000	-0.249023	-1.914062
4.040000	0.996094	-2.241211
4.045000	2.465820	-1.557617
4.050000	3.491211	-0.405273
4.055000	3.754883	0.664062
4.060000	3.325195	1.308594
4.065000	2.460938	1.430664
4.070000	1.508789	1.142578
4.075000	0.751953	0.668945
4.080000	0.297852	0.239258
4.085000	0.122070	-0.009766
4.090000	0.122070	-0.048828
4.095000	0.146484	0.068359
4.100000	0.097656	0.258789
4.105000	-0.078125	0.375977
4.110000	-0.322266	0.029297
4.115000	-0.322266	-0.810547
4.120000	0.200195	-1.254883
4.125000	1.025391	-1.010742
4.130000	1.684570	-0.346680
4.135000	1.909180	0.366211
4.140000	1.665039	0.859375
4.145000	1.098633	1.035156
4.150000	0.410156	0.927734
4.155000	-0.209961	0.512695
4.160000	-0.527344	-0.664062
4.165000	-0.083008	-1.850586
4.170000	1.127930	-1.943359
4.175000	2.407227	-1.210938
4.180000	3.193359	-0.136719
4.185000	3.291016	0.786133
4.190000	2.768555	1.274414
4.195000	1.923828	1.308594
4.200000	1.059570	1.000977
4.205000	0.385742	0.566406
4.210000	0.000000	0.185547
4.215000	-0.126953	-0.166016
4.220000	-0.014648	-0.390625
4.225000	0.234375	-0.288086
4.230000	0.419922	0.014648
4.235000	0.405273	0.346680
4.240000	0.170898	0.595703
4.245000	-0.224609	0.502930
4.250000	-0.541992	-0.458984
4.255000	-0.224609	-1.699219
4.260000	0.883789	-1.953125
4.265000	2.163086	-1.313477
4.270000	3.027344	-0.283203
4.275000	3.217773	0.664062
4.280000	2.778320	1.225586
4.285000	1.967773	1.308594
4.290000	1.103516	1.044922
4.295000	0.400391	0.620117
4.300000	-0.019531	0.224609
4.305000	-0.170898	-0.244141
4.310000	-0.014648	-0.576172
4.315000	0.356445	-0.483398
4.320000	0.668945	-0.126953
4.325000	0.751953	0.302734
4.330000	0.546875	0.620117
4.335000	0.136719	0.756836
4.340000	-0.361328	0.366211
4.345000	-0.585938	-0.961914
4.350000	0.053711	-2.109375
4.355000	1.425781	-2.060547
4.360000	2.783203	-1.181641
4.365000	3.559570	-0.019531
4.370000	3.579102	0.922852
4.375000	2.968750	1.381836
4.380000	2.060547	1.352539
4.385000	1.166992	0.986328
4.390000	0.498047	0.522461
4.395000	0.146484	0.141602
4.400000	0.043945	-0.039062
4.405000	0.058594	-0.019531
4.410000	0.068359	0.126953
4.415000	-0.024414	0.302734
4.420000	-0.219727	0.185547
4.425000	-0.332031	-0.444336
4.430000	-0.034180	-1.025391
4.435000	0.629883	-0.966797
4.440000	1.259766	-0.458984
4.445000	1.562500	0.185547
4.450000	1.435547	0.698242
4.455000	0.971680	0.942383
4.460000	0.341797	0.913086
4.465000	-0.258789	0.512695
4.470000	-0.576172	-0.766602
4.475000	-0.068359	-2.021484
4.480000	1.254883	-2.114258
4.485000	2.641602	-1.303711
4.490000	3.510742	-0.156250
4.495000	3.618164	0.825195
4.500000	3.066406	1.352539
4.505000	2.172852	1.376953
4.510000	1.254883	1.040039
4.515000	0.566406	0.576172
4.520000	0.180664	0.180664
4.525000	0.043945	-0.029297
4.530000	0.058594	-0.029297
4.535000	0.068359	0.107422
4.540000	-0.004883	0.288086
4.545000	-0.200195	0.229492
4.550000	-0.336914	-0.346680
4.555000	-0.102539	-0.996094
4.560000	0.546875	-1.015625
4.565000	1.206055	-0.546875
4.570000	1.552734	0.102539
4.575000	1.484375	0.644531
4.580000	1.059570	0.927734
4.585000	0.439453	0.927734
4.590000	-0.180664	0.615234
4.595000	-0.571289	-0.551758
4.600000	-0.195312	-1.914062
4.605000	1.054688	-2.163086
4.610000	2.470703	-1.440430
4.615000	3.422852	-0.317383
4.620000	3.637695	0.717773
4.625000	3.164062	1.308594
4.630000	2.299805	1.396484
4.635000	1.372070	1.098633
4.640000	0.639648	0.634766
4.645000	0.209961	0.224609
4.650000	0.053711	-0.009766
4.655000	0.048828	-0.039062
4.660000	0.068359	0.083008
4.665000	0.004883	0.268555
4.670000	-0.170898	0.258789
4.675000	-0.327148	-0.258789
4.680000	-0.156250	-0.937500
4.685000	0.454102	-1.025391
4.690000	1.123047	-0.600586
4.695000	1.508789	0.034180
4.700000	1.484375	0.600586
4.705000	1.088867	0.908203
4.710000	0.488281	0.932617
4.715000	-0.136719	0.668945
4.720000	-0.566406	-0.429688
4.725000	-0.263672	-1.850586
4.730000	0.942383	-2.192383
4.735000	2.382812	-1.533203
4.740000	3.393555	-0.415039
4.745000	3.666992	0.644531
4.750000	3.242188	1.284180
4.755000	2.397461	1.406250
4.760000	1.455078	1.132812
4.765000	0.703125	0.678711
4.770000	0.249023	0.253906
4.775000	0.068359	-0.004883
4.780000	0.058594	-0.048828
4.785000	0.083008	0.068359
4.790000	0.029297	0.258789
4.795000	-0.141602	0.302734
4.800000	-0.322266	-0.156250
4.805000	-0.214844	-0.893555
4.810000	0.361328	-1.098633
4.815000	1.079102	-0.722656
4.820000	1.542969	-0.078125
4.825000	1.591797	0.527344
4.830000	1.250000	0.893555
4.835000	0.659180	0.966797
4.840000	0.009766	0.781250
4.845000	-0.498047	-0.078125
4.850000	-0.424805	-1.557617
4.855000	0.595703	-2.192383
4.860000	2.026367	-1.728516
4.865000	3.164062	-0.678711
4.870000	3.613281	0.424805
4.875000	3.334961	1.171875
4.880000	2.558594	1.406250
4.885000	1.625977	1.215820
4.890000	0.820312	0.786133
4.895000	0.292969	0.336914
4.900000	0.058594	0.043945
4.905000	0.019531	-0.048828
4.910000	0.043945	0.034180
4.915000	0.009766	0.209961
4.920000	-0.126953	0.263672
4.925000	-0.297852	-0.122070
4.930000	-0.209961	-0.781250
4.935000	0.297852	-0.966797
4.940000	0.922852	-0.625000
4.945000	1.323242	-0.039062
4.950000	1.352539	0.512695
4.955000	1.015625	0.849609
4.960000	0.454102	0.913086
4.965000	-0.156250	0.664062
4.970000	-0.581055	-0.444336
4.975000	-0.273438	-1.894531
4.980000	0.966797	-2.250977
4.985000	2.441406	-1.572266
4.990000	3.481445	-0.429688
4.995000	3.754883	0.649414
5.000000	3.334961	1.303711
5.005000	2.475586	1.430664
5.010000	1.523438	1.147461
5.015000	0.761719	0.678711
5.020000	0.297852	0.249023
5.025000	0.117188	-0.009766
5.030000	0.117188	-0.053711
5.035000	0.146484	0.063477
5.040000	0.102539	0.253906
5.045000	-0.073242	0.380859
5.050000	-0.317383	0.039062
5.055000	-0.327148	-0.800781
5.060000	0.190430	-1.254883
5.065000	1.015625	-1.010742
5.070000	1.669922	-0.351562
5.075000	1.899414	0.356445
5.080000	1.665039	0.854492
5.085000	1.098633	1.035156
5.090000	0.410156	0.927734
5.095000	-0.205078	0.517578
5.100000	-0.532227	-0.659180
5.105000	-0.083008	-1.850586
5.110000	1.123047	-1.953125
5.115000	2.407227	-1.215820
5.120000	3.203125	-0.146484
5.125000	3.295898	0.781250
5.130000	2.783203	1.279297
5.135000	1.933594	1.308594
5.140000	1.069336	1.005859
5.145000	0.395508	0.571289
5.150000	0.004883	0.190430
5.155000	-0.122070	-0.161133
5.160000	-0.014648	-0.380859
5.165000	0.224609	-0.278320
5.170000	0.400391	0.019531
5.175000	0.380859	0.351562
5.180000	0.146484	0.590820
5.185000	-0.244141	0.478516
5.190000	-0.541992	-0.507812
5.195000	-0.190430	-1.713867
5.200000	0.927734	-1.914062
5.205000	2.182617	-1.254883
5.210000	3.012695	-0.229492
5.215000	3.168945	0.698242
5.220000	2.705078	1.235352
5.225000	1.889648	1.298828
5.230000	1.035156	1.020508
5.235000	0.351562	0.605469
5.240000	-0.058594	0.195312
5.245000	-0.185547	-0.317383
5.250000	0.014648	-0.649414
5.255000	0.439453	-0.532227
5.260000	0.786133	-0.131836
5.265000	0.864258	0.317383
5.270000	0.649414	0.654297
5.275000	0.214844	0.791016
5.280000	-0.312500	0.478516
5.285000	-0.605469	-0.800781
5.290000	-0.063477	-2.070312
5.295000	1.284180	-2.158203
5.300000	2.705078	-1.328125
5.305000	3.583984	-0.161133
5.310000	3.691406	0.839844
5.315000	3.134766	1.372070
5.320000	2.231445	1.396484
5.325000	1.303711	1.049805
5.330000	0.605469	0.576172
5.335000	0.219727	0.175781
5.340000	0.092773	-0.034180
5.345000	0.107422	-0.034180
5.350000	0.126953	0.107422
5.355000	0.048828	0.302734
5.360000	-0.151367	0.327148
5.365000	-0.361328	-0.200195
5.370000	-0.214844	-0.996094
5.375000	0.429688	-1.196289
5.380000	1.210938	-0.786133
5.385000	1.718750	-0.097656
5.390000	1.782227	0.546875
5.395000	1.420898	0.932617
5.400000	0.800781	1.005859
5.405000	0.131836	0.830078
5.410000	-0.410156	0.126953
5.415000	-0.478516	-1.279297
5.420000	0.366211	-2.075195
5.425000	1.723633	-1.772461
5.430000	2.880859	-0.815430
5.435000	3.422852	0.273438
5.440000	3.247070	1.064453
5.445000	2.543945	1.362305
5.450000	1.640625	1.240234
5.455000	0.825195	0.839844
5.460000	0.253906	0.400391
5.465000	-0.014648	0.073242
5.470000	-0.078125	-0.161133
5.475000	0.019531	-0.200195
5.480000	0.146484	-0.034180
5.485000	0.166016	0.224609
5.490000	0.014648	0.449219
5.495000	-0.283203	0.283203
5.500000	-0.449219	-0.615234
5.505000	-0.039062	-1.459961
5.510000	0.917969	-1.450195
5.515000	1.865234	-0.800781
5.520000	2.402344	0.058594
5.525000	2.358398	0.766602
5.530000	1.850586	1.123047
5.535000	1.108398	1.108398
5.540000	0.366211	0.839844
5.545000	-0.195312	0.351562
5.550000	-0.419922	-0.673828
5.555000	0.029297	-1.513672
5.560000	1.020508	-1.464844
5.565000	1.977539	-0.791016
5.570000	2.495117	0.092773
5.575000	2.441406	0.800781
5.580000	1.904297	1.147461
5.585000	1.152344	1.113281
5.590000	0.410156	0.834961
5.595000	-0.146484	0.375977
5.600000	-0.390625	-0.556641
5.605000	-0.019531	-1.376953
5.610000	0.878906	-1.367188
5.615000	1.772461	-0.751953
5.620000	2.270508	0.068359
5.625000	2.221680	0.747070
5.630000	1.728516	1.088867
5.635000	1.010742	1.079102
5.640000	0.292969	0.815430
5.645000	-0.253906	0.288086
5.650000	-0.429688	-0.834961
5.655000	0.112305	-1.645508
5.660000	1.191406	-1.513672
5.665000	2.182617	-0.771484
5.670000	2.685547	0.156250
5.675000	2.583008	0.869141
5.680000	2.011719	1.196289
5.685000	1.225586	1.132812
5.690000	0.468750	0.825195
5.695000	-0.083008	0.390625
5.700000	-0.341797	-0.410156
5.705000	-0.068359	-1.176758
5.710000	0.693359	-1.206055
5.715000	1.474609	-0.668945
5.720000	1.918945	0.063477
5.725000	1.879883	0.678711
5.730000	1.425781	1.000977
5.735000	0.766602	1.005859
5.740000	0.087891	0.776367
5.745000	-0.419922	0.019531
5.750000	-0.415039	-1.323242
5.755000	0.449219	-1.972656
5.760000	1.733398	-1.601562
5.765000	2.788086	-0.654297
5.770000	3.222656	0.361328
5.775000	2.983398	1.079102
5.780000	2.275391	1.318359
5.785000	1.391602	1.162109
5.790000	0.625000	0.776367
5.795000	0.097656	0.366211
5.800000	-0.146484	-0.058594
5.805000	-0.107422	-0.493164
5.810000	0.205078	-0.551758
5.815000	0.561523	-0.263672
5.820000	0.732422	0.146484
5.825000	0.625000	0.522461
5.830000	0.283203	0.727539
5.835000	-0.205078	0.605469
5.840000	-0.576172	-0.449219
5.845000	-0.268555	-1.850586
5.850000	0.937500	-2.187500
5.855000	2.368164	-1.523438
5.860000	3.374023	-0.400391
5.865000	3.647461	0.649414
5.870000	3.208008	1.284180
5.875000	2.363281	1.406250
5.880000	1.425781	1.127930
5.885000	0.678711	0.668945
5.890000	0.224609	0.249023
5.895000	0.048828	-0.004883
5.900000	0.039062	-0.043945
5.905000	0.058594	0.068359
5.910000	0.009766	0.253906
5.915000	-0.156250	0.258789
5.920000	-0.322266	-0.229492
5.925000	-0.161133	-0.903320
5.930000	0.419922	-1.010742
5.935000	1.079102	-0.600586
5.940000	1.464844	0.019531
5.945000	1.440430	0.581055
5.950000	1.064453	0.893555
5.955000	0.468750	0.927734
5.960000	-0.151367	0.659180
5.965000	-0.571289	-0.458984
5.970000	-0.253906	-1.879883
5.975000	0.976562	-2.207031
5.980000	2.421875	-1.533203
5.985000	3.432617	-0.400391
5.990000	3.701172	0.664062
5.995000	3.261719	1.293945
6.000000	2.407227	1.416016
6.005000	1.464844	1.132812
6.010000	0.712891	0.673828
6.015000	0.258789	0.244141
6.020000	0.083008	-0.009766
6.025000	0.078125	-0.048828
6.030000	0.107422	0.068359
6.035000	0.053711	0.258789
6.040000	-0.126953	0.327148
6.045000	-0.327148	-0.102539
6.050000	-0.253906	-0.888672
6.055000	0.317383	-1.162109
6.060000	1.079102	-0.815430
6.065000	1.606445	-0.156250
6.070000	1.708984	0.483398
6.075000	1.386719	0.888672
6.080000	0.800781	0.991211
6.085000	0.136719	0.844727
6.090000	-0.410156	0.151367
6.095000	-0.498047	-1.274414
6.100000	0.336914	-2.119141
6.105000	1.723633	-1.835938
6.110000	2.929688	-0.869141
6.115000	3.505859	0.234375
6.120000	3.349609	1.059570
6.125000	2.651367	1.386719
6.130000	1.733398	1.254883
6.135000	0.898438	0.859375
6.140000	0.317383	0.415039
6.145000	0.034180	0.087891
6.150000	-0.029297	-0.068359
6.155000	0.000000	-0.053711
6.160000	0.029297	0.112305
6.165000	-0.048828	0.283203
6.170000	-0.234375	0.136719
6.175000	-0.312500	-0.478516
6.180000	0.000000	-0.981445
6.185000	0.639648	-0.869141
6.190000	1.210938	-0.361328
6.195000	1.435547	0.253906
6.200000	1.269531	0.717773
6.205000	0.795898	0.922852
6.210000	0.180664	0.869141
6.215000	-0.395508	0.288086
6.220000	-0.561523	-1.166992
6.225000	0.205078	-2.197266
6.230000	1.640625	-2.026367
6.235000	2.978516	-1.074219
6.240000	3.686523	0.097656
6.245000	3.623047	1.010742
6.250000	2.958984	1.416016
6.255000	2.021484	1.337891
6.260000	1.127930	0.947266
6.265000	0.498047	0.468750
6.270000	0.175781	0.107422
6.275000	0.097656	-0.048828
6.280000	0.126953	-0.009766
6.285000	0.126953	0.141602
6.290000	0.024414	0.332031
6.295000	-0.200195	0.273438
6.300000	-0.371094	-0.366211
6.305000	-0.122070	-1.113281
6.310000	0.595703	-1.176758
6.315000	1.357422	-0.673828
6.320000	1.796875	0.034180
6.325000	1.772461	0.649414
6.330000	1.342773	0.976562
6.335000	0.693359	0.996094
6.340000	0.029297	0.766602
6.345000	-0.468750	-0.078125
6.350000	-0.400391	-1.484375
6.355000	0.571289	-2.075195
6.360000	1.923828	-1.630859
6.365000	2.998047	-0.625000
6.370000	3.417969	0.429688
6.375000	3.125000	1.142578
6.380000	2.382812	1.357422
6.385000	1.469727	1.171875
6.390000	0.688477	0.761719
6.395000	0.175781	0.336914
6.400000	-0.058594	0.019531
6.405000	-0.073242	-0.229492
6.410000	0.068359	-0.244141
6.415000	0.224609	-0.039062
6.420000	0.239258	0.249023
6.425000	0.068359	0.488281
6.430000	-0.253906	0.385742
6.435000	-0.483398	-0.512695
6.440000	-0.136719	-1.538086
6.445000	0.869141	-1.650391
6.450000	1.948242	-1.030273
6.455000	2.622070	-0.102539
6.460000	2.690430	0.708008
6.465000	2.221680	1.157227
6.470000	1.455078	1.196289
6.475000	0.668945	0.932617
6.480000	0.043945	0.541992
6.485000	-0.312500	-0.151367
6.490000	-0.205078	-1.035156
6.495000	0.458984	-1.259766
6.500000	1.289062	-0.859375
6.505000	1.855469	-0.141602
6.510000	1.943359	0.537109
6.515000	1.591797	0.952148
6.520000	0.961914	1.035156
6.525000	0.273438	0.864258
6.530000	-0.302734	0.322266
6.535000	-0.498047	-0.942383
6.540000	0.122070	-1.899414
6.545000	1.362305	-1.787109
6.550000	2.529297	-0.952148
6.555000	3.164062	0.092773
6.560000	3.105469	0.917969
6.565000	2.495117	1.298828
6.570000	1.635742	1.240234
6.575000	0.815430	0.893555
6.580000	0.214844	0.473633
6.585000	-0.107422	0.068359
6.590000	-0.156250	-0.405273
6.595000	0.107422	-0.595703
6.600000	0.493164	-0.385742
6.605000	0.742188	0.024414
6.610000	0.722656	0.434570
6.615000	0.434570	0.693359
6.620000	-0.034180	0.727539
6.625000	-0.502930	0.004883
6.630000	-0.483398	-1.469727
6.635000	0.478516	-2.216797
6.640000	1.928711	-1.831055
6.645000	3.134766	-0.795898
6.650000	3.662109	0.336914
6.655000	3.442383	1.142578
6.660000	2.685547	1.425781
6.665000	1.748047	1.254883
6.670000	0.913086	0.830078
6.675000	0.351562	0.375977
6.680000	0.097656	0.058594
6.685000	0.048828	-0.048828
6.690000	0.073242	0.019531
6.695000	0.053711	0.195312
6.700000	-0.078125	0.322266
6.705000	-0.283203	0.039062
6.710000	-0.297852	-0.688477
6.715000	0.151367	-1.093750
6.720000	0.859375	-0.864258
6.725000	1.420898	-0.268555
6.730000	1.596680	0.366211
6.735000	1.352539	0.810547
6.740000	0.820312	0.966797
6.745000	0.175781	0.864258
6.750000	-0.395508	0.249023
6.755000	-0.537109	-1.196289
6.760000	0.249023	-2.158203
6.765000	1.655273	-1.948242
6.770000	2.934570	-0.996094
6.775000	3.588867	0.151367
6.780000	3.491211	1.025391
6.785000	2.822266	1.401367
6.790000	1.899414	1.303711
6.795000	1.030273	0.917969
6.800000	0.415039	0.454102
6.805000	0.107422	0.102539
6.810000	0.029297	-0.043945
6.815000	0.053711	-0.004883
6.820000	0.048828	0.161133
6.825000	-0.063477	0.302734
6.830000	-0.258789	0.073242
6.835000	-0.297852	-0.600586
6.840000	0.092773	-1.025391
6.845000	0.756836	-0.839844
6.850000	1.298828	-0.283203
6.855000	1.489258	0.327148
6.860000	1.264648	0.771484
6.865000	0.756836	0.937500
6.870000	0.131836	0.854492
6.875000	-0.429688	0.195312
6.880000	-0.532227	-1.284180
6.885000	0.312500	-2.211914
6.890000	1.757812	-1.953125
6.895000	3.046875	-0.966797
6.900000	3.691406	0.195312
6.905000	3.559570	1.064453
6.910000	2.851562	1.425781
6.915000	1.914062	1.303711
6.920000	1.044922	0.898438
6.925000	0.439453	0.429688
6.930000	0.146484	0.083008
6.935000	0.078125	-0.048828
6.940000	0.107422	-0.004883
6.945000	0.102539	0.161133
6.950000	-0.009766	0.341797
6.955000	-0.239258	0.200195
6.960000	-0.361328	-0.498047
6.965000	-0.024414	-1.132812
6.970000	0.708008	-1.069336
6.975000	1.401367	-0.527344
6.980000	1.748047	0.166016
6.985000	1.635742	0.717773
6.990000	1.162109	0.986328
6.995000	0.502930	0.952148
7.000000	-0.136719	0.639648
7.005000	-0.541992	-0.444336
7.010000	-0.234375	-1.791992
7.015000	0.937500	-2.089844
7.020000	2.304688	-1.435547
7.025000	3.251953	-0.346680
7.030000	3.486328	0.659180
7.035000	3.051758	1.259766
7.040000	2.216797	1.367188
7.045000	1.303711	1.093750
7.050000	0.581055	0.649414
7.055000	0.136719	0.249023
7.060000	-0.034180	-0.009766
7.065000	-0.034180	-0.126953
7.070000	0.043945	-0.053711
7.075000	0.073242	0.146484
7.080000	-0.029297	0.346680
7.085000	-0.258789	0.180664
7.090000	-0.366211	-0.551758
7.095000	0.000000	-1.181641
7.100000	0.766602	-1.093750
7.105000	1.484375	-0.522461
7.110000	1.821289	0.190430
7.115000	1.699219	0.747070
7.120000	1.206055	1.005859
7.125000	0.537109	0.961914
7.130000	-0.107422	0.654297
7.135000	-0.527344	-0.390625
7.140000	-0.253906	-1.733398
7.145000	0.878906	-2.055664
7.150000	2.226562	-1.430664
7.155000	3.168945	-0.366211
7.160000	3.417969	0.634766
7.165000	2.998047	1.240234
7.170000	2.182617	1.357422
7.175000	1.279297	1.093750
7.180000	0.551758	0.659180
7.185000	0.107422	0.253906
7.190000	-0.073242	-0.034180
7.195000	-0.053711	-0.239258
7.200000	0.097656	-0.185547
7.205000	0.214844	0.043945
7.210000	0.185547	0.317383
7.215000	-0.029297	0.498047
7.220000	-0.356445	0.156250
7.225000	-0.444336	-0.898438
7.230000	0.151367	-1.625977
7.235000	1.220703	-1.440430
7.240000	2.163086	-0.683594
7.245000	2.597656	0.219727
7.250000	2.465820	0.898438
7.255000	1.870117	1.186523
7.260000	1.083984	1.103516
7.265000	0.346680	0.786133
7.270000	-0.175781	0.297852
7.275000	-0.366211	-0.644531
7.280000	0.053711	-1.357422
7.285000	0.942383	-1.259766
7.290000	1.772461	-0.629883
7.295000	2.187500	0.166016
7.300000	2.080078	0.786133
7.305000	1.552734	1.083984
7.310000	0.839844	1.035156
7.315000	0.146484	0.766602
7.320000	-0.356445	0.092773
7.325000	-0.400391	-1.137695
7.330000	0.336914	-1.782227
7.335000	1.503906	-1.474609
7.340000	2.480469	-0.625000
7.345000	2.885742	0.322266
7.350000	2.670898	0.996094
7.355000	2.011719	1.245117
7.360000	1.191406	1.118164
7.365000	0.444336	0.761719
7.370000	-0.068359	0.336914
7.375000	-0.288086	-0.371094
7.380000	-0.043945	-0.996094
7.385000	0.605469	-0.981445
7.390000	1.245117	-0.498047
7.395000	1.562500	0.146484
7.400000	1.464844	0.668945
7.405000	1.025391	0.927734
7.410000	0.405273	0.917969
7.415000	-0.209961	0.576172
7.420000	-0.566406	-0.615234
7.425000	-0.146484	-1.933594
7.430000	1.113281	-2.124023
7.435000	2.500000	-1.376953
7.440000	3.413086	-0.253906
7.445000	3.579102	0.751953
7.450000	3.085938	1.318359
7.455000	2.216797	1.376953
7.460000	1.298828	1.069336
7.465000	0.585938	0.610352
7.470000	0.166016	0.209961
7.475000	0.019531	-0.009766
7.480000	0.019531	-0.029297
7.485000	0.034180	0.097656
7.490000	-0.029297	0.263672
7.495000	-0.205078	0.170898
7.500000	-0.307617	-0.380859
7.505000	-0.048828	-0.913086
7.510000	0.541992	-0.864258
7.515000	1.103516	-0.395508
7.520000	1.352539	0.200195
7.525000	1.225586	0.673828
7.530000	0.776367	0.893555
7.535000	0.180664	0.864258
7.540000	-0.395508	0.307617
7.545000	-0.571289	-1.152344
7.550000	0.185547	-2.211914
7.555000	1.625977	-2.060547
7.560000	2.983398	-1.108398
7.565000	3.720703	0.078125
7.570000	3.666992	1.005859
7.575000	3.007812	1.425781
7.580000	2.065430	1.352539
7.585000	1.171875	0.957031
7.590000	0.527344	0.473633
7.595000	0.200195	0.107422
7.600000	0.117188	-0.048828
7.605000	0.146484	-0.019531
7.610000	0.146484	0.141602
7.615000	0.048828	0.332031
7.620000	-0.170898	0.327148
7.625000	-0.375977	-0.268555
7.630000	-0.195312	-1.093750
7.635000	0.512695	-1.250000
7.640000	1.328125	-0.795898
7.645000	1.855469	-0.068359
7.650000	1.899414	0.590820
7.655000	1.508789	0.971680
7.660000	0.869141	1.025391
7.665000	0.180664	0.834961
7.670000	-0.371094	0.185547
7.675000	-0.478516	-1.171875
7.680000	0.288086	-1.992188
7.685000	1.586914	-1.738281
7.690000	2.729492	-0.830078
7.695000	3.276367	0.224609
7.700000	3.129883	1.010742
7.705000	2.465820	1.328125
7.710000	1.582031	1.225586
7.715000	0.771484	0.844727
7.720000	0.200195	0.419922
7.725000	-0.087891	0.048828
7.730000	-0.126953	-0.332031
7.735000	0.087891	-0.449219
7.740000	0.375977	-0.244141
7.745000	0.537109	0.117188
7.750000	0.454102	0.458984
7.755000	0.141602	0.659180
7.760000	-0.292969	0.444336
7.765000	-0.566406	-0.698242
7.770000	-0.097656	-1.894531
7.775000	1.142578	-1.992188
7.780000	2.451172	-1.235352
7.785000	3.261719	-0.141602
7.790000	3.359375	0.791016
7.795000	2.836914	1.298828
7.800000	1.977539	1.323242
7.805000	1.098633	1.010742
7.810000	0.419922	0.571289
7.815000	0.034180	0.190430
7.820000	-0.097656	-0.122070
7.825000	-0.024414	-0.302734
7.830000	0.166016	-0.205078
7.835000	0.292969	0.063477
7.840000	0.244141	0.366211
7.845000	-0.004883	0.556641
7.850000	-0.361328	0.209961
7.855000	-0.478516	-0.913086
7.860000	0.117188	-1.748047
7.865000	1.259766	-1.596680
7.870000	2.314453	-0.810547
7.875000	2.846680	0.151367
7.880000	2.749023	0.903320
7.885000	2.148438	1.240234
7.890000	1.328125	1.166992
7.895000	0.556641	0.839844
7.900000	-0.009766	0.429688
7.905000	-0.288086	-0.253906
7.910000	-0.117188	-0.976562
7.915000	0.512695	-1.064453
7.920000	1.206055	-0.625000
7.925000	1.611328	0.029297
7.930000	1.586914	0.605469
7.935000	1.191406	0.927734
7.940000	0.576172	0.952148
7.945000	-0.058594	0.717773
7.950000	-0.522461	-0.249023
7.955000	-0.341797	-1.674805
7.960000	0.751953	-2.148438
7.965000	2.158203	-1.586914
7.970000	3.203125	-0.517578
7.975000	3.549805	0.541992
7.980000	3.193359	1.220703
7.985000	2.392578	1.391602
7.990000	1.464844	1.157227
7.995000	0.698242	0.717773
8.000000	0.209961	0.292969
8.005000	0.004883	0.024414
8.010000	-0.019531	-0.063477
8.015000	0.019531	0.019531
8.020000	-0.004883	0.195312
8.025000	-0.136719	0.244141
8.030000	-0.288086	-0.136719
8.035000	-0.190430	-0.751953
8.040000	0.292969	-0.903320
8.045000	0.883789	-0.556641
8.050000	1.245117	0.004883
8.055000	1.240234	0.527344
8.060000	0.893555	0.834961
8.065000	0.336914	0.888672
8.070000	-0.258789	0.556641
8.075000	-0.605469	-0.712891
8.080000	-0.126953	-2.060547
8.085000	1.225586	-2.221680
8.090000	2.675781	-1.420898
8.095000	3.618164	-0.244141
8.100000	3.774414	0.795898
8.105000	3.256836	1.367188
8.110000	2.353516	1.420898
8.115000	1.406250	1.088867
8.120000	0.683594	0.610352
8.125000	0.273438	0.190430
8.130000	0.141602	-0.029297
8.135000	0.146484	-0.048828
8.140000	0.175781	0.087891
8.145000	0.107422	0.283203
8.150000	-0.083008	0.395508
8.155000	-0.336914	0.004883
8.160000	-0.322266	-0.874023
8.165000	0.239258	-1.308594
8.170000	1.098633	-1.035156
8.175000	1.772461	-0.346680
8.180000	1.997070	0.385742
8.185000	1.748047	0.888672
8.190000	1.162109	1.059570
8.195000	0.463867	0.932617
8.200000	-0.166016	0.541992
8.205000	-0.517578	-0.571289
8.210000	-0.126953	-1.757812
8.215000	1.020508	-1.909180
8.220000	2.270508	-1.215820
8.225000	3.071289	-0.175781
8.230000	3.188477	0.737305
8.235000	2.700195	1.245117
8.240000	1.879883	1.293945
8.245000	1.025391	1.005859
8.250000	0.351562	0.581055
8.255000	-0.043945	0.185547
8.260000	-0.161133	-0.278320
8.265000	0.009766	-0.576172
8.270000	0.375977	-0.454102
8.275000	0.673828	-0.083008
8.280000	0.727539	0.332031
8.285000	0.498047	0.639648
8.290000	0.073242	0.751953
8.295000	-0.410156	0.258789
8.300000	-0.561523	-1.142578
8.305000	0.185547	-2.153320
8.310000	1.591797	-1.982422
8.315000	2.900391	-1.044922
8.320000	3.593750	0.107422
8.325000	3.520508	1.000977
8.330000	2.861328	1.396484
8.335000	1.933594	1.318359
8.340000	1.064453	0.932617
8.345000	0.434570	0.463867
8.350000	0.117188	0.107422
8.355000	0.029297	-0.043945
8.360000	0.053711	-0.009766
8.365000	0.048828	0.151367
8.370000	-0.053711	0.297852
8.375000	-0.249023	0.107422
8.380000	-0.312500	-0.561523
8.385000	0.053711	-1.025391
8.390000	0.727539	-0.874023
8.395000	1.293945	-0.332031
8.400000	1.513672	0.292969
8.405000	1.318359	0.756836
8.410000	0.820312	0.942383
8.415000	0.195312	0.874023
8.420000	-0.385742	0.292969
8.425000	-0.556641	-1.147461
8.430000	0.200195	-2.172852
8.435000	1.621094	-2.006836
8.440000	2.939453	-1.059570
8.445000	3.647461	0.102539
8.450000	3.579102	1.005859
8.455000	2.919922	1.406250
8.460000	1.982422	1.328125
8.465000	1.103516	0.937500
8.470000	0.473633	0.468750
8.475000	0.151367	0.107422
8.480000	0.068359	-0.048828
8.485000	0.087891	-0.009766
8.490000	0.092773	0.146484
8.495000	-0.009766	0.327148
8.500000	-0.224609	0.214844
8.505000	-0.351562	-0.454102
8.510000	-0.048828	-1.093750
8.515000	0.659180	-1.059570
8.520000	1.347656	-0.537109
8.525000	1.704102	0.146484
8.530000	1.596680	0.703125
8.535000	1.142578	0.966797
8.540000	0.493164	0.947266
8.545000	-0.141602	0.639648
8.550000	-0.546875	-0.463867
8.555000	-0.229492	-1.821289
8.560000	0.961914	-2.114258
8.565000	2.348633	-1.440430
8.570000	3.300781	-0.346680
8.575000	3.530273	0.668945
8.580000	3.085938	1.274414
8.585000	2.246094	1.376953
8.590000	1.328125	1.098633
8.595000	0.600586	0.649414
8.600000	0.156250	0.244141
8.605000	-0.009766	0.000000
8.610000	-0.014648	-0.068359
8.615000	0.014648	0.024414
8.620000	-0.009766	0.214844
8.625000	-0.146484	0.239258
8.630000	-0.297852	-0.180664
8.635000	-0.170898	-0.805664
8.640000	0.351562	-0.922852
8.645000	0.947266	-0.551758
8.650000	1.298828	0.034180
8.655000	1.274414	0.556641
8.660000	0.913086	0.854492
8.665000	0.336914	0.893555
8.670000	-0.253906	0.551758
8.675000	-0.600586	-0.717773
8.680000	-0.112305	-2.055664
8.685000	1.225586	-2.207031
8.690000	2.670898	-1.406250
8.695000	3.608398	-0.234375
8.700000	3.754883	0.795898
8.705000	3.237305	1.367188
8.710000	2.333984	1.411133
8.715000	1.391602	1.083984
8.720000	0.668945	0.605469
8.725000	0.263672	0.190430
8.730000	0.126953	-0.029297
8.735000	0.136719	-0.048828
8.740000	0.161133	0.092773
8.745000	0.097656	0.283203
8.750000	-0.092773	0.380859
8.755000	-0.341797	-0.034180
8.760000	-0.307617	-0.903320
8.765000	0.278320	-1.293945
8.770000	1.123047	-0.986328
8.775000	1.767578	-0.297852
8.780000	1.958008	0.419922
8.785000	1.679688	0.898438
8.790000	1.093750	1.044922
8.795000	0.385742	0.917969
8.800000	-0.224609	0.478516
8.805000	-0.522461	-0.712891
8.810000	-0.048828	-1.845703
8.815000	1.162109	-1.899414
8.820000	2.407227	-1.147461
8.825000	3.159180	-0.087891
8.830000	3.222656	0.810547
8.835000	2.685547	1.279297
8.840000	1.840820	1.289062
8.845000	0.986328	0.976562
8.850000	0.332031	0.546875
8.855000	-0.039062	0.161133
8.860000	-0.146484	-0.253906
8.865000	0.014648	-0.498047
8.870000	0.332031	-0.366211
8.875000	0.571289	-0.014648
8.880000	0.576172	0.361328
8.885000	0.332031	0.629883
8.890000	-0.087891	0.664062
8.895000	-0.517578	-0.097656
8.900000	-0.429688	-1.518555
8.905000	0.561523	-2.133789
8.910000	1.958008	-1.689453
8.915000	3.076172	-0.654297
8.920000	3.505859	0.424805
8.925000	3.232422	1.157227
8.930000	2.470703	1.396484
8.935000	1.542969	1.201172
8.940000	0.747070	0.776367
8.945000	0.224609	0.341797
8.950000	-0.009766	0.043945
8.955000	-0.048828	-0.117188
8.960000	0.024414	-0.087891
8.965000	0.078125	0.087891
8.970000	0.014648	0.307617
8.975000	-0.190430	0.297852
8.980000	-0.375977	-0.312500
8.985000	-0.156250	-1.088867
8.990000	0.546875	-1.196289
8.995000	1.323242	-0.722656
9.000000	1.801758	-0.009766
9.005000	1.806641	0.620117
9.010000	1.396484	0.966797
9.015000	0.756836	1.005859
9.020000	0.083008	0.795898
9.025000	-0.439453	0.024414
9.030000	-0.434570	-1.376953
9.035000	0.463867	-2.060547
9.040000	1.811523	-1.684570
9.045000	2.919922	-0.703125
9.050000	3.388672	0.356445
9.055000	3.154297	1.098633
9.060000	2.431641	1.357422
9.065000	1.528320	1.201172
9.070000	0.727539	0.795898
9.075000	0.195312	0.371094
9.080000	-0.058594	0.039062
9.085000	-0.087891	-0.239258
9.090000	0.058594	-0.283203
9.095000	0.244141	-0.083008
9.100000	0.288086	0.219727
9.105000	0.141602	0.478516
9.110000	-0.175781	0.488281
9.115000	-0.483398	-0.273438
9.120000	-0.288086	-1.440430
9.125000	0.649414	-1.772461
9.130000	1.811523	-1.259766
9.135000	2.636719	-0.332031
9.140000	2.856445	0.566406
9.145000	2.490234	1.118164
9.150000	1.748047	1.240234
9.155000	0.922852	1.025391
9.160000	0.239258	0.644531
9.165000	-0.195312	0.131836
9.170000	-0.278320	-0.673828
9.175000	0.161133	-1.118164
9.180000	0.893555	-0.908203
9.185000	1.474609	-0.312500
9.190000	1.679688	0.341797
9.195000	1.450195	0.805664
9.200000	0.922852	0.976562
9.205000	0.268555	0.888672
9.210000	-0.317383	0.375977
9.215000	-0.546875	-0.957031
9.220000	0.083008	-2.036133
9.225000	1.416016	-1.967773
9.230000	2.709961	-1.108398
9.235000	3.437500	0.014648
9.240000	3.427734	0.922852
9.245000	2.822266	1.357422
9.250000	1.928711	1.318359
9.255000	1.059570	0.957031
9.260000	0.410156	0.502930
9.265000	0.068359	0.141602
9.270000	-0.034180	-0.048828
9.275000	-0.009766	-0.078125
9.280000	0.034180	0.058594
9.285000	-0.009766	0.258789
9.290000	-0.170898	0.244141
9.295000	-0.322266	-0.268555
9.300000	-0.146484	-0.922852
9.305000	0.454102	-1.000977
9.310000	1.108398	-0.571289
9.315000	1.469727	0.053711
9.320000	1.435547	0.605469
9.325000	1.040039	0.908203
9.330000	0.439453	0.927734
9.335000	-0.180664	0.625000
9.340000	-0.581055	-0.532227
9.345000	-0.214844	-1.923828
9.350000	1.044922	-2.197266
9.355000	2.485352	-1.484375
9.360000	3.466797	-0.341797
9.365000	3.691406	0.703125
9.370000	3.227539	1.313477
9.375000	2.358398	1.406250
9.380000	1.420898	1.113281
9.385000	0.678711	0.644531
9.390000	0.239258	0.224609
9.395000	0.078125	-0.009766
9.400000	0.078125	-0.043945
9.405000	0.107422	0.083008
9.410000	0.048828	0.263672
9.415000	-0.136719	0.317383
9.420000	-0.336914	-0.141602
9.425000	-0.234375	-0.917969
9.430000	0.356445	-1.152344
9.435000	1.113281	-0.781250
9.440000	1.621094	-0.117188
9.445000	1.699219	0.512695
9.450000	1.357422	0.903320
9.455000	0.761719	0.991211
9.460000	0.102539	0.825195
9.465000	-0.439453	0.083008
9.470000	-0.473633	-1.357422
9.475000	0.415039	-2.133789
9.480000	1.811523	-1.796875
9.485000	2.988281	-0.805664
9.490000	3.520508	0.297852
9.495000	3.325195	1.093750
9.500000	2.607422	1.391602
9.505000	1.679688	1.245117
9.510000	0.859375	0.834961
9.515000	0.297852	0.390625
9.520000	0.024414	0.073242
9.525000	-0.029297	-0.068359
9.530000	0.004883	-0.034180
9.535000	0.019531	0.131836
9.540000	-0.063477	0.283203
9.545000	-0.249023	0.078125
9.550000	-0.292969	-0.556641
9.555000	0.068359	-0.966797
9.560000	0.698242	-0.791016
9.565000	1.220703	-0.263672
9.570000	1.391602	0.327148
9.575000	1.171875	0.756836
9.580000	0.668945	0.922852
9.585000	0.058594	0.820312
9.590000	-0.473633	0.068359
9.595000	-0.502930	-1.450195
9.600000	0.449219	-2.265625
9.605000	1.928711	-1.904297
9.610000	3.183594	-0.864258
9.615000	3.750000	0.297852
9.620000	3.564453	1.132812
9.625000	2.817383	1.445312
9.630000	1.865234	1.284180
9.635000	1.005859	0.859375
9.640000	0.429688	0.390625
9.645000	0.156250	0.063477
9.650000	0.107422	-0.058594
9.655000	0.141602	0.004883
9.660000	0.131836	0.180664
9.665000	0.000000	0.361328
9.670000	-0.234375	0.239258
9.675000	-0.375977	-0.478516
9.680000	-0.058594	-1.186523
9.685000	0.712891	-1.171875
9.690000	1.469727	-0.620117
9.695000	1.875000	0.112305
9.700000	1.806641	0.712891
9.705000	1.333008	1.010742
9.710000	0.668945	0.996094
9.715000	0.004883	0.737305
9.720000	-0.473633	-0.146484
9.725000	-0.361328	-1.523438
9.730000	0.625000	-2.036133
9.735000	1.962891	-1.552734
9.740000	2.983398	-0.541992
9.745000	3.344727	0.478516
9.750000	3.027344	1.157227
9.755000	2.265625	1.347656
9.760000	1.367188	1.147461
9.765000	0.610352	0.727539
9.770000	0.117188	0.312500
9.775000	-0.102539	-0.034180
9.780000	-0.078125	-0.341797
9.785000	0.131836	-0.356445
9.790000	0.366211	-0.107422
9.795000	0.429688	0.229492
9.800000	0.268555	0.517578
9.805000	-0.078125	0.615234
9.810000	-0.473633	-0.014648
9.815000	-0.439453	-1.328125
9.820000	0.434570	-1.977539
9.825000	1.723633	-1.606445
9.830000	2.783203	-0.659180
9.835000	3.217773	0.361328
9.840000	2.973633	1.079102
9.845000	2.265625	1.328125
9.850000	1.381836	1.166992
9.855000	0.605469	0.776367
9.860000	0.083008	0.361328
9.865000	-0.166016	-0.083008
9.870000	-0.107422	-0.537109
9.875000	0.234375	-0.590820
9.880000	0.615234	-0.288086
9.885000	0.800781	0.146484
9.890000	0.698242	0.537109
9.895000	0.341797	0.742188
9.900000	-0.151367	0.659180
9.905000	-0.571289	-0.317383
9.910000	-0.341797	-1.787109
9.915000	0.820312	-2.231445
9.920000	2.285156	-1.635742
9.925000	3.359375	-0.517578
9.930000	3.706055	0.571289
9.935000	3.330078	1.254883
9.940000	2.495117	1.425781
9.945000	1.547852	1.176758
9.950000	0.766602	0.717773
9.955000	0.283203	0.283203
9.960000	0.083008	0.004883
9.965000	0.068359	-0.048828
9.970000	0.097656	0.053711
9.975000	0.053711	0.239258
9.980000	-0.107422	0.332031
9.985000	-0.322266	-0.053711
9.990000	-0.273438	-0.830078
9.995000	0.268555	-1.142578
10.000000	1.015625	-0.834961
