# Time_s	x	xdot
0.000000	-0.024414	0.434570
0.005000	-0.307617	0.161133
0.010000	-0.405273	-0.747070
0.015000	0.092773	-1.411133
0.020000	1.015625	-1.254883
0.025000	1.840820	-0.581055
0.030000	2.221680	0.239258
0.035000	2.065430	0.859375
0.040000	1.494141	1.132812
0.045000	0.747070	1.054688
0.050000	0.039062	0.742188
0.055000	-0.444336	-0.126953
0.060000	-0.346680	-1.459961
0.065000	0.600586	-1.962891
0.070000	1.889648	-1.494141
0.075000	2.871094	-0.507812
0.080000	3.212891	0.502930
0.085000	2.880859	1.166992
0.090000	2.109375	1.357422
0.095000	1.215820	1.152344
0.100000	0.444336	0.727539
0.105000	-0.048828	0.278320
0.110000	-0.234375	-0.341797
0.115000	-0.009766	-0.825195
0.120000	0.522461	-0.756836
0.125000	1.010742	-0.307617
0.130000	1.210938	0.244141
0.135000	1.044922	0.678711
0.140000	0.590820	0.878906
0.145000	0.000000	0.810547
0.150000	-0.527344	-0.014648
0.155000	-0.493164	-1.606445
0.160000	0.556641	-2.387695
0.165000	2.124023	-1.962891
0.170000	3.417969	-0.844727
0.175000	3.964844	0.375977
0.180000	3.725586	1.235352
0.185000	2.905273	1.538086
0.190000	1.889648	1.342773
0.195000	1.000977	0.869141
0.200000	0.415039	0.361328
0.205000	0.166016	0.014648
0.210000	0.146484	-0.107422
0.215000	0.209961	-0.014648
0.220000	0.214844	0.180664
0.225000	0.083008	0.385742
0.230000	-0.175781	0.385742
0.235000	-0.419922	-0.283203
0.240000	-0.224609	-1.245117
0.245000	0.585938	-1.459961
0.250000	1.538086	-0.971680
0.255000	2.177734	-0.151367
0.260000	2.280273	0.610352
0.265000	1.875000	1.069336
0.270000	1.171875	1.142578
0.275000	0.410156	0.927734
0.280000	-0.219727	0.434570
0.285000	-0.488281	-0.742188
0.290000	0.000000	-1.782227
0.295000	1.166992	-1.787109
0.300000	2.333984	-1.035156
0.305000	3.012695	0.000000
0.310000	3.017578	0.859375
0.315000	2.451172	1.289062
0.320000	1.591797	1.269531
0.325000	0.751953	0.947266
0.330000	0.112305	0.517578
0.335000	-0.234375	-0.073242
0.340000	-0.180664	-0.800781
0.345000	0.327148	-1.005859
0.350000	0.986328	-0.668945
0.355000	1.416016	-0.058594
0.360000	1.455078	0.522461
0.365000	1.108398	0.878906
0.370000	0.527344	0.957031
0.375000	-0.112305	0.722656
0.380000	-0.576172	-0.346680
0.385000	-0.327148	-1.879883
0.390000	0.898438	-2.338867
0.395000	2.426758	-1.699219
0.400000	3.549805	-0.522461
0.405000	3.891602	0.620117
0.410000	3.481445	1.337891
0.415000	2.592773	1.508789
0.420000	1.596680	1.235352
0.425000	0.781250	0.732422
0.430000	0.283203	0.263672
0.435000	0.097656	-0.034180
0.440000	0.107422	-0.087891
0.445000	0.161133	0.029297
0.450000	0.136719	0.239258
0.455000	-0.029297	0.415039
0.460000	-0.297852	0.161133
0.465000	-0.390625	-0.698242
0.470000	0.068359	-1.352539
0.475000	0.957031	-1.225586
0.480000	1.752930	-0.561523
0.485000	2.124023	0.234375
0.490000	1.967773	0.844727
0.495000	1.406250	1.108398
0.500000	0.673828	1.040039
0.505000	-0.014648	0.717773
0.510000	-0.483398	-0.234375
0.515000	-0.317383	-1.591797
0.520000	0.722656	-2.041016
0.525000	2.055664	-1.499023
0.530000	3.041992	-0.463867
0.535000	3.349609	0.566406
0.540000	2.968750	1.225586
0.545000	2.167969	1.386719
0.550000	1.250000	1.147461
0.555000	0.483398	0.708008
0.560000	0.004883	0.268555
0.565000	-0.180664	-0.229492
0.570000	-0.029297	-0.620117
0.575000	0.361328	-0.556641
0.580000	0.727539	-0.185547
0.585000	0.849609	0.273438
0.590000	0.659180	0.625000
0.595000	0.239258	0.795898
0.600000	-0.292969	0.532227
0.605000	-0.620117	-0.737305
0.610000	-0.122070	-2.104492
0.615000	1.250000	-2.265625
0.620000	2.734375	-1.450195
0.625000	3.691406	-0.229492
0.630000	3.842773	0.839844
0.635000	3.295898	1.430664
0.640000	2.353516	1.469727
0.645000	1.367188	1.123047
0.650000	0.620117	0.615234
0.655000	0.205078	0.170898
0.660000	0.078125	-0.068359
0.665000	0.112305	-0.073242
0.670000	0.156250	0.073242
0.675000	0.097656	0.288086
0.680000	-0.097656	0.405273
0.685000	-0.356445	-0.024414
0.690000	-0.322266	-0.942383
0.695000	0.283203	-1.372070
0.700000	1.186523	-1.064453
0.705000	1.875000	-0.336914
0.710000	2.094727	0.424805
0.715000	1.811523	0.947266
0.720000	1.196289	1.108398
0.725000	0.454102	0.971680
0.730000	-0.200195	0.532227
0.735000	-0.527344	-0.664062
0.740000	-0.087891	-1.870117
0.745000	1.137695	-1.982422
0.750000	2.436523	-1.235352
0.755000	3.251953	-0.136719
0.760000	3.339844	0.815430
0.765000	2.802734	1.328125
0.770000	1.928711	1.357422
0.775000	1.025391	1.035156
0.780000	0.332031	0.581055
0.785000	-0.058594	0.151367
0.790000	-0.161133	-0.327148
0.795000	0.053711	-0.576172
0.800000	0.424805	-0.419922
0.805000	0.693359	-0.024414
0.810000	0.708008	0.390625
0.815000	0.449219	0.678711
0.820000	-0.014648	0.751953
0.825000	-0.493164	0.073242
0.830000	-0.522461	-1.430664
0.835000	0.415039	-2.280273
0.840000	1.909180	-1.943359
0.845000	3.188477	-0.898438
0.850000	3.769531	0.297852
0.855000	3.583984	1.162109
0.860000	2.817383	1.494141
0.865000	1.831055	1.333008
0.870000	0.942383	0.888672
0.875000	0.341797	0.395508
0.880000	0.068359	0.043945
0.885000	0.029297	-0.087891
0.890000	0.078125	-0.009766
0.895000	0.083008	0.175781
0.900000	-0.034180	0.351562
0.905000	-0.268555	0.156250
0.910000	-0.361328	-0.605469
0.915000	0.034180	-1.206055
0.920000	0.820312	-1.088867
0.925000	1.523438	-0.493164
0.930000	1.845703	0.234375
0.935000	1.689453	0.795898
0.940000	1.162109	1.044922
0.945000	0.468750	0.981445
0.950000	-0.190430	0.600586
0.955000	-0.571289	-0.605469
0.960000	-0.156250	-1.958008
0.965000	1.123047	-2.163086
0.970000	2.534180	-1.416016
0.975000	3.476562	-0.258789
0.980000	3.652344	0.781250
0.985000	3.129883	1.367188
0.990000	2.226562	1.435547
0.995000	1.269531	1.108398
1.000000	0.537109	0.625000
1.005000	0.107422	0.195312
1.010000	-0.029297	-0.053711
1.015000	0.000000	-0.117188
1.020000	0.063477	0.009766
1.025000	0.053711	0.234375
1.030000	-0.107422	0.356445
1.035000	-0.336914	-0.029297
1.040000	-0.307617	-0.869141
1.045000	0.258789	-1.250000
1.050000	1.079102	-0.952148
1.055000	1.694336	-0.268555
1.060000	1.865234	0.434570
1.065000	1.577148	0.913086
1.070000	0.976562	1.059570
1.075000	0.273438	0.927734
1.080000	-0.336914	0.351562
1.085000	-0.551758	-1.059570
1.090000	0.146484	-2.124023
1.095000	1.533203	-2.016602
1.100000	2.856445	-1.093750
1.105000	3.579102	0.068359
1.110000	3.535156	1.000977
1.115000	2.875977	1.435547
1.120000	1.928711	1.362305
1.125000	1.025391	0.976562
1.130000	0.366211	0.483398
1.135000	0.034180	0.107422
1.140000	-0.048828	-0.112305
1.145000	0.019531	-0.131836
1.150000	0.097656	0.029297
1.155000	0.068359	0.268555
1.160000	-0.112305	0.395508
1.165000	-0.361328	-0.043945
1.170000	-0.322266	-0.961914
1.175000	0.307617	-1.372070
1.180000	1.206055	-1.049805
1.185000	1.884766	-0.317383
1.190000	2.094727	0.439453
1.195000	1.806641	0.952148
1.200000	1.176758	1.113281
1.205000	0.439453	0.961914
1.210000	-0.205078	0.517578
1.215000	-0.532227	-0.693359
1.220000	-0.068359	-1.884766
1.225000	1.162109	-1.972656
1.230000	2.456055	-1.215820
1.235000	3.256836	-0.117188
1.240000	3.334961	0.830078
1.245000	2.788086	1.333008
1.250000	1.904297	1.352539
1.255000	1.000977	1.025391
1.260000	0.317383	0.566406
1.265000	-0.063477	0.136719
1.270000	-0.161133	-0.341797
1.275000	0.058594	-0.581055
1.280000	0.434570	-0.410156
1.285000	0.698242	-0.019531
1.290000	0.708008	0.400391
1.295000	0.444336	0.683594
1.300000	-0.014648	0.747070
1.305000	-0.498047	0.058594
1.310000	-0.517578	-1.450195
1.315000	0.434570	-2.285156
1.320000	1.928711	-1.933594
1.325000	3.203125	-0.878906
1.330000	3.779297	0.307617
1.335000	3.583984	1.166992
1.340000	2.802734	1.494141
1.345000	1.821289	1.328125
1.350000	0.932617	0.888672
1.355000	0.341797	0.390625
1.360000	0.068359	0.039062
1.365000	0.029297	-0.087891
1.370000	0.083008	-0.009766
1.375000	0.083008	0.175781
1.380000	-0.034180	0.361328
1.385000	-0.268555	0.161133
1.390000	-0.361328	-0.605469
1.395000	0.034180	-1.210938
1.400000	0.820312	-1.093750
1.405000	1.538086	-0.493164
1.410000	1.860352	0.234375
1.415000	1.704102	0.795898
1.420000	1.176758	1.044922
1.425000	0.478516	0.986328
1.430000	-0.170898	0.610352
1.435000	-0.561523	-0.581055
1.440000	-0.170898	-1.933594
1.445000	1.093750	-2.163086
1.450000	2.504883	-1.425781
1.455000	3.447266	-0.278320
1.460000	3.637695	0.766602
1.465000	3.129883	1.362305
1.470000	2.231445	1.435547
1.475000	1.274414	1.118164
1.480000	0.537109	0.629883
1.485000	0.107422	0.205078
1.490000	-0.039062	-0.053711
1.495000	-0.004883	-0.136719
1.500000	0.078125	-0.014648
1.505000	0.078125	0.209961
1.510000	-0.058594	0.385742
1.515000	-0.307617	0.107422
1.520000	-0.366211	-0.747070
1.525000	0.122070	-1.313477
1.530000	0.986328	-1.132812
1.535000	1.718750	-0.463867
1.540000	2.026367	0.297852
1.545000	1.821289	0.859375
1.550000	1.254883	1.088867
1.555000	0.537109	1.000977
1.560000	-0.131836	0.629883
1.565000	-0.537109	-0.493164
1.570000	-0.200195	-1.821289
1.575000	0.986328	-2.075195
1.580000	2.353516	-1.391602
1.585000	3.266602	-0.297852
1.590000	3.461914	0.717773
1.595000	2.988281	1.313477
1.600000	2.124023	1.396484
1.605000	1.196289	1.103516
1.610000	0.458984	0.639648
1.615000	0.019531	0.219727
1.620000	-0.126953	-0.175781
1.625000	-0.009766	-0.419922
1.630000	0.258789	-0.322266
1.635000	0.463867	-0.009766
1.640000	0.463867	0.351562
1.645000	0.229492	0.615234
1.650000	-0.180664	0.585938
1.655000	-0.551758	-0.322266
1.660000	-0.317383	-1.694336
1.665000	0.786133	-2.104492
1.670000	2.163086	-1.513672
1.675000	3.159180	-0.439453
1.680000	3.452148	0.610352
1.685000	3.051758	1.264648
1.690000	2.216797	1.411133
1.695000	1.274414	1.157227
1.700000	0.512695	0.698242
1.705000	0.039062	0.258789
1.710000	-0.141602	-0.166016
1.715000	-0.034180	-0.483398
1.720000	0.273438	-0.419922
1.725000	0.546875	-0.092773
1.730000	0.610352	0.302734
1.735000	0.400391	0.610352
1.740000	-0.004883	0.717773
1.745000	-0.463867	0.131836
1.750000	-0.522461	-1.308594
1.755000	0.336914	-2.192383
1.760000	1.772461	-1.914062
1.765000	3.027344	-0.913086
1.770000	3.632812	0.253906
1.775000	3.461914	1.118164
1.780000	2.729492	1.459961
1.785000	1.762695	1.323242
1.790000	0.883789	0.898438
1.795000	0.283203	0.415039
1.800000	-0.004883	0.053711
1.805000	-0.048828	-0.146484
1.810000	0.039062	-0.136719
1.815000	0.126953	0.048828
1.820000	0.092773	0.297852
1.825000	-0.112305	0.419922
1.830000	-0.380859	-0.048828
1.835000	-0.327148	-1.025391
1.840000	0.336914	-1.450195
1.845000	1.284180	-1.118164
1.850000	2.021484	-0.351562
1.855000	2.250977	0.444336
1.860000	1.958008	0.981445
1.865000	1.303711	1.147461
1.870000	0.546875	0.991211
1.875000	-0.117188	0.595703
1.880000	-0.493164	-0.478516
1.885000	-0.170898	-1.694336
1.890000	0.937500	-1.904297
1.895000	2.182617	-1.250000
1.900000	3.007812	-0.219727
1.905000	3.154297	0.717773
1.910000	2.675781	1.259766
1.915000	1.850586	1.328125
1.920000	0.966797	1.044922
1.925000	0.268555	0.615234
1.930000	-0.146484	0.122070
1.935000	-0.219727	-0.551758
1.940000	0.136719	-0.893555
1.945000	0.717773	-0.688477
1.950000	1.166992	-0.170898
1.955000	1.264648	0.385742
1.960000	1.010742	0.776367
1.965000	0.498047	0.908203
1.970000	-0.112305	0.737305
1.975000	-0.581055	-0.307617
1.980000	-0.361328	-1.870117
1.985000	0.859375	-2.382812
1.990000	2.421875	-1.762695
1.995000	3.579102	-0.581055
2.000000	3.964844	0.590820
2.005000	3.583984	1.337891
2.010000	2.695312	1.528320
2.015000	1.684570	1.254883
2.020000	0.844727	0.756836
2.025000	0.336914	0.273438
2.030000	0.141602	-0.029297
2.035000	0.151367	-0.097656
2.040000	0.214844	0.019531
2.045000	0.190430	0.229492
2.050000	0.029297	0.424805
2.055000	-0.244141	0.297852
2.060000	-0.424805	-0.512695
2.065000	-0.083008	-1.357422
2.070000	0.805664	-1.391602
2.075000	1.713867	-0.791016
2.080000	2.231445	0.039062
2.085000	2.207031	0.747070
2.090000	1.708984	1.113281
2.095000	0.971680	1.113281
2.100000	0.234375	0.854492
2.105000	-0.332031	0.214844
2.110000	-0.454102	-1.074219
2.115000	0.249023	-1.884766
2.120000	1.479492	-1.660156
2.125000	2.573242	-0.791016
2.130000	3.105469	0.234375
2.135000	2.944336	1.005859
2.140000	2.280273	1.323242
2.145000	1.396484	1.225586
2.150000	0.590820	0.849609
2.155000	0.014648	0.410156
2.160000	-0.253906	-0.224609
2.165000	-0.097656	-0.864258
2.170000	0.458984	-0.927734
2.175000	1.064453	-0.512695
2.180000	1.391602	0.092773
2.185000	1.328125	0.620117
2.190000	0.922852	0.903320
2.195000	0.322266	0.922852
2.200000	-0.288086	0.517578
2.205000	-0.610352	-0.834961
2.210000	-0.048828	-2.163086
2.215000	1.357422	-2.255859
2.220000	2.836914	-1.391602
2.225000	3.754883	-0.166016
2.230000	3.867188	0.893555
2.235000	3.281250	1.450195
2.240000	2.324219	1.469727
2.245000	1.342773	1.098633
2.250000	0.615234	0.585938
2.255000	0.219727	0.151367
2.260000	0.102539	-0.073242
2.265000	0.146484	-0.073242
2.270000	0.185547	0.087891
2.275000	0.126953	0.302734
2.280000	-0.078125	0.424805
2.285000	-0.356445	0.019531
2.290000	-0.351562	-0.927734
2.295000	0.249023	-1.420898
2.300000	1.181641	-1.147461
2.305000	1.928711	-0.410156
2.310000	2.202148	0.380859
2.315000	1.943359	0.932617
2.320000	1.323242	1.132812
2.325000	0.576172	1.000977
2.330000	-0.092773	0.625000
2.335000	-0.498047	-0.424805
2.340000	-0.209961	-1.689453
2.345000	0.893555	-1.953125
2.350000	2.172852	-1.318359
2.355000	3.041992	-0.278320
2.360000	3.227539	0.683594
2.365000	2.773438	1.254883
2.370000	1.943359	1.352539
2.375000	1.054688	1.074219
2.380000	0.336914	0.629883
2.385000	-0.092773	0.175781
2.390000	-0.209961	-0.424805
2.395000	0.063477	-0.786133
2.400000	0.576172	-0.634766
2.405000	0.986328	-0.166016
2.410000	1.093750	0.351562
2.415000	0.854492	0.722656
2.420000	0.375977	0.864258
2.425000	-0.200195	0.654297
2.430000	-0.615234	-0.512695
2.435000	-0.258789	-2.016602
2.440000	1.054688	-2.358398
2.445000	2.597656	-1.640625
2.450000	3.681641	-0.424805
2.455000	3.964844	0.712891
2.460000	3.500977	1.396484
2.465000	2.573242	1.518555
2.470000	1.567383	1.206055
2.475000	0.771484	0.693359
2.480000	0.297852	0.224609
2.485000	0.136719	-0.048828
2.490000	0.166016	-0.087891
2.495000	0.224609	0.043945
2.500000	0.185547	0.258789
2.505000	0.009766	0.439453
2.510000	-0.273438	0.249023
2.515000	-0.419922	-0.625000
2.520000	-0.009766	-1.406250
2.525000	0.913086	-1.357422
2.530000	1.796875	-0.712891
2.535000	2.270508	0.126953
2.540000	2.187500	0.800781
2.545000	1.655273	1.132812
2.550000	0.908203	1.093750
2.555000	0.175781	0.820312
2.560000	-0.361328	0.117188
2.565000	-0.424805	-1.191406
2.570000	0.346680	-1.889648
2.575000	1.582031	-1.591797
2.580000	2.631836	-0.688477
2.585000	3.090820	0.322266
2.590000	2.875977	1.054688
2.595000	2.182617	1.328125
2.600000	1.298828	1.191406
2.605000	0.512695	0.805664
2.610000	-0.029297	0.356445
2.615000	-0.268555	-0.312500
2.620000	-0.053711	-0.922852
2.625000	0.537109	-0.922852
2.630000	1.147461	-0.468750
2.635000	1.445312	0.151367
2.640000	1.342773	0.664062
2.645000	0.908203	0.927734
2.650000	0.292969	0.917969
2.655000	-0.317383	0.463867
2.660000	-0.605469	-0.932617
2.665000	0.019531	-2.192383
2.670000	1.445312	-2.207031
2.675000	2.895508	-1.308594
2.680000	3.759766	-0.092773
2.685000	3.823242	0.937500
2.690000	3.208008	1.459961
2.695000	2.241211	1.450195
2.700000	1.279297	1.064453
2.705000	0.571289	0.551758
2.710000	0.195312	0.126953
2.715000	0.097656	-0.078125
2.720000	0.141602	-0.063477
2.725000	0.175781	0.102539
2.730000	0.107422	0.312500
2.735000	-0.112305	0.410156
2.740000	-0.371094	-0.058594
2.745000	-0.317383	-1.005859
2.750000	0.336914	-1.401367
2.755000	1.250000	-1.064453
2.760000	1.948242	-0.312500
2.765000	2.153320	0.458984
2.770000	1.855469	0.966797
2.775000	1.215820	1.123047
2.780000	0.468750	0.961914
2.785000	-0.175781	0.532227
2.790000	-0.517578	-0.625000
2.795000	-0.092773	-1.816406
2.800000	1.093750	-1.933594
2.805000	2.358398	-1.210938
2.810000	3.149414	-0.136719
2.815000	3.247070	0.791016
2.820000	2.719727	1.303711
2.825000	1.855469	1.337891
2.830000	0.971680	1.020508
2.835000	0.288086	0.576172
2.840000	-0.102539	0.122070
2.845000	-0.185547	-0.434570
2.850000	0.092773	-0.712891
2.855000	0.556641	-0.527344
2.860000	0.893555	-0.078125
2.865000	0.937500	0.400391
2.870000	0.668945	0.727539
2.875000	0.185547	0.830078
2.880000	-0.361328	0.424805
2.885000	-0.620117	-0.981445
2.890000	0.034180	-2.226562
2.895000	1.489258	-2.221680
2.900000	2.949219	-1.303711
2.905000	3.808594	-0.073242
2.910000	3.852539	0.957031
2.915000	3.232422	1.479492
2.920000	2.255859	1.450195
2.925000	1.284180	1.059570
2.930000	0.581055	0.541992
2.935000	0.209961	0.122070
2.940000	0.117188	-0.083008
2.945000	0.161133	-0.068359
2.950000	0.205078	0.102539
2.955000	0.126953	0.312500
2.960000	-0.087891	0.429688
2.965000	-0.361328	-0.004883
2.970000	-0.341797	-0.971680
2.975000	0.288086	-1.445312
2.980000	1.235352	-1.147461
2.985000	1.977539	-0.395508
2.990000	2.236328	0.405273
2.995000	1.967773	0.957031
3.000000	1.328125	1.142578
3.005000	0.581055	1.000977
3.010000	-0.087891	0.620117
3.015000	-0.488281	-0.415039
3.020000	-0.205078	-1.655273
3.025000	0.878906	-1.918945
3.030000	2.128906	-1.289062
3.035000	2.983398	-0.268555
3.040000	3.164062	0.683594
3.045000	2.714844	1.245117
3.050000	1.889648	1.328125
3.055000	1.010742	1.059570
3.060000	0.302734	0.625000
3.065000	-0.126953	0.156250
3.070000	-0.224609	-0.502930
3.075000	0.097656	-0.869141
3.080000	0.664062	-0.693359
3.085000	1.118164	-0.195312
3.090000	1.240234	0.361328
3.095000	1.000977	0.756836
3.100000	0.493164	0.898438
3.105000	-0.107422	0.742188
3.110000	-0.581055	-0.283203
3.115000	-0.371094	-1.850586
3.120000	0.834961	-2.387695
3.125000	2.392578	-1.782227
3.130000	3.569336	-0.605469
3.135000	3.959961	0.576172
3.140000	3.598633	1.328125
3.145000	2.714844	1.528320
3.150000	1.704102	1.259766
3.155000	0.864258	0.766602
3.160000	0.341797	0.278320
3.165000	0.141602	-0.024414
3.170000	0.156250	-0.097656
3.175000	0.219727	0.014648
3.180000	0.200195	0.224609
3.185000	0.043945	0.424805
3.190000	-0.239258	0.312500
3.195000	-0.429688	-0.478516
3.200000	-0.102539	-1.342773
3.205000	0.771484	-1.406250
3.210000	1.689453	-0.825195
3.215000	2.231445	0.009766
3.220000	2.226562	0.727539
3.225000	1.743164	1.108398
3.230000	1.015625	1.118164
3.235000	0.268555	0.864258
3.240000	-0.307617	0.258789
3.245000	-0.458984	-1.005859
3.250000	0.200195	-1.860352
3.255000	1.411133	-1.674805
3.260000	2.509766	-0.834961
3.265000	3.061523	0.190430
3.270000	2.939453	0.976562
3.275000	2.294922	1.318359
3.280000	1.420898	1.230469
3.285000	0.605469	0.864258
3.290000	0.019531	0.429688
3.295000	-0.253906	-0.209961
3.300000	-0.117188	-0.874023
3.305000	0.454102	-0.961914
3.310000	1.079102	-0.551758
3.315000	1.430664	0.063477
3.320000	1.391602	0.610352
3.325000	0.986328	0.908203
3.330000	0.385742	0.927734
3.335000	-0.239258	0.590820
3.340000	-0.605469	-0.688477
3.345000	-0.136719	-2.089844
3.350000	1.225586	-2.275391
3.355000	2.709961	-1.474609
3.360000	3.691406	-0.263672
3.365000	3.857422	0.820312
3.370000	3.325195	1.416016
3.375000	2.387695	1.474609
3.380000	1.401367	1.137695
3.385000	0.649414	0.625000
3.390000	0.229492	0.180664
3.395000	0.097656	-0.063477
3.400000	0.126953	-0.078125
3.405000	0.170898	0.068359
3.410000	0.117188	0.283203
3.415000	-0.073242	0.419922
3.420000	-0.341797	0.039062
3.425000	-0.356445	-0.883789
3.430000	0.224609	-1.391602
3.435000	1.137695	-1.137695
3.440000	1.875000	-0.419922
3.445000	2.153320	0.371094
3.450000	1.904297	0.917969
3.455000	1.293945	1.123047
3.460000	0.556641	1.000977
3.465000	-0.112305	0.620117
3.470000	-0.507812	-0.454102
3.475000	-0.195312	-1.728516
3.480000	0.932617	-1.982422
3.485000	2.226562	-1.328125
3.490000	3.105469	-0.273438
3.495000	3.286133	0.698242
3.500000	2.822266	1.269531
3.505000	1.982422	1.357422
3.510000	1.083984	1.074219
3.515000	0.361328	0.629883
3.520000	-0.063477	0.190430
3.525000	-0.190430	-0.356445
3.530000	0.039062	-0.683594
3.535000	0.478516	-0.551758
3.540000	0.839844	-0.131836
3.545000	0.922852	0.341797
3.550000	0.688477	0.688477
3.555000	0.229492	0.820312
3.560000	-0.317383	0.498047
3.565000	-0.620117	-0.839844
3.570000	-0.058594	-2.167969
3.575000	1.352539	-2.260742
3.580000	2.836914	-1.391602
3.585000	3.754883	-0.166016
3.590000	3.867188	0.888672
3.595000	3.286133	1.450195
3.600000	2.329102	1.469727
3.605000	1.347656	1.098633
3.610000	0.620117	0.585938
3.615000	0.224609	0.146484
3.620000	0.107422	-0.078125
3.625000	0.146484	-0.068359
3.630000	0.185547	0.087891
3.635000	0.126953	0.302734
3.640000	-0.078125	0.424805
3.645000	-0.351562	0.029297
3.650000	-0.356445	-0.917969
3.655000	0.244141	-1.420898
3.660000	1.176758	-1.152344
3.665000	1.928711	-0.424805
3.670000	2.207031	0.375977
3.675000	1.958008	0.932617
3.680000	1.337891	1.132812
3.685000	0.590820	1.005859
3.690000	-0.083008	0.634766
3.695000	-0.493164	-0.400391
3.700000	-0.214844	-1.660156
3.705000	0.864258	-1.948242
3.710000	2.143555	-1.328125
3.715000	3.017578	-0.297852
3.720000	3.212891	0.668945
3.725000	2.768555	1.240234
3.730000	1.948242	1.347656
3.735000	1.059570	1.074219
3.740000	0.336914	0.639648
3.745000	-0.092773	0.180664
3.750000	-0.214844	-0.434570
3.755000	0.063477	-0.795898
3.760000	0.585938	-0.649414
3.765000	1.005859	-0.185547
3.770000	1.123047	0.341797
3.775000	0.893555	0.722656
3.780000	0.415039	0.869141
3.785000	-0.166016	0.683594
3.790000	-0.605469	-0.424805
3.795000	-0.302734	-1.958008
3.800000	0.971680	-2.373047
3.805000	2.524414	-1.694336
3.810000	3.647461	-0.488281
3.815000	3.964844	0.664062
3.820000	3.535156	1.372070
3.825000	2.622070	1.518555
3.830000	1.621094	1.230469
3.835000	0.805664	0.717773
3.840000	0.317383	0.239258
3.845000	0.146484	-0.043945
3.850000	0.166016	-0.092773
3.855000	0.224609	0.029297
3.860000	0.195312	0.249023
3.865000	0.024414	0.434570
3.870000	-0.258789	0.278320
3.875000	-0.424805	-0.566406
3.880000	-0.048828	-1.386719
3.885000	0.854492	-1.381836
3.890000	1.757812	-0.766602
3.895000	2.260742	0.073242
3.900000	2.207031	0.766602
3.905000	1.699219	1.123047
3.910000	0.957031	1.103516
3.915000	0.219727	0.839844
3.920000	-0.336914	0.185547
3.925000	-0.444336	-1.103516
3.930000	0.273438	-1.870117
3.935000	1.494141	-1.630859
3.940000	2.563477	-0.756836
3.945000	3.066406	0.263672
3.950000	2.890625	1.015625
3.955000	2.226562	1.318359
3.960000	1.342773	1.206055
3.965000	0.546875	0.834961
3.970000	-0.014648	0.390625
3.975000	-0.268555	-0.283203
3.980000	-0.078125	-0.927734
3.985000	0.517578	-0.966797
3.990000	1.152344	-0.517578
3.995000	1.479492	0.112305
4.000000	1.406250	0.649414
4.005000	0.981445	0.927734
4.010000	0.361328	0.932617
4.015000	-0.258789	0.551758
4.020000	-0.605469	-0.761719
4.025000	-0.087891	-2.119141
4.030000	1.289062	-2.250977
4.035000	2.763672	-1.416016
4.040000	3.701172	-0.209961
4.045000	3.837891	0.854492
4.050000	3.276367	1.430664
4.055000	2.329102	1.469727
4.060000	1.352539	1.113281
4.065000	0.610352	0.600586
4.070000	0.209961	0.166016
4.075000	0.083008	-0.063477
4.080000	0.117188	-0.073242
4.085000	0.156250	0.083008
4.090000	0.097656	0.292969
4.095000	-0.097656	0.400391
4.100000	-0.361328	-0.029297
4.105000	-0.322266	-0.952148
4.110000	0.297852	-1.372070
4.115000	1.196289	-1.059570
4.120000	1.889648	-0.332031
4.125000	2.104492	0.434570
4.130000	1.816406	0.947266
4.135000	1.196289	1.113281
4.140000	0.454102	0.966797
4.145000	-0.195312	0.532227
4.150000	-0.527344	-0.664062
4.155000	-0.083008	-1.865234
4.160000	1.137695	-1.972656
4.165000	2.431641	-1.230469
4.170000	3.237305	-0.136719
4.175000	3.325195	0.815430
4.180000	2.788086	1.328125
4.185000	1.914062	1.357422
4.190000	1.015625	1.030273
4.195000	0.322266	0.576172
4.200000	-0.063477	0.146484
4.205000	-0.166016	-0.346680
4.210000	0.058594	-0.595703
4.215000	0.444336	-0.429688
4.220000	0.722656	-0.029297
4.225000	0.737305	0.390625
4.230000	0.473633	0.683594
4.235000	0.014648	0.761719
4.240000	-0.478516	0.126953
4.245000	-0.541992	-1.372070
4.250000	0.361328	-2.280273
4.255000	1.855469	-1.992188
4.260000	3.159180	-0.957031
4.265000	3.784180	0.244141
4.270000	3.632812	1.137695
4.275000	2.880859	1.494141
4.280000	1.889648	1.352539
4.285000	0.991211	0.917969
4.290000	0.375977	0.415039
4.295000	0.092773	0.053711
4.300000	0.048828	-0.087891
4.305000	0.097656	-0.019531
4.310000	0.107422	0.166016
4.315000	-0.009766	0.361328
4.320000	-0.244141	0.229492
4.325000	-0.380859	-0.502930
4.330000	-0.043945	-1.215820
4.335000	0.742188	-1.186523
4.340000	1.513672	-0.615234
4.345000	1.918945	0.136719
4.350000	1.826172	0.747070
4.355000	1.328125	1.044922
4.360000	0.634766	1.020508
4.365000	-0.043945	0.737305
4.370000	-0.517578	-0.273438
4.375000	-0.322266	-1.708984
4.380000	0.786133	-2.163086
4.385000	2.202148	-1.582031
4.390000	3.247070	-0.493164
4.395000	3.574219	0.585938
4.400000	3.188477	1.264648
4.405000	2.353516	1.435547
4.410000	1.396484	1.186523
4.415000	0.615234	0.722656
4.420000	0.122070	0.278320
4.425000	-0.068359	-0.048828
4.430000	-0.039062	-0.253906
4.435000	0.117188	-0.190430
4.440000	0.239258	0.048828
4.445000	0.200195	0.336914
4.450000	-0.029297	0.527344
4.455000	-0.366211	0.166016
4.460000	-0.458984	-0.942383
4.465000	0.161133	-1.713867
4.470000	1.274414	-1.528320
4.475000	2.285156	-0.732422
4.480000	2.763672	0.219727
4.485000	2.617188	0.947266
4.490000	1.997070	1.254883
4.495000	1.171875	1.166992
4.500000	0.385742	0.825195
4.505000	-0.166016	0.317383
4.510000	-0.366211	-0.639648
4.515000	0.053711	-1.367188
4.520000	0.947266	-1.284180
4.525000	1.791992	-0.644531
4.530000	2.211914	0.170898
4.535000	2.104492	0.815430
4.540000	1.557617	1.118164
4.545000	0.825195	1.069336
4.550000	0.112305	0.781250
4.555000	-0.400391	0.009766
4.560000	-0.395508	-1.303711
4.565000	0.449219	-1.923828
4.570000	1.713867	-1.552734
4.575000	2.734375	-0.610352
4.580000	3.134766	0.395508
4.585000	2.875977	1.108398
4.590000	2.148438	1.342773
4.595000	1.254883	1.171875
4.600000	0.478516	0.771484
4.605000	-0.043945	0.317383
4.610000	-0.258789	-0.336914
4.615000	-0.034180	-0.893555
4.620000	0.546875	-0.864258
4.625000	1.108398	-0.400391
4.630000	1.362305	0.195312
4.635000	1.235352	0.678711
4.640000	0.786133	0.913086
4.645000	0.175781	0.888672
4.650000	-0.410156	0.302734
4.655000	-0.585938	-1.210938
4.660000	0.209961	-2.299805
4.665000	1.713867	-2.138672
4.670000	3.120117	-1.147461
4.675000	3.872070	0.092773
4.680000	3.808594	1.064453
4.685000	3.115234	1.503906
4.690000	2.119141	1.416016
4.695000	1.181641	0.996094
4.700000	0.512695	0.483398
4.705000	0.185547	0.078125
4.710000	0.122070	-0.087891
4.715000	0.170898	-0.048828
4.720000	0.200195	0.131836
4.725000	0.107422	0.341797
4.730000	-0.126953	0.415039
4.735000	-0.390625	-0.117188
4.740000	-0.297852	-1.093750
4.745000	0.410156	-1.450195
4.750000	1.352539	-1.059570
4.755000	2.050781	-0.278320
4.760000	2.231445	0.502930
4.765000	1.899414	1.000977
4.770000	1.240234	1.142578
4.775000	0.478516	0.966797
4.780000	-0.166016	0.532227
4.785000	-0.498047	-0.605469
4.790000	-0.092773	-1.757812
4.795000	1.054688	-1.879883
4.800000	2.285156	-1.176758
4.805000	3.056641	-0.126953
4.810000	3.139648	0.786133
4.815000	2.622070	1.279297
4.820000	1.772461	1.313477
4.825000	0.903320	1.005859
4.830000	0.224609	0.571289
4.835000	-0.161133	0.073242
4.840000	-0.205078	-0.590820
4.845000	0.170898	-0.878906
4.850000	0.742188	-0.639648
4.855000	1.162109	-0.112305
4.860000	1.235352	0.429688
4.865000	0.947266	0.791016
4.870000	0.419922	0.903320
4.875000	-0.180664	0.673828
4.880000	-0.605469	-0.493164
4.885000	-0.263672	-2.006836
4.890000	1.040039	-2.363281
4.895000	2.583008	-1.645508
4.900000	3.681641	-0.434570
4.905000	3.959961	0.703125
4.910000	3.500977	1.391602
4.915000	2.578125	1.513672
4.920000	1.577148	1.210938
4.925000	0.771484	0.698242
4.930000	0.302734	0.229492
4.935000	0.141602	-0.048828
4.940000	0.161133	-0.092773
4.945000	0.219727	0.043945
4.950000	0.185547	0.258789
4.955000	0.009766	0.439453
4.960000	-0.278320	0.244141
4.965000	-0.419922	-0.620117
4.970000	-0.009766	-1.406250
4.975000	0.908203	-1.352539
4.980000	1.791992	-0.712891
4.985000	2.265625	0.122070
4.990000	2.182617	0.800781
4.995000	1.650391	1.127930
5.000000	0.908203	1.093750
5.005000	0.170898	0.815430
5.010000	-0.366211	0.112305
5.015000	-0.424805	-1.196289
5.020000	0.356445	-1.899414
5.025000	1.591797	-1.591797
5.030000	2.641602	-0.693359
5.035000	3.105469	0.322266
5.040000	2.885742	1.059570
5.045000	2.187500	1.328125
5.050000	1.303711	1.196289
5.055000	0.512695	0.805664
5.060000	-0.029297	0.361328
5.065000	-0.263672	-0.312500
5.070000	-0.058594	-0.922852
5.075000	0.541992	-0.922852
5.080000	1.142578	-0.463867
5.085000	1.440430	0.151367
5.090000	1.342773	0.664062
5.095000	0.903320	0.927734
5.100000	0.288086	0.917969
5.105000	-0.322266	0.458984
5.110000	-0.605469	-0.942383
5.115000	0.024414	-2.202148
5.120000	1.459961	-2.211914
5.125000	2.915039	-1.303711
5.130000	3.774414	-0.083008
5.135000	3.828125	0.942383
5.140000	3.212891	1.469727
5.145000	2.246094	1.455078
5.150000	1.279297	1.069336
5.155000	0.571289	0.551758
5.160000	0.195312	0.131836
5.165000	0.097656	-0.078125
5.170000	0.141602	-0.063477
5.175000	0.175781	0.097656
5.180000	0.107422	0.312500
5.185000	-0.107422	0.410156
5.190000	-0.366211	-0.068359
5.195000	-0.317383	-1.010742
5.200000	0.341797	-1.401367
5.205000	1.259766	-1.069336
5.210000	1.953125	-0.312500
5.215000	2.163086	0.463867
5.220000	1.860352	0.971680
5.225000	1.220703	1.123047
5.230000	0.468750	0.966797
5.235000	-0.175781	0.532227
5.240000	-0.517578	-0.629883
5.245000	-0.092773	-1.816406
5.250000	1.093750	-1.938477
5.255000	2.363281	-1.210938
5.260000	3.154297	-0.136719
5.265000	3.251953	0.800781
5.270000	2.724609	1.308594
5.275000	1.860352	1.337891
5.280000	0.971680	1.020508
5.285000	0.283203	0.576172
5.290000	-0.107422	0.122070
5.295000	-0.185547	-0.444336
5.300000	0.097656	-0.712891
5.305000	0.561523	-0.527344
5.310000	0.908203	-0.073242
5.315000	0.952148	0.395508
5.320000	0.683594	0.727539
5.325000	0.195312	0.834961
5.330000	-0.356445	0.434570
5.335000	-0.615234	-0.966797
5.340000	0.024414	-2.226562
5.345000	1.474609	-2.236328
5.350000	2.949219	-1.318359
5.355000	3.813477	-0.078125
5.360000	3.872070	0.952148
5.365000	3.247070	1.474609
5.370000	2.270508	1.459961
5.375000	1.298828	1.069336
5.380000	0.585938	0.546875
5.385000	0.214844	0.126953
5.390000	0.122070	-0.083008
5.395000	0.166016	-0.068359
5.400000	0.205078	0.102539
5.405000	0.131836	0.317383
5.410000	-0.083008	0.434570
5.415000	-0.361328	0.004883
5.420000	-0.351562	-0.961914
5.425000	0.273438	-1.450195
5.430000	1.225586	-1.157227
5.435000	1.972656	-0.405273
5.440000	2.246094	0.395508
5.445000	1.982422	0.952148
5.450000	1.352539	1.142578
5.455000	0.595703	1.005859
5.460000	-0.083008	0.629883
5.465000	-0.483398	-0.385742
5.470000	-0.219727	-1.640625
5.475000	0.854492	-1.928711
5.480000	2.114258	-1.308594
5.485000	2.973633	-0.288086
5.490000	3.164062	0.668945
5.495000	2.724609	1.240234
5.500000	1.909180	1.337891
5.505000	1.025391	1.069336
5.510000	0.307617	0.639648
5.515000	-0.126953	0.161133
5.520000	-0.229492	-0.502930
5.525000	0.097656	-0.883789
5.530000	0.668945	-0.708008
5.535000	1.132812	-0.205078
5.540000	1.250000	0.351562
5.545000	1.025391	0.756836
5.550000	0.527344	0.908203
5.555000	-0.083008	0.761719
5.560000	-0.571289	-0.224609
5.565000	-0.400391	-1.806641
5.570000	0.776367	-2.387695
5.575000	2.343750	-1.821289
5.580000	3.540039	-0.649414
5.585000	3.964844	0.537109
5.590000	3.618164	1.313477
5.595000	2.753906	1.533203
5.600000	1.738281	1.279297
5.605000	0.888672	0.786133
5.610000	0.356445	0.292969
5.615000	0.146484	-0.014648
5.620000	0.151367	-0.097656
5.625000	0.214844	0.009766
5.630000	0.200195	0.219727
5.635000	0.048828	0.419922
5.640000	-0.224609	0.322266
5.645000	-0.429688	-0.449219
5.650000	-0.122070	-1.328125
5.655000	0.742188	-1.406250
5.660000	1.669922	-0.844727
5.665000	2.221680	-0.009766
5.670000	2.226562	0.708008
5.675000	1.757812	1.098633
5.680000	1.035156	1.123047
5.685000	0.283203	0.878906
5.690000	-0.302734	0.278320
5.695000	-0.468750	-0.986328
5.700000	0.180664	-1.860352
5.705000	1.391602	-1.699219
5.710000	2.504883	-0.854492
5.715000	3.076172	0.170898
5.720000	2.963867	0.966797
5.725000	2.329102	1.318359
5.730000	1.450195	1.240234
5.735000	0.625000	0.878906
5.740000	0.039062	0.439453
5.745000	-0.249023	-0.185547
5.750000	-0.126953	-0.854492
5.755000	0.424805	-0.952148
5.760000	1.054688	-0.556641
5.765000	1.406250	0.048828
5.770000	1.372070	0.595703
5.775000	0.981445	0.898438
5.780000	0.380859	0.927734
5.785000	-0.234375	0.595703
5.790000	-0.605469	-0.688477
5.795000	-0.146484	-2.089844
5.800000	1.225586	-2.285156
5.805000	2.719727	-1.484375
5.810000	3.706055	-0.268555
5.815000	3.881836	0.815430
5.820000	3.344727	1.425781
5.825000	2.402344	1.484375
5.830000	1.411133	1.137695
5.835000	0.659180	0.629883
5.840000	0.229492	0.180664
5.845000	0.102539	-0.058594
5.850000	0.131836	-0.078125
5.855000	0.175781	0.073242
5.860000	0.126953	0.283203
5.865000	-0.063477	0.415039
5.870000	-0.336914	0.063477
5.875000	-0.361328	-0.869141
5.880000	0.200195	-1.401367
5.885000	1.123047	-1.166992
5.890000	1.875000	-0.454102
5.895000	2.172852	0.341797
5.900000	1.948242	0.917969
5.905000	1.337891	1.123047
5.910000	0.595703	1.010742
5.915000	-0.078125	0.649414
5.920000	-0.502930	-0.380859
5.925000	-0.234375	-1.674805
5.930000	0.854492	-1.982422
5.935000	2.158203	-1.362305
5.940000	3.056641	-0.322266
5.945000	3.271484	0.664062
5.950000	2.832031	1.250000
5.955000	2.006836	1.357422
5.960000	1.108398	1.093750
5.965000	0.375977	0.654297
5.970000	-0.068359	0.209961
5.975000	-0.209961	-0.366211
5.980000	0.034180	-0.732422
5.985000	0.502930	-0.605469
5.990000	0.898438	-0.170898
5.995000	1.005859	0.327148
6.000000	0.786133	0.693359
6.005000	0.327148	0.839844
6.010000	-0.239258	0.615234
6.015000	-0.620117	-0.600586
6.020000	-0.209961	-2.060547
6.025000	1.137695	-2.343750
6.030000	2.666016	-1.572266
6.035000	3.715820	-0.356445
6.040000	3.940430	0.766602
6.045000	3.442383	1.416016
6.050000	2.504883	1.508789
6.055000	1.503906	1.176758
6.060000	0.727539	0.664062
6.065000	0.278320	0.205078
6.070000	0.126953	-0.058594
6.075000	0.156250	-0.087891
6.080000	0.214844	0.053711
6.085000	0.170898	0.268555
6.090000	-0.014648	0.444336
6.095000	-0.297852	0.190430
6.100000	-0.410156	-0.717773
6.105000	0.063477	-1.420898
6.110000	0.996094	-1.303711
6.115000	1.845703	-0.629883
6.120000	2.255859	0.205078
6.125000	2.124023	0.849609
6.130000	1.562500	1.137695
6.135000	0.810547	1.074219
6.140000	0.092773	0.771484
6.145000	-0.410156	-0.019531
6.150000	-0.380859	-1.342773
6.155000	0.493164	-1.928711
6.160000	1.757812	-1.528320
6.165000	2.758789	-0.576172
6.170000	3.144531	0.429688
6.175000	2.856445	1.118164
6.180000	2.119141	1.337891
6.185000	1.235352	1.162109
6.190000	0.458984	0.756836
6.195000	-0.053711	0.307617
6.200000	-0.253906	-0.361328
6.205000	-0.019531	-0.903320
6.210000	0.566406	-0.854492
6.215000	1.123047	-0.385742
6.220000	1.367188	0.209961
6.225000	1.235352	0.688477
6.230000	0.766602	0.922852
6.235000	0.156250	0.883789
6.240000	-0.424805	0.263672
6.245000	-0.576172	-1.254883
6.250000	0.253906	-2.314453
6.255000	1.762695	-2.119141
6.260000	3.159180	-1.103516
6.265000	3.881836	0.131836
6.270000	3.798828	1.088867
6.275000	3.085938	1.513672
6.280000	2.084961	1.406250
6.285000	1.152344	0.976562
6.290000	0.498047	0.458984
6.295000	0.180664	0.068359
6.300000	0.122070	-0.092773
6.305000	0.175781	-0.048828
6.310000	0.200195	0.141602
6.315000	0.102539	0.351562
6.320000	-0.136719	0.410156
6.325000	-0.395508	-0.146484
6.330000	-0.283203	-1.113281
6.335000	0.439453	-1.440430
6.340000	1.381836	-1.035156
6.345000	2.065430	-0.253906
6.350000	2.231445	0.522461
6.355000	1.884766	1.010742
6.360000	1.220703	1.137695
6.365000	0.458984	0.957031
6.370000	-0.180664	0.507812
6.375000	-0.498047	-0.649414
6.380000	-0.068359	-1.782227
6.385000	1.093750	-1.870117
6.390000	2.324219	-1.142578
6.395000	3.071289	-0.092773
6.400000	3.134766	0.810547
6.405000	2.597656	1.289062
6.410000	1.743164	1.308594
6.415000	0.878906	0.996094
6.420000	0.209961	0.561523
6.425000	-0.166016	0.053711
6.430000	-0.200195	-0.610352
6.435000	0.190430	-0.878906
6.440000	0.761719	-0.629883
6.445000	1.171875	-0.097656
6.450000	1.235352	0.444336
6.455000	0.932617	0.800781
6.460000	0.400391	0.898438
6.465000	-0.200195	0.654297
6.470000	-0.615234	-0.541992
6.475000	-0.239258	-2.036133
6.480000	1.088867	-2.353516
6.485000	2.626953	-1.616211
6.490000	3.701172	-0.395508
6.495000	3.959961	0.737305
6.500000	3.481445	1.401367
6.505000	2.548828	1.513672
6.510000	1.547852	1.191406
6.515000	0.756836	0.683594
6.520000	0.292969	0.214844
6.525000	0.136719	-0.053711
6.530000	0.166016	-0.087891
6.535000	0.224609	0.048828
6.540000	0.180664	0.263672
6.545000	0.004883	0.439453
6.550000	-0.283203	0.229492
6.555000	-0.419922	-0.654297
6.560000	0.009766	-1.411133
6.565000	0.937500	-1.342773
6.570000	1.816406	-0.688477
6.575000	2.275391	0.151367
6.580000	2.172852	0.815430
6.585000	1.625977	1.132812
6.590000	0.883789	1.088867
6.595000	0.146484	0.805664
6.600000	-0.375977	0.073242
6.605000	-0.415039	-1.235352
6.610000	0.385742	-1.899414
6.615000	1.630859	-1.572266
6.620000	2.666016	-0.659180
6.625000	3.105469	0.351562
6.630000	2.871094	1.074219
6.635000	2.167969	1.333008
6.640000	1.279297	1.186523
6.645000	0.493164	0.791016
6.650000	-0.043945	0.341797
6.655000	-0.263672	-0.336914
6.660000	-0.043945	-0.932617
6.665000	0.556641	-0.917969
6.670000	1.157227	-0.449219
6.675000	1.440430	0.170898
6.680000	1.328125	0.673828
6.685000	0.883789	0.922852
6.690000	0.263672	0.913086
6.695000	-0.336914	0.429688
6.700000	-0.595703	-0.996094
6.705000	0.063477	-2.221680
6.710000	1.508789	-2.202148
6.715000	2.954102	-1.269531
6.720000	3.789062	-0.039062
6.725000	3.818359	0.971680
6.730000	3.183594	1.469727
6.735000	2.211914	1.445312
6.740000	1.250000	1.044922
6.745000	0.551758	0.537109
6.750000	0.185547	0.117188
6.755000	0.097656	-0.083008
6.760000	0.146484	-0.058594
6.765000	0.175781	0.107422
6.770000	0.102539	0.317383
6.775000	-0.117188	0.405273
6.780000	-0.375977	-0.087891
6.785000	-0.302734	-1.035156
6.790000	0.366211	-1.406250
6.795000	1.284180	-1.049805
6.800000	1.967773	-0.288086
6.805000	2.163086	0.478516
6.810000	1.845703	0.981445
6.815000	1.196289	1.123047
6.820000	0.449219	0.961914
6.825000	-0.195312	0.512695
6.830000	-0.517578	-0.673828
6.835000	-0.063477	-1.835938
6.840000	1.132812	-1.923828
6.845000	2.397461	-1.181641
6.850000	3.168945	-0.107422
6.855000	3.247070	0.820312
6.860000	2.700195	1.313477
6.865000	1.831055	1.333008
6.870000	0.947266	1.010742
6.875000	0.268555	0.566406
6.880000	-0.112305	0.107422
6.885000	-0.185547	-0.458984
6.890000	0.112305	-0.717773
6.895000	0.581055	-0.517578
6.900000	0.917969	-0.058594
6.905000	0.957031	0.415039
6.910000	0.678711	0.737305
6.915000	0.185547	0.834961
6.920000	-0.366211	0.415039
6.925000	-0.615234	-1.005859
6.930000	0.053711	-2.241211
6.935000	1.513672	-2.221680
6.940000	2.973633	-1.293945
6.945000	3.828125	-0.053711
6.950000	3.862305	0.966797
6.955000	3.232422	1.479492
6.960000	2.250977	1.455078
6.965000	1.274414	1.059570
6.970000	0.576172	0.537109
6.975000	0.205078	0.122070
6.980000	0.122070	-0.087891
6.985000	0.166016	-0.063477
6.990000	0.205078	0.102539
6.995000	0.126953	0.317383
7.000000	-0.092773	0.429688
7.005000	-0.366211	-0.009766
7.010000	-0.346680	-0.976562
7.015000	0.288086	-1.450195
7.020000	1.245117	-1.147461
7.025000	1.992188	-0.390625
7.030000	2.250977	0.410156
7.035000	1.977539	0.957031
7.040000	1.337891	1.147461
7.045000	0.585938	1.000977
7.050000	-0.087891	0.620117
7.055000	-0.488281	-0.405273
7.060000	-0.209961	-1.655273
7.065000	0.869141	-1.918945
7.070000	2.128906	-1.293945
7.075000	2.978516	-0.273438
7.080000	3.159180	0.678711
7.085000	2.714844	1.240234
7.090000	1.889648	1.333008
7.095000	1.005859	1.059570
7.100000	0.297852	0.634766
7.105000	-0.131836	0.151367
7.110000	-0.229492	-0.517578
7.115000	0.107422	-0.888672
7.120000	0.683594	-0.708008
7.125000	1.147461	-0.195312
7.130000	1.264648	0.366211
7.135000	1.030273	0.766602
7.140000	0.522461	0.908203
7.145000	-0.083008	0.756836
7.150000	-0.571289	-0.239258
7.155000	-0.395508	-1.821289
7.160000	0.791016	-2.387695
7.165000	2.353516	-1.811523
7.170000	3.544922	-0.644531
7.175000	3.964844	0.541992
7.180000	3.613281	1.313477
7.185000	2.739258	1.533203
7.190000	1.728516	1.279297
7.195000	0.878906	0.781250
7.200000	0.351562	0.288086
7.205000	0.146484	-0.019531
7.210000	0.146484	-0.097656
7.215000	0.214844	0.009766
7.220000	0.195312	0.219727
7.225000	0.048828	0.419922
7.230000	-0.234375	0.317383
7.235000	-0.424805	-0.463867
7.240000	-0.112305	-1.333008
7.245000	0.756836	-1.406250
7.250000	1.674805	-0.830078
7.255000	2.221680	0.000000
7.260000	2.216797	0.717773
7.265000	1.743164	1.103516
7.270000	1.015625	1.123047
7.275000	0.268555	0.869141
7.280000	-0.312500	0.263672
7.285000	-0.468750	-1.010742
7.290000	0.195312	-1.870117
7.295000	1.416016	-1.694336
7.300000	2.524414	-0.844727
7.305000	3.090820	0.185547
7.310000	2.963867	0.981445
7.315000	2.324219	1.323242
7.320000	1.440430	1.235352
7.325000	0.625000	0.874023
7.330000	0.039062	0.429688
7.335000	-0.249023	-0.185547
7.340000	-0.122070	-0.854492
7.345000	0.424805	-0.942383
7.350000	1.040039	-0.546875
7.355000	1.391602	0.058594
7.360000	1.347656	0.600586
7.365000	0.952148	0.898438
7.370000	0.356445	0.927734
7.375000	-0.258789	0.566406
7.380000	-0.610352	-0.742188
7.385000	-0.107422	-2.124023
7.390000	1.274414	-2.280273
7.395000	2.768555	-1.450195
7.400000	3.730469	-0.229492
7.405000	3.881836	0.844727
7.410000	3.325195	1.435547
7.415000	2.377930	1.479492
7.420000	1.391602	1.127930
7.425000	0.644531	0.610352
7.430000	0.229492	0.166016
7.435000	0.107422	-0.068359
7.440000	0.146484	-0.078125
7.445000	0.185547	0.073242
7.450000	0.131836	0.288086
7.455000	-0.063477	0.424805
7.460000	-0.341797	0.058594
7.465000	-0.366211	-0.883789
7.470000	0.209961	-1.411133
7.475000	1.137695	-1.176758
7.480000	1.899414	-0.449219
7.485000	2.192383	0.346680
7.490000	1.967773	0.922852
7.495000	1.352539	1.132812
7.500000	0.605469	1.015625
7.505000	-0.073242	0.654297
7.510000	-0.493164	-0.361328
7.515000	-0.239258	-1.650391
7.520000	0.839844	-1.967773
7.525000	2.128906	-1.362305
7.530000	3.022461	-0.327148
7.535000	3.242188	0.649414
7.540000	2.807617	1.245117
7.545000	1.992188	1.352539
7.550000	1.098633	1.093750
7.555000	0.361328	0.654297
7.560000	-0.078125	0.205078
7.565000	-0.209961	-0.390625
7.570000	0.039062	-0.771484
7.575000	0.546875	-0.639648
7.580000	0.961914	-0.190430
7.585000	1.083984	0.327148
7.590000	0.859375	0.712891
7.595000	0.395508	0.859375
7.600000	-0.180664	0.673828
7.605000	-0.610352	-0.458984
7.610000	-0.288086	-1.982422
7.615000	1.000977	-2.368164
7.620000	2.553711	-1.674805
7.625000	3.666992	-0.468750
7.630000	3.964844	0.683594
7.635000	3.520508	1.381836
7.640000	2.607422	1.518555
7.645000	1.596680	1.220703
7.650000	0.791016	0.708008
7.655000	0.307617	0.234375
7.660000	0.141602	-0.048828
7.665000	0.161133	-0.092773
7.670000	0.224609	0.034180
7.675000	0.185547	0.253906
7.680000	0.019531	0.439453
7.685000	-0.268555	0.263672
7.690000	-0.424805	-0.595703
7.695000	-0.029297	-1.396484
7.700000	0.883789	-1.367188
7.705000	1.777344	-0.737305
7.710000	2.265625	0.102539
7.715000	2.197266	0.786133
7.720000	1.674805	1.127930
7.725000	0.932617	1.108398
7.730000	0.190430	0.830078
7.735000	-0.356445	0.141602
7.740000	-0.434570	-1.157227
7.745000	0.322266	-1.889648
7.750000	1.552734	-1.611328
7.755000	2.612305	-0.717773
7.760000	3.090820	0.297852
7.765000	2.895508	1.040039
7.770000	2.207031	1.328125
7.775000	1.328125	1.201172
7.780000	0.532227	0.820312
7.785000	-0.019531	0.371094
7.790000	-0.263672	-0.297852
7.795000	-0.068359	-0.922852
7.800000	0.527344	-0.937500
7.805000	1.142578	-0.488281
7.810000	1.450195	0.131836
7.815000	1.362305	0.654297
7.820000	0.932617	0.927734
7.825000	0.312500	0.927734
7.830000	-0.297852	0.498047
7.835000	-0.605469	-0.878906
7.840000	-0.019531	-2.172852
7.845000	1.396484	-2.226562
7.850000	2.861328	-1.347656
7.855000	3.750000	-0.126953
7.860000	3.837891	0.913086
7.865000	3.242188	1.459961
7.870000	2.275391	1.459961
7.875000	1.308594	1.083984
7.880000	0.590820	0.571289
7.885000	0.200195	0.141602
7.890000	0.097656	-0.078125
7.895000	0.136719	-0.068359
7.900000	0.175781	0.092773
7.905000	0.107422	0.302734
7.910000	-0.102539	0.410156
7.915000	-0.361328	-0.043945
7.920000	-0.317383	-0.981445
7.925000	0.317383	-1.401367
7.930000	1.235352	-1.074219
7.935000	1.933594	-0.332031
7.940000	2.153320	0.444336
7.945000	1.865234	0.961914
7.950000	1.225586	1.123047
7.955000	0.478516	0.971680
7.960000	-0.170898	0.546875
7.965000	-0.517578	-0.615234
7.970000	-0.107422	-1.816406
7.975000	1.074219	-1.953125
7.980000	2.358398	-1.230469
7.985000	3.164062	-0.151367
7.990000	3.266602	0.791016
7.995000	2.749023	1.303711
8.000000	1.884766	1.342773
8.005000	0.996094	1.035156
8.010000	0.302734	0.585938
8.015000	-0.092773	0.136719
8.020000	-0.180664	-0.410156
8.025000	0.083008	-0.688477
8.030000	0.532227	-0.517578
8.035000	0.864258	-0.078125
8.040000	0.913086	0.390625
8.045000	0.644531	0.712891
8.050000	0.170898	0.825195
8.055000	-0.371094	0.400391
8.060000	-0.610352	-1.020508
8.065000	0.063477	-2.241211
8.070000	1.523438	-2.207031
8.075000	2.973633	-1.269531
8.080000	3.813477	-0.039062
8.085000	3.842773	0.981445
8.090000	3.203125	1.479492
8.095000	2.221680	1.445312
8.100000	1.254883	1.049805
8.105000	0.561523	0.532227
8.110000	0.195312	0.117188
8.115000	0.107422	-0.087891
8.120000	0.156250	-0.063477
8.125000	0.190430	0.107422
8.130000	0.112305	0.327148
8.135000	-0.102539	0.419922
8.140000	-0.371094	-0.053711
8.145000	-0.322266	-1.020508
8.150000	0.336914	-1.430664
8.155000	1.269531	-1.098633
8.160000	1.987305	-0.332031
8.165000	2.211914	0.454102
8.170000	1.909180	0.976562
8.175000	1.259766	1.137695
8.180000	0.512695	0.976562
8.185000	-0.141602	0.571289
8.190000	-0.507812	-0.541992
8.195000	-0.136719	-1.748047
8.200000	1.000977	-1.918945
8.205000	2.265625	-1.240234
8.210000	3.076172	-0.185547
8.215000	3.193359	0.751953
8.220000	2.700195	1.274414
8.225000	1.855469	1.328125
8.230000	0.971680	1.035156
8.235000	0.273438	0.595703
8.240000	-0.126953	0.122070
8.245000	-0.205078	-0.502930
8.250000	0.117188	-0.815430
8.255000	0.644531	-0.620117
8.260000	1.049805	-0.131836
8.265000	1.127930	0.390625
8.270000	0.864258	0.751953
8.275000	0.361328	0.874023
8.280000	-0.224609	0.629883
8.285000	-0.615234	-0.585938
8.290000	-0.219727	-2.055664
8.295000	1.127930	-2.353516
8.300000	2.666016	-1.591797
8.305000	3.720703	-0.371094
8.310000	3.959961	0.751953
8.315000	3.471680	1.411133
8.320000	2.529297	1.513672
8.325000	1.528320	1.186523
8.330000	0.742188	0.668945
8.335000	0.288086	0.205078
8.340000	0.141602	-0.058594
8.345000	0.170898	-0.087891
8.350000	0.224609	0.053711
8.355000	0.185547	0.263672
8.360000	0.000000	0.444336
8.365000	-0.288086	0.224609
8.370000	-0.419922	-0.664062
8.375000	0.019531	-1.420898
8.380000	0.952148	-1.342773
8.385000	1.831055	-0.688477
8.390000	2.285156	0.151367
8.395000	2.177734	0.825195
8.400000	1.635742	1.142578
8.405000	0.883789	1.088867
8.410000	0.156250	0.800781
8.415000	-0.375977	0.083008
8.420000	-0.410156	-1.230469
8.425000	0.385742	-1.894531
8.430000	1.621094	-1.562500
8.435000	2.646484	-0.654297
8.440000	3.085938	0.351562
8.445000	2.851562	1.069336
8.450000	2.148438	1.328125
8.455000	1.264648	1.176758
8.460000	0.478516	0.786133
8.465000	-0.053711	0.336914
8.470000	-0.273438	-0.356445
8.475000	-0.039062	-0.957031
8.480000	0.581055	-0.932617
8.485000	1.191406	-0.458984
8.490000	1.484375	0.166016
8.495000	1.372070	0.688477
8.500000	0.917969	0.937500
8.505000	0.292969	0.927734
8.510000	-0.322266	0.458984
8.515000	-0.600586	-0.942383
8.520000	0.024414	-2.192383
8.525000	1.455078	-2.197266
8.530000	2.900391	-1.298828
8.535000	3.754883	-0.078125
8.540000	3.808594	0.942383
8.545000	3.188477	1.464844
8.550000	2.226562	1.440430
8.555000	1.259766	1.059570
8.560000	0.556641	0.546875
8.565000	0.185547	0.131836
8.570000	0.087891	-0.078125
8.575000	0.126953	-0.058594
8.580000	0.161133	0.102539
8.585000	0.087891	0.317383
8.590000	-0.122070	0.390625
8.595000	-0.371094	-0.107422
8.600000	-0.292969	-1.035156
8.605000	0.380859	-1.376953
8.610000	1.274414	-1.010742
8.615000	1.938477	-0.253906
8.620000	2.109375	0.493164
8.625000	1.777344	0.981445
8.630000	1.137695	1.113281
8.635000	0.395508	0.947266
8.640000	-0.239258	0.463867
8.645000	-0.527344	-0.781250
8.650000	-0.004883	-1.904297
8.655000	1.245117	-1.928711
8.660000	2.504883	-1.137695
8.665000	3.256836	-0.043945
8.670000	3.286133	0.874023
8.675000	2.709961	1.342773
8.680000	1.821289	1.333008
8.685000	0.942383	0.991211
8.690000	0.273438	0.537109
8.695000	-0.087891	0.102539
8.700000	-0.161133	-0.395508
8.705000	0.097656	-0.615234
8.710000	0.493164	-0.419922
8.715000	0.766602	-0.004883
8.720000	0.761719	0.424805
8.725000	0.478516	0.708008
8.730000	0.009766	0.761719
8.735000	-0.483398	0.102539
8.740000	-0.527344	-1.411133
8.745000	0.400391	-2.290039
8.750000	1.894531	-1.967773
8.755000	3.198242	-0.927734
8.760000	3.803711	0.273438
8.765000	3.627930	1.157227
8.770000	2.861328	1.494141
8.775000	1.875000	1.342773
8.780000	0.986328	0.898438
8.785000	0.380859	0.400391
8.790000	0.107422	0.043945
8.795000	0.063477	-0.092773
8.800000	0.117188	-0.019531
8.805000	0.122070	0.170898
8.810000	0.000000	0.366211
8.815000	-0.239258	0.253906
8.820000	-0.395508	-0.478516
8.825000	-0.068359	-1.225586
8.830000	0.727539	-1.235352
8.835000	1.528320	-0.668945
8.840000	1.967773	0.092773
8.845000	1.904297	0.727539
8.850000	1.420898	1.049805
8.855000	0.722656	1.044922
8.860000	0.029297	0.776367
8.865000	-0.473633	-0.117188
8.870000	-0.380859	-1.542969
8.875000	0.620117	-2.119141
8.880000	2.006836	-1.640625
8.885000	3.085938	-0.600586
8.890000	3.486328	0.478516
8.895000	3.168945	1.201172
8.900000	2.377930	1.420898
8.905000	1.435547	1.206055
8.910000	0.629883	0.761719
8.915000	0.117188	0.317383
8.920000	-0.097656	-0.058594
8.925000	-0.063477	-0.361328
8.930000	0.161133	-0.341797
8.935000	0.380859	-0.083008
8.940000	0.429688	0.263672
8.945000	0.249023	0.546875
8.950000	-0.117188	0.610352
8.955000	-0.502930	-0.131836
8.960000	-0.395508	-1.484375
8.965000	0.571289	-2.036133
8.970000	1.909180	-1.582031
8.975000	2.949219	-0.576172
8.980000	3.330078	0.473633
8.985000	3.017578	1.176758
8.990000	2.241211	1.386719
8.995000	1.318359	1.186523
9.000000	0.537109	0.751953
9.005000	0.024414	0.312500
9.010000	-0.185547	-0.200195
9.015000	-0.053711	-0.629883
9.020000	0.351562	-0.605469
9.025000	0.742188	-0.244141
9.030000	0.898438	0.234375
9.035000	0.747070	0.615234
9.040000	0.332031	0.800781
9.045000	-0.200195	0.639648
9.050000	-0.600586	-0.463867
9.055000	-0.278320	-1.953125
9.060000	1.000977	-2.329102
9.065000	2.514648	-1.630859
9.070000	3.603516	-0.444336
9.075000	3.886719	0.688477
9.080000	3.442383	1.367188
9.085000	2.534180	1.499023
9.090000	1.542969	1.201172
9.095000	0.747070	0.698242
9.100000	0.273438	0.229492
9.105000	0.107422	-0.043945
9.110000	0.126953	-0.087891
9.115000	0.175781	0.043945
9.120000	0.146484	0.253906
9.125000	-0.029297	0.419922
9.130000	-0.302734	0.161133
9.135000	-0.395508	-0.722656
9.140000	0.083008	-1.376953
9.145000	0.986328	-1.235352
9.150000	1.787109	-0.571289
9.155000	2.167969	0.229492
9.160000	2.006836	0.849609
9.165000	1.440430	1.113281
9.170000	0.708008	1.044922
9.175000	0.009766	0.732422
9.180000	-0.468750	-0.170898
9.185000	-0.332031	-1.513672
9.190000	0.654297	-1.992188
9.195000	1.953125	-1.494141
9.200000	2.939453	-0.488281
9.205000	3.256836	0.527344
9.210000	2.910156	1.186523
9.215000	2.128906	1.357422
9.220000	1.225586	1.142578
9.225000	0.463867	0.717773
9.230000	-0.024414	0.278320
9.235000	-0.205078	-0.283203
9.240000	-0.019531	-0.717773
9.245000	0.444336	-0.654297
9.250000	0.869141	-0.249023
9.255000	1.035156	0.253906
9.260000	0.859375	0.654297
9.265000	0.424805	0.834961
9.270000	-0.136719	0.712891
9.275000	-0.590820	-0.317383
9.280000	-0.356445	-1.870117
9.285000	0.859375	-2.373047
9.290000	2.412109	-1.757812
9.295000	3.574219	-0.581055
9.300000	3.945312	0.590820
9.305000	3.569336	1.337891
9.310000	2.680664	1.523438
9.315000	1.674805	1.250000
9.320000	0.844727	0.751953
9.325000	0.332031	0.268555
9.330000	0.141602	-0.029297
9.335000	0.151367	-0.097656
9.340000	0.209961	0.019531
9.345000	0.185547	0.229492
9.350000	0.029297	0.419922
9.355000	-0.244141	0.292969
9.360000	-0.424805	-0.517578
9.365000	-0.078125	-1.347656
9.370000	0.805664	-1.381836
9.375000	1.708984	-0.786133
9.380000	2.226562	0.043945
9.385000	2.197266	0.747070
9.390000	1.694336	1.108398
9.395000	0.966797	1.103516
9.400000	0.229492	0.844727
9.405000	-0.332031	0.205078
9.410000	-0.449219	-1.083984
9.415000	0.258789	-1.879883
9.420000	1.484375	-1.655273
9.425000	2.568359	-0.781250
9.430000	3.090820	0.244141
9.435000	2.929688	1.005859
9.440000	2.265625	1.323242
9.445000	1.386719	1.215820
9.450000	0.581055	0.844727
9.455000	0.014648	0.405273
9.460000	-0.249023	-0.229492
9.465000	-0.102539	-0.864258
9.470000	0.458984	-0.922852
9.475000	1.054688	-0.507812
9.480000	1.386719	0.092773
9.485000	1.313477	0.615234
9.490000	0.917969	0.898438
9.495000	0.312500	0.917969
9.500000	-0.292969	0.507812
9.505000	-0.610352	-0.849609
9.510000	-0.039062	-2.167969
9.515000	1.372070	-2.241211
9.520000	2.846680	-1.372070
9.525000	3.750000	-0.156250
9.530000	3.852539	0.893555
9.535000	3.266602	1.450195
9.540000	2.309570	1.459961
9.545000	1.337891	1.093750
9.550000	0.615234	0.576172
9.555000	0.219727	0.151367
9.560000	0.107422	-0.073242
9.565000	0.146484	-0.068359
9.570000	0.190430	0.087891
9.575000	0.126953	0.297852
9.580000	-0.083008	0.424805
9.585000	-0.356445	0.019531
9.590000	-0.351562	-0.927734
9.595000	0.253906	-1.420898
9.600000	1.186523	-1.147461
9.605000	1.928711	-0.410156
9.610000	2.202148	0.380859
9.615000	1.943359	0.932617
9.620000	1.323242	1.132812
9.625000	0.581055	1.000977
9.630000	-0.087891	0.629883
9.635000	-0.493164	-0.410156
9.640000	-0.209961	-1.669922
9.645000	0.878906	-1.938477
9.650000	2.153320	-1.313477
9.655000	3.017578	-0.283203
9.660000	3.203125	0.673828
9.665000	2.753906	1.245117
9.670000	1.933594	1.337891
9.675000	1.049805	1.069336
9.680000	0.332031	0.634766
9.685000	-0.097656	0.175781
9.690000	-0.214844	-0.439453
9.695000	0.068359	-0.795898
9.700000	0.585938	-0.644531
9.705000	1.010742	-0.175781
9.710000	1.123047	0.346680
9.715000	0.888672	0.727539
9.720000	0.405273	0.869141
9.725000	-0.175781	0.678711
9.730000	-0.605469	-0.444336
9.735000	-0.288086	-1.967773
9.740000	0.991211	-2.363281
9.745000	2.539062	-1.674805
9.750000	3.647461	-0.473633
9.755000	3.959961	0.673828
9.760000	3.520508	1.376953
9.765000	2.607422	1.513672
9.770000	1.601562	1.220703
9.775000	0.791016	0.708008
9.780000	0.317383	0.234375
9.785000	0.146484	-0.043945
9.790000	0.166016	-0.092773
9.795000	0.219727	0.029297
9.800000	0.190430	0.249023
9.805000	0.024414	0.439453
9.810000	-0.263672	0.273438
9.815000	-0.424805	-0.571289
9.820000	-0.043945	-1.386719
9.825000	0.859375	-1.376953
9.830000	1.762695	-0.756836
9.835000	2.260742	0.083008
9.840000	2.207031	0.776367
9.845000	1.689453	1.123047
9.850000	0.952148	1.103516
9.855000	0.214844	0.834961
9.860000	-0.332031	0.180664
9.865000	-0.439453	-1.103516
9.870000	0.278320	-1.865234
9.875000	1.499023	-1.616211
9.880000	2.558594	-0.747070
9.885000	3.056641	0.263672
9.890000	2.875977	1.015625
9.895000	2.211914	1.313477
9.900000	1.333008	1.201172
9.905000	0.541992	0.830078
9.910000	-0.014648	0.380859
9.915000	-0.268555	-0.288086
9.920000	-0.078125	-0.932617
9.925000	0.527344	-0.961914
9.930000	1.157227	-0.512695
9.935000	1.484375	0.112305
9.940000	1.401367	0.649414
9.945000	0.976562	0.927734
9.950000	0.356445	0.927734
9.955000	-0.258789	0.551758
9.960000	-0.605469	-0.761719
9.965000	-0.087891	-2.104492
9.970000	1.279297	-2.236328
9.975000	2.749023	-1.406250
9.980000	3.686523	-0.200195
9.985000	3.813477	0.849609
9.990000	3.261719	1.425781
9.995000	2.319336	1.464844
10.000000	1.342773	1.103516
