# Time_s	x	xdot
0.000000	1.040039	1.181641
0.005000	0.244141	0.678711
0.010000	-0.209961	0.024414
0.015000	-0.219727	-0.834961
0.020000	0.317383	-1.181641
0.025000	1.088867	-0.878906
0.030000	1.655273	-0.209961
0.035000	1.791992	0.488281
0.040000	1.469727	0.952148
0.045000	0.839844	1.083984
0.050000	0.112305	0.917969
0.055000	-0.478516	0.078125
0.060000	-0.507812	-1.577148
0.065000	0.527344	-2.495117
0.070000	2.158203	-2.133789
0.075000	3.559570	-0.976562
0.080000	4.199219	0.356445
0.085000	3.964844	1.328125
0.090000	3.090820	1.704102
0.095000	1.962891	1.494141
0.100000	0.976562	0.937500
0.105000	0.341797	0.327148
0.110000	0.117188	-0.107422
0.115000	0.175781	-0.249023
0.120000	0.332031	-0.131836
0.125000	0.419922	0.126953
0.130000	0.327148	0.410156
0.135000	0.053711	0.595703
0.140000	-0.332031	0.292969
0.145000	-0.507812	-0.869141
0.150000	0.063477	-1.875000
0.155000	1.284180	-1.831055
0.160000	2.490234	-1.015625
0.165000	3.154297	0.083008
0.170000	3.100586	0.986328
0.175000	2.451172	1.420898
0.180000	1.499023	1.367188
0.185000	0.600586	0.966797
0.190000	-0.048828	0.419922
0.195000	-0.322266	-0.463867
0.200000	-0.014648	-1.250000
0.205000	0.795898	-1.254883
0.210000	1.621094	-0.693359
0.215000	2.075195	0.107422
0.220000	2.006836	0.786133
0.225000	1.479492	1.132812
0.230000	0.732422	1.113281
0.235000	-0.004883	0.791016
0.240000	-0.522461	-0.249023
0.245000	-0.336914	-1.796875
0.250000	0.834961	-2.348633
0.255000	2.373047	-1.777344
0.260000	3.540039	-0.590820
0.265000	3.930664	0.620117
0.270000	3.525391	1.416016
0.275000	2.587891	1.621094
0.280000	1.508789	1.323242
0.285000	0.625000	0.761719
0.290000	0.117188	0.209961
0.295000	-0.034180	-0.161133
0.300000	0.058594	-0.258789
0.305000	0.224609	-0.107422
0.310000	0.292969	0.170898
0.315000	0.170898	0.454102
0.320000	-0.126953	0.532227
0.325000	-0.468750	-0.141602
0.330000	-0.356445	-1.391602
0.335000	0.551758	-1.918945
0.340000	1.811523	-1.479492
0.345000	2.778320	-0.502930
0.350000	3.105469	0.532227
0.355000	2.758789	1.230469
0.360000	1.948242	1.425781
0.365000	1.000977	1.196289
0.370000	0.205078	0.727539
0.375000	-0.283203	-0.009766
0.380000	-0.268555	-1.054688
0.385000	0.415039	-1.489258
0.390000	1.381836	-1.147461
0.395000	2.133789	-0.346680
0.400000	2.363281	0.493164
0.405000	2.036133	1.064453
0.410000	1.328125	1.235352
0.415000	0.522461	1.044922
0.420000	-0.175781	0.546875
0.425000	-0.527344	-0.712891
0.430000	-0.043945	-1.962891
0.435000	1.235352	-2.094727
0.440000	2.607422	-1.303711
0.445000	3.471680	-0.131836
0.450000	3.559570	0.913086
0.455000	2.954102	1.479492
0.460000	1.977539	1.494141
0.465000	0.991211	1.108398
0.470000	0.249023	0.556641
0.475000	-0.126953	-0.004883
0.480000	-0.122070	-0.576172
0.485000	0.249023	-0.722656
0.490000	0.717773	-0.449219
0.495000	1.005859	0.053711
0.500000	0.966797	0.532227
0.505000	0.610352	0.825195
0.510000	0.063477	0.854492
0.515000	-0.493164	0.161133
0.520000	-0.576172	-1.513672
0.525000	0.424805	-2.563477
0.530000	2.094727	-2.280273
0.535000	3.598633	-1.127930
0.540000	4.340820	0.253906
0.545000	4.169922	1.303711
0.550000	3.315430	1.738281
0.555000	2.163086	1.562500
0.560000	1.127930	1.005859
0.565000	0.454102	0.371094
0.570000	0.195312	-0.092773
0.575000	0.244141	-0.268555
0.580000	0.419922	-0.166016
0.585000	0.522461	0.097656
0.590000	0.454102	0.390625
0.595000	0.190430	0.600586
0.600000	-0.205078	0.502930
0.605000	-0.527344	-0.449219
0.610000	-0.214844	-1.713867
0.615000	0.908203	-2.006836
0.620000	2.221680	-1.367188
0.625000	3.115234	-0.278320
0.630000	3.305664	0.751953
0.635000	2.807617	1.362305
0.640000	1.904297	1.459961
0.645000	0.942383	1.137695
0.650000	0.175781	0.625000
0.655000	-0.239258	-0.063477
0.660000	-0.190430	-0.927734
0.665000	0.405273	-1.201172
0.670000	1.191406	-0.834961
0.675000	1.733398	-0.141602
0.680000	1.821289	0.546875
0.685000	1.455078	0.986328
0.690000	0.800781	1.093750
0.695000	0.068359	0.888672
0.700000	-0.507812	-0.019531
0.705000	-0.468750	-1.674805
0.710000	0.629883	-2.490234
0.715000	2.250977	-2.055664
0.720000	3.613281	-0.874023
0.725000	4.184570	0.439453
0.730000	3.891602	1.372070
0.735000	2.983398	1.699219
0.740000	1.865234	1.455078
0.745000	0.903320	0.893555
0.750000	0.297852	0.292969
0.755000	0.097656	-0.122070
0.760000	0.166016	-0.244141
0.765000	0.322266	-0.117188
0.770000	0.395508	0.146484
0.775000	0.292969	0.424805
0.780000	0.000000	0.590820
0.785000	-0.380859	0.190430
0.790000	-0.483398	-1.030273
0.795000	0.190430	-1.909180
0.800000	1.440430	-1.743164
0.805000	2.583008	-0.874023
0.810000	3.159180	0.214844
0.815000	3.022461	1.069336
0.820000	2.314453	1.435547
0.825000	1.362305	1.318359
0.830000	0.483398	0.903320
0.835000	-0.122070	0.322266
0.840000	-0.327148	-0.629883
0.845000	0.083008	-1.328125
0.850000	0.952148	-1.250000
0.855000	1.772461	-0.610352
0.860000	2.172852	0.214844
0.865000	2.026367	0.869141
0.870000	1.450195	1.166992
0.875000	0.678711	1.103516
0.880000	-0.053711	0.737305
0.885000	-0.532227	-0.375977
0.890000	-0.268555	-1.865234
0.895000	0.952148	-2.294922
0.900000	2.451172	-1.655273
0.905000	3.540039	-0.463867
0.910000	3.842773	0.708008
0.915000	3.378906	1.440430
0.920000	2.426758	1.591797
0.925000	1.362305	1.264648
0.930000	0.522461	0.703125
0.935000	0.048828	0.170898
0.940000	-0.073242	-0.234375
0.945000	0.073242	-0.361328
0.950000	0.302734	-0.200195
0.955000	0.434570	0.126953
0.960000	0.346680	0.454102
0.965000	0.043945	0.649414
0.970000	-0.380859	0.283203
0.975000	-0.546875	-1.015625
0.980000	0.126953	-2.070312
0.985000	1.484375	-1.992188
0.990000	2.788086	-1.088867
0.995000	3.510742	0.097656
1.000000	3.447266	1.064453
1.005000	2.739258	1.518555
1.010000	1.738281	1.440430
1.015000	0.781250	0.996094
1.020000	0.112305	0.449219
1.025000	-0.185547	-0.180664
1.030000	-0.073242	-0.751953
1.035000	0.415039	-0.810547
1.040000	0.942383	-0.429688
1.045000	1.220703	0.136719
1.050000	1.123047	0.634766
1.055000	0.703125	0.903320
1.060000	0.102539	0.893555
1.065000	-0.483398	0.185547
1.070000	-0.581055	-1.499023
1.075000	0.405273	-2.583008
1.080000	2.094727	-2.319336
1.085000	3.623047	-1.166992
1.090000	4.389648	0.234375
1.095000	4.233398	1.303711
1.100000	3.378906	1.748047
1.105000	2.221680	1.582031
1.110000	1.176758	1.025391
1.115000	0.488281	0.380859
1.120000	0.224609	-0.092773
1.125000	0.273438	-0.278320
1.130000	0.449219	-0.170898
1.135000	0.561523	0.092773
1.140000	0.493164	0.385742
1.145000	0.234375	0.600586
1.150000	-0.166016	0.551758
1.155000	-0.512695	-0.322266
1.160000	-0.292969	-1.635742
1.165000	0.781250	-2.036133
1.170000	2.114258	-1.464844
1.175000	3.081055	-0.400391
1.180000	3.339844	0.664062
1.185000	2.900391	1.333008
1.190000	2.021484	1.474609
1.195000	1.044922	1.186523
1.200000	0.253906	0.678711
1.205000	-0.205078	0.029297
1.210000	-0.214844	-0.830078
1.215000	0.312500	-1.171875
1.220000	1.079102	-0.874023
1.225000	1.645508	-0.209961
1.230000	1.782227	0.483398
1.235000	1.455078	0.947266
1.240000	0.830078	1.083984
1.245000	0.107422	0.913086
1.250000	-0.488281	0.063477
1.255000	-0.507812	-1.596680
1.260000	0.537109	-2.504883
1.265000	2.177734	-2.133789
1.270000	3.579102	-0.966797
1.275000	4.218750	0.361328
1.280000	3.979492	1.342773
1.285000	3.095703	1.708984
1.290000	1.967773	1.489258
1.295000	0.976562	0.937500
1.300000	0.346680	0.322266
1.305000	0.126953	-0.107422
1.310000	0.185547	-0.253906
1.315000	0.341797	-0.136719
1.320000	0.424805	0.131836
1.325000	0.332031	0.415039
1.330000	0.058594	0.595703
1.335000	-0.332031	0.302734
1.340000	-0.512695	-0.854492
1.345000	0.053711	-1.875000
1.350000	1.274414	-1.840820
1.355000	2.490234	-1.025391
1.360000	3.164062	0.073242
1.365000	3.110352	0.981445
1.370000	2.470703	1.425781
1.375000	1.523438	1.372070
1.380000	0.610352	0.971680
1.385000	-0.039062	0.429688
1.390000	-0.322266	-0.444336
1.395000	-0.029297	-1.230469
1.400000	0.771484	-1.250000
1.405000	1.591797	-0.698242
1.410000	2.050781	0.092773
1.415000	1.982422	0.776367
1.420000	1.469727	1.127930
1.425000	0.727539	1.113281
1.430000	-0.009766	0.795898
1.435000	-0.527344	-0.253906
1.440000	-0.336914	-1.811523
1.445000	0.839844	-2.368164
1.450000	2.392578	-1.787109
1.455000	3.569336	-0.595703
1.460000	3.959961	0.620117
1.465000	3.554688	1.425781
1.470000	2.607422	1.630859
1.475000	1.528320	1.328125
1.480000	0.644531	0.761719
1.485000	0.126953	0.205078
1.490000	-0.019531	-0.151367
1.495000	0.068359	-0.239258
1.500000	0.214844	-0.083008
1.505000	0.263672	0.195312
1.510000	0.126953	0.458984
1.515000	-0.175781	0.478516
1.520000	-0.478516	-0.283203
1.525000	-0.273438	-1.479492
1.530000	0.683594	-1.845703
1.535000	1.894531	-1.318359
1.540000	2.763672	-0.332031
1.545000	2.983398	0.639648
1.550000	2.548828	1.254883
1.555000	1.723633	1.391602
1.560000	0.805664	1.118164
1.565000	0.053711	0.634766
1.570000	-0.361328	-0.239258
1.575000	-0.195312	-1.323242
1.580000	0.668945	-1.606445
1.585000	1.723633	-1.118164
1.590000	2.456055	-0.214844
1.595000	2.592773	0.649414
1.600000	2.167969	1.186523
1.605000	1.376953	1.279297
1.610000	0.532227	1.025391
1.615000	-0.156250	0.502930
1.620000	-0.478516	-0.673828
1.625000	-0.024414	-1.796875
1.630000	1.147461	-1.875000
1.635000	2.377930	-1.132812
1.640000	3.120117	-0.048828
1.645000	3.154297	0.893555
1.650000	2.558594	1.391602
1.655000	1.640625	1.391602
1.660000	0.717773	1.025391
1.665000	0.029297	0.502930
1.670000	-0.302734	-0.297852
1.675000	-0.102539	-1.127930
1.680000	0.629883	-1.250000
1.685000	1.445312	-0.761719
1.690000	1.938477	0.004883
1.695000	1.938477	0.693359
1.700000	1.479492	1.083984
1.705000	0.761719	1.113281
1.710000	0.024414	0.839844
1.715000	-0.517578	-0.156250
1.720000	-0.395508	-1.757812
1.725000	0.751953	-2.416992
1.730000	2.338867	-1.894531
1.735000	3.583984	-0.703125
1.740000	4.047852	0.551758
1.745000	3.691406	1.406250
1.750000	2.758789	1.660156
1.755000	1.660156	1.381836
1.760000	0.742188	0.815430
1.765000	0.190430	0.239258
1.770000	0.019531	-0.131836
1.775000	0.107422	-0.229492
1.780000	0.249023	-0.083008
1.785000	0.297852	0.185547
1.790000	0.166016	0.449219
1.795000	-0.136719	0.517578
1.800000	-0.463867	-0.161133
1.805000	-0.336914	-1.386719
1.810000	0.566406	-1.870117
1.815000	1.787109	-1.416016
1.820000	2.714844	-0.454102
1.825000	3.012695	0.551758
1.830000	2.651367	1.225586
1.835000	1.845703	1.406250
1.840000	0.917969	1.166992
1.845000	0.136719	0.698242
1.850000	-0.327148	-0.097656
1.855000	-0.253906	-1.206055
1.860000	0.527344	-1.591797
1.865000	1.567383	-1.186523
1.870000	2.343750	-0.322266
1.875000	2.548828	0.551758
1.880000	2.187500	1.132812
1.885000	1.435547	1.274414
1.890000	0.595703	1.059570
1.895000	-0.112305	0.576172
1.900000	-0.478516	-0.571289
1.905000	-0.097656	-1.777344
1.910000	1.064453	-1.953125
1.915000	2.348633	-1.250000
1.920000	3.168945	-0.151367
1.925000	3.271484	0.834961
1.930000	2.719727	1.391602
1.935000	1.801758	1.435547
1.940000	0.849609	1.083984
1.945000	0.122070	0.566406
1.950000	-0.249023	-0.141602
1.955000	-0.151367	-0.957031
1.960000	0.463867	-1.157227
1.965000	1.220703	-0.756836
1.970000	1.708984	-0.063477
1.975000	1.743164	0.605469
1.980000	1.347656	1.005859
1.985000	0.688477	1.074219
1.990000	-0.024414	0.825195
1.995000	-0.561523	-0.234375
2.000000	-0.380859	-1.889648
2.005000	0.849609	-2.519531
2.010000	2.500000	-1.943359
2.015000	3.774414	-0.698242
2.020000	4.233398	0.600586
2.025000	3.837891	1.464844
2.030000	2.875977	1.704102
2.035000	1.743164	1.396484
2.040000	0.815430	0.810547
2.045000	0.273438	0.219727
2.050000	0.117188	-0.161133
2.055000	0.214844	-0.249023
2.060000	0.371094	-0.087891
2.065000	0.419922	0.190430
2.070000	0.297852	0.458984
2.075000	-0.014648	0.600586
2.080000	-0.400391	0.136719
2.085000	-0.478516	-1.127930
2.090000	0.268555	-1.953125
2.095000	1.538086	-1.728516
2.100000	2.675781	-0.815430
2.105000	3.212891	0.283203
2.110000	3.032227	1.113281
2.115000	2.299805	1.455078
2.120000	1.328125	1.313477
2.125000	0.458984	0.874023
2.130000	-0.131836	0.288086
2.135000	-0.312500	-0.639648
2.140000	0.107422	-1.289062
2.145000	0.952148	-1.186523
2.150000	1.718750	-0.546875
2.155000	2.075195	0.249023
2.160000	1.914062	0.874023
2.165000	1.333008	1.147461
2.170000	0.576172	1.069336
2.175000	-0.141602	0.668945
2.180000	-0.566406	-0.576172
2.185000	-0.175781	-2.026367
2.190000	1.152344	-2.329102
2.195000	2.675781	-1.582031
2.200000	3.725586	-0.336914
2.205000	3.940430	0.830078
2.210000	3.398438	1.513672
2.215000	2.397461	1.606445
2.220000	1.328125	1.235352
2.225000	0.512695	0.644531
2.230000	0.073242	0.117188
2.235000	-0.009766	-0.185547
2.240000	0.102539	-0.219727
2.245000	0.234375	-0.029297
2.250000	0.249023	0.258789
2.255000	0.078125	0.498047
2.260000	-0.253906	0.395508
2.265000	-0.498047	-0.541992
2.270000	-0.126953	-1.640625
2.275000	0.947266	-1.791992
2.280000	2.119141	-1.132812
2.285000	2.856445	-0.107422
2.290000	2.929688	0.810547
2.295000	2.397461	1.323242
2.300000	1.513672	1.357422
2.305000	0.615234	1.025391
2.310000	-0.073242	0.498047
2.315000	-0.390625	-0.507812
2.320000	-0.053711	-1.474609
2.325000	0.913086	-1.567383
2.330000	1.938477	-0.942383
2.335000	2.553711	-0.014648
2.340000	2.558594	0.805664
2.345000	2.036133	1.240234
2.350000	1.215820	1.254883
2.355000	0.371094	0.947266
2.360000	-0.253906	0.322266
2.365000	-0.449219	-0.952148
2.370000	0.170898	-1.875000
2.375000	1.396484	-1.757812
2.380000	2.543945	-0.913086
2.385000	3.144531	0.170898
2.390000	3.037109	1.030273
2.395000	2.358398	1.420898
2.400000	1.411133	1.328125
2.405000	0.532227	0.922852
2.410000	-0.087891	0.366211
2.415000	-0.322266	-0.541992
2.420000	0.034180	-1.259766
2.425000	0.859375	-1.235352
2.430000	1.655273	-0.629883
2.435000	2.075195	0.166016
2.440000	1.962891	0.825195
2.445000	1.416016	1.137695
2.450000	0.664062	1.093750
2.455000	-0.068359	0.747070
2.460000	-0.546875	-0.385742
2.465000	-0.273438	-1.909180
2.470000	0.966797	-2.348633
2.475000	2.504883	-1.699219
2.480000	3.632812	-0.483398
2.485000	3.945312	0.717773
2.490000	3.481445	1.464844
2.495000	2.509766	1.621094
2.500000	1.435547	1.284180
2.505000	0.581055	0.712891
2.510000	0.097656	0.166016
2.515000	-0.024414	-0.170898
2.520000	0.078125	-0.234375
2.525000	0.224609	-0.068359
2.530000	0.263672	0.214844
2.535000	0.117188	0.473633
2.540000	-0.200195	0.463867
2.545000	-0.488281	-0.351562
2.550000	-0.239258	-1.538086
2.555000	0.761719	-1.850586
2.560000	1.972656	-1.279297
2.565000	2.817383	-0.278320
2.570000	3.002930	0.688477
2.575000	2.539062	1.284180
2.580000	1.694336	1.391602
2.585000	0.776367	1.098633
2.590000	0.034180	0.610352
2.595000	-0.366211	-0.283203
2.600000	-0.170898	-1.323242
2.605000	0.698242	-1.567383
2.610000	1.723633	-1.059570
2.615000	2.416992	-0.166016
2.620000	2.519531	0.673828
2.625000	2.084961	1.186523
2.630000	1.298828	1.259766
2.635000	0.458984	1.000977
2.640000	-0.205078	0.439453
2.645000	-0.478516	-0.810547
2.650000	0.053711	-1.879883
2.655000	1.279297	-1.889648
2.660000	2.519531	-1.088867
2.665000	3.237305	0.024414
2.670000	3.222656	0.961914
2.675000	2.583008	1.430664
2.680000	1.635742	1.396484
2.685000	0.712891	1.000977
2.690000	0.039062	0.473633
2.695000	-0.273438	-0.283203
2.700000	-0.083008	-1.035156
2.705000	0.585938	-1.118164
2.710000	1.313477	-0.649414
2.715000	1.738281	0.053711
2.720000	1.704102	0.688477
2.725000	1.245117	1.035156
2.730000	0.556641	1.049805
2.735000	-0.136719	0.722656
2.740000	-0.600586	-0.517578
2.745000	-0.244141	-2.099609
2.750000	1.127930	-2.500000
2.755000	2.763672	-1.762695
2.760000	3.920898	-0.463867
2.765000	4.233398	0.786133
2.770000	3.720703	1.552734
2.775000	2.690430	1.689453
2.780000	1.567383	1.313477
2.785000	0.698242	0.703125
2.790000	0.224609	0.136719
2.795000	0.126953	-0.200195
2.800000	0.249023	-0.234375
2.805000	0.390625	-0.048828
2.810000	0.419922	0.239258
2.815000	0.258789	0.498047
2.820000	-0.078125	0.585938
2.825000	-0.449219	-0.024414
2.830000	-0.415039	-1.323242
2.835000	0.458984	-1.982422
2.840000	1.748047	-1.616211
2.845000	2.807617	-0.639648
2.850000	3.237305	0.439453
2.855000	2.949219	1.206055
2.860000	2.158203	1.464844
2.865000	1.186523	1.259766
2.870000	0.346680	0.791016
2.875000	-0.185547	0.166016
2.880000	-0.288086	-0.786133
2.885000	0.219727	-1.313477
2.890000	1.083984	-1.103516
2.895000	1.796875	-0.419922
2.900000	2.075195	0.366211
2.905000	1.831055	0.937500
2.910000	1.215820	1.157227
2.915000	0.444336	1.035156
2.920000	-0.244141	0.532227
2.925000	-0.576172	-0.854492
2.930000	-0.004883	-2.177734
2.935000	1.411133	-2.270508
2.940000	2.905273	-1.396484
2.945000	3.823242	-0.122070
2.950000	3.911133	0.986328
2.955000	3.261719	1.577148
2.960000	2.226562	1.572266
2.965000	1.186523	1.147461
2.970000	0.415039	0.546875
2.975000	0.043945	0.048828
2.980000	0.000000	-0.205078
2.985000	0.126953	-0.185547
2.990000	0.244141	0.024414
2.995000	0.224609	0.302734
3.000000	0.009766	0.522461
3.005000	-0.322266	0.268555
3.010000	-0.478516	-0.805664
3.015000	0.053711	-1.733398
3.020000	1.191406	-1.684570
3.025000	2.294922	-0.917969
3.030000	2.890625	0.112305
3.035000	2.817383	0.952148
3.040000	2.192383	1.357422
3.045000	1.289062	1.303711
3.050000	0.424805	0.927734
3.055000	-0.200195	0.317383
3.060000	-0.390625	-0.810547
3.065000	0.136719	-1.625977
3.070000	1.206055	-1.513672
3.075000	2.197266	-0.766602
3.080000	2.695312	0.195312
3.085000	2.563477	0.961914
3.090000	1.933594	1.308594
3.095000	1.069336	1.225586
3.100000	0.253906	0.859375
3.105000	-0.317383	0.136719
3.110000	-0.390625	-1.142578
3.115000	0.356445	-1.850586
3.120000	1.557617	-1.567383
3.125000	2.587891	-0.673828
3.130000	3.037109	0.356445
3.135000	2.797852	1.118164
3.140000	2.070312	1.396484
3.145000	1.142578	1.240234
3.150000	0.307617	0.810547
3.155000	-0.234375	0.156250
3.160000	-0.322266	-0.908203
3.165000	0.263672	-1.499023
3.170000	1.240234	-1.264648
3.175000	2.080078	-0.517578
3.180000	2.416992	0.356445
3.185000	2.177734	1.000977
3.190000	1.513672	1.240234
3.195000	0.693359	1.108398
3.200000	-0.043945	0.693359
3.205000	-0.498047	-0.385742
3.210000	-0.229492	-1.757812
3.215000	0.917969	-2.119141
3.220000	2.309570	-1.494141
3.225000	3.291016	-0.371094
3.230000	3.535156	0.717773
3.235000	3.056641	1.391602
3.240000	2.133789	1.508789
3.245000	1.137695	1.196289
3.250000	0.336914	0.664062
3.255000	-0.107422	0.097656
3.260000	-0.175781	-0.566406
3.265000	0.185547	-0.844727
3.270000	0.737305	-0.620117
3.275000	1.137695	-0.092773
3.280000	1.201172	0.454102
3.285000	0.893555	0.825195
3.290000	0.346680	0.927734
3.295000	-0.273438	0.610352
3.300000	-0.644531	-0.786133
3.305000	-0.117188	-2.324219
3.310000	1.396484	-2.563477
3.315000	3.085938	-1.684570
3.320000	4.189453	-0.312500
3.325000	4.399414	0.942383
3.330000	3.774414	1.655273
3.335000	2.685547	1.708984
3.340000	1.552734	1.269531
3.345000	0.708008	0.625000
3.350000	0.283203	0.063477
3.355000	0.229492	-0.239258
3.360000	0.380859	-0.244141
3.365000	0.532227	-0.029297
3.370000	0.541992	0.273438
3.375000	0.356445	0.532227
3.380000	0.004883	0.634766
3.385000	-0.405273	0.141602
3.390000	-0.483398	-1.166992
3.395000	0.283203	-2.011719
3.400000	1.596680	-1.787109
3.405000	2.768555	-0.854492
3.410000	3.330078	0.273438
3.415000	3.149414	1.132812
3.420000	2.407227	1.479492
3.425000	1.416016	1.337891
3.430000	0.532227	0.888672
3.435000	-0.068359	0.327148
3.440000	-0.283203	-0.498047
3.445000	0.048828	-1.118164
3.450000	0.771484	-1.054688
3.455000	1.459961	-0.493164
3.460000	1.782227	0.224609
3.465000	1.630859	0.800781
3.470000	1.108398	1.069336
3.475000	0.390625	1.010742
3.480000	-0.283203	0.532227
3.485000	-0.610352	-0.917969
3.490000	0.000000	-2.309570
3.495000	1.508789	-2.412109
3.500000	3.095703	-1.484375
3.505000	4.067383	-0.146484
3.510000	4.165039	1.015625
3.515000	3.500977	1.635742
3.520000	2.421875	1.635742
3.525000	1.333008	1.181641
3.530000	0.546875	0.556641
3.535000	0.166016	0.029297
3.540000	0.136719	-0.229492
3.545000	0.283203	-0.205078
3.550000	0.415039	0.014648
3.555000	0.395508	0.302734
3.560000	0.185547	0.541992
3.565000	-0.170898	0.527344
3.570000	-0.502930	-0.317383
3.575000	-0.278320	-1.586914
3.580000	0.756836	-1.972656
3.585000	2.050781	-1.411133
3.590000	2.978516	-0.366211
3.595000	3.217773	0.664062
3.600000	2.783203	1.313477
3.605000	1.914062	1.450195
3.610000	0.957031	1.162109
3.615000	0.180664	0.664062
3.620000	-0.263672	-0.053711
3.625000	-0.219727	-0.996094
3.630000	0.424805	-1.333008
3.635000	1.289062	-0.971680
3.640000	1.928711	-0.224609
3.645000	2.075195	0.532227
3.650000	1.718750	1.030273
3.655000	1.040039	1.157227
3.660000	0.268555	0.966797
3.665000	-0.371094	0.283203
3.670000	-0.537109	-1.240234
3.675000	0.278320	-2.299805
3.680000	1.787109	-2.128906
3.685000	3.178711	-1.108398
3.690000	3.906250	0.166016
3.695000	3.793945	1.176758
3.700000	3.022461	1.621094
3.705000	1.953125	1.494141
3.710000	0.957031	1.000977
3.715000	0.283203	0.415039
3.720000	0.000000	-0.039062
3.725000	0.014648	-0.234375
3.730000	0.161133	-0.166016
3.735000	0.263672	0.078125
3.740000	0.205078	0.361328
3.745000	-0.043945	0.537109
3.750000	-0.390625	0.122070
3.755000	-0.449219	-1.054688
3.760000	0.244141	-1.816406
3.765000	1.430664	-1.601562
3.770000	2.485352	-0.737305
3.775000	2.973633	0.292969
3.780000	2.778320	1.074219
3.785000	2.070312	1.396484
3.790000	1.152344	1.259766
3.795000	0.307617	0.839844
3.800000	-0.253906	0.161133
3.805000	-0.351562	-0.971680
3.810000	0.283203	-1.616211
3.815000	1.337891	-1.381836
3.820000	2.246094	-0.585938
3.825000	2.626953	0.346680
3.830000	2.402344	1.035156
3.835000	1.718750	1.298828
3.840000	0.864258	1.157227
3.845000	0.087891	0.761719
3.850000	-0.410156	-0.131836
3.855000	-0.307617	-1.450195
3.860000	0.634766	-1.948242
3.865000	1.909180	-1.479492
3.870000	2.880859	-0.478516
3.875000	3.198242	0.561523
3.880000	2.827148	1.250000
3.885000	2.001953	1.440430
3.890000	1.049805	1.196289
3.895000	0.249023	0.722656
3.900000	-0.229492	0.048828
3.905000	-0.258789	-0.898438
3.910000	0.327148	-1.318359
3.915000	1.191406	-1.030273
3.920000	1.860352	-0.312500
3.925000	2.060547	0.458984
3.930000	1.757812	0.991211
3.935000	1.108398	1.157227
3.940000	0.336914	0.996094
3.945000	-0.322266	0.395508
3.950000	-0.561523	-1.083984
3.955000	0.156250	-2.265625
3.960000	1.635742	-2.202148
3.965000	3.081055	-1.240234
3.970000	3.891602	0.043945
3.975000	3.867188	1.103516
3.980000	3.144531	1.611328
3.985000	2.080078	1.542969
3.990000	1.064453	1.069336
3.995000	0.346680	0.468750
4.000000	0.024414	-0.004883
4.005000	0.019531	-0.214844
4.010000	0.151367	-0.161133
4.015000	0.253906	0.068359
4.020000	0.200195	0.341797
4.025000	-0.029297	0.527344
4.030000	-0.371094	0.151367
4.035000	-0.449219	-0.986328
4.040000	0.200195	-1.782227
4.045000	1.362305	-1.596680
4.050000	2.416992	-0.761719
4.055000	2.910156	0.258789
4.060000	2.739258	1.044922
4.065000	2.050781	1.376953
4.070000	1.147461	1.254883
4.075000	0.307617	0.854492
4.080000	-0.268555	0.166016
4.085000	-0.366211	-1.005859
4.090000	0.292969	-1.679688
4.095000	1.381836	-1.440430
4.100000	2.333984	-0.620117
4.105000	2.739258	0.336914
4.110000	2.514648	1.049805
4.115000	1.826172	1.323242
4.120000	0.947266	1.186523
4.125000	0.156250	0.786133
4.130000	-0.361328	-0.024414
4.135000	-0.332031	-1.279297
4.140000	0.502930	-1.840820
4.145000	1.704102	-1.450195
4.150000	2.656250	-0.522461
4.155000	3.002930	0.488281
4.160000	2.675781	1.181641
4.165000	1.899414	1.396484
4.170000	0.981445	1.181641
4.175000	0.190430	0.737305
4.180000	-0.302734	-0.009766
4.185000	-0.283203	-1.103516
4.190000	0.434570	-1.567383
4.195000	1.455078	-1.215820
4.200000	2.250977	-0.385742
4.205000	2.504883	0.488281
4.210000	2.182617	1.088867
4.215000	1.459961	1.264648
4.220000	0.625000	1.079102
4.225000	-0.097656	0.620117
4.230000	-0.488281	-0.517578
4.235000	-0.141602	-1.787109
4.240000	1.030273	-2.016602
4.245000	2.348633	-1.333008
4.250000	3.222656	-0.219727
4.255000	3.374023	0.805664
4.260000	2.841797	1.396484
4.265000	1.918945	1.464844
4.270000	0.952148	1.118164
4.275000	0.200195	0.600586
4.280000	-0.205078	-0.039062
4.285000	-0.166016	-0.800781
4.290000	0.346680	-1.040039
4.295000	1.025391	-0.708008
4.300000	1.484375	-0.078125
4.305000	1.538086	0.541992
4.310000	1.181641	0.932617
4.315000	0.561523	1.015625
4.320000	-0.122070	0.766602
4.325000	-0.610352	-0.419922
4.330000	-0.307617	-2.080078
4.335000	1.049805	-2.583008
4.340000	2.734375	-1.889648
4.345000	3.979492	-0.581055
4.350000	4.365234	0.722656
4.355000	3.891602	1.547852
4.360000	2.871094	1.728516
4.365000	1.723633	1.372070
4.370000	0.815430	0.751953
4.375000	0.302734	0.161133
4.380000	0.185547	-0.200195
4.385000	0.302734	-0.253906
4.390000	0.468750	-0.073242
4.395000	0.517578	0.219727
4.400000	0.366211	0.488281
4.405000	0.039062	0.625000
4.410000	-0.366211	0.234375
4.415000	-0.507812	-1.010742
4.420000	0.161133	-1.962891
4.425000	1.440430	-1.835938
4.430000	2.646484	-0.957031
4.435000	3.276367	0.166016
4.440000	3.168945	1.059570
4.445000	2.475586	1.464844
4.450000	1.499023	1.367188
4.455000	0.590820	0.942383
4.460000	-0.034180	0.385742
4.465000	-0.288086	-0.434570
4.470000	-0.004883	-1.132812
4.475000	0.732422	-1.123047
4.480000	1.464844	-0.585938
4.485000	1.850586	0.156250
4.490000	1.743164	0.771484
4.495000	1.235352	1.079102
4.500000	0.522461	1.044922
4.505000	-0.180664	0.659180
4.510000	-0.600586	-0.639648
4.515000	-0.161133	-2.148438
4.520000	1.240234	-2.436523
4.525000	2.836914	-1.640625
4.530000	3.920898	-0.346680
4.535000	4.150391	0.864258
4.540000	3.583984	1.572266
4.545000	2.539062	1.655273
4.550000	1.445312	1.254883
4.555000	0.605469	0.644531
4.560000	0.170898	0.097656
4.565000	0.097656	-0.205078
4.570000	0.224609	-0.219727
4.575000	0.361328	-0.019531
4.580000	0.366211	0.268555
4.585000	0.185547	0.512695
4.590000	-0.156250	0.532227
4.595000	-0.488281	-0.249023
4.600000	-0.307617	-1.513672
4.605000	0.678711	-1.948242
4.610000	1.953125	-1.430664
4.615000	2.895508	-0.415039
4.620000	3.168945	0.615234
4.625000	2.758789	1.279297
4.630000	1.914062	1.435547
4.635000	0.966797	1.171875
4.640000	0.180664	0.683594
4.645000	-0.278320	-0.043945
4.650000	-0.239258	-1.040039
4.655000	0.434570	-1.406250
4.660000	1.352539	-1.044922
4.665000	2.041016	-0.268555
4.670000	2.211914	0.527344
4.675000	1.865234	1.054688
4.680000	1.171875	1.196289
4.685000	0.380859	1.000977
4.690000	-0.283203	0.415039
4.695000	-0.541992	-1.000977
4.700000	0.122070	-2.163086
4.705000	1.528320	-2.119141
4.710000	2.924805	-1.201172
4.715000	3.725586	0.034180
4.720000	3.696289	1.064453
4.725000	2.993164	1.557617
4.730000	1.958008	1.499023
4.735000	0.966797	1.049805
4.740000	0.263672	0.478516
4.745000	-0.058594	-0.014648
4.750000	-0.048828	-0.385742
4.755000	0.190430	-0.405273
4.760000	0.458984	-0.146484
4.765000	0.546875	0.229492
4.770000	0.390625	0.556641
4.775000	0.024414	0.712891
4.780000	-0.439453	0.200195
4.785000	-0.546875	-1.245117
4.790000	0.278320	-2.255859
4.795000	1.748047	-2.060547
4.800000	3.100586	-1.049805
4.805000	3.789062	0.200195
4.810000	3.662109	1.176758
4.815000	2.885742	1.596680
4.820000	1.831055	1.469727
4.825000	0.859375	0.976562
4.830000	0.200195	0.400391
4.835000	-0.078125	-0.083008
4.840000	-0.024414	-0.405273
4.845000	0.229492	-0.380859
4.850000	0.478516	-0.087891
4.855000	0.532227	0.288086
4.860000	0.336914	0.590820
4.865000	-0.058594	0.688477
4.870000	-0.498047	-0.004883
4.875000	-0.473633	-1.499023
4.880000	0.502930	-2.290039
4.885000	2.001953	-1.914062
4.890000	3.261719	-0.825195
4.895000	3.803711	0.400391
4.900000	3.544922	1.284180
4.905000	2.690430	1.606445
4.910000	1.625977	1.396484
4.915000	0.698242	0.874023
4.920000	0.107422	0.307617
4.925000	-0.097656	-0.170898
4.930000	0.009766	-0.458984
4.935000	0.302734	-0.380859
4.940000	0.546875	-0.048828
4.945000	0.576172	0.336914
4.950000	0.341797	0.634766
4.955000	-0.078125	0.698242
4.960000	-0.527344	-0.068359
4.965000	-0.458984	-1.611328
4.970000	0.595703	-2.353516
4.975000	2.138672	-1.918945
4.980000	3.403320	-0.781250
4.985000	3.911133	0.463867
4.990000	3.613281	1.337891
4.995000	2.724609	1.635742
5.000000	1.645508	1.391602
5.005000	0.717773	0.849609
5.010000	0.146484	0.283203
5.015000	-0.048828	-0.141602
5.020000	0.034180	-0.322266
5.025000	0.229492	-0.205078
5.030000	0.366211	0.083008
5.035000	0.302734	0.400391
5.040000	0.029297	0.610352
5.045000	-0.366211	0.273438
5.050000	-0.522461	-0.957031
5.055000	0.107422	-1.967773
5.060000	1.391602	-1.889648
5.065000	2.631836	-1.020508
5.070000	3.305664	0.112305
5.075000	3.237305	1.035156
5.080000	2.553711	1.469727
5.085000	1.582031	1.391602
5.090000	0.659180	0.971680
5.095000	0.004883	0.424805
5.100000	-0.278320	-0.351562
5.105000	-0.039062	-1.059570
5.110000	0.644531	-1.088867
5.115000	1.352539	-0.595703
5.120000	1.738281	0.112305
5.125000	1.665039	0.727539
5.130000	1.181641	1.044922
5.135000	0.488281	1.035156
5.140000	-0.205078	0.649414
5.145000	-0.615234	-0.678711
5.150000	-0.146484	-2.202148
5.155000	1.284180	-2.480469
5.160000	2.910156	-1.655273
5.165000	4.003906	-0.336914
5.170000	4.228516	0.888672
5.175000	3.642578	1.596680
5.180000	2.587891	1.674805
5.185000	1.479492	1.259766
5.190000	0.639648	0.639648
5.195000	0.205078	0.087891
5.200000	0.136719	-0.214844
5.205000	0.268555	-0.224609
5.210000	0.415039	-0.019531
5.215000	0.419922	0.268555
5.220000	0.239258	0.522461
5.225000	-0.102539	0.576172
5.230000	-0.473633	-0.112305
5.235000	-0.375977	-1.420898
5.240000	0.551758	-1.997070
5.245000	1.850586	-1.562500
5.250000	2.875977	-0.556641
5.255000	3.251953	0.512695
5.260000	2.910156	1.245117
5.265000	2.094727	1.464844
5.270000	1.123047	1.235352
5.275000	0.297852	0.756836
5.280000	-0.209961	0.107422
5.285000	-0.273438	-0.839844
5.290000	0.273438	-1.303711
5.295000	1.132812	-1.054688
5.300000	1.816406	-0.356445
5.305000	2.045898	0.410156
5.310000	1.772461	0.961914
5.315000	1.137695	1.157227
5.320000	0.375977	1.005859
5.325000	-0.297852	0.449219
5.330000	-0.571289	-1.010742
5.335000	0.097656	-2.250977
5.340000	1.562500	-2.241211
5.345000	3.037109	-1.298828
5.350000	3.891602	-0.014648
5.355000	3.906250	1.064453
5.360000	3.208008	1.606445
5.365000	2.148438	1.552734
5.370000	1.118164	1.093750
5.375000	0.375977	0.498047
5.380000	0.043945	0.014648
5.385000	0.024414	-0.209961
5.390000	0.151367	-0.166016
5.395000	0.263672	0.053711
5.400000	0.224609	0.332031
5.405000	-0.004883	0.537109
5.410000	-0.351562	0.205078
5.415000	-0.468750	-0.908203
5.420000	0.131836	-1.767578
5.425000	1.279297	-1.645508
5.430000	2.373047	-0.839844
5.435000	2.915039	0.190430
5.440000	2.792969	1.005859
5.445000	2.128906	1.372070
5.450000	1.225586	1.279297
5.455000	0.366211	0.888672
5.460000	-0.234375	0.244141
5.465000	-0.380859	-0.898438
5.470000	0.209961	-1.640625
5.475000	1.274414	-1.469727
5.480000	2.246094	-0.688477
5.485000	2.695312	0.263672
5.490000	2.514648	1.000977
5.495000	1.860352	1.313477
5.500000	0.996094	1.201172
5.505000	0.190430	0.820312
5.510000	-0.351562	0.039062
5.515000	-0.361328	-1.245117
5.520000	0.449219	-1.870117
5.525000	1.669922	-1.523438
5.530000	2.670898	-0.595703
5.535000	3.066406	0.434570
5.540000	2.778320	1.162109
5.545000	2.011719	1.406250
5.550000	1.083984	1.220703
5.555000	0.268555	0.771484
5.560000	-0.249023	0.092773
5.565000	-0.307617	-0.961914
5.570000	0.317383	-1.484375
5.575000	1.284180	-1.210938
5.580000	2.075195	-0.439453
5.585000	2.363281	0.415039
5.590000	2.094727	1.020508
5.595000	1.411133	1.240234
5.600000	0.600586	1.079102
5.605000	-0.117188	0.629883
5.610000	-0.517578	-0.551758
5.615000	-0.146484	-1.884766
5.620000	1.088867	-2.128906
5.625000	2.480469	-1.411133
5.630000	3.413086	-0.253906
5.635000	3.583984	0.825195
5.640000	3.041992	1.445312
5.645000	2.084961	1.513672
5.650000	1.083984	1.157227
5.655000	0.312500	0.610352
5.660000	-0.102539	0.058594
5.665000	-0.141602	-0.532227
5.670000	0.200195	-0.732422
5.675000	0.673828	-0.488281
5.680000	0.996094	0.000000
5.685000	0.991211	0.488281
5.690000	0.664062	0.805664
5.695000	0.126953	0.874023
5.700000	-0.444336	0.292969
5.705000	-0.610352	-1.323242
5.710000	0.263672	-2.514648
5.715000	1.909180	-2.368164
5.720000	3.466797	-1.269531
5.725000	4.301758	0.112305
5.730000	4.228516	1.225586
5.735000	3.432617	1.723633
5.740000	2.290039	1.606445
5.745000	1.225586	1.079102
5.750000	0.502930	0.434570
5.755000	0.205078	-0.058594
5.760000	0.229492	-0.263672
5.765000	0.400391	-0.190430
5.770000	0.522461	0.063477
5.775000	0.468750	0.361328
5.780000	0.224609	0.576172
5.785000	-0.161133	0.551758
5.790000	-0.512695	-0.302734
5.795000	-0.292969	-1.611328
5.800000	0.761719	-2.026367
5.805000	2.084961	-1.469727
5.810000	3.056641	-0.405273
5.815000	3.325195	0.649414
5.820000	2.890625	1.323242
5.825000	2.021484	1.474609
5.830000	1.040039	1.191406
5.835000	0.249023	0.683594
5.840000	-0.209961	0.029297
5.845000	-0.224609	-0.849609
5.850000	0.322266	-1.201172
5.855000	1.108398	-0.898438
5.860000	1.694336	-0.224609
5.865000	1.835938	0.483398
5.870000	1.513672	0.961914
5.875000	0.883789	1.098633
5.880000	0.151367	0.927734
5.885000	-0.458984	0.136719
5.890000	-0.522461	-1.508789
5.895000	0.463867	-2.465820
5.900000	2.080078	-2.153320
5.905000	3.496094	-1.020508
5.910000	4.165039	0.307617
5.915000	3.959961	1.298828
5.920000	3.110352	1.689453
5.925000	1.987305	1.503906
5.930000	0.991211	0.961914
5.935000	0.346680	0.346680
5.940000	0.107422	-0.087891
5.945000	0.151367	-0.244141
5.950000	0.307617	-0.136719
5.955000	0.395508	0.117188
5.960000	0.312500	0.405273
5.965000	0.043945	0.585938
5.970000	-0.341797	0.283203
5.975000	-0.507812	-0.878906
5.980000	0.078125	-1.865234
5.985000	1.293945	-1.806641
5.990000	2.485352	-0.991211
5.995000	3.129883	0.102539
6.000000	3.066406	0.996094
6.005000	2.416992	1.420898
6.010000	1.469727	1.357422
6.015000	0.571289	0.957031
6.020000	-0.073242	0.400391
6.025000	-0.327148	-0.512695
6.030000	0.004883	-1.289062
6.035000	0.849609	-1.284180
6.040000	1.689453	-0.698242
6.045000	2.148438	0.122070
6.050000	2.065430	0.810547
6.055000	1.528320	1.157227
6.060000	0.766602	1.123047
6.065000	0.014648	0.805664
6.070000	-0.507812	-0.214844
6.075000	-0.346680	-1.738281
6.080000	0.786133	-2.309570
6.085000	2.299805	-1.762695
6.090000	3.457031	-0.605469
6.095000	3.852539	0.595703
6.100000	3.466797	1.391602
6.105000	2.543945	1.606445
6.110000	1.479492	1.318359
6.115000	0.605469	0.766602
6.120000	0.083008	0.219727
6.125000	-0.068359	-0.195312
6.130000	0.048828	-0.361328
6.135000	0.278320	-0.224609
6.140000	0.419922	0.087891
6.145000	0.361328	0.419922
6.150000	0.073242	0.639648
6.155000	-0.341797	0.356445
6.160000	-0.556641	-0.878906
6.165000	0.029297	-2.021484
6.170000	1.342773	-2.031250
6.175000	2.675781	-1.186523
6.180000	3.457031	-0.004883
6.185000	3.461914	0.986328
6.190000	2.807617	1.499023
6.195000	1.816406	1.464844
6.200000	0.849609	1.044922
6.205000	0.146484	0.498047
6.210000	-0.185547	-0.126953
6.215000	-0.102539	-0.747070
6.220000	0.375977	-0.849609
6.225000	0.932617	-0.488281
6.230000	1.245117	0.078125
6.235000	1.196289	0.605469
6.240000	0.791016	0.903320
6.245000	0.195312	0.927734
6.250000	-0.415039	0.356445
6.255000	-0.620117	-1.254883
6.260000	0.209961	-2.519531
6.265000	1.855469	-2.426758
6.270000	3.447266	-1.342773
6.275000	4.340820	0.048828
6.280000	4.306641	1.191406
6.285000	3.525391	1.728516
6.290000	2.382812	1.635742
6.295000	1.293945	1.113281
6.300000	0.561523	0.463867
6.305000	0.234375	-0.043945
6.310000	0.258789	-0.268555
6.315000	0.429688	-0.205078
6.320000	0.556641	0.048828
6.325000	0.517578	0.346680
6.330000	0.283203	0.576172
6.335000	-0.102539	0.600586
6.340000	-0.483398	-0.141602
6.345000	-0.371094	-1.489258
6.350000	0.600586	-2.050781
6.355000	1.938477	-1.591797
6.360000	2.983398	-0.561523
6.365000	3.354492	0.537109
6.370000	2.998047	1.269531
6.375000	2.163086	1.484375
6.380000	1.176758	1.245117
6.385000	0.341797	0.751953
6.390000	-0.166016	0.141602
6.395000	-0.258789	-0.717773
6.400000	0.214844	-1.166992
6.405000	0.971680	-0.942383
6.410000	1.586914	-0.312500
6.415000	1.787109	0.395508
6.420000	1.523438	0.903320
6.425000	0.927734	1.083984
6.430000	0.209961	0.957031
6.435000	-0.419922	0.253906
6.440000	-0.566406	-1.367188
6.445000	0.336914	-2.460938
6.450000	1.943359	-2.246094
6.455000	3.422852	-1.162109
6.460000	4.179688	0.190430
6.465000	4.057617	1.240234
6.470000	3.247070	1.694336
6.475000	2.128906	1.552734
6.480000	1.098633	1.025391
6.485000	0.410156	0.405273
6.490000	0.136719	-0.063477
6.495000	0.166016	-0.249023
6.500000	0.322266	-0.166016
6.505000	0.419922	0.092773
6.510000	0.361328	0.375977
6.515000	0.107422	0.581055
6.520000	-0.278320	0.400391
6.525000	-0.522461	-0.659180
6.530000	-0.073242	-1.791992
6.535000	1.093750	-1.904297
6.540000	2.343750	-1.176758
6.545000	3.105469	-0.083008
6.550000	3.164062	0.878906
6.555000	2.587891	1.396484
6.560000	1.665039	1.406250
6.565000	0.732422	1.044922
6.570000	0.034180	0.522461
6.575000	-0.307617	-0.302734
6.580000	-0.107422	-1.162109
6.585000	0.644531	-1.293945
6.590000	1.489258	-0.800781
6.595000	2.011719	-0.014648
6.600000	2.021484	0.688477
6.605000	1.562500	1.093750
6.610000	0.839844	1.127930
6.615000	0.083008	0.869141
6.620000	-0.483398	-0.048828
6.625000	-0.429688	-1.630859
6.630000	0.634766	-2.368164
6.635000	2.177734	-1.923828
6.640000	3.447266	-0.781250
6.645000	3.955078	0.468750
6.650000	3.657227	1.347656
6.655000	2.763672	1.640625
6.660000	1.679688	1.396484
6.665000	0.751953	0.849609
6.670000	0.175781	0.278320
6.675000	-0.014648	-0.112305
6.680000	0.048828	-0.239258
6.685000	0.195312	-0.107422
6.690000	0.263672	0.156250
6.695000	0.151367	0.424805
6.700000	-0.131836	0.512695
6.705000	-0.458984	-0.136719
6.710000	-0.341797	-1.347656
6.715000	0.537109	-1.850586
6.720000	1.743164	-1.416016
6.725000	2.670898	-0.463867
6.730000	2.978516	0.537109
6.735000	2.622070	1.206055
6.740000	1.831055	1.396484
6.745000	0.908203	1.166992
6.750000	0.126953	0.708008
6.755000	-0.336914	-0.112305
6.760000	-0.253906	-1.240234
6.765000	0.551758	-1.635742
6.770000	1.621094	-1.215820
6.775000	2.416992	-0.336914
6.780000	2.636719	0.566406
6.785000	2.265625	1.152344
6.790000	1.503906	1.298828
6.795000	0.644531	1.074219
6.800000	-0.073242	0.605469
6.805000	-0.463867	-0.478516
6.810000	-0.136719	-1.674805
6.815000	0.957031	-1.894531
6.820000	2.197266	-1.245117
6.825000	3.017578	-0.190430
6.830000	3.144531	0.781250
6.835000	2.626953	1.342773
6.840000	1.738281	1.406250
6.845000	0.805664	1.083984
6.850000	0.078125	0.576172
6.855000	-0.302734	-0.205078
6.860000	-0.156250	-1.113281
6.865000	0.561523	-1.328125
6.870000	1.430664	-0.883789
6.875000	2.011719	-0.102539
6.880000	2.075195	0.634766
6.885000	1.650391	1.083984
6.890000	0.942383	1.152344
6.895000	0.175781	0.917969
6.900000	-0.429688	0.122070
6.905000	-0.488281	-1.440430
6.910000	0.454102	-2.329102
6.915000	1.977539	-2.011719
6.920000	3.305664	-0.932617
6.925000	3.911133	0.332031
6.930000	3.701172	1.264648
6.935000	2.861328	1.630859
6.940000	1.787109	1.445312
6.945000	0.830078	0.917969
6.950000	0.214844	0.336914
6.955000	-0.024414	-0.083008
6.960000	0.024414	-0.263672
6.965000	0.185547	-0.166016
6.970000	0.292969	0.092773
6.975000	0.224609	0.385742
6.980000	-0.034180	0.561523
6.985000	-0.400391	0.122070
6.990000	-0.458984	-1.093750
6.995000	0.258789	-1.884766
7.000000	1.489258	-1.660156
7.005000	2.578125	-0.776367
7.010000	3.095703	0.288086
7.015000	2.905273	1.093750
7.020000	2.177734	1.425781
7.025000	1.240234	1.279297
7.030000	0.380859	0.854492
7.035000	-0.195312	0.229492
7.040000	-0.336914	-0.810547
7.045000	0.190430	-1.459961
7.050000	1.147461	-1.289062
7.055000	1.992188	-0.576172
7.060000	2.368164	0.292969
7.065000	2.172852	0.952148
7.070000	1.538086	1.230469
7.075000	0.732422	1.118164
7.080000	-0.019531	0.737305
7.085000	-0.493164	-0.317383
7.090000	-0.268555	-1.733398
7.095000	0.859375	-2.163086
7.100000	2.280273	-1.567383
7.105000	3.305664	-0.439453
7.110000	3.598633	0.678711
7.115000	3.149414	1.381836
7.120000	2.241211	1.533203
7.125000	1.225586	1.230469
7.130000	0.405273	0.693359
7.135000	-0.068359	0.146484
7.140000	-0.166016	-0.463867
7.145000	0.131836	-0.751953
7.150000	0.620117	-0.561523
7.155000	0.981445	-0.087891
7.160000	1.040039	0.424805
7.165000	0.756836	0.776367
7.170000	0.239258	0.888672
7.175000	-0.351562	0.488281
7.180000	-0.634766	-1.000977
7.185000	0.024414	-2.412109
7.190000	1.596680	-2.485352
7.195000	3.227539	-1.518555
7.200000	4.228516	-0.136719
7.205000	4.316406	1.059570
7.210000	3.627930	1.684570
7.215000	2.509766	1.669922
7.220000	1.401367	1.196289
7.225000	0.610352	0.546875
7.230000	0.234375	0.004883
7.235000	0.219727	-0.249023
7.240000	0.371094	-0.219727
7.245000	0.517578	0.009766
7.250000	0.498047	0.307617
7.255000	0.292969	0.551758
7.260000	-0.078125	0.610352
7.265000	-0.468750	-0.058594
7.270000	-0.405273	-1.396484
7.275000	0.507812	-2.036133
7.280000	1.835938	-1.640625
7.285000	2.915039	-0.634766
7.290000	3.334961	0.468750
7.295000	3.027344	1.235352
7.300000	2.211914	1.484375
7.305000	1.230469	1.269531
7.310000	0.385742	0.791016
7.315000	-0.146484	0.185547
7.320000	-0.263672	-0.678711
7.325000	0.175781	-1.181641
7.330000	0.947266	-0.996094
7.335000	1.591797	-0.371094
7.340000	1.835938	0.356445
7.345000	1.596680	0.888672
7.350000	1.010742	1.088867
7.355000	0.283203	0.986328
7.360000	-0.366211	0.366211
7.365000	-0.590820	-1.191406
7.370000	0.200195	-2.397461
7.375000	1.767578	-2.299805
7.380000	3.271484	-1.274414
7.385000	4.116211	0.063477
7.390000	4.072266	1.157227
7.395000	3.315430	1.669922
7.400000	2.211914	1.577148
7.405000	1.166992	1.079102
7.410000	0.444336	0.458984
7.415000	0.126953	-0.029297
7.420000	0.136719	-0.239258
7.425000	0.288086	-0.180664
7.430000	0.395508	0.058594
7.435000	0.351562	0.346680
7.440000	0.112305	0.571289
7.445000	-0.263672	0.419922
7.450000	-0.517578	-0.595703
7.455000	-0.112305	-1.748047
7.460000	1.030273	-1.899414
7.465000	2.275391	-1.201172
7.470000	3.066406	-0.122070
7.475000	3.144531	0.844727
7.480000	2.587891	1.376953
7.485000	1.679688	1.406250
7.490000	0.747070	1.059570
7.495000	0.039062	0.541992
7.500000	-0.317383	-0.288086
7.505000	-0.122070	-1.181641
7.510000	0.644531	-1.333008
7.515000	1.523438	-0.844727
7.520000	2.070312	-0.048828
7.525000	2.104492	0.683594
7.530000	1.650391	1.108398
7.535000	0.917969	1.152344
7.540000	0.146484	0.898438
7.545000	-0.439453	0.063477
7.550000	-0.463867	-1.484375
7.555000	0.507812	-2.309570
7.560000	2.021484	-1.948242
7.565000	3.305664	-0.859375
7.570000	3.867188	0.380859
7.575000	3.623047	1.284180
7.580000	2.768555	1.616211
7.585000	1.704102	1.411133
7.590000	0.766602	0.888672
7.595000	0.166016	0.317383
7.600000	-0.048828	-0.112305
7.605000	0.014648	-0.322266
7.610000	0.219727	-0.229492
7.615000	0.371094	0.048828
7.620000	0.327148	0.371094
7.625000	0.073242	0.605469
7.630000	-0.322266	0.366211
7.635000	-0.541992	-0.795898
7.640000	-0.009766	-1.923828
7.645000	1.245117	-1.967773
7.650000	2.534180	-1.166992
7.655000	3.305664	-0.024414
7.660000	3.320312	0.947266
7.665000	2.695312	1.455078
7.670000	1.733398	1.435547
7.675000	0.781250	1.035156
7.680000	0.083008	0.502930
7.685000	-0.244141	-0.214844
7.690000	-0.102539	-0.947266
7.695000	0.512695	-1.069336
7.700000	1.210938	-0.639648
7.705000	1.621094	0.034180
7.710000	1.596680	0.649414
7.715000	1.171875	0.996094
7.720000	0.507812	1.025391
7.725000	-0.175781	0.693359
7.730000	-0.620117	-0.595703
7.735000	-0.205078	-2.177734
7.740000	1.215820	-2.529297
7.745000	2.866211	-1.748047
7.750000	4.018555	-0.419922
7.755000	4.301758	0.834961
7.760000	3.745117	1.586914
7.765000	2.700195	1.704102
7.770000	1.577148	1.298828
7.775000	0.708008	0.678711
7.780000	0.249023	0.112305
7.785000	0.166016	-0.209961
7.790000	0.297852	-0.244141
7.795000	0.449219	-0.043945
7.800000	0.468750	0.253906
7.805000	0.302734	0.507812
7.810000	-0.043945	0.615234
7.815000	-0.434570	0.053711
7.820000	-0.449219	-1.250000
7.825000	0.371094	-1.997070
7.830000	1.679688	-1.699219
7.835000	2.792969	-0.742188
7.840000	3.281250	0.361328
7.845000	3.041992	1.171875
7.850000	2.270508	1.474609
7.855000	1.289062	1.298828
7.860000	0.434570	0.839844
7.865000	-0.131836	0.244141
7.870000	-0.288086	-0.649414
7.875000	0.131836	-1.230469
7.880000	0.932617	-1.088867
7.885000	1.635742	-0.458984
7.890000	1.938477	0.292969
7.895000	1.743164	0.874023
7.900000	1.171875	1.113281
7.905000	0.429688	1.025391
7.910000	-0.258789	0.541992
7.915000	-0.595703	-0.874023
7.920000	-0.004883	-2.236328
7.925000	1.450195	-2.343750
7.930000	2.988281	-1.450195
7.935000	3.945312	-0.146484
7.940000	4.042969	0.996094
7.945000	3.393555	1.606445
7.950000	2.329102	1.601562
7.955000	1.259766	1.166992
7.960000	0.483398	0.556641
7.965000	0.107422	0.039062
7.970000	0.063477	-0.214844
7.975000	0.205078	-0.195312
7.980000	0.327148	0.024414
7.985000	0.302734	0.307617
7.990000	0.097656	0.532227
7.995000	-0.253906	0.410156
8.000000	-0.507812	-0.571289
8.005000	-0.117188	-1.699219
8.010000	0.986328	-1.850586
8.015000	2.197266	-1.171875
8.020000	2.963867	-0.117188
8.025000	3.041992	0.830078
8.030000	2.500000	1.352539
8.035000	1.601562	1.381836
8.040000	0.688477	1.044922
8.045000	-0.009766	0.522461
8.050000	-0.356445	-0.385742
8.055000	-0.097656	-1.318359
8.060000	0.766602	-1.450195
8.065000	1.713867	-0.903320
8.070000	2.309570	-0.034180
8.075000	2.329102	0.737305
8.080000	1.840820	1.176758
8.085000	1.064453	1.201172
8.090000	0.263672	0.927734
8.095000	-0.356445	0.209961
8.100000	-0.473633	-1.220703
8.105000	0.322266	-2.119141
8.110000	1.708984	-1.884766
8.115000	2.944336	-0.917969
8.120000	3.554688	0.263672
8.125000	3.383789	1.157227
8.130000	2.612305	1.533203
8.135000	1.596680	1.386719
8.140000	0.678711	0.922852
8.145000	0.063477	0.371094
8.150000	-0.185547	-0.239258
8.155000	-0.024414	-0.737305
8.160000	0.454102	-0.717773
8.165000	0.922852	-0.322266
8.170000	1.127930	0.219727
8.175000	0.976562	0.673828
8.180000	0.532227	0.893555
8.185000	-0.063477	0.810547
8.190000	-0.585938	-0.170898
8.195000	-0.444336	-1.889648
8.200000	0.786133	-2.622070
8.205000	2.500000	-2.089844
8.210000	3.872070	-0.815430
8.215000	4.414062	0.541992
8.220000	4.052734	1.469727
8.225000	3.090820	1.757812
8.230000	1.928711	1.464844
8.235000	0.957031	0.864258
8.240000	0.371094	0.239258
8.245000	0.205078	-0.166016
8.250000	0.302734	-0.273438
8.255000	0.473633	-0.122070
8.260000	0.551758	0.166016
8.265000	0.439453	0.449219
8.270000	0.136719	0.625000
8.275000	-0.283203	0.410156
8.280000	-0.532227	-0.693359
8.285000	-0.068359	-1.855469
8.290000	1.147461	-1.962891
8.295000	2.431641	-1.206055
8.300000	3.222656	-0.087891
8.305000	3.281250	0.893555
8.310000	2.685547	1.420898
8.315000	1.748047	1.430664
8.320000	0.795898	1.054688
8.325000	0.087891	0.532227
8.330000	-0.263672	-0.205078
8.335000	-0.122070	-1.000977
8.340000	0.522461	-1.152344
8.345000	1.269531	-0.717773
8.350000	1.738281	-0.009766
8.355000	1.748047	0.639648
8.360000	1.318359	1.025391
8.365000	0.644531	1.069336
8.370000	-0.063477	0.791016
8.375000	-0.571289	-0.327148
8.380000	-0.336914	-1.962891
8.385000	0.942383	-2.504883
8.390000	2.583008	-1.875000
8.395000	3.818359	-0.610352
8.400000	4.223633	0.668945
8.405000	3.779297	1.494141
8.410000	2.797852	1.699219
8.415000	1.669922	1.362305
8.420000	0.766602	0.766602
8.425000	0.249023	0.185547
8.430000	0.112305	-0.170898
8.435000	0.219727	-0.244141
8.440000	0.371094	-0.073242
8.445000	0.415039	0.209961
8.450000	0.268555	0.473633
8.455000	-0.043945	0.595703
8.460000	-0.429688	0.053711
8.465000	-0.444336	-1.230469
8.470000	0.361328	-1.958008
8.475000	1.640625	-1.665039
8.480000	2.734375	-0.722656
8.485000	3.212891	0.356445
8.490000	2.973633	1.157227
8.495000	2.211914	1.455078
8.500000	1.245117	1.279297
8.505000	0.390625	0.834961
8.510000	-0.166016	0.219727
8.515000	-0.307617	-0.737305
8.520000	0.170898	-1.318359
8.525000	1.040039	-1.157227
8.530000	1.791992	-0.488281
8.535000	2.109375	0.312500
8.540000	1.899414	0.917969
8.545000	1.289062	1.162109
8.550000	0.527344	1.054688
8.555000	-0.180664	0.610352
8.560000	-0.566406	-0.678711
8.565000	-0.107422	-2.075195
8.570000	1.245117	-2.290039
8.575000	2.744141	-1.494141
8.580000	3.730469	-0.244141
8.585000	3.891602	0.888672
8.590000	3.310547	1.533203
8.595000	2.299805	1.586914
8.600000	1.245117	1.191406
8.605000	0.454102	0.605469
8.610000	0.043945	0.087891
8.615000	-0.029297	-0.214844
8.620000	0.107422	-0.239258
8.625000	0.258789	-0.039062
8.630000	0.283203	0.253906
8.635000	0.107422	0.512695
8.640000	-0.234375	0.449219
8.645000	-0.507812	-0.468750
8.650000	-0.185547	-1.645508
8.655000	0.888672	-1.879883
8.660000	2.119141	-1.250000
8.665000	2.939453	-0.205078
8.670000	3.081055	0.766602
8.675000	2.573242	1.333008
8.680000	1.694336	1.401367
8.685000	0.766602	1.088867
8.690000	0.034180	0.576172
8.695000	-0.341797	-0.283203
8.700000	-0.146484	-1.254883
8.705000	0.668945	-1.455078
8.710000	1.621094	-0.957031
8.715000	2.250977	-0.112305
8.720000	2.324219	0.678711
8.725000	1.870117	1.147461
8.730000	1.118164	1.210938
8.735000	0.307617	0.952148
8.740000	-0.322266	0.288086
8.745000	-0.493164	-1.127930
8.750000	0.249023	-2.119141
8.755000	1.625977	-1.953125
8.760000	2.910156	-1.005859
8.765000	3.579102	0.180664
8.770000	3.457031	1.118164
8.775000	2.709961	1.528320
8.780000	1.699219	1.420898
8.785000	0.756836	0.957031
8.790000	0.112305	0.415039
8.795000	-0.161133	-0.166016
8.800000	-0.053711	-0.664062
8.805000	0.371094	-0.678711
8.810000	0.820312	-0.317383
8.815000	1.025391	0.195312
8.820000	0.888672	0.634766
8.825000	0.468750	0.854492
8.830000	-0.102539	0.776367
8.835000	-0.600586	-0.249023
8.840000	-0.410156	-1.943359
8.845000	0.859375	-2.602539
8.850000	2.558594	-2.021484
8.855000	3.886719	-0.737305
8.860000	4.379883	0.600586
8.865000	3.979492	1.494141
8.870000	2.998047	1.743164
8.875000	1.845703	1.430664
8.880000	0.893555	0.825195
8.885000	0.336914	0.214844
8.890000	0.185547	-0.170898
8.895000	0.292969	-0.263672
8.900000	0.458984	-0.102539
8.905000	0.522461	0.180664
8.910000	0.390625	0.458984
8.915000	0.083008	0.625000
8.920000	-0.327148	0.332031
8.925000	-0.522461	-0.849609
8.930000	0.039062	-1.914062
8.935000	1.284180	-1.899414
8.940000	2.534180	-1.083984
8.945000	3.251953	0.039062
8.950000	3.222656	0.981445
8.955000	2.578125	1.445312
8.960000	1.621094	1.401367
8.965000	0.693359	1.000977
8.970000	0.019531	0.463867
8.975000	-0.278320	-0.322266
8.980000	-0.063477	-1.079102
8.985000	0.629883	-1.152344
8.990000	1.381836	-0.654297
8.995000	1.811523	0.068359
9.000000	1.762695	0.712891
9.005000	1.289062	1.059570
9.010000	0.595703	1.064453
9.015000	-0.112305	0.737305
9.020000	-0.585938	-0.463867
9.025000	-0.268555	-2.045898
9.030000	1.069336	-2.475586
9.035000	2.685547	-1.772461
9.040000	3.852539	-0.493164
9.045000	4.179688	0.756836
9.050000	3.686523	1.528320
9.055000	2.670898	1.674805
9.060000	1.562500	1.313477
9.065000	0.688477	0.712891
9.070000	0.205078	0.146484
9.075000	0.097656	-0.190430
9.080000	0.209961	-0.234375
9.085000	0.356445	-0.048828
9.090000	0.380859	0.234375
9.095000	0.224609	0.488281
9.100000	-0.107422	0.566406
9.105000	-0.463867	-0.097656
9.110000	-0.380859	-1.381836
9.115000	0.522461	-1.958008
9.120000	1.806641	-1.542969
9.125000	2.817383	-0.556641
9.130000	3.183594	0.498047
9.135000	2.856445	1.230469
9.140000	2.045898	1.450195
9.145000	1.093750	1.230469
9.150000	0.273438	0.756836
9.155000	-0.234375	0.083008
9.160000	-0.278320	-0.913086
9.165000	0.312500	-1.381836
9.170000	1.225586	-1.113281
9.175000	1.943359	-0.375977
9.180000	2.187500	0.429688
9.185000	1.904297	0.996094
9.190000	1.245117	1.191406
9.195000	0.458984	1.030273
9.200000	-0.229492	0.522461
9.205000	-0.556641	-0.830078
9.210000	0.000000	-2.109375
9.215000	1.372070	-2.197266
9.220000	2.817383	-1.337891
9.225000	3.706055	-0.102539
9.230000	3.769531	0.976562
9.235000	3.129883	1.542969
9.240000	2.114258	1.538086
9.245000	1.093750	1.118164
9.250000	0.341797	0.541992
9.255000	-0.019531	0.039062
9.260000	-0.053711	-0.317383
9.265000	0.141602	-0.361328
9.270000	0.375977	-0.131836
9.275000	0.454102	0.219727
9.280000	0.302734	0.527344
9.285000	-0.043945	0.654297
9.290000	-0.468750	0.058594
9.295000	-0.483398	-1.362305
9.300000	0.410156	-2.182617
9.305000	1.835938	-1.865234
9.310000	3.061523	-0.834961
9.315000	3.613281	0.351562
9.320000	3.383789	1.230469
9.325000	2.568359	1.557617
9.330000	1.538086	1.372070
9.335000	0.629883	0.883789
9.340000	0.034180	0.327148
9.345000	-0.180664	-0.288086
9.350000	0.004883	-0.737305
9.355000	0.483398	-0.678711
9.360000	0.922852	-0.258789
9.365000	1.093750	0.268555
9.370000	0.913086	0.693359
9.375000	0.449219	0.888672
9.380000	-0.146484	0.747070
9.385000	-0.620117	-0.375977
9.390000	-0.346680	-2.050781
9.395000	0.996094	-2.612305
9.400000	2.700195	-1.943359
9.405000	3.979492	-0.629883
9.410000	4.399414	0.688477
9.415000	3.950195	1.542969
9.420000	2.934570	1.748047
9.425000	1.777344	1.396484
9.430000	0.849609	0.771484
9.435000	0.327148	0.170898
9.440000	0.200195	-0.195312
9.445000	0.317383	-0.263672
9.450000	0.488281	-0.087891
9.455000	0.537109	0.209961
9.460000	0.395508	0.478516
9.465000	0.073242	0.634766
9.470000	-0.336914	0.307617
9.475000	-0.522461	-0.903320
9.480000	0.073242	-1.933594
9.485000	1.337891	-1.889648
9.490000	2.578125	-1.049805
9.495000	3.271484	0.078125
9.500000	3.222656	1.005859
9.505000	2.553711	1.455078
9.510000	1.596680	1.396484
9.515000	0.673828	0.986328
9.520000	0.009766	0.444336
9.525000	-0.283203	-0.341797
9.530000	-0.053711	-1.074219
9.535000	0.644531	-1.127930
9.540000	1.376953	-0.629883
9.545000	1.787109	0.097656
9.550000	1.723633	0.722656
9.555000	1.245117	1.049805
9.560000	0.551758	1.049805
9.565000	-0.151367	0.703125
9.570000	-0.600586	-0.556641
9.575000	-0.214844	-2.114258
9.580000	1.166992	-2.475586
9.585000	2.783203	-1.718750
9.590000	3.916016	-0.419922
9.595000	4.199219	0.815430
9.600000	3.666992	1.557617
9.605000	2.626953	1.674805
9.610000	1.523438	1.293945
9.615000	0.664062	0.678711
9.620000	0.200195	0.122070
9.625000	0.107422	-0.200195
9.630000	0.234375	-0.229492
9.635000	0.380859	-0.039062
9.640000	0.395508	0.249023
9.645000	0.224609	0.502930
9.650000	-0.107422	0.566406
9.655000	-0.468750	-0.112305
9.660000	-0.371094	-1.406250
9.665000	0.546875	-1.972656
9.670000	1.831055	-1.547852
9.675000	2.846680	-0.551758
9.680000	3.212891	0.512695
9.685000	2.871094	1.240234
9.690000	2.055664	1.450195
9.695000	1.098633	1.230469
9.700000	0.278320	0.751953
9.705000	-0.229492	0.083008
9.710000	-0.278320	-0.893555
9.715000	0.302734	-1.352539
9.720000	1.191406	-1.088867
9.725000	1.894531	-0.361328
9.730000	2.133789	0.424805
9.735000	1.850586	0.986328
9.740000	1.201172	1.171875
9.745000	0.419922	1.020508
9.750000	-0.263672	0.488281
9.755000	-0.561523	-0.913086
9.760000	0.043945	-2.172852
9.765000	1.459961	-2.211914
9.770000	2.915039	-1.318359
9.775000	3.779297	-0.058594
9.780000	3.823242	1.015625
9.785000	3.154297	1.572266
9.790000	2.119141	1.547852
9.795000	1.098633	1.108398
9.800000	0.356445	0.517578
9.805000	0.000000	0.029297
9.810000	-0.029297	-0.258789
9.815000	0.131836	-0.253906
9.820000	0.297852	-0.029297
9.825000	0.307617	0.273438
9.830000	0.122070	0.537109
9.835000	-0.239258	0.463867
9.840000	-0.522461	-0.488281
9.845000	-0.185547	-1.704102
9.850000	0.927734	-1.953125
9.855000	2.207031	-1.298828
9.860000	3.061523	-0.229492
9.865000	3.212891	0.771484
9.870000	2.700195	1.362305
9.875000	1.796875	1.435547
9.880000	0.854492	1.108398
9.885000	0.112305	0.600586
9.890000	-0.283203	-0.166016
9.895000	-0.170898	-1.069336
9.900000	0.522461	-1.298828
9.905000	1.367188	-0.878906
9.910000	1.948242	-0.122070
9.915000	2.021484	0.610352
9.920000	1.616211	1.059570
9.925000	0.922852	1.142578
9.930000	0.156250	0.917969
9.935000	-0.444336	0.107422
9.940000	-0.488281	-1.474609
9.945000	0.473633	-2.363281
9.950000	2.021484	-2.036133
9.955000	3.359375	-0.937500
9.960000	3.974609	0.336914
9.965000	3.750000	1.279297
9.970000	2.905273	1.640625
9.975000	1.821289	1.450195
9.980000	0.859375	0.927734
9.985000	0.239258	0.332031
9.990000	0.000000	-0.078125
9.995000	0.048828	-0.224609
10.000000	0.185547	-0.117188
