--Free Induction Decay--
Form of Fit: y=a*exp(-x/b)+c
a= 59.750435
T2*= 4.266420
c= 0.000000

Raw Data:
Time (ms)	Amplitude (V)
0.000	-0.001
0.040	-0.009
0.080	-0.009
0.120	-0.017
0.160	-0.041
0.200	-0.025
0.240	-0.033
0.280	0.007
0.320	0.047
0.360	-0.009
0.400	-0.009
0.440	0.023
0.480	0.039
0.520	-0.017
0.560	-0.009
0.600	0.007
0.640	0.031
0.680	0.015
0.720	0.007
0.760	-0.001
0.800	-0.009
0.840	-0.017
0.880	0.007
0.920	-0.001
0.960	0.015
1.000	0.007
1.040	0.015
1.080	-0.017
1.120	0.007
1.160	-0.001
1.200	-0.001
1.240	0.015
1.280	-0.001
1.320	-0.033
1.360	0.023
1.400	-0.001
1.440	0.031
1.480	-0.001
1.520	-0.025
1.560	-0.001
1.600	-0.001
1.640	0.015
1.680	-0.033
1.720	-0.009
1.760	-0.025
1.800	0.015
1.840	0.031
1.880	-0.001
1.920	-0.017
1.960	0.031
2.000	-0.017
2.040	-0.025
2.080	-0.001
2.120	-0.025
2.160	-0.025
2.200	-0.009
2.240	0.031
2.280	0.015
2.320	0.015
2.360	-0.009
2.400	-0.009
2.440	-0.009
2.480	0.007
2.520	-0.009
2.560	0.063
2.600	0.007
2.640	-0.001
2.680	0.007
2.720	-0.001
2.760	0.023
2.800	0.007
2.840	-0.009
2.880	-0.025
2.920	-0.025
2.960	-0.017
3.000	0.015
3.040	-0.009
3.080	-0.033
3.120	-0.001
3.160	-0.017
3.200	-0.001
3.240	-0.001
3.280	0.031
3.320	-0.017
3.360	-0.017
3.400	0.023
3.440	-0.001
3.480	0.015
3.520	-0.017
3.560	-0.001
3.600	-0.001
3.640	-0.017
3.680	0.039
3.720	-0.017
3.760	-0.001
3.800	-0.017
3.840	-0.001
3.880	0.031
3.920	0.023
3.960	-0.001
4.000	0.023
4.040	-0.001
4.080	-0.009
4.120	0.015
4.160	-0.025
4.200	0.015
4.240	0.007
4.280	-0.001
4.320	-0.001
4.360	0.015
4.400	0.007
4.440	-0.009
4.480	-0.001
4.520	-0.001
4.560	0.031
4.600	-0.009
4.640	0.023
4.680	-0.001
4.720	-0.009
4.760	-0.017
4.800	-0.049
4.840	0.015
4.880	0.007
4.920	0.015
4.960	-0.009
5.000	0.007
5.040	-0.009
5.080	0.023
5.120	0.031
5.160	-0.001
5.200	-0.009
5.240	0.031
5.280	-0.017
5.320	-0.009
5.360	-0.001
5.400	-0.041
5.440	-0.001
5.480	-0.001
5.520	0.015
5.560	0.047
5.600	-0.009
5.640	-0.009
5.680	-0.017
5.720	-0.001
5.760	0.007
5.800	-0.009
5.840	0.007
5.880	-0.009
5.920	-0.017
5.960	-0.001
6.000	0.039
6.040	0.023
6.080	-0.001
6.120	-0.009
6.160	0.015
6.200	0.015
6.240	-0.001
6.280	0.007
6.320	0.015
6.360	0.015
6.400	-0.009
6.440	-0.001
6.480	-0.009
6.520	-0.041
6.560	-0.001
6.600	-0.001
6.640	-0.017
6.680	-0.009
6.720	-0.025
6.760	-0.001
6.800	-0.009
6.840	-0.009
6.880	0.023
6.920	-0.033
6.960	-0.017
7.000	-0.009
7.040	0.023
7.080	-0.017
7.120	0.023
7.160	-0.001
7.200	-0.009
7.240	-0.001
7.280	-0.001
7.320	-0.017
7.360	0.007
7.400	-0.017
7.440	-0.009
7.480	0.031
7.520	0.015
7.560	-0.001
7.600	-0.001
7.640	-0.041
7.680	-0.001
7.720	-0.001
7.760	0.023
7.800	-0.025
7.840	-0.025
7.880	0.015
7.920	-0.001
7.960	0.007
8.000	0.015
8.040	-0.025
8.080	-0.009
8.120	0.007
8.160	0.015
8.200	0.007
8.240	-0.001
8.280	-0.001
8.320	-0.017
8.360	-0.017
8.400	-0.009
8.440	0.023
8.480	0.007
8.520	-0.001
8.560	0.007
8.600	-0.009
8.640	0.007
8.680	-0.017
8.720	-0.001
8.760	-0.041
8.800	0.015
8.840	0.015
8.880	-0.009
8.920	-0.017
8.960	-0.009
9.000	-0.017
9.040	-0.001
9.080	0.047
9.120	-0.001
9.160	-0.001
9.200	0.015
9.240	0.007
9.280	-0.009
9.320	-0.009
9.360	-0.009
9.400	-0.017
9.440	0.031
9.480	0.007
9.520	0.015
9.560	-0.017
9.600	-0.001
9.640	-0.017
9.680	0.007
9.720	0.023
9.760	0.031
9.800	-0.017
9.840	-0.009
9.880	-0.017
9.920	0.023
9.960	-0.017
10.000	-0.009
10.040	0.007
10.080	-0.041
10.120	-0.001
10.160	-0.001
10.200	0.015
10.240	0.015
10.280	0.015
10.320	0.039
10.360	0.015
10.400	0.015
10.440	-0.041
10.480	0.007
10.520	-0.041
10.560	0.039
10.600	-0.025
10.640	-0.017
10.680	-0.001
10.720	0.015
10.760	-0.009
10.800	-0.025
10.840	0.015
10.880	-0.025
10.920	0.015
10.960	-0.041
11.000	0.015
11.040	-0.001
11.080	0.055
11.120	-0.033
11.160	0.015
11.200	0.023
11.240	-0.025
11.280	-0.009
11.320	0.015
11.360	-0.049
11.400	-0.017
11.440	0.039
11.480	0.007
11.520	-0.001
11.560	0.023
11.600	-0.009
11.640	-0.017
11.680	0.015
11.720	0.031
11.760	-0.001
11.800	0.023
11.840	0.039
11.880	0.015
11.920	-0.009
11.960	-0.017
12.000	-0.017
12.040	-0.009
12.080	-0.049
12.120	0.031
12.160	-0.017
12.200	-0.033
12.240	0.007
12.280	-0.001
12.320	0.015
12.360	0.023
12.400	-0.001
12.440	0.007
12.480	-0.017
12.520	-0.025
12.560	0.031
12.600	-0.001
12.640	0.015
12.680	-0.017
12.720	0.023
12.760	0.015
12.800	0.015
12.840	0.015
12.880	-0.041
12.920	-0.017
12.960	0.007
13.000	0.031
13.040	-0.017
13.080	-0.009
13.120	-0.017
13.160	0.015
13.200	0.007
13.240	-0.009
13.280	-0.017
13.320	-0.001
13.360	0.015
13.400	-0.017
13.440	-0.033
13.480	-0.001
13.520	-0.001
13.560	-0.041
13.600	-0.017
13.640	0.015
13.680	-0.009
13.720	-0.001
13.760	-0.017
13.800	0.007
13.840	-0.033
13.880	-0.025
13.920	-0.009
13.960	-0.001
14.000	-0.009
14.040	-0.001
14.080	-0.009
14.120	-0.025
14.160	0.015
14.200	-0.001
14.240	-0.025
14.280	-0.009
14.320	-0.001
14.360	0.015
14.400	-0.001
14.440	0.039
14.480	0.007
14.520	0.023
14.560	0.031
14.600	-0.041
14.640	0.015
14.680	-0.001
14.720	0.015
14.760	0.007
14.800	0.015
14.840	-0.001
14.880	-0.017
14.920	-0.041
14.960	0.023
15.000	-0.017
15.040	-0.017
15.080	-0.017
15.120	0.015
15.160	-0.033
15.200	0.023
15.240	0.031
15.280	0.015
15.320	0.031
15.360	-0.025
15.400	0.007
15.440	-0.017
15.480	-0.001
15.520	0.031
15.560	-0.001
15.600	0.007
15.640	-0.001
15.680	-0.001
15.720	-0.009
15.760	0.007
15.800	-0.009
15.840	-0.033
15.880	0.015
15.920	-0.009
15.960	0.023
16.000	0.015
16.040	-0.017
16.080	-0.009
16.120	-0.025
16.160	-0.009
16.200	0.015
16.240	-0.001
16.280	0.015
16.320	0.015
16.360	-0.041
16.400	-0.001
16.440	0.015
16.480	0.015
16.520	0.007
16.560	-0.025
16.600	-0.009
16.640	-0.009
16.680	-0.009
16.720	0.007
16.760	0.007
16.800	-0.017
16.840	-0.009
16.880	-0.017
16.920	0.015
16.960	-0.009
17.000	0.007
17.040	-0.025
17.080	-0.025
17.120	-0.025
17.160	-0.009
17.200	0.007
17.240	0.031
17.280	0.023
17.320	0.015
17.360	0.015
17.400	0.015
17.440	-0.001
17.480	-0.017
17.520	-0.001
17.560	0.015
17.600	-0.001
17.640	-0.017
17.680	-0.017
17.720	-0.017
17.760	-0.001
17.800	-0.001
17.840	-0.025
17.880	0.007
17.920	0.031
17.960	-0.001
18.000	-0.001
18.040	-0.009
18.080	-0.009
18.120	-0.001
18.160	-0.017
18.200	-0.009
18.240	-0.017
18.280	-0.025
18.320	-0.025
18.360	0.015
18.400	0.023
18.440	-0.001
18.480	-0.009
18.520	-0.017
18.560	-0.017
18.600	-0.001
18.640	0.023
18.680	-0.017
18.720	-0.001
18.760	0.031
18.800	0.015
18.840	-0.017
18.880	0.023
18.920	-0.009
18.960	-0.009
19.000	0.015
19.040	0.015
19.080	-0.017
19.120	-0.009
19.160	0.015
19.200	0.015
19.240	-0.017
19.280	-0.033
19.320	0.015
19.360	-0.009
19.400	-0.001
19.440	0.015
19.480	0.023
19.520	-0.017
19.560	0.007
19.600	-0.033
19.640	-0.009
19.680	-0.041
19.720	-0.041
19.760	-0.025
19.800	0.007
19.840	-0.001
19.880	0.007
19.920	0.023
19.960	-0.001
20.000	-0.033
20.040	-0.017
20.080	0.015
20.120	0.015
20.160	-0.009
20.200	0.007
20.240	-0.001
20.280	-0.009
20.320	-0.017
20.360	-0.025
20.400	-0.025
20.440	-0.009
20.480	-0.001
20.520	-0.017
20.560	0.007
20.600	0.031
20.640	0.015
20.680	-0.001
20.720	-0.025
20.760	0.015
20.800	-0.025
20.840	-0.025
20.880	0.015
20.920	-0.017
20.960	0.007
21.000	-0.009
21.040	-0.017
21.080	-0.017
21.120	0.007
21.160	-0.049
21.200	-0.009
21.240	0.015
21.280	-0.009
21.320	-0.001
21.360	-0.001
21.400	-0.001
21.440	-0.009
21.480	0.015
21.520	0.007
21.560	-0.001
21.600	-0.001
21.640	0.007
21.680	-0.001
21.720	-0.033
21.760	0.015
21.800	-0.009
21.840	-0.009
21.880	0.007
21.920	-0.033
21.960	0.007
22.000	-0.017
22.040	-0.001
22.080	-0.001
22.120	0.031
22.160	0.007
22.200	0.031
22.240	-0.017
22.280	0.023
22.320	-0.001
22.360	-0.009
22.400	-0.017
22.440	0.007
22.480	0.039
22.520	-0.017
22.560	-0.025
22.600	0.007
22.640	-0.001
22.680	-0.001
22.720	-0.017
22.760	-0.025
22.800	-0.009
22.840	-0.017
22.880	0.015
22.920	0.007
22.960	-0.001
23.000	0.015
23.040	0.031
23.080	-0.017
23.120	0.031
23.160	-0.017
23.200	0.007
23.240	0.007
23.280	-0.017
23.320	0.015
23.360	-0.001
23.400	-0.017
23.440	-0.009
23.480	0.007
23.520	-0.001
23.560	-0.025
23.600	-0.017
23.640	-0.025
23.680	-0.009
23.720	-0.017
23.760	0.031
23.800	-0.025
23.840	0.015
23.880	0.007
23.920	-0.009
23.960	-0.009
24.000	0.031
24.040	-0.009
24.080	-0.017
24.120	0.007
24.160	-0.001
24.200	0.031
24.240	0.023
24.280	-0.033
24.320	-0.009
24.360	-0.017
24.400	-0.017
24.440	0.039
24.480	-0.033
24.520	-0.017
24.560	0.007
24.600	-0.009
24.640	0.015
24.680	-0.025
24.720	0.015
24.760	-0.001
24.800	0.015
24.840	0.007
24.880	-0.033
24.920	-0.001
24.960	-0.001
25.000	-0.025
25.040	-0.025
25.080	-0.001
25.120	-0.017
25.160	-0.001
25.200	-0.025
25.240	0.015
25.280	0.015
25.320	0.007
25.360	-0.017
25.400	-0.001
25.440	-0.017
25.480	-0.009
25.520	-0.017
25.560	-0.017
25.600	0.007
25.640	0.015
25.680	0.007
25.720	0.007
25.760	-0.009
25.800	0.015
25.840	-0.001
25.880	-0.017
25.920	-0.017
25.960	-0.033
26.000	-0.025
26.040	-0.001
26.080	0.039
26.120	0.015
26.160	0.015
26.200	-0.001
26.240	0.015
26.280	0.015
26.320	-0.017
26.360	-0.009
26.400	-0.009
26.440	-0.025
26.480	-0.025
26.520	-0.001
26.560	-0.033
26.600	-0.017
26.640	0.015
26.680	0.007
26.720	0.007
26.760	-0.017
26.800	0.007
26.840	0.031
26.880	0.015
26.920	-0.001
26.960	0.023
27.000	-0.001
27.040	-0.017
27.080	0.007
27.120	-0.001
27.160	0.023
27.200	0.015
27.240	0.015
27.280	0.031
27.320	-0.001
27.360	-0.033
27.400	-0.001
27.440	-0.001
27.480	0.015
27.520	-0.009
27.560	-0.009
27.600	-0.009
27.640	-0.017
27.680	-0.009
27.720	-0.025
27.760	0.007
27.800	-0.001
27.840	0.015
27.880	-0.009
27.920	-0.001
27.960	-0.001
28.000	0.015
28.040	-0.017
28.080	0.015
28.120	-0.001
28.160	-0.017
28.200	-0.001
28.240	-0.001
28.280	-0.001
28.320	-0.001
28.360	0.007
28.400	0.047
28.440	-0.001
28.480	-0.025
28.520	-0.033
28.560	-0.001
28.600	-0.025
28.640	-0.001
28.680	0.007
28.720	-0.009
28.760	-0.017
28.800	-0.017
28.840	0.007
28.880	-0.001
28.920	0.015
28.960	-0.017
29.000	-0.009
29.040	0.007
29.080	0.015
29.120	0.031
29.160	-0.017
29.200	0.015
29.240	-0.001
29.280	-0.009
29.320	0.007
29.360	-0.033
29.400	-0.017
29.440	0.007
29.480	0.039
29.520	-0.025
29.560	-0.001
29.600	-0.009
29.640	-0.017
29.680	0.023
29.720	-0.017
29.760	-0.001
29.800	0.015
29.840	-0.009
29.880	-0.009
29.920	-0.033
29.960	0.039
30.000	-0.017
30.040	-0.025
30.080	0.007
30.120	-0.001
30.160	0.007
30.200	-0.001
30.240	-0.001
30.280	0.007
30.320	0.007
30.360	0.007
30.400	0.007
30.440	0.007
30.480	-0.025
30.520	-0.017
30.560	-0.009
30.600	-0.009
30.640	0.047
30.680	-0.017
30.720	-0.001
30.760	-0.017
30.800	-0.001
30.840	0.015
30.880	-0.009
30.920	-0.001
30.960	-0.009
31.000	0.023
31.040	0.023
31.080	-0.009
31.120	-0.017
31.160	-0.001
31.200	-0.017
31.240	-0.033
31.280	-0.033
31.320	0.007
31.360	-0.001
31.400	0.015
31.440	0.023
31.480	-0.009
31.520	0.039
31.560	-0.033
31.600	0.007
31.640	-0.009
31.680	-0.001
31.720	0.023
31.760	-0.009
31.800	0.023
31.840	-0.001
31.880	-0.017
31.920	-0.009
31.960	-0.001
32.000	-0.001
32.040	-0.017
32.080	0.023
32.120	-0.025
32.160	0.015
32.200	-0.001
32.240	-0.001
32.280	-0.009
32.320	-0.001
32.360	-0.001
32.400	-0.001
32.440	-0.009
32.480	0.031
32.520	0.055
32.560	0.023
32.600	-0.001
32.640	-0.001
32.680	0.031
32.720	0.031
32.760	-0.009
32.800	0.031
32.840	0.023
32.880	-0.017
32.920	0.023
32.960	-0.017
33.000	-0.009
33.040	-0.001
33.080	0.007
33.120	-0.001
33.160	0.031
33.200	-0.033
33.240	-0.025
33.280	-0.033
33.320	-0.001
33.360	-0.001
33.400	-0.009
33.440	-0.009
33.480	-0.017
33.520	0.015
33.560	0.015
33.600	0.015
33.640	0.039
33.680	-0.009
33.720	-0.001
33.760	-0.017
33.800	-0.001
33.840	-0.017
33.880	0.023
33.920	-0.001
33.960	-0.017
34.000	-0.001
34.040	0.015
34.080	-0.033
34.120	-0.017
34.160	0.015
34.200	-0.009
34.240	-0.017
34.280	0.007
34.320	0.047
34.360	0.023
34.400	0.015
34.440	0.007
34.480	-0.017
34.520	-0.017
34.560	-0.017
34.600	0.023
34.640	0.023
34.680	-0.017
34.720	-0.017
34.760	-0.001
34.800	-0.001
34.840	0.007
34.880	-0.009
34.920	-0.033
34.960	-0.017
35.000	-0.017
35.040	-0.009
35.080	-0.001
35.120	-0.001
35.160	-0.017
35.200	-0.017
35.240	-0.001
35.280	0.015
35.320	-0.001
35.360	-0.001
35.400	-0.025
35.440	-0.001
35.480	-0.017
35.520	-0.009
35.560	0.031
35.600	-0.001
35.640	0.023
35.680	0.007
35.720	-0.001
35.760	-0.025
35.800	0.015
35.840	0.007
35.880	0.023
35.920	0.007
35.960	-0.017
36.000	-0.009
36.040	-0.001
36.080	0.007
36.120	-0.025
36.160	0.007
36.200	-0.001
36.240	-0.001
36.280	-0.001
36.320	-0.017
36.360	-0.025
36.400	0.007
36.440	-0.017
36.480	-0.009
36.520	-0.017
36.560	-0.041
36.600	-0.001
36.640	-0.025
36.680	0.007
36.720	-0.009
36.760	0.007
36.800	-0.017
36.840	0.023
36.880	-0.001
36.920	0.007
36.960	-0.033
37.000	-0.017
37.040	-0.017
37.080	0.031
37.120	-0.025
37.160	-0.017
37.200	-0.009
37.240	-0.009
37.280	-0.001
37.320	-0.009
37.360	-0.017
37.400	-0.001
37.440	0.039
37.480	0.007
37.520	-0.001
37.560	-0.017
37.600	0.031
37.640	-0.001
37.680	-0.017
37.720	0.023
37.760	-0.001
37.800	0.015
37.840	0.031
37.880	-0.001
37.920	-0.009
37.960	-0.025
38.000	-0.001
38.040	-0.025
38.080	-0.001
38.120	-0.017
38.160	0.007
38.200	-0.009
38.240	-0.001
38.280	-0.001
38.320	-0.025
38.360	0.007
38.400	0.007
38.440	0.007
38.480	0.015
38.520	-0.001
38.560	0.015
38.600	-0.001
38.640	0.015
38.680	-0.033
38.720	-0.009
38.760	-0.001
38.800	-0.033
38.840	-0.033
38.880	-0.017
38.920	-0.001
38.960	-0.017
39.000	0.031
39.040	-0.017
39.080	-0.017
39.120	-0.033
39.160	-0.009
39.200	-0.009
39.240	0.015
39.280	-0.017
39.320	0.007
39.360	0.015
39.400	0.063
39.440	0.015
39.480	-0.009
39.520	-0.001
39.560	-0.001
39.600	-0.001
39.640	-0.025
39.680	-0.001
39.720	-0.017
39.760	-0.001
39.800	0.023
39.840	0.007
39.880	-0.009
39.920	-0.009
39.960	0.007
40.000	-0.001
40.040	-0.025
40.080	0.015
40.120	-0.009
40.160	-0.025
40.200	-0.001
40.240	0.015
40.280	-0.009
40.320	-0.017
40.360	-0.001
40.400	0.023
40.440	-0.033
40.480	-0.001
40.520	-0.001
40.560	-0.009
40.600	0.007
40.640	0.015
40.680	-0.025
40.720	-0.033
40.760	-0.001
40.800	-0.001
40.840	-0.009
40.880	0.031
40.920	0.007
40.960	-0.001
41.000	-0.017
41.040	-0.041
41.080	-0.009
41.120	0.007
41.160	-0.009
41.200	-0.025
41.240	-0.017
41.280	-0.009
41.320	-0.001
41.360	-0.017
41.400	-0.025
41.440	-0.001
41.480	-0.017
41.520	-0.001
41.560	0.007
41.600	-0.017
41.640	0.015
41.680	0.015
41.720	-0.009
41.760	-0.017
41.800	-0.009
41.840	0.023
41.880	0.007
41.920	-0.017
41.960	-0.001
42.000	-0.001
42.040	0.007
42.080	0.007
42.120	0.007
42.160	0.007
42.200	-0.009
42.240	-0.017
42.280	-0.001
42.320	-0.033
42.360	-0.057
42.400	0.007
42.440	-0.033
42.480	0.007
42.520	-0.049
42.560	-0.009
42.600	-0.025
42.640	-0.009
42.680	-0.001
42.720	-0.009
42.760	-0.009
42.800	-0.017
42.840	0.031
42.880	-0.009
42.920	0.023
42.960	0.015
43.000	0.007
43.040	-0.001
43.080	-0.025
43.120	-0.033
43.160	-0.025
43.200	0.015
43.240	-0.025
43.280	-0.009
43.320	-0.017
43.360	-0.009
43.400	-0.017
43.440	0.007
43.480	-0.017
43.520	-0.009
43.560	-0.017
43.600	-0.017
43.640	-0.001
43.680	0.015
43.720	0.015
43.760	0.007
43.800	-0.033
43.840	-0.017
43.880	-0.009
43.920	-0.001
43.960	-0.025
44.000	0.031
44.040	-0.017
44.080	-0.033
44.120	-0.001
44.160	0.015
44.200	-0.017
44.240	0.023
44.280	0.023
44.320	-0.017
44.360	0.023
44.400	-0.009
44.440	-0.001
44.480	0.015
44.520	-0.009
44.560	0.007
44.600	-0.017
44.640	0.015
44.680	0.007
44.720	0.023
44.760	0.023
44.800	0.015
44.840	0.039
44.880	-0.009
44.920	-0.009
44.960	-0.017
45.000	0.023
45.040	-0.009
45.080	-0.033
45.120	0.015
45.160	0.015
45.200	0.039
45.240	0.007
45.280	-0.001
45.320	-0.017
45.360	-0.001
45.400	0.015
45.440	0.007
45.480	-0.041
45.520	0.007
45.560	0.007
45.600	-0.001
45.640	0.023
45.680	0.007
45.720	-0.017
45.760	-0.001
45.800	0.031
45.840	-0.001
45.880	-0.001
45.920	0.023
45.960	-0.001
46.000	-0.017
46.040	-0.001
46.080	-0.001
46.120	-0.001
46.160	0.023
46.200	-0.025
46.240	-0.001
46.280	-0.017
46.320	-0.001
46.360	0.007
46.400	-0.033
46.440	-0.001
46.480	-0.009
46.520	-0.009
46.560	-0.009
46.600	-0.001
46.640	-0.017
46.680	0.015
46.720	-0.017
46.760	-0.025
46.800	-0.009
46.840	-0.009
46.880	0.007
46.920	0.007
46.960	-0.009
47.000	0.031
47.040	-0.017
47.080	-0.001
47.120	-0.009
47.160	0.007
47.200	0.015
47.240	-0.017
47.280	0.007
47.320	-0.017
47.360	0.015
47.400	-0.009
47.440	0.007
47.480	-0.009
47.520	0.039
47.560	0.007
47.600	0.007
47.640	0.023
47.680	0.015
47.720	0.015
47.760	0.031
47.800	0.023
47.840	0.007
47.880	-0.001
47.920	-0.001
47.960	-0.001
48.000	-0.001
48.040	-0.009
48.080	-0.025
48.120	-0.001
48.160	-0.017
48.200	-0.009
48.240	-0.009
48.280	-0.025
48.320	0.007
48.360	0.031
48.400	0.023
48.440	-0.001
48.480	-0.009
48.520	0.015
48.560	0.007
48.600	0.007
48.640	-0.017
48.680	-0.001
48.720	0.015
48.760	0.023
48.800	-0.017
48.840	0.015
48.880	0.023
48.920	-0.001
48.960	-0.017
49.000	-0.001
49.040	0.023
49.080	0.023
49.120	-0.001
49.160	-0.033
49.200	-0.033
49.240	-0.001
49.280	-0.001
49.320	0.015
49.360	-0.009
49.400	-0.001
49.440	-0.017
49.480	0.007
49.520	-0.001
49.560	-0.009
49.600	-0.009
49.640	-0.009
49.680	0.023
49.720	-0.025
49.760	-0.001
49.800	-0.009
49.840	-0.001
49.880	0.055
49.920	0.007
49.960	0.023
50.000	-0.113
50.040	0.887
50.080	0.903
50.120	0.903
50.160	0.887
50.200	0.887
50.240	0.895
50.280	0.879
50.320	0.887
50.360	0.863
50.400	0.847
50.440	0.871
50.480	0.839
50.520	0.839
50.560	0.839
50.600	0.815
50.640	0.807
50.680	0.807
50.720	0.815
50.760	0.791
50.800	0.791
50.840	0.783
50.880	0.783
50.920	0.759
50.960	0.735
51.000	0.743
51.040	0.751
51.080	0.735
51.120	0.727
51.160	0.727
51.200	0.703
51.240	0.687
51.280	0.687
51.320	0.679
51.360	0.671
51.400	0.647
51.440	0.647
51.480	0.647
51.520	0.655
51.560	0.631
51.600	0.623
51.640	0.631
51.680	0.599
51.720	0.583
51.760	0.607
51.800	0.583
51.840	0.583
51.880	0.559
51.920	0.575
51.960	0.535
52.000	0.543
52.040	0.535
52.080	0.527
52.120	0.527
52.160	0.527
52.200	0.511
52.240	0.519
52.280	0.503
52.320	0.503
52.360	0.495
52.400	0.503
52.440	0.487
52.480	0.479
52.520	0.479
52.560	0.479
52.600	0.463
52.640	0.455
52.680	0.439
52.720	0.431
52.760	0.439
52.800	0.439
52.840	0.423
52.880	0.423
52.920	0.431
52.960	0.415
53.000	0.423
53.040	0.407
53.080	0.407
53.120	0.399
53.160	0.407
53.200	0.375
53.240	0.375
53.280	0.375
53.320	0.359
53.360	0.375
53.400	0.375
53.440	0.375
53.480	0.375
53.520	0.335
53.560	0.351
53.600	0.343
53.640	0.335
53.680	0.343
53.720	0.343
53.760	0.335
53.800	0.335
53.840	0.311
53.880	0.335
53.920	0.327
53.960	0.319
54.000	0.319
54.040	0.303
54.080	0.295
54.120	0.319
54.160	0.319
54.200	0.311
54.240	0.279
54.280	0.287
54.320	0.279
54.360	0.279
54.400	0.295
54.440	0.271
54.480	0.239
54.520	0.303
54.560	0.263
54.600	0.255
54.640	0.247
54.680	0.255
54.720	0.255
54.760	0.247
54.800	0.255
54.840	0.247
54.880	0.239
54.920	0.247
54.960	0.239
55.000	0.239
55.040	0.239
55.080	0.223
55.120	0.215
55.160	0.223
55.200	0.223
55.240	0.207
55.280	0.215
55.320	0.215
55.360	0.231
55.400	0.223
55.440	0.215
55.480	0.183
55.520	0.207
55.560	0.207
55.600	0.215
55.640	0.215
55.680	0.175
55.720	0.191
55.760	0.191
55.800	0.183
55.840	0.175
55.880	0.191
55.920	0.175
55.960	0.159
56.000	0.175
56.040	0.175
56.080	0.183
56.120	0.159
56.160	0.167
56.200	0.167
56.240	0.159
56.280	0.167
56.320	0.151
56.360	0.175
56.400	0.159
56.440	0.159
56.480	0.151
56.520	0.159
56.560	0.151
56.600	0.159
56.640	0.151
56.680	0.143
56.720	0.135
56.760	0.159
56.800	0.159
56.840	0.143
56.880	0.143
56.920	0.135
56.960	0.143
57.000	0.143
57.040	0.151
57.080	0.127
57.120	0.111
57.160	0.135
57.200	0.103
57.240	0.119
57.280	0.143
57.320	0.127
57.360	0.127
57.400	0.127
57.440	0.103
57.480	0.103
57.520	0.119
57.560	0.135
57.600	0.095
57.640	0.111
57.680	0.103
57.720	0.103
57.760	0.095
57.800	0.111
57.840	0.127
57.880	0.119
57.920	0.087
57.960	0.095
58.000	0.095
58.040	0.087
58.080	0.103
58.120	0.071
58.160	0.087
58.200	0.095
58.240	0.079
58.280	0.103
58.320	0.087
58.360	0.087
58.400	0.071
58.440	0.103
58.480	0.087
58.520	0.087
58.560	0.079
58.600	0.055
58.640	0.071
58.680	0.071
58.720	0.079
58.760	0.071
58.800	0.063
58.840	0.063
58.880	0.079
58.920	0.071
58.960	0.063
59.000	0.071
59.040	0.095
59.080	0.063
59.120	0.087
59.160	0.071
59.200	0.063
59.240	0.071
59.280	0.095
59.320	0.095
59.360	0.087
59.400	0.031
59.440	0.079
59.480	0.063
59.520	0.055
59.560	0.063
59.600	0.071
59.640	0.039
59.680	0.055
59.720	0.071
59.760	0.063
59.800	0.063
59.840	0.055
59.880	0.055
59.920	0.055
59.960	0.047
60.000	0.063
60.040	0.039
60.080	0.047
60.120	0.039
60.160	0.071
60.200	0.063
60.240	0.047
60.280	0.055
60.320	0.023
60.360	0.055
60.400	0.031
60.440	0.071
60.480	0.047
60.520	0.055
60.560	0.023
60.600	0.031
60.640	0.015
60.680	0.055
60.720	0.031
60.760	0.031
60.800	0.055
60.840	0.031
60.880	0.071
60.920	0.015
60.960	0.039
61.000	0.031
61.040	0.039
61.080	0.031
61.120	0.039
61.160	0.031
61.200	0.047
61.240	0.007
61.280	0.047
61.320	0.031
61.360	0.031
61.400	0.047
61.440	0.023
61.480	0.063
61.520	0.023
61.560	0.047
61.600	0.031
61.640	0.031
61.680	0.055
61.720	0.015
61.760	0.015
61.800	0.055
61.840	0.023
61.880	0.023
61.920	0.031
61.960	0.031
62.000	0.007
62.040	0.055
62.080	0.031
62.120	0.047
62.160	0.015
62.200	0.023
62.240	0.015
62.280	0.023
62.320	0.015
62.360	0.031
62.400	0.039
62.440	0.031
62.480	-0.001
62.520	0.031
62.560	0.015
62.600	0.023
62.640	0.007
62.680	0.023
62.720	-0.001
62.760	0.023
62.800	-0.001
62.840	0.031
62.880	0.047
62.920	0.023
62.960	0.023
63.000	0.031
63.040	0.031
63.080	0.007
63.120	0.031
63.160	0.063
63.200	0.023
63.240	0.015
63.280	0.031
63.320	0.023
63.360	0.015
63.400	0.015
63.440	0.055
63.480	0.007
63.520	0.015
63.560	0.007
63.600	0.007
63.640	0.007
63.680	0.007
63.720	-0.001
63.760	-0.001
63.800	0.023
63.840	0.023
63.880	-0.009
63.920	0.039
63.960	0.015
64.000	0.023
64.040	0.031
64.080	-0.017
64.120	-0.001
64.160	-0.001
64.200	0.055
64.240	-0.001
64.280	0.015
64.320	-0.017
64.360	0.031
64.400	0.055
64.440	0.007
64.480	0.015
64.520	0.015
64.560	0.047
64.600	0.015
64.640	0.015
64.680	-0.017
64.720	-0.001
64.760	-0.001
64.800	0.007
64.840	0.007
64.880	0.023
64.920	0.039
64.960	-0.009
65.000	0.071
65.040	0.007
65.080	-0.001
65.120	0.015
65.160	-0.017
65.200	-0.033
65.240	-0.017
65.280	0.031
65.320	0.015
65.360	0.031
65.400	-0.033
65.440	-0.001
65.480	0.031
65.520	-0.001
65.560	0.015
65.600	-0.001
65.640	0.031
65.680	0.007
65.720	0.023
65.760	-0.001
65.800	0.015
65.840	-0.025
65.880	-0.017
65.920	-0.001
65.960	-0.017
66.000	-0.001
66.040	-0.001
66.080	-0.025
66.120	0.007
66.160	0.007
66.200	-0.009
66.240	-0.017
66.280	-0.025
66.320	-0.017
66.360	0.015
66.400	0.023
66.440	0.031
66.480	0.007
66.520	0.031
66.560	0.007
66.600	0.031
66.640	-0.009
66.680	0.023
66.720	0.015
66.760	0.007
66.800	-0.009
66.840	0.015
66.880	0.031
66.920	0.023
66.960	0.023
67.000	0.031
67.040	-0.017
67.080	0.015
67.120	-0.001
67.160	0.031
67.200	0.039
67.240	0.015
67.280	-0.017
67.320	-0.001
67.360	-0.009
67.400	0.015
67.440	0.023
67.480	0.007
67.520	0.031
67.560	-0.009
67.600	-0.001
67.640	0.015
67.680	-0.001
67.720	0.015
67.760	0.007
67.800	-0.001
67.840	0.015
67.880	-0.001
67.920	-0.001
67.960	-0.017
68.000	0.031
68.040	-0.009
68.080	-0.001
68.120	0.015
68.160	0.039
68.200	0.007
68.240	-0.001
68.280	-0.009
68.320	-0.001
68.360	0.007
68.400	-0.025
68.440	0.031
68.480	-0.033
68.520	-0.033
68.560	-0.009
68.600	-0.009
68.640	0.023
68.680	0.015
68.720	-0.001
68.760	-0.001
68.800	0.015
68.840	-0.001
68.880	0.023
68.920	0.031
68.960	-0.025
69.000	-0.017
69.040	0.007
69.080	-0.009
69.120	0.007
69.160	0.031
69.200	0.023
69.240	-0.001
69.280	-0.001
69.320	-0.017
69.360	0.023
69.400	-0.025
69.440	-0.025
69.480	-0.001
69.520	-0.025
69.560	-0.025
69.600	-0.017
69.640	0.023
69.680	0.023
69.720	0.007
69.760	0.015
69.800	-0.025
69.840	0.015
69.880	-0.001
69.920	-0.009
69.960	-0.025
70.000	-0.033
70.040	-0.025
70.080	-0.017
70.120	-0.025
70.160	-0.041
70.200	-0.009
70.240	0.039
70.280	-0.025
70.320	-0.025
70.360	0.023
70.400	-0.017
70.440	-0.025
70.480	0.031
70.520	-0.001
70.560	-0.001
70.600	-0.009
70.640	0.023
70.680	-0.001
70.720	-0.001
70.760	0.023
70.800	-0.009
70.840	-0.017
70.880	-0.025
70.920	0.007
70.960	0.007
71.000	-0.017
71.040	0.007
71.080	0.007
71.120	-0.001
71.160	-0.009
71.200	-0.025
71.240	-0.025
71.280	-0.017
71.320	-0.017
71.360	-0.009
71.400	0.031
71.440	-0.001
71.480	-0.009
71.520	-0.017
71.560	0.007
71.600	0.031
71.640	0.031
71.680	-0.017
71.720	0.023
71.760	-0.017
71.800	-0.017
71.840	-0.001
71.880	-0.001
71.920	-0.009
71.960	-0.025
72.000	-0.001
72.040	0.031
72.080	-0.009
72.120	-0.009
72.160	0.007
72.200	-0.017
72.240	-0.017
72.280	-0.001
72.320	-0.017
72.360	-0.017
72.400	-0.001
72.440	-0.001
72.480	-0.041
72.520	0.015
72.560	0.039
72.600	-0.017
72.640	-0.009
72.680	0.007
72.720	0.015
72.760	-0.033
72.800	0.015
72.840	0.015
72.880	-0.009
72.920	0.007
72.960	0.031
73.000	-0.009
73.040	-0.001
73.080	-0.025
73.120	-0.049
73.160	-0.001
73.200	-0.017
73.240	-0.001
73.280	0.015
73.320	0.007
73.360	-0.017
73.400	0.023
73.440	-0.001
73.480	0.007
73.520	-0.025
73.560	-0.017
73.600	0.007
73.640	0.007
73.680	0.023
73.720	0.023
73.760	0.007
73.800	0.007
73.840	0.031
73.880	-0.009
73.920	0.015
73.960	-0.017
74.000	-0.001
74.040	-0.017
74.080	-0.009
74.120	-0.033
74.160	-0.041
74.200	-0.009
74.240	-0.001
74.280	-0.025
74.320	0.007
74.360	0.015
74.400	-0.033
74.440	-0.017
74.480	-0.001
74.520	-0.001
74.560	0.007
74.600	0.015
74.640	0.023
74.680	-0.033
74.720	-0.017
74.760	0.007
74.800	0.007
74.840	0.007
74.880	-0.025
74.920	0.039
74.960	0.031
75.000	-0.017
75.040	-0.001
75.080	-0.001
75.120	-0.017
75.160	-0.001
75.200	0.007
75.240	-0.009
75.280	-0.001
75.320	-0.025
75.360	-0.001
75.400	-0.009
75.440	-0.017
75.480	-0.017
75.520	-0.017
75.560	0.007
75.600	-0.001
75.640	-0.041
75.680	-0.017
75.720	0.015
75.760	-0.009
75.800	-0.001
75.840	0.015
75.880	-0.009
75.920	0.007
75.960	0.031
76.000	-0.001
76.040	0.015
76.080	0.015
76.120	0.007
76.160	0.007
76.200	-0.009
76.240	-0.017
76.280	0.015
76.320	0.015
76.360	-0.017
76.400	-0.017
76.440	-0.001
76.480	-0.009
76.520	-0.001
76.560	0.015
76.600	-0.017
76.640	-0.009
76.680	0.007
76.720	-0.009
76.760	-0.009
76.800	-0.017
76.840	-0.033
76.880	0.007
76.920	-0.009
76.960	-0.009
77.000	0.039
77.040	-0.001
77.080	-0.017
77.120	0.007
77.160	-0.001
77.200	-0.001
77.240	-0.009
77.280	-0.017
77.320	-0.025
77.360	0.015
77.400	-0.001
77.440	0.007
77.480	-0.009
77.520	0.007
77.560	0.023
77.600	-0.001
77.640	0.015
77.680	-0.025
77.720	-0.025
77.760	-0.009
77.800	0.007
77.840	-0.017
77.880	0.007
77.920	-0.001
77.960	-0.017
78.000	-0.009
78.040	-0.001
78.080	-0.017
78.120	-0.017
78.160	0.047
78.200	0.039
78.240	-0.017
78.280	-0.025
78.320	-0.001
78.360	-0.001
78.400	-0.017
78.440	-0.001
78.480	-0.009
78.520	-0.009
78.560	-0.009
78.600	-0.025
78.640	0.007
78.680	0.007
78.720	-0.001
78.760	0.007
78.800	-0.017
78.840	-0.017
78.880	0.007
78.920	-0.017
78.960	-0.017
79.000	0.015
79.040	0.015
79.080	0.023
79.120	-0.017
79.160	-0.017
79.200	-0.001
79.240	-0.041
79.280	-0.001
79.320	-0.009
79.360	0.007
79.400	-0.001
79.440	0.007
79.480	-0.017
79.520	-0.033
79.560	0.015
79.600	-0.001
79.640	0.007
79.680	0.015
79.720	0.015
79.760	-0.041
79.800	-0.017
79.840	-0.001
79.880	-0.025
79.920	-0.009
79.960	-0.009
80.000	-0.009
80.040	-0.001
80.080	0.023
80.120	-0.001
80.160	-0.025
80.200	0.007
80.240	0.007
80.280	-0.009
80.320	-0.009
80.360	-0.009
80.400	0.015
80.440	-0.025
80.480	0.015
80.520	-0.017
80.560	-0.041
80.600	-0.009
80.640	-0.017
80.680	-0.017
80.720	-0.017
80.760	-0.009
80.800	0.023
80.840	-0.009
80.880	0.007
80.920	-0.017
80.960	0.007
81.000	-0.001
81.040	-0.001
81.080	-0.033
81.120	-0.001
81.160	-0.001
81.200	0.007
81.240	0.015
81.280	0.007
81.320	-0.009
81.360	0.007
81.400	-0.001
81.440	0.007
81.480	-0.009
81.520	-0.009
81.560	0.015
81.600	0.007
81.640	0.007
81.680	-0.009
81.720	-0.017
81.760	-0.025
81.800	-0.025
81.840	-0.033
81.880	-0.009
81.920	-0.033
81.960	-0.017
82.000	0.007
82.040	-0.009
82.080	0.031
82.120	-0.017
82.160	-0.001
82.200	-0.009
82.240	-0.025
82.280	-0.025
82.320	0.023
82.360	0.015
82.400	0.007
82.440	-0.001
82.480	-0.009
82.520	0.007
82.560	0.007
82.600	-0.009
82.640	0.007
82.680	0.007
82.720	-0.017
82.760	0.007
82.800	0.007
82.840	-0.041
82.880	-0.009
82.920	-0.001
82.960	0.039
83.000	-0.041
83.040	-0.001
83.080	-0.001
83.120	-0.001
83.160	-0.001
83.200	-0.017
83.240	-0.009
83.280	-0.025
83.320	0.015
83.360	-0.001
83.400	-0.033
83.440	-0.001
83.480	0.007
83.520	0.023
83.560	-0.001
83.600	-0.009
83.640	-0.001
83.680	0.015
83.720	-0.041
83.760	0.055
83.800	0.015
83.840	0.007
83.880	-0.009
83.920	-0.001
83.960	-0.017
84.000	-0.017
84.040	-0.017
84.080	0.015
84.120	-0.009
84.160	-0.009
84.200	-0.009
84.240	-0.009
84.280	0.023
84.320	-0.017
84.360	-0.017
84.400	-0.001
84.440	-0.001
84.480	-0.033
84.520	-0.001
84.560	-0.017
84.600	-0.017
84.640	-0.025
84.680	-0.017
84.720	0.007
84.760	-0.009
84.800	0.007
84.840	0.007
84.880	-0.001
84.920	0.031
84.960	0.047
85.000	0.007
85.040	0.015
85.080	0.031
85.120	0.015
85.160	-0.001
85.200	0.015
85.240	-0.017
85.280	-0.009
85.320	-0.025
85.360	-0.033
85.400	-0.017
85.440	0.015
85.480	0.007
85.520	-0.025
85.560	-0.009
85.600	0.015
85.640	-0.017
85.680	0.039
85.720	-0.009
85.760	-0.009
85.800	-0.017
85.840	0.007
85.880	-0.017
85.920	-0.017
85.960	-0.001
86.000	-0.001
86.040	-0.017
86.080	-0.001
86.120	-0.025
86.160	-0.017
86.200	-0.001
86.240	-0.001
86.280	-0.017
86.320	-0.017
86.360	-0.017
86.400	0.007
86.440	-0.001
86.480	-0.033
86.520	-0.001
86.560	-0.017
86.600	0.031
86.640	0.007
86.680	0.015
86.720	0.015
86.760	0.007
86.800	-0.041
86.840	0.007
86.880	-0.001
86.920	-0.017
86.960	-0.017
87.000	0.015
87.040	-0.009
87.080	-0.009
87.120	-0.009
87.160	-0.025
87.200	-0.001
87.240	0.039
87.280	-0.001
87.320	0.007
87.360	-0.001
87.400	-0.009
87.440	-0.001
87.480	0.007
87.520	-0.017
87.560	-0.001
87.600	0.015
87.640	0.015
87.680	-0.009
87.720	-0.025
87.760	-0.001
87.800	-0.001
87.840	0.007
87.880	0.007
87.920	0.007
87.960	0.031
88.000	0.007
88.040	-0.017
88.080	0.023
88.120	0.015
88.160	-0.009
88.200	0.015
88.240	-0.033
88.280	-0.001
88.320	0.031
88.360	-0.033
88.400	-0.033
88.440	0.023
88.480	-0.017
88.520	-0.033
88.560	-0.017
88.600	-0.025
88.640	-0.009
88.680	0.031
88.720	0.015
88.760	0.015
88.800	0.023
88.840	-0.025
88.880	-0.009
88.920	-0.009
88.960	-0.025
89.000	-0.001
89.040	-0.017
89.080	-0.001
89.120	0.015
89.160	0.007
89.200	-0.033
89.240	-0.009
89.280	0.031
89.320	-0.025
89.360	-0.025
89.400	0.023
89.440	0.015
89.480	-0.017
89.520	0.007
89.560	0.007
89.600	0.015
89.640	0.015
89.680	-0.009
89.720	0.031
89.760	-0.001
89.800	0.015
89.840	-0.025
89.880	0.007
89.920	0.015
89.960	-0.009
90.000	-0.009
90.040	0.015
90.080	0.007
90.120	0.015
90.160	0.007
90.200	0.007
90.240	0.015
90.280	0.007
90.320	-0.009
90.360	-0.001
90.400	-0.025
90.440	-0.009
90.480	-0.017
90.520	-0.001
90.560	-0.001
90.600	-0.009
90.640	0.015
90.680	0.023
90.720	-0.001
90.760	-0.041
90.800	0.007
90.840	-0.001
90.880	-0.017
90.920	-0.017
90.960	0.023
91.000	-0.033
91.040	0.015
91.080	0.031
91.120	-0.009
91.160	-0.017
91.200	-0.009
91.240	0.007
91.280	0.015
91.320	0.007
91.360	0.015
91.400	-0.017
91.440	-0.017
91.480	0.015
91.520	-0.033
91.560	-0.009
91.600	-0.025
91.640	-0.017
91.680	-0.009
91.720	-0.017
91.760	0.015
91.800	0.015
91.840	-0.009
91.880	-0.009
91.920	-0.001
91.960	-0.001
92.000	-0.001
92.040	-0.017
92.080	0.015
92.120	0.031
92.160	0.007
92.200	-0.017
92.240	-0.001
92.280	-0.041
92.320	0.015
92.360	-0.017
92.400	-0.017
92.440	-0.001
92.480	0.007
92.520	-0.017
92.560	-0.009
92.600	0.023
92.640	-0.009
92.680	0.007
92.720	-0.009
92.760	0.015
92.800	-0.017
92.840	-0.017
92.880	0.023
92.920	0.031
92.960	-0.001
93.000	-0.009
93.040	-0.009
93.080	-0.017
93.120	-0.025
93.160	0.015
93.200	0.007
93.240	-0.009
93.280	0.015
93.320	-0.001
93.360	-0.025
93.400	-0.009
93.440	0.039
93.480	-0.009
93.520	-0.025
93.560	0.015
93.600	-0.009
93.640	-0.001
93.680	-0.001
93.720	-0.001
93.760	0.015
93.800	-0.025
93.840	-0.017
93.880	-0.009
93.920	-0.017
93.960	0.015
94.000	0.007
94.040	-0.001
94.080	-0.001
94.120	-0.017
94.160	0.007
94.200	0.023
94.240	-0.017
94.280	-0.001
94.320	-0.009
94.360	-0.017
94.400	-0.009
94.440	-0.001
94.480	-0.001
94.520	-0.001
94.560	-0.017
94.600	0.023
94.640	-0.009
94.680	0.007
94.720	-0.009
94.760	-0.041
94.800	-0.009
94.840	0.007
94.880	-0.017
94.920	-0.033
94.960	-0.033
95.000	-0.017
95.040	-0.009
95.080	0.015
95.120	-0.025
95.160	-0.009
95.200	-0.017
95.240	-0.017
95.280	-0.001
95.320	-0.017
95.360	-0.009
95.400	0.023
95.440	0.015
95.480	-0.001
95.520	-0.001
95.560	0.007
95.600	0.015
95.640	-0.025
95.680	-0.017
95.720	0.015
95.760	0.007
95.800	0.015
95.840	-0.009
95.880	-0.001
95.920	-0.017
95.960	0.007
96.000	-0.017
96.040	-0.025
96.080	0.023
96.120	-0.001
96.160	0.007
96.200	0.015
96.240	-0.009
96.280	-0.009
96.320	-0.009
96.360	-0.017
96.400	-0.033
96.440	0.007
96.480	-0.025
96.520	0.007
96.560	0.023
96.600	-0.009
96.640	-0.017
96.680	-0.009
96.720	-0.017
96.760	0.015
96.800	-0.001
96.840	-0.017
96.880	-0.009
96.920	-0.017
96.960	-0.001
97.000	0.007
97.040	-0.025
97.080	-0.017
97.120	-0.033
97.160	0.007
97.200	-0.025
97.240	-0.001
97.280	-0.017
97.320	-0.017
97.360	-0.001
97.400	0.023
97.440	0.015
97.480	-0.009
97.520	-0.025
97.560	-0.001
97.600	-0.017
97.640	0.007
97.680	-0.041
97.720	-0.041
97.760	0.031
97.800	-0.001
97.840	-0.009
97.880	-0.017
97.920	-0.001
97.960	0.007
98.000	-0.017
98.040	-0.009
98.080	0.031
98.120	-0.009
98.160	0.015
98.200	0.007
98.240	0.015
98.280	0.031
98.320	0.023
98.360	-0.001
98.400	0.007
98.440	-0.017
98.480	-0.033
98.520	-0.017
98.560	-0.009
98.600	-0.009
98.640	-0.001
98.680	-0.017
98.720	0.015
98.760	0.031
98.800	-0.009
98.840	-0.001
98.880	0.023
98.920	0.015
98.960	0.023
99.000	0.007
99.040	-0.017
99.080	-0.025
99.120	-0.001
99.160	-0.001
99.200	-0.017
99.240	-0.025
99.280	-0.001
99.320	-0.017
99.360	-0.001
99.400	-0.009
99.440	-0.025
99.480	-0.001
99.520	-0.017
99.560	0.031
99.600	-0.009
99.640	-0.001
99.680	0.079
99.720	-0.009
99.760	-0.017
99.800	0.031
99.840	0.015
99.880	-0.001
99.920	-0.017
99.960	0.007
